431.1 267.0 432.5 265.6 433.9 267.0 432.5 268.4 large-vehicle 0
499.7 90.2 501.4 80.4 629.4 103.3 627.6 113.2 large-vehicle 0
506.2 142.4 508.3 128.5 644.8 148.6 642.7 162.5 large-vehicle 0
496.0 163.8 497.4 153.9 641.9 175.2 640.4 185.1 large-vehicle 0
645.7 175.0 647.4 184.9 511.3 208.0 509.6 198.1 large-vehicle 0
511.9 209.5 513.0 199.6 646.1 214.5 645.0 224.4 large-vehicle 0
525.2 224.1 530.6 211.2 617.1 248.0 611.6 260.9 large-vehicle 0
201.8 11.6 203.4 12.8 202.2 14.4 200.6 13.2 large-vehicle 0
358.9 170.4 404.0 179.3 395.1 224.4 350.0 215.5 large-vehicle 0
264.1 9.8 269.0 23.0 131.9 73.2 127.0 60.0 large-vehicle 0
260.7 29.5 266.9 42.0 154.3 98.5 148.0 86.0 large-vehicle 0
277.4 57.3 282.4 70.4 149.6 120.7 144.6 107.6 large-vehicle 0
191.4 115.4 200.3 104.6 220.4 121.1 211.5 132.0 large-vehicle 0
290.7 140.2 291.9 154.1 158.4 165.8 157.2 151.8 large-vehicle 0
278.0 156.3 281.6 169.9 151.9 203.8 148.4 190.3 large-vehicle 0
283.2 189.9 284.9 203.8 159.8 219.2 158.1 205.3 large-vehicle 0
634.8 113.2 635.1 123.1 485.2 127.8 484.9 117.8 large-vehicle 0
626.0 57.6 627.8 67.5 492.0 92.4 490.2 82.5 large-vehicle 0
269.6 254.8 270.0 272.8 144.0 275.2 143.7 257.2 large-vehicle 0
641.4 41.5 641.6 55.5 499.6 57.6 499.4 43.6 large-vehicle 0
617.4 16.3 617.8 30.3 507.9 33.7 507.4 19.7 large-vehicle 0
236.5 216.2 242.4 224.3 221.5 239.8 215.6 231.7 large-vehicle 0
281.4 293.3 282.8 315.2 149.1 323.7 147.7 301.8 large-vehicle 0
284.8 248.6 330.7 250.4 329.2 288.4 283.3 286.6 small-vehicle 0
729.2 102.7 751.1 105.2 744.8 158.9 722.9 156.3 small-vehicle 0
710.6 675.5 732.0 680.4 724.4 713.5 703.0 708.6 small-vehicle 0
178.4 792.9 184.9 771.8 228.8 785.4 222.4 806.4 large-vehicle 0
284.1 822.5 288.3 848.2 242.9 855.5 238.7 829.8 large-vehicle 0
156.1 847.2 156.8 821.2 222.8 823.1 222.1 849.1 large-vehicle 0
710.6 812.0 731.1 820.2 715.6 859.2 695.1 851.1 small-vehicle 0
682.5 867.2 703.7 873.1 693.5 909.8 672.3 903.9 small-vehicle 0
704.4 874.0 730.1 877.4 724.6 919.0 698.9 915.6 small-vehicle 0
730.8 897.0 748.4 900.9 740.2 938.0 722.6 934.1 small-vehicle 0
75.0 425.3 99.9 417.7 112.2 457.8 87.3 465.5 small-vehicle 0
103.0 416.2 133.0 415.4 134.0 457.4 104.1 458.1 small-vehicle 0
80.9 465.0 122.1 457.0 143.0 565.0 101.7 573.0 large-vehicle 0
58.0 500.9 75.8 503.4 71.0 537.1 53.2 534.6 small-vehicle 0
125.2 538.2 135.7 547.5 107.9 579.0 97.4 569.7 small-vehicle 0
366.9 235.2 380.7 270.6 334.1 288.8 320.3 253.4 large-vehicle 0
287.5 342.4 288.3 356.3 146.5 364.6 145.7 350.7 large-vehicle 0
475.6 835.4 478.3 821.6 605.9 846.7 603.2 860.4 large-vehicle 0
285.6 366.7 286.6 380.7 149.1 391.3 148.0 377.3 large-vehicle 0
320.5 417.9 321.1 427.9 103.5 441.1 102.9 431.1 large-vehicle 0
245.4 444.2 246.1 454.2 180.2 458.8 179.6 448.8 large-vehicle 0
247.1 469.0 248.0 479.0 182.3 485.0 181.4 475.0 large-vehicle 0
248.4 493.3 248.8 503.3 182.8 505.6 182.5 495.6 large-vehicle 0
257.5 517.6 257.9 531.6 187.9 533.4 187.6 519.4 large-vehicle 0
183.4 556.2 183.9 542.3 249.9 544.7 249.4 558.7 large-vehicle 0
299.9 561.0 301.0 570.9 128.1 590.0 127.0 580.1 large-vehicle 0
304.9 578.1 306.5 588.0 123.1 618.9 121.5 609.0 large-vehicle 0
297.5 601.7 300.0 615.5 136.6 645.2 134.1 631.4 large-vehicle 0
299.9 634.2 301.0 644.2 144.0 661.6 142.9 651.7 large-vehicle 0
295.5 658.7 296.6 668.6 151.4 684.3 150.3 674.3 large-vehicle 0
290.6 708.2 292.6 718.0 145.4 746.8 143.4 737.0 large-vehicle 0
270.9 724.4 274.6 733.7 165.1 777.6 161.4 768.3 large-vehicle 0
294.2 750.9 331.9 745.9 352.8 902.5 315.1 907.5 large-vehicle 0
584.0 464.5 589.6 472.8 502.0 532.5 496.4 524.2 large-vehicle 0
613.3 438.4 617.6 451.7 497.7 490.6 493.4 477.3 large-vehicle 0
476.5 634.7 476.5 620.7 622.5 621.3 622.5 635.3 large-vehicle 0
477.2 657.0 478.2 643.0 603.8 652.0 602.9 665.9 large-vehicle 0
460.9 752.2 472.0 691.2 536.9 702.9 525.9 763.9 large-vehicle 0
577.9 744.2 578.1 758.2 540.1 758.8 539.9 744.8 large-vehicle 0
493.5 784.9 493.6 770.9 631.6 772.1 631.5 786.1 large-vehicle 0
602.8 792.2 604.6 810.1 467.3 824.2 465.5 806.3 large-vehicle 0
