142.0 287.6 143.4 286.2 144.8 287.5 143.5 289.0 swimming-pool 0
32.8 759.0 34.2 760.4 32.9 761.9 31.4 760.5 swimming-pool 0
60.2 731.0 61.0 729.2 62.8 730.0 62.0 731.8 swimming-pool 0
182.1 350.4 183.1 348.6 184.9 349.6 183.9 351.4 swimming-pool 0
502.5 194.6 502.6 196.6 500.6 196.7 500.5 194.7 swimming-pool 0
465.2 143.9 466.6 142.5 468.1 143.8 466.7 145.3 swimming-pool 0
606.4 483.1 607.9 484.4 606.6 485.9 605.1 484.6 swimming-pool 0
410.0 448.7 411.8 449.5 411.0 451.3 409.2 450.5 swimming-pool 0
329.3 404.3 330.2 406.1 328.4 407.0 327.5 405.2 swimming-pool 0
229.8 335.2 231.7 334.6 232.3 336.5 230.5 337.1 swimming-pool 0
72.6 239.9 74.1 238.6 75.4 240.1 73.9 241.4 swimming-pool 0
887.6 828.7 888.8 827.1 890.4 828.3 889.2 829.9 swimming-pool 0
767.8 184.0 769.4 182.9 770.5 184.5 768.9 185.6 swimming-pool 0
504.1 721.9 505.6 720.6 506.9 722.1 505.4 723.4 swimming-pool 0
759.5 531.8 760.0 529.9 761.9 530.4 761.4 532.3 swimming-pool 0
898.6 501.0 899.8 499.5 901.4 500.7 900.1 502.3 swimming-pool 0
990.1 509.9 991.7 508.7 992.9 510.2 991.4 511.5 swimming-pool 0
982.6 554.2 983.9 552.7 985.4 554.0 984.1 555.5 swimming-pool 0
930.8 546.8 931.2 544.8 933.2 545.2 932.8 547.2 swimming-pool 0
792.4 795.2 794.3 795.9 793.6 797.8 791.7 797.1 swimming-pool 0
895.9 802.6 897.0 804.3 895.3 805.4 894.2 803.7 swimming-pool 0
441.2 867.9 443.0 867.0 443.9 868.8 442.1 869.7 swimming-pool 0
84.2 553.9 86.1 554.2 85.8 556.1 83.9 555.8 small-vehicle 0
95.8 843.4 105.6 841.0 108.9 854.6 99.2 857.0 small-vehicle 0
82.7 882.0 84.5 881.2 85.3 883.0 83.5 883.8 small-vehicle 0
39.5 501.2 41.4 500.5 42.1 502.4 40.2 503.1 small-vehicle 0
49.2 479.5 50.7 480.8 49.3 482.3 47.8 481.0 small-vehicle 0
12.0 515.2 12.2 517.2 10.2 517.4 10.0 515.4 small-vehicle 0
345.1 238.0 346.5 236.6 347.9 238.0 346.5 239.4 small-vehicle 0
778.8 318.3 780.7 317.8 781.2 319.7 779.3 320.2 small-vehicle 0
797.8 339.6 799.6 340.5 798.7 342.3 796.9 341.4 small-vehicle 0
826.6 613.8 833.1 621.4 819.4 633.2 812.9 625.6 small-vehicle 0
997.1 698.1 998.9 699.1 997.9 700.9 996.1 699.9 small-vehicle 0
868.5 928.6 869.9 930.0 868.5 931.4 867.1 930.0 small-vehicle 0
797.7 947.7 799.0 946.2 800.5 947.6 799.2 949.1 small-vehicle 0
375.4 947.6 377.4 947.4 377.6 949.4 375.6 949.6 small-vehicle 0
386.2 916.5 387.9 915.4 388.9 917.1 387.2 918.2 small-vehicle 0
479.5 580.7 489.2 583.3 485.5 596.9 475.9 594.3 small-vehicle 0
674.7 329.5 675.4 327.6 677.3 328.4 676.5 330.2 small-vehicle 0
306.2 212.0 308.0 211.2 308.8 213.0 307.0 213.8 small-vehicle 0
5.6 506.8 14.4 495.9 28.4 507.2 19.6 518.1 small-vehicle 0
112.3 41.9 124.6 48.5 118.0 60.8 105.7 54.2 small-vehicle 0
100.5 41.4 101.7 43.0 100.1 44.2 98.9 42.6 small-vehicle 0
74.3 46.6 75.9 47.8 74.8 49.4 73.2 48.3 small-vehicle 0
