991.8 42.7 1009.8 61.5 988.2 82.3 970.2 63.5 small-vehicle 0
152.4 816.9 158.2 838.1 121.6 848.1 115.8 826.9 small-vehicle 0
42.8 868.4 56.1 890.8 19.9 912.2 6.7 889.8 small-vehicle 0
144.4 862.3 171.4 841.5 201.9 881.2 174.9 901.9 small-vehicle 0
179.1 851.9 183.2 847.5 222.5 884.6 218.4 889.0 small-vehicle 0
187.0 893.9 200.1 876.2 221.0 891.7 207.9 909.4 small-vehicle 0
216.6 874.0 220.7 869.6 256.9 904.1 252.8 908.5 small-vehicle 0
225.4 909.6 229.9 900.7 256.6 914.4 252.1 923.3 small-vehicle 0
252.2 893.0 263.0 884.1 292.3 919.5 281.5 928.4 small-vehicle 0
323.9 896.6 334.4 887.4 359.4 916.1 348.8 925.3 small-vehicle 0
300.9 914.8 310.2 904.3 341.7 932.1 332.4 942.6 small-vehicle 0
144.2 402.6 167.8 391.6 177.1 411.6 153.5 422.6 small-vehicle 0
132.2 370.7 155.4 359.0 170.8 389.3 147.6 401.0 small-vehicle 0
758.6 381.1 759.9 382.6 758.4 383.9 757.1 382.4 swimming-pool 0
54.5 23.0 73.0 11.1 97.8 49.8 79.3 61.7 small-vehicle 0
75.8 70.2 97.9 56.6 111.6 78.8 89.4 92.4 small-vehicle 0
89.6 99.7 113.8 90.1 123.4 114.3 99.2 123.9 small-vehicle 0
105.5 137.9 132.6 125.0 145.5 152.1 118.4 165.0 small-vehicle 0
121.8 179.3 147.0 162.9 161.2 184.7 136.0 201.1 small-vehicle 0
140.5 214.8 162.4 200.9 178.5 226.2 156.6 240.1 small-vehicle 0
156.2 258.8 190.5 242.5 200.0 262.4 165.6 278.7 small-vehicle 0
173.0 284.1 200.6 272.3 209.3 292.5 181.7 304.3 small-vehicle 0
-9.4 70.9 17.1 56.8 38.6 97.5 12.1 111.5 small-vehicle 0
15.8 114.5 34.8 103.3 56.2 139.5 37.2 150.7 small-vehicle 0
29.9 158.2 54.8 141.5 69.3 163.2 44.4 179.8 small-vehicle 0
47.2 188.6 71.2 178.7 81.1 202.7 57.1 212.6 small-vehicle 0
64.4 229.7 89.3 213.0 101.6 231.3 76.7 248.0 small-vehicle 0
78.1 258.9 100.4 245.4 111.7 264.3 89.5 277.7 small-vehicle 0
96.2 285.6 116.3 276.7 126.8 300.4 106.7 309.3 small-vehicle 0
212.5 349.3 227.1 332.8 249.5 352.7 234.9 369.2 small-vehicle 0
292.2 337.3 305.9 359.4 273.7 379.4 260.0 357.3 small-vehicle 0
332.0 334.0 338.5 350.7 303.1 364.5 296.6 347.7 small-vehicle 0
367.7 331.4 367.8 353.4 341.8 353.5 341.7 331.5 small-vehicle 0
404.6 333.8 408.1 351.5 382.6 356.6 379.1 338.9 small-vehicle 0
418.1 356.8 420.8 339.0 458.3 344.7 455.6 362.5 small-vehicle 0
457.2 367.9 460.5 346.1 482.2 349.5 478.9 371.2 small-vehicle 0
486.8 371.5 497.0 356.7 518.4 371.5 508.2 386.3 small-vehicle 0
552.5 394.2 556.1 372.5 581.8 376.7 578.2 398.4 small-vehicle 0
961.8 72.7 981.2 90.0 961.2 112.3 941.8 95.0 small-vehicle 0
708.2 334.8 726.3 353.4 707.6 371.5 689.5 352.9 small-vehicle 0
718.6 676.8 737.2 658.6 755.4 677.3 736.7 695.4 small-vehicle 0
681.0 658.1 716.9 623.3 735.0 641.9 699.1 676.7 small-vehicle 0
661.8 613.1 682.5 597.3 705.5 627.5 684.9 643.3 small-vehicle 0
650.5 581.4 681.0 566.3 692.5 589.6 662.0 604.7 small-vehicle 0
641.6 542.5 665.4 532.0 675.9 555.8 652.1 566.3 small-vehicle 0
627.2 508.1 649.4 494.7 662.8 516.9 640.6 530.3 small-vehicle 0
593.7 501.1 641.1 444.3 664.1 463.5 616.7 520.3 small-vehicle 0
629.6 416.1 652.0 429.4 624.4 475.9 602.0 462.6 small-vehicle 0
665.1 361.5 672.0 368.7 638.9 400.5 632.0 393.3 small-vehicle 0
687.7 368.4 694.9 375.4 676.8 394.1 669.6 387.1 small-vehicle 0
644.1 307.8 656.7 320.6 626.8 350.1 614.2 337.3 small-vehicle 0
665.7 282.8 679.3 294.6 662.3 314.2 648.7 302.4 small-vehicle 0
692.6 255.6 707.9 271.4 689.2 289.5 673.9 273.7 small-vehicle 0
737.7 308.5 753.1 324.2 734.5 342.4 719.1 326.6 small-vehicle 0
769.0 276.4 784.6 291.9 755.0 321.6 739.4 306.1 small-vehicle 0
729.5 220.2 743.0 232.2 725.7 251.6 712.3 239.6 small-vehicle 0
790.5 251.0 806.4 266.2 788.5 285.0 772.6 269.8 small-vehicle 0
818.3 225.2 827.9 228.0 818.3 260.6 808.7 257.8 small-vehicle 0
758.2 192.4 771.0 205.0 752.8 223.6 740.0 211.0 small-vehicle 0
788.8 154.8 805.7 168.9 776.2 204.2 759.3 190.1 small-vehicle 0
850.4 191.9 866.8 212.1 843.5 231.0 827.1 210.9 small-vehicle 0
809.5 133.0 825.4 148.2 807.5 167.0 791.6 151.8 small-vehicle 0
888.7 150.7 906.6 169.5 873.3 201.3 855.4 182.5 small-vehicle 0
840.4 101.5 856.7 116.2 836.6 138.5 820.3 123.8 small-vehicle 0
870.1 73.9 882.6 86.9 863.9 104.9 851.4 92.0 small-vehicle 0
890.0 45.8 909.5 63.0 892.4 82.5 872.8 65.4 small-vehicle 0
914.4 115.6 939.5 138.5 916.6 163.6 891.5 140.7 small-vehicle 0
807.1 769.9 830.9 745.7 860.9 775.1 837.1 799.3 small-vehicle 0
845.2 803.1 861.6 783.0 884.8 801.9 868.4 822.0 small-vehicle 0
877.6 829.4 893.8 814.5 911.4 833.6 895.2 848.5 small-vehicle 0
903.6 856.5 924.2 840.6 940.1 861.3 919.4 877.1 small-vehicle 0
528.0 884.1 543.5 904.9 509.9 930.0 494.3 909.2 small-vehicle 0
557.2 872.2 571.1 889.2 551.0 905.7 537.1 888.6 small-vehicle 0
584.2 845.5 600.4 860.3 582.9 879.6 566.7 864.8 small-vehicle 0
614.9 812.4 628.5 824.2 601.1 856.0 587.4 844.2 small-vehicle 0
637.9 783.7 651.5 795.4 624.1 827.3 610.5 815.6 small-vehicle 0
659.0 744.1 676.4 757.6 650.6 790.8 633.2 777.2 small-vehicle 0
713.2 736.7 713.8 766.7 671.8 767.4 671.3 737.5 small-vehicle 0
709.6 755.3 727.5 742.6 754.1 780.2 736.1 792.9 small-vehicle 0
765.3 813.8 777.1 800.2 814.7 833.2 802.9 846.8 small-vehicle 0
804.1 850.4 821.5 836.9 839.9 860.6 822.5 874.1 small-vehicle 0
835.5 880.9 851.3 865.6 869.4 884.2 853.7 899.5 small-vehicle 0
859.9 917.7 864.9 896.3 894.1 903.3 889.1 924.7 small-vehicle 0
893.1 941.9 912.6 924.6 929.9 944.1 910.4 961.4 small-vehicle 0
917.8 969.5 938.3 947.7 957.2 965.5 936.7 987.3 small-vehicle 0
930.3 886.2 950.0 863.6 969.6 880.7 949.9 903.3 small-vehicle 0
372.3 650.7 372.8 648.8 374.7 649.3 374.2 651.2 roundabout 0
