255.2 534.9 256.7 533.6 258.0 535.2 256.4 536.4 baseball-diamond 0
508.1 365.6 509.4 364.1 510.9 365.4 509.6 366.9 baseball-diamond 0
653.7 896.7 670.7 910.6 664.3 918.3 647.3 904.4 small-vehicle 0
665.6 901.1 667.4 900.1 668.4 901.9 666.6 902.9 small-vehicle 0
661.6 893.9 667.8 886.1 685.0 899.9 678.8 907.7 small-vehicle 0
689.6 881.0 695.9 897.9 682.8 902.8 676.5 885.9 small-vehicle 0
649.4 865.9 650.5 867.6 648.8 868.7 647.8 867.0 small-vehicle 0
648.4 857.8 665.6 852.6 670.9 869.8 653.6 875.0 small-vehicle 0
662.1 853.7 666.5 849.6 678.6 862.9 674.2 867.0 small-vehicle 0
675.3 846.6 676.9 845.4 685.3 856.6 683.7 857.8 small-vehicle 0
691.2 841.0 692.9 842.1 682.8 857.0 681.1 855.9 small-vehicle 0
711.0 870.3 719.7 886.0 704.0 894.7 695.3 879.0 small-vehicle 0
587.2 858.2 588.7 859.5 587.4 861.0 585.9 859.7 small-vehicle 0
572.8 840.9 587.4 830.4 607.2 858.1 592.6 868.6 small-vehicle 0
572.5 825.7 592.2 775.4 635.0 792.3 615.3 842.5 large-vehicle 0
