503.8 75.7 558.7 32.3 803.2 341.3 748.3 384.7 harbor 0
407.7 12.8 701.2 180.6 692.3 196.2 398.8 28.4 ship 0
353.8 161.4 354.0 155.4 376.0 156.1 375.8 162.1 ship 0
387.8 126.3 392.0 122.0 425.2 153.7 421.1 158.1 ship 0
407.9 122.3 412.6 118.7 433.2 145.8 428.4 149.4 ship 0
416.0 116.4 420.5 112.4 446.0 140.6 441.5 144.6 ship 0
426.8 108.7 431.3 104.8 453.7 130.4 449.2 134.4 ship 0
448.3 84.4 454.3 84.7 451.7 134.6 445.7 134.3 ship 0
447.7 88.4 478.1 111.3 472.0 119.3 441.7 96.4 ship 0
477.3 77.6 484.4 84.7 471.7 97.4 464.6 90.3 ship 0
398.8 140.7 566.9 52.0 573.4 64.4 405.4 153.1 ship 0
491.9 55.2 518.6 92.6 504.0 103.1 477.3 65.7 ship 0
531.6 99.8 555.1 134.6 543.5 142.4 520.0 107.6 ship 0
595.4 105.2 611.5 120.2 563.7 171.3 547.6 156.3 ship 0
440.5 247.0 473.4 214.9 511.1 253.6 478.2 285.7 ship 0
653.4 142.9 660.4 150.1 595.4 212.4 588.5 205.2 ship 0
635.0 134.0 642.3 140.8 592.2 195.1 584.8 188.4 ship 0
671.6 164.7 676.0 168.7 628.9 220.5 624.5 216.5 ship 0
536.5 22.3 841.5 325.4 786.5 380.7 481.5 77.6 ship 0
701.5 188.5 708.1 196.0 647.1 250.7 640.4 243.3 ship 0
732.3 200.1 745.0 212.9 667.0 290.4 654.3 277.7 ship 0
473.8 168.2 478.1 172.3 457.2 193.8 452.9 189.7 ship 0
485.5 179.9 489.4 184.5 466.6 204.0 462.7 199.5 ship 0
498.3 180.7 503.0 184.5 463.6 232.4 458.9 228.6 ship 0
513.9 188.3 518.2 192.5 477.8 234.1 473.5 230.0 ship 0
523.6 199.7 530.7 206.7 489.9 247.8 482.8 240.8 ship 0
376.2 131.6 380.8 127.8 412.9 166.1 408.3 169.9 ship 0
325.8 151.1 332.6 143.8 386.8 194.1 380.0 201.4 ship 0
276.1 134.5 286.2 124.8 359.5 201.3 349.4 211.0 ship 0
571.4 218.0 581.0 228.2 515.6 290.0 506.0 279.8 ship 0
586.4 248.5 593.3 255.8 539.4 306.6 532.6 299.3 ship 0
518.3 186.4 746.1 384.7 689.7 449.6 461.9 251.3 harbor 0
261.4 170.7 275.3 182.2 251.2 211.5 237.3 200.1 ship 0
153.7 24.0 183.5 53.5 4.8 234.0 -25.0 204.5 ship 0
92.0 -23.6 129.8 20.4 52.4 86.8 14.6 42.8 ship 0
272.3 113.7 285.0 126.4 207.0 204.1 194.3 191.3 ship 0
488.6 137.3 502.5 137.8 501.4 167.7 487.5 167.2 ship 0
598.4 260.7 603.0 264.5 555.6 321.3 551.0 317.5 ship 0
706.5 465.7 707.2 471.7 661.5 477.3 660.8 471.3 ship 0
213.3 43.0 236.4 67.9 3.4 284.3 -19.7 259.4 ship 0
185.2 112.8 204.4 130.4 75.8 270.2 56.6 252.6 ship 0
270.7 204.8 294.7 228.9 253.5 269.8 229.6 245.7 ship 0
195.2 253.5 224.7 283.4 109.3 397.1 79.9 367.2 ship 0
616.6 267.1 620.9 271.4 563.4 329.9 559.1 325.6 ship 0
571.0 211.7 704.0 353.0 641.3 411.9 508.4 270.7 ship 0
657.7 304.3 664.7 311.4 606.2 368.9 599.2 361.7 ship 0
671.3 322.5 678.3 329.6 619.6 386.8 612.6 379.7 ship 0
644.6 418.6 648.8 414.4 726.4 492.4 722.2 496.6 ship 0
695.5 407.3 702.2 399.9 769.0 460.2 762.3 467.6 ship 0
769.4 338.8 775.4 330.8 802.4 351.5 796.3 359.5 ship 0
723.4 331.9 728.8 323.4 784.5 358.8 779.1 367.2 ship 0
721.5 393.9 728.9 387.2 786.5 451.1 779.1 457.8 ship 0
776.7 262.5 789.9 274.6 734.5 335.1 721.3 322.9 ship 0
757.5 233.1 769.8 246.3 698.1 313.1 685.8 299.9 ship 0
693.1 436.0 699.7 428.5 760.9 483.0 754.3 490.5 ship 0
343.1 277.8 542.8 414.5 510.1 462.3 310.4 325.7 ship 0
322.3 320.3 338.1 305.0 375.7 343.7 359.9 359.0 ship 0
359.7 380.9 388.8 411.2 361.4 437.5 332.3 407.2 ship 0
332.9 437.1 334.4 438.4 333.1 439.9 331.6 438.6 ship 0
300.9 463.1 302.4 464.4 301.1 465.9 299.6 464.6 ship 0
222.0 454.6 250.6 429.6 333.5 524.5 304.8 549.5 ship 0
