756.3 689.4 757.9 690.6 756.7 692.2 755.1 691.0 baseball-diamond 0
534.2 142.4 724.0 559.2 441.8 687.6 252.0 270.8 soccer-ball-field 0
926.5 95.1 931.6 29.3 981.5 33.2 976.3 99.0 basketball-court 0
897.3 28.0 908.1 97.2 858.7 105.0 847.9 35.8 basketball-court 0
802.5 -28.0 820.0 -8.8 644.5 152.0 627.0 132.8 tennis-court 0
579.6 -2.9 603.3 -21.3 719.6 129.0 695.9 147.3 tennis-court 0
501.6 -20.5 526.5 -37.2 650.4 147.0 625.5 163.8 tennis-court 0
547.5 -9.4 567.3 7.5 456.5 136.4 436.7 119.5 tennis-court 0
384.2 -2.1 415.7 -15.0 475.8 131.1 444.3 144.0 tennis-court 0
376.0 -9.0 406.1 6.9 336.0 139.5 305.9 123.6 tennis-court 0
396.1 304.7 397.7 303.5 581.4 553.2 579.8 554.4 ground-track-field 0
970.9 836.4 971.1 834.4 973.1 834.6 972.9 836.6 swimming-pool 0
818.5 833.7 819.3 835.5 817.5 836.3 816.7 834.5 swimming-pool 0
606.5 838.0 606.5 836.0 608.5 836.0 608.5 838.0 swimming-pool 0
387.1 838.8 388.2 837.1 389.9 838.2 388.8 839.9 swimming-pool 0
226.9 808.4 227.1 806.4 229.1 806.6 228.9 808.6 swimming-pool 0
32.2 809.1 33.4 810.8 31.7 811.9 30.6 810.2 swimming-pool 0
298.8 602.3 300.7 602.8 300.2 604.7 298.3 604.2 swimming-pool 0
305.1 416.6 306.9 417.6 305.9 419.4 304.1 418.4 swimming-pool 0
11.6 488.2 12.8 486.6 14.4 487.8 13.2 489.4 swimming-pool 0
297.8 234.9 299.7 235.4 299.2 237.3 297.3 236.8 swimming-pool 0
15.6 32.7 16.8 31.1 18.4 32.3 17.2 33.9 swimming-pool 0
473.5 837.9 473.6 836.0 475.5 836.1 475.4 838.0 swimming-pool 0
514.6 834.3 516.5 834.8 516.0 836.7 514.1 836.3 swimming-pool 0
777.3 229.8 777.7 231.8 775.7 232.2 775.3 230.2 baseball-diamond 0
