330.5 278.1 360.3 243.1 395.4 272.8 365.6 307.9 plane 0
380.7 325.8 381.4 311.8 447.3 315.2 446.6 329.2 plane 0
378.1 34.4 440.9 87.2 383.0 156.1 320.2 103.3 plane 0
299.3 180.3 348.2 230.4 286.7 290.5 237.8 240.4 plane 0
198.5 332.3 253.3 403.7 169.2 468.2 114.4 396.8 plane 0
267.3 426.5 296.6 471.9 264.7 492.5 235.4 447.1 plane 0
286.8 348.4 384.9 511.1 359.2 526.6 261.1 363.9 plane 0
383.3 398.4 396.9 410.1 351.3 463.2 337.6 451.5 plane 0
397.1 435.1 412.3 444.7 372.7 507.2 357.5 497.6 plane 0
335.2 472.1 352.8 491.2 324.8 516.9 307.2 497.8 plane 0
311.7 544.6 410.9 480.8 429.3 509.4 330.1 573.2 plane 0
291.2 603.7 320.6 609.7 307.3 674.4 277.9 668.3 plane 0
260.3 580.1 274.0 591.8 225.7 647.9 212.0 636.2 plane 0
171.4 630.1 176.6 604.6 209.9 611.3 204.8 636.8 plane 0
143.0 544.5 252.9 540.6 255.0 598.5 145.1 602.4 plane 0
129.1 614.9 131.5 561.0 165.5 562.5 163.1 616.4 plane 0
169.4 513.8 179.9 533.1 125.4 562.7 114.9 543.4 plane 0
234.2 728.9 251.1 673.4 306.6 690.3 289.7 745.8 plane 0
806.8 28.1 844.5 23.6 857.7 132.8 819.9 137.4 plane 0
860.2 3.1 895.5 -19.7 937.8 45.9 902.5 68.7 plane 0
522.9 120.3 542.7 142.9 487.1 191.7 467.3 169.1 plane 0
564.9 141.5 609.4 190.3 551.7 242.8 507.3 194.0 plane 0
430.5 353.1 462.0 325.4 484.5 350.9 453.0 378.6 plane 0
412.9 424.4 461.6 392.9 493.1 441.6 444.4 473.1 plane 0
