380.8 840.3 418.7 807.7 459.1 854.6 421.2 887.3 plane 0
472.4 858.9 495.9 869.9 469.6 926.1 446.1 915.1 plane 0
447.2 605.4 500.0 662.7 427.9 729.2 375.1 671.8 plane 0
356.1 751.0 406.7 805.0 343.9 863.8 293.3 809.7 plane 0
237.5 909.9 302.1 960.5 244.1 1034.5 179.6 984.0 plane 0
406.4 980.4 412.9 988.0 353.6 1038.6 347.1 1031.0 plane 0
431.5 977.3 446.1 987.7 417.0 1028.4 402.4 1017.9 plane 0
847.9 613.3 886.0 595.6 930.6 691.7 892.5 709.4 plane 0
904.6 606.5 946.0 545.1 1007.4 586.5 966.0 647.9 plane 0
729.5 529.3 760.2 557.9 696.0 626.6 665.3 597.9 plane 0
690.2 519.7 694.5 441.8 780.4 446.6 776.1 524.5 plane 0
648.6 467.6 700.7 525.6 624.8 593.8 572.7 535.8 plane 0
740.5 361.5 788.2 315.9 836.5 366.5 788.8 412.1 plane 0
682.8 275.6 711.3 266.2 747.2 374.4 718.7 383.8 plane 0
555.3 426.5 603.9 482.4 532.9 544.1 484.4 488.2 plane 0
575.5 683.8 602.1 704.9 548.5 772.2 521.9 751.1 plane 0
617.3 720.5 645.0 732.1 613.3 807.7 585.7 796.2 plane 0
485.5 930.9 513.2 894.2 543.5 917.1 515.8 953.8 plane 0
487.5 989.6 506.1 978.0 532.5 1020.4 513.9 1032.0 plane 0
283.0 516.7 341.7 496.8 363.0 559.3 304.3 579.2 plane 0
