387.1 269.3 420.5 243.9 450.8 283.7 417.4 309.1 plane 0
469.3 291.5 493.0 302.3 470.7 351.5 447.0 340.7 plane 0
434.5 33.9 498.0 85.8 438.6 158.6 375.1 106.7 plane 0
327.2 178.1 406.2 211.9 370.8 294.7 291.8 260.8 plane 0
168.0 392.5 259.6 331.6 311.6 409.9 220.0 470.8 plane 0
322.3 459.1 323.4 460.8 321.7 461.9 320.6 460.2 plane 0
385.8 419.5 396.5 428.5 372.1 457.6 361.4 448.5 plane 0
373.3 404.0 378.9 395.7 473.3 459.6 467.7 467.9 plane 0
444.9 451.5 459.4 462.2 436.9 492.8 422.4 482.2 plane 0
396.9 461.8 417.0 478.3 375.1 529.2 355.0 512.7 plane 0
437.1 496.1 456.7 513.2 415.9 559.9 396.3 542.8 plane 0
346.0 606.8 375.6 612.2 364.5 673.2 335.0 667.9 plane 0
261.6 591.9 317.1 575.0 336.4 638.1 280.9 655.0 plane 0
253.6 605.6 264.1 620.2 239.8 637.8 229.2 623.2 plane 0
278.5 533.5 289.3 542.5 231.5 611.5 220.7 602.5 plane 0
210.1 571.7 222.0 585.2 196.5 607.7 184.6 594.2 plane 0
153.5 501.0 265.3 550.0 253.2 577.4 141.5 528.5 plane 0
326.4 671.0 365.9 707.8 326.4 750.2 286.9 713.4 plane 0
54.6 577.3 104.4 614.2 60.4 673.7 10.6 636.8 plane 0
828.0 49.4 907.3 15.9 948.5 113.6 869.2 147.0 plane 0
894.5 18.4 967.7 -34.0 1015.5 32.6 942.3 85.0 plane 0
539.5 132.9 555.7 125.2 582.5 181.1 566.3 188.8 plane 0
615.3 146.4 660.8 188.4 613.4 239.9 567.8 197.8 plane 0
498.0 332.2 511.0 327.2 529.0 373.8 516.0 378.8 plane 0
491.5 375.8 569.2 441.8 526.5 492.2 448.8 426.2 plane 0
