561.8 560.0 577.5 551.2 594.2 580.8 578.5 589.6 small-vehicle 0
299.5 76.9 307.1 60.6 323.4 68.1 315.9 84.4 small-vehicle 0
244.0 171.5 250.5 183.9 199.0 210.5 192.5 198.1 large-vehicle 0
291.9 324.0 305.4 336.0 240.1 409.0 226.6 397.0 large-vehicle 0
291.7 361.2 308.2 375.7 243.6 449.4 227.1 434.9 large-vehicle 0
297.0 408.5 312.5 424.0 271.5 465.0 256.0 449.5 large-vehicle 0
329.2 531.2 339.3 540.8 296.7 585.8 286.5 576.2 large-vehicle 0
350.6 611.0 360.9 620.4 300.4 687.0 290.1 677.6 large-vehicle 0
369.4 677.1 370.9 678.4 369.6 679.9 368.1 678.6 large-vehicle 0
499.8 754.2 501.8 753.8 502.2 755.8 500.2 756.2 large-vehicle 0
583.9 727.7 585.8 728.2 585.3 730.2 583.4 729.6 large-vehicle 0
294.8 37.2 324.7 39.8 323.2 57.8 293.3 55.2 small-vehicle 0
116.7 813.7 127.9 845.8 103.4 854.4 92.1 822.3 small-vehicle 0
289.8 22.0 314.4 13.7 320.2 30.8 295.5 39.1 small-vehicle 0
335.1 170.6 336.9 169.6 337.9 171.4 336.1 172.4 small-vehicle 0
359.0 249.5 376.2 254.7 367.4 283.4 350.2 278.2 small-vehicle 0
346.2 212.2 347.5 213.7 346.0 215.0 344.7 213.4 small-vehicle 0
450.3 717.3 462.5 724.1 448.0 750.3 435.7 743.5 small-vehicle 0
99.0 736.2 108.1 746.8 67.0 781.8 57.9 771.2 small-vehicle 0
69.6 705.7 76.5 717.9 50.5 732.7 43.5 720.5 small-vehicle 0
50.8 680.9 66.4 696.4 39.6 723.4 24.0 707.9 small-vehicle 0
49.0 659.9 60.2 678.8 24.0 700.1 12.8 681.2 small-vehicle 0
229.7 117.4 246.5 155.9 189.6 180.7 172.9 142.2 large-vehicle 0
