517.1 20.6 554.5 59.5 466.5 144.0 429.1 105.1 tennis-court 0
628.1 71.4 663.4 112.3 510.4 244.1 475.1 203.2 tennis-court 0
677.9 168.8 714.1 208.9 614.6 298.7 578.4 258.6 tennis-court 0
694.2 87.5 963.9 447.7 715.8 633.5 446.1 273.4 basketball-court 0
51.8 536.8 70.1 518.3 102.7 550.8 84.4 569.2 small-vehicle 0
81.8 573.2 101.7 550.7 139.2 583.8 119.3 606.3 small-vehicle 0
131.0 613.1 146.0 591.9 177.0 613.8 162.0 635.1 small-vehicle 0
115.3 639.1 136.5 660.4 89.6 706.8 68.4 685.5 small-vehicle 0
403.9 845.1 416.5 857.9 386.6 887.4 374.0 874.6 small-vehicle 0
475.4 768.2 496.8 789.3 461.6 824.8 440.2 803.7 small-vehicle 0
318.4 930.3 334.7 945.1 298.3 985.0 282.0 970.2 small-vehicle 0
639.8 903.7 666.3 882.4 715.2 943.3 688.7 964.6 small-vehicle 0
626.1 792.1 644.8 774.0 668.4 798.4 649.7 816.5 small-vehicle 0
691.7 621.2 698.0 613.4 733.6 642.5 727.3 650.2 small-vehicle 0
709.9 599.0 717.7 592.7 746.5 628.6 738.8 634.8 small-vehicle 0
286.5 449.1 287.7 447.5 538.0 630.4 536.9 632.0 soccer-ball-field 0
