794.7 307.8 807.3 289.8 828.6 304.7 815.9 322.7 ship 0
150.9 425.5 164.8 403.5 190.1 419.5 176.2 441.5 ship 0
323.9 320.2 339.5 341.0 270.6 392.5 255.1 371.7 harbor 0
362.5 348.8 378.5 369.3 304.5 427.2 288.5 406.7 harbor 0
480.4 395.2 508.5 426.4 280.7 630.7 252.6 599.5 harbor 0
481.7 524.5 496.8 540.5 454.6 580.3 439.5 564.3 harbor 0
564.7 595.8 583.2 619.5 449.3 724.2 430.8 700.5 harbor 0
548.1 709.9 562.1 726.9 508.0 771.3 494.1 754.4 harbor 0
592.7 698.2 623.4 720.6 544.3 828.8 513.6 806.4 harbor 0
601.6 812.4 603.1 811.1 604.4 812.6 602.9 813.9 harbor 0
334.3 496.7 341.9 503.2 314.7 535.3 307.1 528.8 ship 0
364.4 482.3 388.1 457.9 409.6 478.8 386.0 503.2 ship 0
350.8 537.3 353.3 542.8 333.4 552.0 330.8 546.6 ship 0
360.2 494.1 399.7 536.5 377.8 556.9 338.3 514.5 ship 0
326.5 520.5 367.8 479.7 380.5 492.5 339.2 533.3 ship 0
506.1 390.3 510.3 356.6 563.9 363.2 559.7 397.0 ship 0
362.4 542.8 364.7 537.3 388.6 547.6 386.2 553.1 ship 0
355.7 556.3 363.5 544.7 385.0 559.3 377.2 570.9 ship 0
355.7 544.3 368.2 557.2 355.3 569.7 342.8 556.8 ship 0
340.3 521.5 344.2 526.0 327.7 540.5 323.8 536.0 ship 0
139.7 296.4 165.6 294.9 175.3 468.6 149.4 470.1 harbor 0
