244.8 762.1 273.3 743.6 370.2 892.9 341.7 911.4 harbor 0
42.8 332.6 43.9 334.3 42.2 335.4 41.1 333.7 small-vehicle 0
827.8 286.7 840.0 305.0 775.2 348.3 763.0 330.0 harbor 0
485.4 337.8 502.0 317.9 595.6 396.2 579.0 416.1 harbor 0
458.0 362.9 483.1 346.4 504.0 378.1 478.9 394.6 harbor 0
497.9 455.2 517.9 432.8 567.1 476.8 547.1 499.2 harbor 0
388.2 483.6 399.9 469.9 553.9 600.5 542.3 614.3 harbor 0
422.6 625.6 423.7 624.0 425.4 625.2 424.2 626.8 harbor 0
43.3 184.6 51.0 205.3 26.7 214.4 19.0 193.7 small-vehicle 0
35.0 220.3 52.7 217.0 56.0 234.7 38.3 238.0 small-vehicle 0
35.4 251.7 51.1 242.8 62.0 261.9 46.3 270.8 small-vehicle 0
142.1 224.1 150.2 240.2 126.9 251.9 118.8 235.8 small-vehicle 0
189.5 343.7 194.5 335.1 213.5 346.3 208.5 354.9 small-vehicle 0
211.3 345.7 236.3 338.5 244.7 367.3 219.7 374.5 ship 0
227.1 332.4 245.1 345.1 239.3 353.3 221.3 340.6 small-vehicle 0
224.3 328.0 226.8 322.6 246.7 332.0 244.2 337.4 small-vehicle 0
129.5 628.5 149.7 612.2 168.5 635.5 148.3 651.8 small-vehicle 0
25.7 550.9 37.4 543.1 47.3 558.1 35.6 565.9 small-vehicle 0
404.0 104.6 418.0 116.0 406.6 129.9 392.6 118.6 small-vehicle 0
524.8 35.2 525.3 33.3 527.2 33.8 526.7 35.7 small-vehicle 0
455.0 12.7 457.0 12.6 457.0 14.6 455.0 14.7 small-vehicle 0
122.8 562.7 147.1 553.5 159.2 585.3 134.9 594.5 ship 0
496.0 641.0 512.1 661.4 476.0 690.0 459.9 669.6 ship 0
552.3 385.3 577.9 369.6 593.6 395.1 568.0 410.8 ship 0
741.7 139.4 752.7 147.9 734.3 171.6 723.3 163.1 harbor 0
