908.5 -228.2 1184.2 162.2 761.1 461.1 485.4 70.6 soccer-ball-field 0
441.7 227.2 493.8 241.4 392.3 613.8 340.2 599.6 tennis-court 0
822.3 503.6 876.3 502.4 883.6 840.3 829.6 841.5 tennis-court 0
699.8 548.7 753.3 541.8 783.1 773.9 729.5 780.8 tennis-court 0
643.8 503.8 695.6 519.3 611.1 800.9 559.4 785.4 tennis-court 0
257.4 619.5 311.3 622.9 299.6 808.5 245.7 805.1 tennis-court 0
179.7 566.4 231.5 581.6 155.3 840.6 103.5 825.4 tennis-court 0
47.3 534.1 104.8 541.6 63.9 853.0 6.4 845.4 tennis-court 0
329.3 327.4 371.7 353.9 283.7 494.6 241.3 468.1 tennis-court 0
218.2 313.9 261.1 339.5 174.0 485.6 131.1 460.0 tennis-court 0
