630.9 352.7 755.2 610.2 674.1 649.3 549.8 391.8 large-vehicle 0
338.5 536.4 350.3 543.8 283.5 650.6 271.7 643.2 large-vehicle 0
365.0 539.9 377.1 547.0 323.0 638.1 310.9 631.0 large-vehicle 0
388.6 557.3 400.6 564.5 350.1 648.5 338.1 641.3 large-vehicle 0
399.2 593.4 415.8 600.3 393.5 653.8 376.9 646.9 large-vehicle 0
434.8 614.8 449.4 625.3 399.2 695.2 384.6 684.7 large-vehicle 0
445.9 671.5 458.4 677.8 432.1 729.5 419.6 723.2 large-vehicle 0
206.3 544.9 788.7 842.5 778.7 862.1 196.3 564.5 large-vehicle 0
427.4 543.7 433.0 530.8 526.6 571.3 521.0 584.2 large-vehicle 0
430.4 520.3 435.4 507.2 530.6 543.7 525.6 556.8 large-vehicle 0
441.5 488.4 448.4 476.2 547.5 532.6 540.6 544.8 large-vehicle 0
443.1 467.7 449.1 455.0 548.7 501.6 542.8 514.2 large-vehicle 0
445.4 440.1 451.1 427.3 551.6 471.9 545.9 484.7 large-vehicle 0
459.0 409.5 466.1 397.4 561.0 452.9 554.0 465.0 large-vehicle 0
493.0 404.2 497.2 390.9 541.0 404.8 536.8 418.1 large-vehicle 0
606.1 369.8 618.0 377.1 564.9 464.2 553.0 456.9 large-vehicle 0
637.7 380.8 649.1 388.8 579.4 489.0 567.9 481.0 large-vehicle 0
689.5 373.5 699.8 382.9 601.7 491.1 591.4 481.7 large-vehicle 0
306.9 531.6 318.9 538.8 256.1 643.4 244.1 636.2 large-vehicle 0
295.0 495.8 307.0 502.9 231.0 632.2 219.0 625.1 large-vehicle 0
219.4 517.7 230.7 525.9 175.5 602.0 164.1 593.7 large-vehicle 0
141.2 314.8 146.5 301.8 255.8 346.2 250.5 359.2 large-vehicle 0
245.4 68.8 251.1 60.6 318.6 107.2 312.9 115.4 large-vehicle 0
198.5 136.0 203.0 127.1 301.5 176.0 297.0 184.9 large-vehicle 0
181.5 156.8 185.3 147.6 305.5 197.2 301.7 206.4 large-vehicle 0
185.3 187.4 191.6 174.9 289.7 224.6 283.4 237.1 large-vehicle 0
183.9 210.6 191.4 198.8 274.1 251.4 266.6 263.2 large-vehicle 0
132.1 252.5 138.4 240.0 257.9 300.5 251.6 313.0 large-vehicle 0
136.3 291.8 140.6 278.5 252.7 315.2 248.4 328.5 large-vehicle 0
126.4 333.6 131.9 320.8 258.6 375.4 253.1 388.2 large-vehicle 0
-20.7 787.9 142.6 385.8 229.7 421.1 66.4 823.2 large-vehicle 0
121.9 348.5 126.8 339.8 251.1 408.5 246.2 417.2 large-vehicle 0
117.2 380.1 123.4 367.5 240.2 424.6 234.0 437.2 large-vehicle 0
109.1 425.4 115.7 413.1 208.9 463.6 202.3 475.9 large-vehicle 0
125.3 463.2 129.2 454.0 190.0 479.7 186.1 488.9 large-vehicle 0
124.5 488.2 128.5 479.1 170.5 497.8 166.5 506.9 large-vehicle 0
122.4 513.6 125.1 504.0 165.6 515.4 162.9 525.0 large-vehicle 0
22.5 646.4 173.5 427.4 224.5 462.6 73.5 681.6 large-vehicle 0
672.2 433.1 683.6 441.3 663.8 468.9 652.4 460.7 large-vehicle 0
593.6 542.0 598.1 533.0 721.4 595.0 716.9 604.0 large-vehicle 0
600.5 571.4 607.2 559.1 735.5 628.6 728.8 640.9 large-vehicle 0
429.6 32.8 455.6 48.0 430.4 91.2 404.4 76.0 small-vehicle 0
458.4 42.0 467.9 45.1 452.4 92.6 442.9 89.5 small-vehicle 0
481.1 47.3 490.4 50.8 471.5 101.3 462.1 97.8 small-vehicle 0
506.0 64.5 517.8 72.0 495.4 107.5 483.6 100.0 small-vehicle 0
122.5 541.8 132.2 517.7 193.5 542.2 183.8 566.3 small-vehicle 0
73.6 571.8 94.4 544.8 140.4 580.2 119.6 607.2 small-vehicle 0
597.7 548.3 609.4 507.9 684.3 529.7 672.6 570.1 small-vehicle 0
568.5 557.7 598.3 554.6 603.5 604.3 573.7 607.4 small-vehicle 0
729.5 521.7 768.7 545.6 723.9 619.1 684.7 595.1 ship 0
879.2 520.1 917.6 447.7 968.8 474.9 930.4 547.3 small-vehicle 0
706.6 492.7 706.9 550.7 672.9 550.8 672.6 492.8 small-vehicle 0
704.6 570.2 740.5 487.6 771.7 501.2 735.8 583.7 small-vehicle 0
682.1 375.1 707.8 379.2 700.5 424.7 674.8 420.6 small-vehicle 0
724.6 429.0 742.2 442.2 714.5 478.9 696.9 465.7 small-vehicle 0
707.1 412.8 725.5 424.9 689.0 479.9 670.7 467.8 small-vehicle 0
736.6 378.7 766.3 408.3 731.0 443.7 701.3 414.0 small-vehicle 0
686.4 184.3 695.7 164.4 733.8 182.0 724.5 202.0 small-vehicle 0
452.2 11.9 453.1 10.2 454.8 11.1 453.9 12.8 small-vehicle 0
585.7 599.8 591.2 586.9 740.3 650.2 734.8 663.1 large-vehicle 0
600.2 628.3 606.5 615.8 726.3 675.8 720.0 688.3 large-vehicle 0
598.8 666.2 603.8 653.1 706.7 691.9 701.8 705.0 large-vehicle 0
577.9 715.9 578.1 701.9 688.1 704.1 687.9 718.1 large-vehicle 0
575.9 760.6 589.6 733.9 641.1 760.4 627.4 787.1 large-vehicle 0
551.6 772.8 564.1 779.1 518.4 870.2 505.9 863.9 large-vehicle 0
435.0 754.8 443.3 760.4 400.0 825.2 391.7 819.6 large-vehicle 0
260.2 28.3 267.0 16.0 338.9 55.4 332.1 67.7 large-vehicle 0
517.2 789.6 528.4 797.9 493.8 844.4 482.6 836.1 large-vehicle 0
217.8 90.4 225.2 78.5 308.2 130.6 300.8 142.5 large-vehicle 0
41.9 615.3 51.1 599.9 138.6 652.3 129.4 667.7 large-vehicle 0
257.1 506.8 269.2 513.8 206.3 623.0 194.2 616.0 large-vehicle 0
462.0 708.2 476.5 718.9 461.0 739.8 446.5 729.1 large-vehicle 0
530.4 691.7 550.6 700.3 527.6 753.6 507.4 744.9 large-vehicle 0
456.2 765.9 464.4 771.6 417.8 839.1 409.6 833.4 large-vehicle 0
490.9 763.4 503.4 769.7 452.1 871.6 439.6 865.3 large-vehicle 0
244.6 45.8 249.5 37.2 324.2 79.8 319.2 88.5 large-vehicle 0
