262.0 932.5 274.2 919.3 308.0 950.5 295.8 963.7 small-vehicle 0
755.5 627.0 768.4 639.6 741.7 666.7 728.9 654.1 small-vehicle 0
569.8 817.8 586.7 831.8 565.1 858.0 548.1 844.0 small-vehicle 0
785.4 590.0 803.6 608.7 773.5 638.0 755.3 619.3 small-vehicle 0
656.8 211.3 707.9 183.9 843.0 435.9 791.9 463.3 tennis-court 0
648.6 335.3 739.2 439.5 680.4 490.7 589.8 386.5 tennis-court 0
569.5 386.8 692.8 536.6 592.5 619.2 469.2 469.4 tennis-court 0
413.1 486.6 465.5 461.9 577.3 698.9 524.8 723.6 tennis-court 0
407.7 619.9 473.4 692.6 415.6 744.9 349.8 672.2 tennis-court 0
322.0 656.7 440.1 795.2 332.0 887.3 213.9 748.8 tennis-court 0
