757.2 576.3 818.1 587.7 798.7 691.9 737.8 680.5 small-vehicle 0
759.6 873.7 788.4 882.2 768.4 949.3 739.6 940.8 small-vehicle 0
142.8 691.8 156.3 695.8 119.3 820.4 105.8 816.4 large-vehicle 0
161.2 698.9 174.9 701.5 152.9 821.5 139.1 818.9 large-vehicle 0
193.6 699.5 207.0 703.3 172.6 824.6 159.2 820.7 large-vehicle 0
409.7 710.4 427.6 708.4 442.3 837.6 424.4 839.6 large-vehicle 0
446.7 711.6 456.6 710.4 472.3 839.4 462.4 840.6 large-vehicle 0
486.2 716.4 500.1 718.5 481.7 843.1 467.9 841.1 large-vehicle 0
609.4 713.8 622.9 717.6 583.6 858.2 570.1 854.4 large-vehicle 0
654.3 726.2 664.3 727.5 647.5 856.4 637.6 855.1 large-vehicle 0
658.6 727.5 672.5 725.3 693.3 853.6 679.5 855.8 large-vehicle 0
731.5 317.4 772.3 327.4 757.5 387.6 716.7 377.6 large-vehicle 0
885.0 327.4 922.5 333.3 914.3 386.6 876.7 380.8 large-vehicle 0
672.1 596.8 750.6 561.7 818.5 713.1 740.0 748.3 large-vehicle 0
618.1 723.5 628.1 722.9 636.9 856.6 626.9 857.2 large-vehicle 0
516.9 719.7 530.7 721.9 511.1 846.3 497.3 844.1 large-vehicle 0
535.2 717.8 549.2 718.2 545.8 848.2 531.8 847.8 large-vehicle 0
636.2 711.2 788.8 765.5 778.8 793.8 626.2 739.5 large-vehicle 0
496.3 294.0 550.5 314.7 509.8 421.2 455.6 400.4 large-vehicle 0
592.1 297.4 652.6 311.0 626.8 426.1 566.3 412.6 large-vehicle 0
780.2 880.2 810.1 882.0 805.8 951.8 775.9 950.0 small-vehicle 0
195.9 445.5 207.5 392.8 318.8 417.2 307.3 469.9 large-vehicle 0
