719.6 417.4 780.8 427.2 768.5 504.2 707.3 494.4 small-vehicle 0
541.8 741.4 548.8 734.3 587.4 771.9 580.4 779.1 small-vehicle 0
570.0 714.4 576.9 707.1 613.0 741.6 606.1 748.9 small-vehicle 0
583.3 695.2 589.7 687.5 628.1 719.6 621.7 727.3 small-vehicle 0
591.9 675.0 598.5 667.4 639.1 703.0 632.5 710.6 small-vehicle 0
615.3 649.2 630.6 633.3 666.6 668.0 651.3 683.8 small-vehicle 0
666.9 736.9 673.7 729.5 716.5 768.6 709.8 776.0 small-vehicle 0
687.5 707.8 704.9 688.4 748.0 727.3 730.6 746.6 small-vehicle 0
782.4 585.3 787.5 593.9 720.5 633.8 715.3 625.2 small-vehicle 0
795.7 599.9 801.4 608.1 737.7 653.1 731.9 644.9 small-vehicle 0
652.4 600.7 657.8 592.3 699.9 619.2 694.5 627.6 small-vehicle 0
645.7 617.5 652.1 609.8 687.6 639.1 681.2 646.8 small-vehicle 0
958.9 793.6 990.5 837.3 642.1 1089.4 610.5 1045.7 tennis-court 0
697.2 540.7 1040.8 901.1 723.8 1203.3 380.2 842.9 tennis-court 0
287.6 399.5 288.9 397.9 529.4 593.5 528.1 595.1 soccer-ball-field 0
557.5 732.6 563.9 724.9 602.4 756.8 596.0 764.5 small-vehicle 0
530.7 760.1 537.2 752.5 575.3 784.9 568.8 792.5 small-vehicle 0
761.3 575.5 766.6 584.0 720.7 612.5 715.4 604.0 small-vehicle 0
518.3 777.9 524.9 770.4 562.3 803.5 555.7 811.0 small-vehicle 0
606.6 666.6 612.7 658.6 649.4 686.4 643.3 694.4 small-vehicle 0
660.5 575.6 668.0 569.0 698.5 603.4 691.0 610.0 small-vehicle 0
681.9 727.1 687.6 718.9 721.9 743.2 716.1 751.4 small-vehicle 0
650.4 750.4 656.9 742.8 703.6 783.6 697.1 791.2 small-vehicle 0
640.0 769.6 646.6 762.1 687.2 797.7 680.6 805.2 small-vehicle 0
629.8 786.5 636.1 778.7 678.2 812.5 671.9 820.3 small-vehicle 0
617.9 801.6 624.5 794.0 662.2 826.9 655.6 834.4 small-vehicle 0
596.5 812.3 602.9 804.6 647.5 841.7 641.1 849.4 small-vehicle 0
585.7 830.9 592.3 823.3 635.9 861.6 629.3 869.1 small-vehicle 0
577.3 851.4 583.3 843.4 626.7 875.6 620.7 883.6 small-vehicle 0
569.8 867.4 576.3 859.9 614.2 892.5 607.6 900.1 small-vehicle 0
477.6 829.2 483.6 821.2 520.4 848.8 514.4 856.8 small-vehicle 0
58.3 120.9 83.2 64.2 129.0 84.3 104.0 141.0 small-vehicle 0
552.7 883.4 559.1 875.7 600.6 910.3 594.2 917.9 small-vehicle 0
466.4 849.1 472.3 841.0 509.6 867.9 503.7 876.0 small-vehicle 0
490.5 804.5 497.7 797.6 535.3 836.3 528.1 843.3 small-vehicle 0
