111.1 78.1 115.8 74.5 143.9 110.9 139.2 114.5 ship 0
99.1 82.6 104.2 79.5 129.9 122.4 124.8 125.5 ship 0
392.1 910.3 400.6 905.1 420.5 937.4 412.0 942.7 ship 0
360.8 852.9 375.9 843.1 403.2 885.1 388.1 894.9 ship 0
381.6 829.4 414.9 811.2 448.5 872.5 415.2 890.8 ship 0
323.3 867.3 337.9 856.7 369.6 900.4 355.1 911.0 ship 0
368.2 911.6 376.2 905.7 410.5 952.5 402.5 958.4 ship 0
239.0 904.6 245.8 892.4 300.0 922.4 293.2 934.6 ship 0
285.0 900.1 287.3 890.4 324.2 899.4 321.9 909.1 ship 0
340.7 930.6 348.9 925.0 370.3 956.4 362.1 962.0 ship 0
321.2 938.0 330.1 933.4 349.4 970.7 340.5 975.3 ship 0
286.0 945.3 295.2 941.4 318.0 994.7 308.8 998.6 ship 0
271.3 959.4 280.0 954.5 298.5 987.7 289.8 992.6 ship 0
252.9 967.6 261.3 962.2 284.1 997.4 275.7 1002.8 ship 0
234.8 976.8 242.9 970.9 265.3 1001.5 257.3 1007.5 ship 0
219.8 896.1 232.5 890.2 263.9 957.2 251.2 963.2 ship 0
118.6 965.3 258.9 862.4 297.9 915.6 157.6 1018.6 ship 0
149.1 937.0 163.7 926.4 202.3 980.0 187.7 990.5 ship 0
194.6 995.8 215.3 980.0 238.4 1010.2 217.7 1026.0 ship 0
182.1 1002.4 189.2 995.4 215.9 1022.4 208.8 1029.4 ship 0
101.8 960.0 116.9 950.2 146.2 995.6 131.1 1005.4 ship 0
31.3 989.7 38.4 982.6 79.7 1023.3 72.6 1030.4 ship 0
62.9 981.5 88.2 965.4 115.1 1007.5 89.8 1023.6 ship 0
20.4 1003.3 28.0 996.8 52.6 1025.7 45.0 1032.2 ship 0
409.2 905.1 417.3 899.2 439.8 929.9 431.7 935.8 ship 0
425.8 893.1 434.2 887.7 457.1 922.9 448.7 928.4 ship 0
439.6 882.1 447.9 876.7 479.8 925.1 471.4 930.6 ship 0
593.8 57.6 622.5 39.3 660.2 98.4 631.5 116.7 ship 0
23.4 571.9 30.7 551.1 81.6 569.1 74.3 589.9 ship 0
392.0 167.1 617.5 68.8 655.0 154.9 429.5 253.2 harbor 0
466.5 381.0 663.3 214.2 739.6 304.2 542.8 471.0 harbor 0
698.0 435.8 733.9 457.5 666.7 568.8 630.8 547.1 harbor 0
633.2 694.1 818.2 538.1 878.8 609.9 693.8 765.9 harbor 0
716.0 815.6 847.0 683.6 893.9 730.1 762.9 862.1 harbor 0
768.2 943.2 789.0 835.2 952.0 866.6 931.2 974.6 harbor 0
116.5 1005.0 257.9 849.7 342.2 926.4 200.8 1081.7 harbor 0
139.4 783.0 147.7 777.4 173.3 815.6 165.0 821.2 harbor 0
151.9 491.8 160.7 487.1 193.9 548.6 185.1 553.4 ship 0
-7.7 644.8 1.4 640.8 19.9 682.9 10.8 686.9 ship 0
8.0 634.7 16.6 629.5 50.8 685.9 42.3 691.1 ship 0
74.3 610.7 85.9 602.8 111.6 641.0 100.0 648.8 ship 0
104.5 601.1 115.5 592.4 141.4 625.5 130.3 634.1 ship 0
140.3 581.8 152.8 575.4 171.9 612.8 159.4 619.2 ship 0
87.9 515.8 96.7 511.1 131.4 576.5 122.6 581.2 ship 0
104.3 511.3 112.1 504.9 156.4 559.1 148.7 565.4 ship 0
129.2 506.0 136.8 499.5 182.5 552.5 174.9 559.1 ship 0
168.7 484.5 179.8 475.9 222.3 531.5 211.2 540.1 ship 0
161.5 575.3 169.3 569.0 195.8 601.6 188.0 607.9 ship 0
186.4 563.7 195.5 559.5 212.9 597.7 203.8 601.9 ship 0
204.6 558.4 212.3 552.0 241.4 587.6 233.7 594.0 ship 0
222.5 537.2 231.2 532.3 263.5 589.8 254.8 594.7 ship 0
246.9 538.1 254.7 531.9 280.6 565.0 272.8 571.2 ship 0
270.6 532.2 278.7 526.4 305.4 563.8 297.3 569.6 ship 0
204.7 465.7 233.8 448.1 272.0 511.5 242.9 529.0 ship 0
248.2 445.0 266.3 432.4 310.7 496.6 292.6 509.1 ship 0
790.8 719.6 796.4 717.3 817.2 767.2 811.6 769.5 ship 0
960.3 869.2 969.0 864.2 985.7 893.8 977.0 898.8 ship 0
975.5 862.0 983.8 856.5 1002.5 885.0 994.2 890.5 ship 0
922.7 826.6 931.0 821.0 956.6 859.3 948.3 864.8 ship 0
936.4 810.5 941.4 807.2 973.6 855.5 968.6 858.8 ship 0
951.2 802.1 956.3 799.0 988.5 852.0 983.3 855.1 ship 0
974.9 806.9 1003.8 789.0 1028.1 828.1 999.2 846.0 ship 0
893.5 743.3 920.4 722.5 936.3 743.1 909.3 763.9 ship 0
934.3 710.5 961.2 689.8 996.5 735.9 969.6 756.6 ship 0
878.8 695.1 883.2 691.0 914.6 724.7 910.2 728.8 ship 0
863.7 699.3 868.3 695.4 901.1 733.1 896.5 737.0 ship 0
837.8 708.3 849.0 700.0 876.4 737.0 865.1 745.3 ship 0
815.2 723.8 819.8 720.0 846.8 752.2 842.2 756.0 ship 0
806.7 727.1 812.0 724.2 832.3 760.9 827.0 763.8 ship 0
733.6 759.8 743.9 750.3 772.4 781.2 762.1 790.7 ship 0
887.9 901.7 915.8 882.3 935.3 910.2 907.4 929.6 ship 0
709.4 774.3 719.6 764.8 745.6 792.5 735.3 802.1 ship 0
737.6 808.0 768.6 786.0 781.4 804.0 750.4 826.0 ship 0
696.7 814.8 703.6 807.7 733.7 837.0 726.7 844.2 ship 0
689.7 831.1 698.2 825.9 713.9 851.4 705.4 856.7 ship 0
656.6 787.7 661.1 783.7 694.6 820.8 690.2 824.8 ship 0
651.3 793.4 656.7 790.7 674.2 824.4 668.9 827.1 ship 0
606.2 717.0 611.7 714.6 628.8 753.0 623.3 755.4 ship 0
620.7 717.5 626.3 715.3 641.3 754.5 635.7 756.7 ship 0
600.7 663.3 632.7 642.8 663.9 691.7 631.9 712.2 ship 0
634.1 716.8 664.2 701.1 679.9 731.2 649.8 746.9 ship 0
680.4 690.2 692.8 683.7 714.4 724.3 702.0 730.9 ship 0
710.3 673.2 715.9 670.9 731.7 709.8 726.1 712.1 ship 0
733.5 664.6 739.5 665.3 733.7 719.0 727.8 718.3 ship 0
892.3 835.4 909.3 829.5 924.4 872.9 907.4 878.8 ship 0
853.3 853.5 867.4 842.3 903.5 887.7 889.4 898.9 ship 0
748.7 664.9 753.7 661.6 772.3 690.1 767.3 693.4 ship 0
837.6 916.8 890.7 877.5 922.8 920.9 869.7 960.2 ship 0
686.1 921.3 693.9 915.1 727.2 957.6 719.4 963.8 ship 0
704.0 918.5 711.7 912.2 740.8 947.9 733.0 954.2 ship 0
722.8 972.5 736.4 960.7 761.2 989.5 747.6 1001.3 ship 0
739.9 899.3 749.4 896.3 766.1 947.6 756.6 950.7 ship 0
759.4 953.2 771.2 945.6 787.4 970.9 775.6 978.4 ship 0
747.4 895.1 755.3 889.0 790.6 934.9 782.7 941.0 ship 0
760.2 886.8 767.9 880.5 807.1 928.5 799.4 934.8 ship 0
787.2 946.5 798.2 937.8 819.2 964.5 808.3 973.2 ship 0
789.5 886.9 820.9 865.4 844.5 900.1 813.1 921.6 ship 0
813.6 936.1 870.2 902.2 887.6 931.3 831.0 965.2 ship 0
729.7 666.0 734.1 661.9 765.2 695.9 760.8 699.9 ship 0
758.9 657.7 763.5 653.9 785.1 680.2 780.4 684.0 ship 0
156.5 288.6 172.7 313.8 134.0 338.7 117.7 313.4 ship 0
403.5 131.3 412.0 126.1 448.2 186.0 439.7 191.2 ship 0
594.9 277.9 602.8 271.8 643.2 324.0 635.3 330.1 ship 0
618.4 276.5 626.4 270.4 661.6 316.5 653.6 322.6 ship 0
630.5 342.1 639.3 337.3 657.7 370.5 649.0 375.3 ship 0
648.3 336.4 656.2 330.2 679.5 360.3 671.6 366.4 ship 0
634.8 269.4 642.7 263.3 678.4 309.0 670.5 315.1 ship 0
644.4 262.2 665.0 246.5 702.6 295.8 682.0 311.5 ship 0
672.8 327.8 700.1 307.6 722.7 338.2 695.3 358.4 ship 0
710.0 301.8 717.6 295.2 758.0 342.2 750.4 348.8 ship 0
735.4 297.8 744.0 292.8 763.2 325.6 754.6 330.6 ship 0
683.5 238.1 691.6 232.3 729.7 286.2 721.6 292.0 ship 0
704.7 227.8 713.4 223.0 747.3 284.2 738.6 289.0 ship 0
354.5 149.3 366.4 141.9 409.5 211.7 397.6 219.1 ship 0
376.6 135.7 384.8 130.0 429.3 194.1 421.1 199.8 ship 0
413.4 128.6 434.5 113.3 478.0 173.2 456.9 188.5 ship 0
547.7 295.9 556.2 290.7 592.2 350.8 583.6 355.9 ship 0
507.4 100.9 529.2 86.8 558.6 132.1 536.8 146.2 ship 0
489.1 96.5 497.6 91.3 530.2 144.0 521.7 149.3 ship 0
465.2 106.2 473.5 100.6 512.5 158.7 504.2 164.3 ship 0
592.2 133.4 621.5 116.2 657.0 176.5 627.7 193.7 ship 0
556.2 146.0 564.2 140.0 608.8 199.0 600.8 205.0 ship 0
535.2 152.3 543.1 146.2 585.8 201.7 577.9 207.8 ship 0
495.0 184.8 516.6 170.3 540.0 205.2 518.4 219.7 ship 0
475.2 181.9 483.4 176.2 518.4 227.4 510.1 233.1 ship 0
455.9 198.9 464.1 193.2 490.1 231.1 481.9 236.8 ship 0
437.5 209.7 446.0 204.4 470.5 243.3 462.0 248.6 ship 0
413.7 216.3 426.5 210.6 443.4 249.1 430.6 254.7 ship 0
377.8 237.0 393.1 227.6 417.2 266.9 401.8 276.3 ship 0
169.4 319.8 195.9 305.6 217.6 346.2 191.1 360.4 ship 0
568.6 289.1 577.7 284.9 605.4 344.8 596.3 349.0 ship 0
606.3 339.0 614.5 333.3 650.0 384.2 641.8 389.9 ship 0
707.6 621.6 741.2 596.3 776.1 642.6 742.5 667.9 ship 0
748.1 417.9 756.1 411.9 785.9 452.1 777.9 458.1 ship 0
770.3 635.5 775.8 633.2 799.7 690.5 794.2 692.8 ship 0
790.5 671.2 819.3 620.8 831.5 627.8 802.7 678.2 ship 0
785.2 578.4 799.9 568.0 835.8 618.6 821.1 629.0 ship 0
815.2 635.6 820.4 632.7 838.6 666.0 833.4 668.9 ship 0
828.3 618.0 832.5 613.8 870.7 652.0 866.5 656.2 ship 0
852.2 618.0 857.4 615.2 873.8 645.0 868.6 647.8 ship 0
864.1 613.4 868.7 609.5 890.4 635.7 885.8 639.5 ship 0
880.7 594.9 886.5 593.5 898.3 642.1 892.5 643.5 ship 0
894.6 601.2 900.2 599.2 911.8 631.2 906.1 633.2 ship 0
809.1 573.9 841.9 547.6 878.2 592.9 845.4 619.2 ship 0
856.8 552.0 903.1 524.1 933.1 573.7 886.9 601.7 ship 0
769.9 419.2 804.3 395.1 828.4 429.5 794.0 453.6 ship 0
765.7 474.3 785.9 458.0 812.3 490.7 792.0 507.0 ship 0
729.1 410.4 738.2 406.2 765.5 466.3 756.4 470.5 ship 0
594.4 358.2 602.1 351.8 626.3 381.2 618.6 387.5 ship 0
637.2 526.5 695.2 487.3 727.7 535.3 669.7 574.5 ship 0
629.8 529.3 644.8 519.4 670.2 557.7 655.2 567.6 ship 0
577.3 489.8 612.9 467.5 641.7 513.2 606.1 535.5 ship 0
467.2 340.4 497.5 317.4 537.4 370.0 507.2 392.9 ship 0
435.9 353.3 463.2 333.0 500.1 382.7 472.8 403.0 ship 0
474.0 407.8 482.2 402.1 504.0 433.2 495.8 438.9 ship 0
493.2 403.2 501.7 397.9 519.8 426.8 511.3 432.1 ship 0
511.0 399.1 519.1 393.1 541.7 423.6 533.7 429.6 ship 0
524.8 387.1 532.5 380.7 556.8 409.9 549.1 416.3 ship 0
515.7 317.4 524.2 312.1 557.3 364.6 548.8 369.9 ship 0
527.9 305.2 536.2 299.6 575.5 357.5 567.2 363.1 ship 0
560.5 373.0 568.9 367.7 589.1 399.9 580.6 405.2 ship 0
578.4 366.5 586.5 360.7 608.6 391.5 600.5 397.3 ship 0
