560.5 224.9 570.0 235.1 501.4 299.3 491.8 289.1 large-vehicle 0
339.1 389.7 385.1 391.2 382.7 461.2 336.7 459.6 large-vehicle 0
436.2 440.7 461.2 417.6 514.2 474.8 489.2 497.9 large-vehicle 0
408.2 450.7 420.9 437.9 484.8 501.3 472.1 514.1 large-vehicle 0
384.5 490.1 407.8 465.3 473.5 526.9 450.2 551.7 large-vehicle 0
410.4 578.7 424.8 589.5 385.1 642.2 370.8 631.4 large-vehicle 0
686.7 547.9 702.1 527.0 771.3 578.1 755.9 599.0 large-vehicle 0
715.1 498.7 726.8 485.1 791.9 541.3 780.2 554.9 large-vehicle 0
702.2 516.6 708.7 509.0 770.8 562.4 764.3 570.0 large-vehicle 0
669.2 560.7 686.4 541.2 756.8 603.3 739.6 622.8 large-vehicle 0
659.3 582.7 674.5 566.8 736.7 626.3 721.5 642.2 large-vehicle 0
615.2 635.9 621.6 628.2 696.8 691.1 690.4 698.8 large-vehicle 0
629.8 615.5 636.5 608.0 706.2 671.2 699.5 678.6 large-vehicle 0
605.1 659.6 614.5 649.2 684.0 712.5 674.6 722.9 large-vehicle 0
584.6 679.6 593.3 668.6 670.4 729.0 661.7 740.1 large-vehicle 0
554.1 759.0 570.3 738.6 618.9 777.0 602.7 797.4 large-vehicle 0
469.6 881.1 487.6 862.3 538.2 910.7 520.2 929.5 large-vehicle 0
591.1 717.6 606.6 702.0 650.5 745.7 635.0 761.3 large-vehicle 0
635.5 596.3 644.1 585.3 718.5 642.7 709.9 653.7 large-vehicle 0
444.6 261.2 460.9 275.9 411.4 330.9 395.0 316.1 large-vehicle 0
573.5 246.2 588.3 267.6 527.5 309.8 512.7 288.4 large-vehicle 0
538.0 207.7 548.0 217.5 484.7 281.6 474.8 271.7 large-vehicle 0
619.6 278.2 627.9 289.5 555.4 342.8 547.1 331.5 large-vehicle 0
633.8 288.4 643.8 298.3 577.9 365.3 567.9 355.5 large-vehicle 0
383.0 430.7 391.7 441.6 362.0 465.3 353.3 454.4 small-vehicle 0
452.0 540.3 464.1 553.7 415.0 597.8 403.0 584.4 small-vehicle 0
442.8 527.6 449.0 535.4 397.2 576.4 391.0 568.6 small-vehicle 0
219.3 406.3 220.7 407.7 219.4 409.2 217.9 407.8 small-vehicle 0
397.0 154.6 398.4 156.0 397.0 157.4 395.6 156.0 large-vehicle 0
52.1 63.4 68.9 77.6 47.0 103.5 30.2 89.4 small-vehicle 0
251.6 156.3 252.7 154.7 254.4 155.8 253.2 157.4 small-vehicle 0
253.6 137.5 271.8 125.1 286.4 146.5 268.2 158.9 small-vehicle 0
271.2 121.5 287.0 106.2 302.3 122.0 286.5 137.3 small-vehicle 0
295.8 102.6 297.3 101.3 298.6 102.7 297.1 104.1 small-vehicle 0
464.8 15.8 477.3 28.7 458.7 46.8 446.2 33.9 small-vehicle 0
481.2 32.3 488.8 38.7 466.8 64.7 459.2 58.3 small-vehicle 0
499.1 40.7 507.0 46.9 483.4 76.8 475.6 70.6 small-vehicle 0
527.2 81.1 528.4 82.7 526.8 83.9 525.6 82.3 small-vehicle 0
510.2 51.4 525.4 67.4 497.8 93.6 482.6 77.6 small-vehicle 0
396.3 253.5 423.7 265.6 400.4 318.7 372.9 306.6 large-vehicle 0
754.8 414.1 769.1 435.9 717.2 469.9 702.9 448.1 large-vehicle 0
742.2 390.4 751.9 400.5 695.8 454.6 686.1 444.5 large-vehicle 0
702.0 376.5 710.5 387.6 673.9 415.5 665.4 404.4 large-vehicle 0
689.0 334.4 701.9 346.9 634.0 417.6 621.1 405.1 large-vehicle 0
646.0 316.0 655.9 325.9 606.0 375.0 596.1 365.1 large-vehicle 0
520.6 187.0 530.6 196.7 465.2 264.2 455.1 254.4 large-vehicle 0
