761.7 955.5 762.5 957.3 760.6 958.1 759.8 956.3 large-vehicle 0
560.6 86.7 570.7 96.4 503.3 167.4 493.1 157.8 large-vehicle 0
358.0 251.0 401.5 289.3 365.8 329.9 322.3 291.5 large-vehicle 0
442.9 297.2 456.7 285.6 509.5 348.3 495.7 359.9 large-vehicle 0
407.9 317.8 419.9 304.4 487.1 364.2 475.1 377.6 large-vehicle 0
388.5 354.0 399.2 339.5 471.5 393.0 460.8 407.5 large-vehicle 0
417.2 445.3 424.9 451.7 380.3 505.6 372.6 499.2 large-vehicle 0
695.8 408.6 701.8 400.6 764.2 447.4 758.2 455.4 large-vehicle 0
715.8 367.6 729.7 350.5 793.2 402.4 779.3 419.5 large-vehicle 0
697.1 389.9 712.9 369.2 777.9 419.1 762.1 439.8 large-vehicle 0
669.6 430.4 688.4 407.0 758.4 463.6 739.6 487.0 large-vehicle 0
659.4 447.1 668.0 436.1 738.6 491.9 730.0 502.9 large-vehicle 0
615.8 501.5 622.1 493.8 698.2 555.5 691.9 563.2 large-vehicle 0
631.4 483.0 637.9 475.4 706.6 533.6 700.1 541.2 large-vehicle 0
597.1 520.2 606.0 509.4 694.0 581.9 685.1 592.7 large-vehicle 0
587.0 542.3 596.2 531.8 670.0 596.3 660.8 606.8 large-vehicle 0
556.8 624.7 573.3 604.6 618.2 641.3 601.7 661.4 large-vehicle 0
475.3 751.7 488.9 734.4 534.5 770.2 520.9 787.5 large-vehicle 0
383.0 858.2 391.9 847.5 464.0 907.8 455.1 918.5 large-vehicle 0
369.7 877.2 376.1 869.5 448.3 929.8 441.9 937.5 large-vehicle 0
357.5 899.6 363.7 891.7 434.6 947.2 428.4 955.0 large-vehicle 0
592.7 583.9 601.0 572.6 650.9 609.4 642.6 620.7 large-vehicle 0
642.0 460.5 648.5 452.9 714.0 508.5 707.5 516.1 large-vehicle 0
461.0 120.7 470.7 130.8 397.0 201.3 387.3 191.2 large-vehicle 0
576.6 105.0 586.9 114.4 526.4 181.0 516.1 171.6 large-vehicle 0
539.7 70.8 549.9 80.4 485.0 148.5 474.9 138.8 large-vehicle 0
615.1 132.9 630.8 148.4 561.9 218.1 546.2 202.6 large-vehicle 0
731.2 993.3 749.3 980.8 761.8 998.9 743.7 1011.4 small-vehicle 0
633.3 152.4 643.6 161.8 580.4 231.3 570.0 221.9 large-vehicle 0
818.1 989.8 829.5 1008.6 803.9 1024.2 792.5 1005.4 small-vehicle 0
781.5 950.6 797.5 965.7 774.2 990.4 758.2 975.3 small-vehicle 0
385.4 280.9 400.1 291.4 361.6 345.1 346.9 334.6 small-vehicle 0
456.6 401.5 464.1 408.1 412.5 466.6 405.0 460.0 small-vehicle 0
440.7 387.6 448.1 394.3 401.3 446.4 393.9 439.7 small-vehicle 0
219.9 271.4 221.7 272.3 220.8 274.1 219.0 273.2 small-vehicle 0
397.9 19.6 399.4 20.9 398.1 22.4 396.6 21.1 large-vehicle 0
252.6 21.1 253.9 19.6 255.4 21.0 254.1 22.5 small-vehicle 0
260.3 11.0 264.5 -2.4 281.7 3.0 277.5 16.4 small-vehicle 0
419.9 111.8 436.3 126.5 378.7 190.4 362.4 175.7 large-vehicle 0
759.9 269.5 773.0 281.8 714.1 344.5 701.0 332.2 large-vehicle 0
730.1 262.1 745.5 277.8 709.9 312.9 694.5 297.2 large-vehicle 0
688.2 259.8 690.1 260.2 689.7 262.2 687.8 261.8 large-vehicle 0
683.6 190.1 707.1 208.7 641.4 291.9 617.9 273.3 large-vehicle 0
648.3 177.1 658.6 186.6 605.7 243.9 595.4 234.4 large-vehicle 0
498.9 57.3 521.1 70.9 488.8 123.8 466.6 110.3 large-vehicle 0
