22.2 48.7 92.9 110.6 46.8 163.3 -23.9 101.4 ship 0
767.8 717.6 768.8 715.9 770.5 716.9 769.5 718.6 harbor 0
819.1 662.5 820.5 661.1 821.9 662.5 820.5 663.9 harbor 0
871.6 617.3 872.7 615.6 874.4 616.7 873.3 618.4 harbor 0
826.8 552.2 827.3 550.3 829.2 550.8 828.7 552.7 harbor 0
819.9 422.0 821.5 420.9 822.6 422.5 821.0 423.7 harbor 0
816.5 285.8 829.3 303.7 759.2 353.5 746.4 335.6 harbor 0
844.6 144.2 865.5 165.7 643.4 382.0 622.5 360.5 harbor 0
735.0 86.0 762.8 111.9 636.0 248.0 608.2 222.1 harbor 0
573.4 147.9 574.9 146.6 576.2 148.1 574.7 149.4 harbor 0
550.0 -4.3 566.8 9.9 483.0 109.3 466.2 95.1 harbor 0
824.8 856.7 825.1 854.7 827.1 854.9 826.8 856.9 swimming-pool 0
716.4 854.1 717.1 852.2 718.9 852.9 718.2 854.8 harbor 0
718.1 952.0 746.6 982.7 712.9 1014.0 684.4 983.3 harbor 0
728.9 462.5 735.6 474.8 674.0 508.1 667.4 495.8 ship 0
267.8 92.9 306.8 61.6 325.6 85.1 286.5 116.3 ship 0
308.1 124.6 326.8 91.6 352.9 106.4 334.2 139.4 ship 0
485.8 231.1 518.3 211.4 573.2 302.0 540.7 321.7 ship 0
644.5 207.2 659.7 223.1 591.5 287.8 576.3 271.9 ship 0
707.5 369.5 719.9 382.6 689.5 411.5 677.1 398.4 ship 0
712.6 416.5 724.9 452.5 681.4 467.5 669.1 431.5 ship 0
747.5 482.3 754.3 494.5 686.3 532.7 679.5 520.5 ship 0
708.7 667.3 758.1 697.7 719.3 760.7 669.9 730.3 ship 0
