55.5 182.2 70.7 191.9 39.5 240.8 24.3 231.1 small-vehicle 0
391.0 391.0 394.2 385.9 457.0 425.0 453.8 430.1 ship 0
386.9 260.9 425.1 212.1 499.1 270.1 460.9 318.9 harbor 0
423.1 240.8 484.4 386.4 408.9 418.2 347.6 272.6 harbor 0
241.1 396.4 322.3 270.2 535.9 407.6 454.7 533.8 harbor 0
233.7 488.6 394.9 366.7 473.3 470.4 312.1 592.3 harbor 0
245.3 549.2 301.9 484.5 393.7 564.8 337.1 629.5 harbor 0
282.5 643.5 283.4 641.7 285.2 642.6 284.3 644.4 harbor 0
158.1 717.6 257.1 627.3 355.5 735.1 256.6 825.4 harbor 0
221.6 777.7 262.0 807.1 183.0 915.4 142.6 885.9 harbor 0
125.7 982.3 139.1 921.7 191.9 933.4 178.5 993.9 harbor 0
454.9 111.6 473.9 74.1 597.1 136.4 578.1 173.9 ship 0
428.3 198.8 489.8 93.5 584.8 148.9 523.4 254.3 ship 0
478.7 206.9 488.4 191.7 540.6 225.2 530.8 240.3 ship 0
396.6 364.6 409.5 346.7 482.4 399.4 469.5 417.3 ship 0
385.3 414.0 389.7 405.0 467.2 442.3 462.8 451.3 ship 0
72.7 275.8 97.3 293.0 66.3 337.2 41.7 320.0 small-vehicle 0
373.4 447.1 386.5 424.7 436.6 453.9 423.5 476.3 ship 0
345.3 490.7 359.1 455.3 446.7 489.3 432.9 524.7 ship 0
350.6 521.9 361.9 503.0 415.1 534.8 403.8 553.7 ship 0
331.0 576.3 344.1 558.6 377.9 583.6 364.8 601.3 ship 0
551.3 777.8 578.0 798.9 537.0 850.6 510.3 829.5 ship 0
203.5 722.6 266.5 642.3 353.0 710.2 290.0 790.5 ship 0
225.2 709.2 230.9 700.9 337.8 774.8 332.1 783.1 ship 0
179.7 789.2 236.1 709.0 290.1 747.0 233.7 827.1 ship 0
235.2 812.9 251.0 787.5 296.8 816.1 281.0 841.5 ship 0
211.5 835.5 223.8 812.6 299.5 853.4 287.2 876.3 ship 0
175.4 960.5 190.8 939.6 240.6 976.5 225.2 997.4 ship 0
83.4 98.4 104.8 113.2 76.3 154.3 55.0 139.5 small-vehicle 0
119.4 7.6 139.0 17.6 123.4 47.9 103.9 37.8 small-vehicle 0
401.2 150.3 449.3 88.9 561.1 176.5 513.0 237.9 harbor 0
