899.7 403.8 925.8 376.2 1014.3 460.2 988.2 487.8 harbor 0
851.3 415.3 891.1 401.8 936.7 536.3 896.9 549.8 harbor 0
796.0 501.3 824.8 470.7 881.6 524.1 852.9 554.7 harbor 0
636.6 584.8 759.1 505.3 814.6 590.8 692.1 670.3 harbor 0
585.5 661.9 680.7 556.5 744.5 614.1 649.3 719.5 harbor 0
545.4 634.6 577.1 607.0 673.0 717.1 641.4 744.7 harbor 0
510.9 700.6 536.8 672.8 623.1 753.4 597.2 781.2 harbor 0
451.6 740.9 471.6 718.6 553.4 792.1 533.4 814.4 harbor 0
412.5 747.8 503.7 828.8 470.5 866.2 379.3 785.2 harbor 0
-10.2 910.8 -1.1 900.1 30.9 927.2 21.9 937.9 ship 0
87.5 884.6 100.9 911.4 52.5 935.4 39.1 908.6 ship 0
55.1 854.9 66.4 846.6 98.5 890.0 87.2 898.3 ship 0
200.6 725.6 218.2 706.5 258.0 743.0 240.4 762.1 ship 0
307.2 708.6 321.6 725.3 277.6 763.2 263.3 746.5 ship 0
326.8 697.3 328.7 697.8 328.2 699.7 326.3 699.2 ship 0
525.2 590.3 526.6 591.7 525.2 593.1 523.8 591.7 ship 0
712.6 447.2 724.4 460.9 686.5 493.5 674.7 479.9 ship 0
709.6 419.0 729.3 402.1 751.4 428.0 731.7 444.9 ship 0
747.9 392.3 762.1 381.2 778.1 401.7 763.9 412.8 ship 0
867.6 323.5 881.5 335.0 857.2 364.3 843.4 352.8 ship 0
103.8 751.4 174.2 819.5 139.4 855.4 69.0 787.3 harbor 0
235.3 651.6 339.9 714.5 305.8 771.1 201.3 708.2 harbor 0
265.3 926.2 267.0 925.1 268.1 926.8 266.4 927.9 harbor 0
283.1 644.3 315.5 617.6 387.9 705.7 355.5 732.4 harbor 0
385.9 632.2 387.7 631.3 388.6 633.0 386.8 634.0 harbor 0
403.0 553.6 426.8 535.3 476.9 600.2 453.1 618.5 harbor 0
460.0 527.7 491.7 506.7 546.0 588.3 514.3 609.3 harbor 0
539.1 509.4 554.9 483.9 604.2 514.4 588.4 539.9 harbor 0
609.5 441.4 651.6 468.3 626.9 507.1 584.7 480.2 harbor 0
631.5 417.7 667.7 389.2 720.8 456.9 684.6 485.3 harbor 0
729.7 370.6 762.2 403.1 743.9 421.5 711.3 389.0 harbor 0
855.1 267.9 893.9 311.1 829.9 368.6 791.2 325.4 harbor 0
713.7 955.1 757.7 986.4 740.3 1010.9 696.3 979.6 small-vehicle 0
765.5 927.9 788.2 972.5 761.5 986.1 738.8 941.5 small-vehicle 0
809.0 910.3 823.3 927.0 797.4 949.1 783.1 932.4 small-vehicle 0
292.0 130.4 292.1 128.4 294.1 128.5 294.0 130.5 small-vehicle 0
819.7 863.3 837.4 887.5 784.1 926.4 766.4 902.2 large-vehicle 0
950.6 825.9 952.2 827.0 951.0 828.7 949.4 827.5 small-vehicle 0
1019.9 764.3 1030.7 787.9 1007.1 798.7 996.3 775.1 small-vehicle 0
54.5 572.0 76.4 557.9 103.5 600.0 81.6 614.1 small-vehicle 0
204.7 388.3 224.6 410.8 184.3 446.7 164.4 424.2 small-vehicle 0
723.1 159.3 727.7 146.0 767.4 159.8 762.8 173.0 small-vehicle 0
316.2 834.8 328.5 848.0 294.8 879.3 282.5 866.1 ship 0
456.0 771.7 456.8 773.5 455.0 774.3 454.2 772.5 ship 0
653.3 158.8 665.0 135.6 706.1 156.1 694.5 179.4 small-vehicle 0
545.1 680.1 546.4 681.6 544.9 682.9 543.6 681.4 ship 0
608.0 617.2 616.9 637.3 567.6 659.3 558.6 639.2 ship 0
666.7 580.7 683.1 566.0 732.3 621.3 715.9 635.9 ship 0
697.3 569.3 728.5 525.2 785.7 565.7 754.5 609.8 ship 0
885.4 424.2 894.4 439.7 854.6 462.8 845.6 447.3 ship 0
950.0 381.2 958.3 397.1 924.6 414.6 916.3 398.7 ship 0
219.9 125.8 240.9 104.4 265.1 128.2 244.1 149.6 small-vehicle 0
399.1 126.1 433.0 129.2 430.9 151.1 397.1 148.0 small-vehicle 0
-39.8 794.0 -8.2 766.3 87.8 876.3 56.2 903.9 harbor 0
