108.8 467.6 132.8 423.7 187.2 453.4 163.2 497.3 ship 0
-20.9 236.2 -6.8 209.7 55.0 242.5 40.9 269.0 harbor 0
491.1 152.3 542.7 186.6 503.9 244.9 452.3 210.5 harbor 0
914.1 564.6 915.3 563.0 916.9 564.2 915.7 565.8 harbor 0
80.5 424.9 115.0 440.9 70.5 537.1 36.0 521.1 harbor 0
148.7 447.2 181.4 466.6 127.3 557.8 94.6 538.4 harbor 0
317.1 568.8 318.5 570.3 317.1 571.7 315.7 570.3 harbor 0
397.1 536.2 459.2 622.1 395.9 667.8 333.8 581.9 harbor 0
586.0 645.2 618.3 677.9 577.0 718.7 544.7 685.9 harbor 0
737.6 696.0 763.8 738.6 714.4 769.0 688.2 726.4 harbor 0
826.6 698.4 863.6 725.7 793.4 820.6 756.4 793.3 harbor 0
895.9 718.9 933.1 745.9 868.6 834.9 831.3 807.9 harbor 0
1015.7 771.4 1030.8 787.3 982.9 832.7 967.7 816.7 harbor 0
934.0 716.3 1017.5 799.7 953.8 863.4 870.4 779.9 harbor 0
315.1 547.4 346.7 508.7 369.9 527.6 338.3 566.3 ship 0
383.2 568.1 390.4 547.3 422.5 558.4 415.4 579.2 ship 0
343.5 529.7 412.6 604.7 393.5 622.3 324.4 547.3 ship 0
700.1 1003.4 704.8 986.0 749.2 998.0 744.5 1015.4 small-vehicle 0
104.3 793.2 113.4 777.6 149.7 798.8 140.6 814.4 small-vehicle 0
15.7 762.4 20.4 753.6 29.2 758.3 24.5 767.1 small-vehicle 0
441.1 909.9 450.5 894.5 479.5 912.1 470.2 927.5 small-vehicle 0
601.6 871.5 613.7 878.5 590.5 918.3 578.4 911.2 small-vehicle 0
656.1 982.0 659.3 972.6 683.9 981.0 680.7 990.4 small-vehicle 0
581.5 867.2 589.2 873.6 567.5 899.8 559.8 893.4 small-vehicle 0
484.5 922.6 488.6 913.5 516.0 925.7 511.9 934.9 small-vehicle 0
247.3 820.6 255.0 832.2 236.7 844.4 229.0 832.8 small-vehicle 0
287.2 848.8 287.7 850.7 285.8 851.2 285.3 849.3 small-vehicle 0
708.7 694.5 722.0 667.6 766.8 689.9 753.4 716.8 ship 0
529.5 260.3 531.1 259.0 532.3 260.5 530.8 261.8 ship 0
781.8 763.9 811.6 666.3 863.2 682.1 833.4 779.7 ship 0
851.6 774.5 896.7 683.0 934.4 701.5 889.3 793.0 ship 0
918.2 767.7 955.0 712.9 989.8 736.3 953.0 791.1 ship 0
542.7 112.7 557.2 102.0 575.1 126.0 560.6 136.8 ship 0
496.9 53.6 514.0 73.1 446.4 132.5 429.2 112.9 ship 0
485.0 120.5 486.0 122.2 484.3 123.3 483.3 121.6 ship 0
510.9 146.0 531.5 124.2 562.1 153.0 541.5 174.8 ship 0
489.7 146.7 501.1 160.7 462.3 192.3 450.9 178.3 ship 0
496.6 166.6 512.8 151.7 554.9 197.2 538.7 212.1 ship 0
484.8 184.5 505.7 216.3 417.2 274.5 396.3 242.7 ship 0
480.7 252.2 492.5 244.6 539.3 316.8 527.5 324.4 ship 0
433.7 238.5 493.8 281.6 462.3 325.5 402.2 282.4 ship 0
439.5 298.5 462.4 333.8 430.5 354.5 407.6 319.2 ship 0
498.1 321.4 499.6 320.1 500.9 321.6 499.4 322.9 ship 0
459.4 356.0 470.3 347.3 516.6 405.0 505.7 413.7 ship 0
490.2 351.8 516.5 337.4 538.5 377.8 512.2 392.2 ship 0
462.2 334.2 471.7 344.5 405.8 405.8 396.3 395.5 ship 0
