250.5 306.0 327.2 292.0 345.6 392.3 268.9 406.4 harbor 0
484.1 241.1 516.8 232.2 578.6 457.8 545.9 466.8 harbor 0
683.9 412.1 795.6 206.5 973.1 302.9 861.4 508.5 harbor 0
800.8 530.7 802.1 556.7 748.1 559.3 746.9 533.3 ship 0
736.0 476.5 737.1 458.6 815.0 463.2 813.9 481.2 ship 0
747.3 416.5 757.2 406.7 803.7 453.5 793.8 463.3 ship 0
738.0 391.0 755.5 361.9 819.0 400.0 801.5 429.1 ship 0
740.7 375.9 743.5 342.1 817.3 348.1 814.5 381.9 ship 0
820.3 310.9 820.3 328.9 746.3 329.1 746.3 311.1 ship 0
745.2 291.1 758.9 255.6 816.8 277.9 803.1 313.4 ship 0
747.4 243.1 752.1 225.7 823.6 244.9 818.9 262.3 ship 0
749.2 218.7 757.8 185.8 817.8 201.5 809.2 234.4 ship 0
742.2 147.6 742.8 121.6 824.8 123.4 824.2 149.4 ship 0
20.4 315.4 39.4 304.3 56.6 333.6 37.6 344.7 small-vehicle 0
43.6 273.1 64.6 266.5 75.9 302.7 55.0 309.3 small-vehicle 0
371.6 989.2 373.0 990.7 371.5 992.1 370.2 990.6 small-vehicle 0
437.5 970.3 446.3 959.4 466.5 975.7 457.7 986.6 small-vehicle 0
473.0 968.7 485.0 955.3 507.3 975.5 495.2 988.8 small-vehicle 0
590.0 952.2 601.3 966.2 571.7 990.0 560.4 976.0 small-vehicle 0
39.0 418.1 52.0 430.6 23.0 460.9 10.0 448.4 small-vehicle 0
21.9 266.4 26.7 262.9 61.1 309.6 56.3 313.1 small-vehicle 0
737.8 521.4 737.9 499.4 811.9 499.6 811.8 521.6 ship 0
730.9 628.7 733.5 602.8 807.1 610.3 804.5 636.2 ship 0
572.8 714.8 573.3 712.8 575.2 713.3 574.7 715.3 ship 0
495.1 629.6 505.1 657.9 435.3 682.4 425.3 654.1 ship 0
602.2 648.8 602.8 674.8 528.8 676.6 528.2 650.6 ship 0
603.8 586.9 615.8 622.9 534.2 650.1 522.2 614.1 ship 0
440.3 629.1 440.7 603.1 506.7 604.1 506.3 630.1 ship 0
447.7 591.4 448.2 577.4 510.1 579.7 509.6 593.6 ship 0
587.7 551.3 606.0 580.0 543.5 619.7 525.3 591.0 ship 0
542.1 553.8 549.9 533.2 592.9 549.6 585.1 570.1 ship 0
444.3 560.8 446.7 534.9 512.4 541.2 510.0 567.1 ship 0
448.4 514.4 461.1 496.4 508.6 529.6 495.9 547.6 ship 0
589.8 492.5 599.9 516.4 550.2 537.5 540.1 513.6 ship 0
613.7 455.0 619.9 488.4 535.3 504.1 529.1 470.6 ship 0
443.4 490.1 443.5 472.1 513.5 472.5 513.4 490.5 ship 0
442.1 442.7 453.6 419.4 519.9 452.0 508.5 475.4 ship 0
608.1 427.3 611.3 453.1 533.9 462.7 530.7 436.9 ship 0
540.9 411.8 549.8 391.7 602.8 415.3 593.9 435.4 ship 0
519.4 383.2 528.0 416.0 444.9 437.9 436.2 405.0 ship 0
446.5 391.9 447.6 366.0 517.5 369.1 516.4 395.0 ship 0
442.6 690.7 445.0 672.8 502.5 680.5 500.1 698.3 ship 0
470.1 723.7 470.8 725.6 468.9 726.3 468.2 724.4 ship 0
620.1 740.1 623.3 718.3 653.0 722.7 649.8 744.5 ship 0
340.3 668.3 343.9 694.0 266.7 704.7 263.1 679.0 ship 0
337.1 0.5 353.2 25.7 294.3 63.5 278.1 38.2 ship 0
280.0 103.9 288.8 75.3 348.1 93.5 339.2 122.2 ship 0
351.9 147.5 356.7 173.0 280.1 187.5 275.3 162.0 ship 0
354.5 187.9 354.5 209.9 280.5 210.1 280.5 188.1 ship 0
341.6 220.2 342.4 242.1 280.4 244.3 279.6 222.3 ship 0
289.8 328.6 302.9 306.2 332.2 323.4 319.1 345.8 ship 0
337.0 333.8 346.2 362.4 272.0 386.2 262.8 357.6 ship 0
339.2 375.0 342.0 392.8 276.8 403.0 274.0 385.2 ship 0
267.1 411.5 281.5 389.9 339.9 428.5 325.5 450.1 ship 0
280.4 481.1 284.8 463.7 325.6 473.9 321.2 491.3 ship 0
337.4 491.9 339.6 517.8 265.9 524.1 263.7 498.2 ship 0
331.3 506.2 345.0 537.2 273.7 568.8 260.0 537.8 ship 0
261.5 580.0 262.5 554.0 340.5 557.0 339.5 583.0 ship 0
264.9 606.2 271.6 577.0 332.1 590.8 325.4 620.0 ship 0
321.2 612.0 325.0 625.5 276.8 639.0 273.0 625.5 ship 0
265.2 660.2 273.3 635.5 332.2 654.9 324.1 679.6 ship 0
529.1 384.0 539.7 343.4 622.9 365.0 612.3 405.6 ship 0
453.7 348.6 454.4 334.6 512.3 337.4 511.6 351.4 ship 0
611.9 280.5 614.7 310.3 537.0 317.6 534.2 287.7 ship 0
543.7 269.5 551.1 244.5 618.2 264.6 610.8 289.5 ship 0
751.8 75.7 753.4 41.7 827.3 45.3 825.7 79.2 ship 0
937.0 72.6 952.4 107.3 855.6 150.4 840.1 115.7 ship 0
939.0 135.1 941.7 173.0 832.0 180.9 829.3 143.0 ship 0
917.4 167.9 932.0 203.0 852.6 236.1 838.0 201.0 ship 0
845.2 241.1 851.6 220.0 937.8 245.9 931.4 267.0 ship 0
836.2 263.6 846.0 248.5 934.8 306.4 925.0 321.5 ship 0
840.0 396.4 842.1 350.5 928.0 354.6 925.9 400.5 ship 0
886.0 399.0 893.5 405.6 863.0 440.0 855.5 433.4 ship 0
914.1 433.8 919.6 450.9 833.9 478.4 828.4 461.3 ship 0
820.6 493.1 829.8 464.6 923.0 494.9 913.8 523.4 ship 0
907.3 515.4 907.9 553.4 829.9 554.6 829.3 516.6 ship 0
902.7 540.3 919.7 574.3 839.3 614.7 822.3 580.7 ship 0
898.3 604.1 922.2 633.7 836.7 702.9 812.8 673.3 ship 0
903.6 663.9 918.5 698.8 835.8 734.1 820.9 699.2 ship 0
875.5 731.5 877.4 757.4 819.5 761.5 817.6 735.6 ship 0
731.0 732.5 731.0 734.5 729.0 734.5 729.0 732.5 ship 0
697.3 725.5 697.6 735.5 663.7 736.5 663.4 726.5 ship 0
928.1 49.1 930.1 87.0 856.2 90.9 854.2 53.0 ship 0
851.3 33.1 858.2 -0.2 926.7 13.9 919.9 47.2 ship 0
620.2 134.9 623.9 168.6 538.5 178.2 534.7 144.4 ship 0
450.3 286.3 451.9 260.4 521.7 264.7 520.1 290.6 ship 0
478.6 315.2 480.3 314.1 481.4 315.8 479.7 316.9 ship 0
517.0 225.4 523.4 254.7 455.0 269.6 448.6 240.3 ship 0
596.0 196.5 616.1 223.9 566.0 260.5 545.9 233.1 ship 0
453.6 214.5 455.3 196.6 517.0 202.4 515.3 220.4 ship 0
539.7 177.8 546.5 165.5 625.2 209.2 618.4 221.5 ship 0
448.9 187.0 456.6 149.8 525.1 164.0 517.4 201.2 ship 0
525.3 117.3 531.3 150.7 458.5 163.7 452.5 130.2 ship 0
524.0 96.9 524.0 118.9 462.0 119.1 462.0 97.1 ship 0
531.3 130.2 537.0 96.7 625.7 111.8 620.0 145.3 ship 0
616.9 50.0 627.0 69.6 547.1 111.0 537.0 91.4 ship 0
542.2 47.1 553.7 19.4 625.7 49.2 614.3 76.9 ship 0
521.2 51.1 525.1 64.5 450.1 85.9 446.2 72.5 ship 0
526.9 26.2 527.1 52.2 461.1 52.8 460.9 26.8 ship 0
578.0 12.3 591.9 -4.7 612.0 11.7 598.1 28.7 ship 0
