993.3 183.4 994.7 177.5 1027.7 185.6 1026.3 191.5 ship 0
833.9 330.1 843.6 332.4 831.1 384.9 821.4 382.6 ship 0
371.7 324.0 374.9 349.9 317.3 357.0 314.1 331.1 ship 0
373.5 355.2 377.9 384.8 324.5 392.8 320.1 363.2 ship 0
423.9 364.5 425.0 378.4 387.1 381.5 386.0 367.6 ship 0
419.6 375.0 432.7 406.4 397.7 421.1 384.5 389.7 ship 0
374.5 388.5 379.9 396.9 327.8 430.5 322.4 422.1 ship 0
381.6 414.6 384.2 424.2 324.4 440.4 321.8 430.8 ship 0
400.4 448.5 402.7 438.7 435.8 446.5 433.5 456.2 ship 0
384.6 430.6 387.9 440.0 329.4 460.4 326.1 451.0 ship 0
385.6 446.1 389.5 455.4 336.0 477.8 332.1 468.6 ship 0
389.4 464.1 392.4 485.9 335.0 494.0 331.9 472.2 ship 0
436.7 458.6 439.6 468.2 403.3 479.4 400.4 469.8 ship 0
661.8 300.8 671.6 302.7 655.2 387.2 645.4 385.3 ship 0
672.9 285.8 686.8 284.0 695.1 349.5 681.2 351.3 ship 0
727.2 284.2 737.2 284.1 737.8 354.1 727.8 354.2 ship 0
696.3 280.7 827.1 309.8 813.7 370.3 682.9 341.2 ship 0
786.3 285.6 796.2 287.0 787.7 348.4 777.8 347.0 ship 0
805.3 301.1 815.3 300.9 815.7 330.9 805.7 331.1 ship 0
383.5 342.5 383.5 312.5 421.5 312.5 421.5 342.5 ship 0
366.4 307.1 370.6 316.2 321.6 338.9 317.4 329.8 ship 0
365.9 294.2 367.9 304.0 311.1 315.8 309.1 306.0 ship 0
162.0 358.5 163.0 348.5 208.8 353.2 207.8 363.2 ship 0
264.1 472.9 278.1 494.9 249.4 513.1 235.5 491.2 ship 0
230.3 493.5 230.7 503.5 176.7 505.5 176.3 495.5 ship 0
221.7 466.4 225.5 475.6 179.3 494.6 175.5 485.4 ship 0
218.0 433.5 220.7 443.2 172.4 456.4 169.8 446.8 ship 0
167.0 427.0 168.4 417.1 218.0 424.0 216.6 433.9 ship 0
213.1 396.9 215.3 402.5 168.9 421.1 166.7 415.5 ship 0
164.6 394.9 165.5 385.0 211.4 389.1 210.5 399.0 ship 0
206.4 323.7 210.1 333.0 163.6 351.3 159.9 342.0 ship 0
358.0 265.7 361.7 270.4 316.0 306.1 312.3 301.4 ship 0
153.4 296.6 171.0 277.4 204.9 308.4 187.4 327.6 ship 0
414.9 206.8 415.8 216.7 358.1 222.2 357.2 212.3 ship 0
396.0 168.0 409.5 190.2 377.0 210.0 363.5 187.8 ship 0
289.9 212.9 296.0 175.4 361.1 186.1 355.0 223.6 ship 0
357.5 219.0 362.7 236.2 311.1 252.1 305.8 234.9 ship 0
406.5 240.3 413.4 269.5 376.4 278.1 369.5 248.9 ship 0
401.3 216.9 408.4 241.9 375.7 251.1 368.6 226.1 ship 0
829.8 291.3 839.8 291.8 837.2 341.7 827.2 341.2 ship 0
793.6 364.0 802.1 358.7 824.4 394.3 815.9 399.6 ship 0
989.7 197.1 1000.8 182.9 1021.3 198.9 1010.2 213.1 ship 0
776.4 355.2 790.3 356.8 785.6 398.5 771.7 396.9 ship 0
759.2 632.0 769.2 632.0 768.8 690.0 758.8 690.0 ship 0
743.4 629.2 753.1 631.3 741.7 684.1 731.9 682.0 ship 0
725.7 626.2 735.4 628.7 720.3 688.8 710.6 686.3 ship 0
700.6 630.1 710.5 631.5 702.4 688.9 692.5 687.5 ship 0
679.9 626.8 689.8 628.5 679.1 689.6 669.2 687.8 ship 0
641.4 687.5 663.1 684.1 669.6 725.5 647.9 728.9 ship 0
676.2 693.1 686.2 694.1 682.8 727.9 672.8 726.9 ship 0
701.0 695.6 709.8 700.3 694.0 730.4 685.2 725.7 ship 0
712.3 696.6 722.0 694.3 729.7 727.4 720.0 729.7 ship 0
733.4 695.5 743.2 693.3 750.6 726.5 740.8 728.7 ship 0
758.2 696.1 768.2 695.9 768.8 729.9 758.8 730.1 ship 0
776.4 695.9 786.3 694.5 791.6 732.1 781.7 733.5 ship 0
795.4 703.0 804.3 698.6 819.6 729.0 810.7 733.4 ship 0
813.9 699.4 823.0 695.2 839.1 729.6 830.0 733.8 ship 0
809.1 848.1 817.9 843.4 831.9 869.9 823.1 874.6 ship 0
794.4 792.1 812.2 794.3 805.6 847.9 787.8 845.7 ship 0
791.2 854.1 800.7 850.7 810.8 878.9 801.3 882.3 ship 0
762.8 634.5 771.5 629.5 800.2 679.9 791.6 684.8 ship 0
797.3 631.7 811.2 630.5 816.7 692.3 802.8 693.5 ship 0
801.0 528.5 814.7 531.7 804.2 576.5 790.6 573.3 ship 0
720.4 463.4 730.2 461.6 741.6 522.6 731.8 524.4 ship 0
748.0 360.7 762.0 360.3 763.0 394.3 749.0 394.7 ship 0
731.3 355.9 740.8 358.8 729.7 395.1 720.2 392.2 ship 0
700.2 356.3 710.1 355.0 714.8 392.7 704.9 394.0 ship 0
688.2 354.5 697.0 359.3 680.7 389.1 672.0 384.3 ship 0
819.4 440.2 828.7 444.0 797.6 519.8 788.3 516.0 ship 0
768.8 462.7 778.7 461.1 788.2 518.3 778.3 519.9 ship 0
749.5 462.4 759.4 461.7 763.5 523.6 753.6 524.3 ship 0
713.0 458.0 722.5 460.9 703.0 524.0 693.5 521.1 ship 0
786.2 527.4 794.5 533.0 766.8 574.6 758.5 569.0 ship 0
670.7 463.7 680.5 461.6 693.3 522.3 683.5 524.4 ship 0
635.6 478.6 658.8 466.8 681.4 511.4 658.2 523.2 ship 0
646.0 525.7 667.9 523.5 672.0 565.3 650.1 567.5 ship 0
679.8 528.9 689.6 530.7 683.2 564.1 673.4 562.3 ship 0
699.8 529.5 709.8 529.7 709.2 563.7 699.2 563.5 ship 0
720.1 529.3 734.1 527.9 737.9 565.7 723.9 567.1 ship 0
749.2 529.5 759.1 527.7 765.8 565.1 755.9 566.9 ship 0
265.9 469.2 267.6 479.1 234.1 484.8 232.4 474.9 ship 0
263.5 450.5 265.9 460.2 232.9 468.4 230.5 458.7 ship 0
261.8 424.2 267.3 432.6 228.7 457.7 223.3 449.3 ship 0
252.2 410.8 257.0 419.5 230.8 434.2 226.0 425.5 ship 0
675.1 818.0 812.6 768.9 846.9 865.0 709.4 914.1 harbor 0
351.8 229.8 466.0 391.5 402.3 436.5 288.1 274.8 harbor 0
127.6 416.3 195.2 251.7 293.3 291.9 225.7 456.6 harbor 0
62.5 255.3 158.7 450.9 81.5 488.9 -14.7 293.3 harbor 0
757.4 959.2 811.9 996.4 806.3 1004.7 751.8 967.4 harbor 0
688.9 590.0 855.2 681.9 800.1 781.7 633.8 689.8 harbor 0
634.6 499.1 816.8 432.3 857.4 543.1 675.2 609.9 harbor 0
680.4 238.9 876.6 342.7 817.6 454.1 621.4 350.3 harbor 0
664.1 73.7 865.0 119.4 837.9 238.3 637.1 192.7 harbor 0
241.5 214.7 245.9 223.7 197.6 247.7 193.1 238.7 ship 0
32.6 532.4 84.4 479.6 105.8 500.7 53.9 553.4 ship 0
80.3 461.1 89.1 493.9 44.7 505.9 35.9 473.1 ship 0
24.8 433.9 45.7 412.3 93.2 458.1 72.3 479.7 ship 0
68.7 355.7 77.6 384.4 29.8 399.2 21.0 370.6 ship 0
15.7 317.7 18.8 291.9 64.5 297.4 61.4 323.2 ship 0
63.4 278.5 65.7 288.2 17.0 299.6 14.7 289.9 ship 0
235.2 206.1 236.5 216.0 202.8 220.5 201.5 210.6 ship 0
190.7 234.5 195.1 243.5 150.3 265.5 145.9 256.5 ship 0
126.6 491.8 130.8 496.1 98.3 528.6 94.1 524.4 ship 0
199.1 256.3 201.4 266.0 148.9 278.7 146.6 269.0 ship 0
239.4 275.0 241.8 280.5 210.6 294.0 208.2 288.5 ship 0
239.5 291.9 242.4 301.4 213.8 310.2 210.8 300.7 ship 0
241.6 307.4 244.4 312.7 214.4 328.6 211.6 323.3 ship 0
243.9 327.5 246.2 337.3 217.1 344.2 214.7 334.5 ship 0
245.8 358.8 251.1 367.3 222.2 385.2 216.9 376.7 ship 0
251.3 379.7 254.2 389.3 221.7 399.3 218.8 389.7 ship 0
99.2 512.8 110.0 532.0 69.8 554.4 59.1 535.2 ship 0
119.9 483.5 123.8 492.7 96.3 504.6 92.3 495.4 ship 0
103.3 409.8 128.5 453.0 102.6 468.2 77.4 425.0 ship 0
45.0 209.3 58.6 253.2 18.5 265.7 4.8 221.7 ship 0
89.2 221.6 103.3 252.6 68.8 268.4 54.7 237.4 ship 0
89.0 266.1 95.6 273.5 76.1 290.8 69.5 283.3 ship 0
96.2 284.8 100.2 289.4 77.5 309.0 73.6 304.5 ship 0
104.2 306.8 105.5 316.8 71.8 321.2 70.5 311.2 ship 0
71.7 336.8 72.4 326.8 106.3 329.2 105.6 339.2 ship 0
96.0 278.8 129.4 445.5 96.0 452.2 62.6 285.5 ship 0
774.1 852.6 784.1 852.4 784.9 886.4 774.9 886.6 ship 0
752.3 851.2 758.2 850.2 763.7 883.8 757.8 884.8 ship 0
738.7 851.2 744.7 850.9 746.3 880.8 740.3 881.1 ship 0
332.9 25.7 351.0 -3.1 417.1 38.3 399.0 67.1 ship 0
316.8 65.1 332.1 44.1 398.4 92.3 383.1 113.4 ship 0
296.3 116.5 314.6 92.7 363.7 130.5 345.4 154.3 ship 0
1004.4 793.0 1006.3 798.7 981.6 807.0 979.7 801.3 ship 0
984.7 674.4 985.3 660.4 1011.3 661.6 1010.7 675.6 ship 0
1012.9 689.4 1014.2 695.2 981.1 702.6 979.8 696.8 ship 0
979.5 704.7 982.0 699.3 1016.5 715.3 1014.0 720.7 ship 0
978.8 720.1 980.3 714.3 1013.2 722.9 1011.7 728.7 ship 0
983.3 738.4 987.2 720.8 1008.7 725.6 1004.8 743.2 ship 0
978.8 751.3 987.8 740.5 1010.8 759.7 1001.8 770.5 ship 0
1007.7 767.5 1010.2 777.1 977.3 785.5 974.8 775.9 ship 0
1002.3 805.7 1003.3 811.6 977.7 816.3 976.7 810.4 ship 0
1015.2 630.7 1018.7 635.6 984.8 660.3 981.3 655.4 ship 0
996.1 821.1 997.4 822.6 995.9 823.9 994.6 822.4 ship 0
975.1 851.0 981.0 829.9 1009.9 838.0 1004.0 859.1 ship 0
932.0 837.6 947.4 821.9 974.6 848.4 959.2 864.2 ship 0
979.5 934.2 985.9 921.7 1005.5 931.8 999.1 944.3 ship 0
993.4 987.4 993.6 989.4 991.6 989.6 991.4 987.6 ship 0
998.7 75.4 1022.5 85.8 1007.3 120.6 983.5 110.2 ship 0
985.6 117.5 992.2 109.9 1030.0 142.6 1023.5 150.1 ship 0
981.7 652.6 984.0 647.1 1015.3 660.4 1013.0 665.9 ship 0
977.5 591.1 981.0 586.3 1018.5 612.9 1015.0 617.7 ship 0
989.4 386.7 991.3 376.9 1028.6 384.3 1026.7 394.1 ship 0
1025.3 488.8 1025.6 494.8 983.7 497.2 983.4 491.2 ship 0
1024.5 353.7 1026.8 363.4 993.7 371.2 991.4 361.5 ship 0
994.8 440.3 995.7 434.4 1029.3 439.7 1028.4 445.6 ship 0
1027.0 409.4 1030.9 414.0 993.0 446.6 989.1 442.0 ship 0
984.1 440.4 987.4 435.4 1025.9 460.6 1022.6 465.6 ship 0
1023.4 456.7 1023.6 462.7 981.6 464.3 981.4 458.3 ship 0
986.3 470.8 987.3 464.8 1024.7 471.2 1023.7 477.2 ship 0
980.3 479.3 981.5 473.4 1022.7 481.7 1021.5 487.6 ship 0
984.4 507.0 984.6 501.0 1022.6 502.0 1022.4 508.0 ship 0
979.1 584.6 981.6 579.1 1019.9 596.4 1017.4 601.9 ship 0
1017.2 505.8 1019.8 511.2 992.8 524.2 990.2 518.8 ship 0
1029.0 523.0 1029.5 529.0 991.6 532.0 991.1 526.0 ship 0
988.8 538.0 989.6 532.0 1027.2 537.0 1026.4 543.0 ship 0
1025.3 542.9 1026.3 548.8 992.7 554.1 991.7 548.2 ship 0
988.7 560.3 989.7 554.4 1023.3 559.7 1022.3 565.6 ship 0
987.8 570.3 989.0 564.4 1022.2 571.7 1021.0 577.6 ship 0
984.5 573.6 987.5 568.4 1020.5 587.4 1017.5 592.6 ship 0
724.9 846.3 733.5 851.4 716.1 880.7 707.5 875.6 ship 0
762.1 93.2 772.1 94.3 763.9 163.8 753.9 162.7 ship 0
729.3 87.5 743.3 86.6 747.7 160.5 733.7 161.4 ship 0
700.6 91.9 714.4 89.3 727.4 158.1 713.6 160.7 ship 0
693.6 91.7 703.2 94.2 685.4 161.9 675.8 159.4 ship 0
642.9 93.9 672.6 89.7 682.3 159.1 652.6 163.2 ship 0
794.1 88.3 803.6 91.3 780.9 161.7 771.4 158.7 ship 0
809.4 92.7 819.3 93.7 811.6 167.3 801.7 166.3 ship 0
648.4 165.7 678.4 166.3 677.6 204.3 647.6 203.7 ship 0
779.9 939.3 785.8 939.9 781.1 985.7 775.2 985.1 ship 0
693.6 844.5 716.2 857.3 701.4 883.5 678.8 870.7 ship 0
689.4 789.9 715.2 792.3 710.6 842.1 684.8 839.7 ship 0
723.0 791.6 732.6 794.3 719.0 842.4 709.4 839.7 ship 0
737.9 789.2 747.9 789.9 744.1 843.8 734.1 843.1 ship 0
749.8 793.9 759.4 791.2 774.2 843.1 764.6 845.8 ship 0
737.8 937.7 759.2 942.9 751.2 975.9 729.8 970.7 ship 0
767.5 937.4 773.3 938.7 762.5 987.6 756.7 986.3 ship 0
787.7 941.6 797.2 938.5 810.3 978.4 800.8 981.5 ship 0
730.2 166.1 744.1 167.5 739.9 209.3 725.9 207.8 ship 0
748.8 987.6 778.7 990.5 776.2 1016.4 746.3 1013.5 ship 0
791.9 238.4 833.9 240.7 831.1 290.6 789.1 288.3 ship 0
819.1 212.0 844.1 204.8 850.2 226.0 825.2 233.2 ship 0
834.7 137.5 844.6 139.3 835.3 192.5 825.4 190.7 ship 0
806.9 178.0 820.2 182.3 812.1 207.0 798.8 202.7 ship 0
779.2 169.5 793.1 170.7 789.8 208.5 775.9 207.3 ship 0
751.6 168.3 765.6 167.7 767.4 205.7 753.4 206.3 ship 0
