1.2 813.7 11.1 798.7 86.2 848.3 76.3 863.3 ship 0
0.5 858.3 9.5 842.7 73.5 879.7 64.5 895.3 ship 0
63.9 891.0 70.1 907.9 4.4 932.0 -1.8 915.1 ship 0
0.5 942.1 11.9 923.3 82.1 965.8 70.7 984.6 ship 0
5.4 743.1 11.5 726.2 88.6 754.2 82.4 771.1 ship 0
-9.9 999.4 2.7 963.6 65.0 985.6 52.3 1021.4 ship 0
96.9 675.1 105.9 690.8 14.0 743.6 5.0 728.0 ship 0
50.5 672.1 51.9 670.6 53.3 672.0 52.0 673.5 ship 0
23.0 545.4 29.0 528.4 95.0 551.8 89.0 568.7 ship 0
18.2 594.6 19.4 576.7 101.2 582.3 100.0 600.3 ship 0
885.1 1012.7 896.8 976.5 951.9 994.3 940.2 1030.5 ship 0
786.5 945.5 804.7 907.6 885.8 946.6 867.6 984.5 ship 0
797.8 898.8 803.3 886.0 886.2 921.2 880.7 934.0 ship 0
884.5 857.3 888.4 874.9 796.7 895.5 792.8 878.0 ship 0
897.0 871.2 913.0 845.8 962.0 876.8 946.0 902.2 ship 0
900.1 811.0 916.4 781.2 970.8 810.9 954.5 840.7 ship 0
876.5 807.8 885.5 823.4 807.5 868.2 798.5 852.6 ship 0
813.3 782.4 821.2 770.8 885.7 814.6 877.8 826.2 ship 0
812.2 761.3 817.6 744.1 895.8 768.7 890.4 785.9 ship 0
906.9 781.3 910.1 763.6 971.1 774.7 967.9 792.4 ship 0
811.5 732.2 812.7 714.2 898.5 719.8 897.3 737.8 ship 0
815.7 661.1 827.5 620.8 902.3 642.9 890.5 683.2 ship 0
808.7 605.2 814.5 588.2 907.3 619.8 901.5 636.8 ship 0
919.1 639.6 926.2 594.1 979.6 602.5 972.5 647.9 ship 0
302.4 1019.4 309.6 982.1 390.1 997.7 382.9 1035.0 ship 0
291.9 969.6 292.5 991.6 190.5 994.5 189.9 972.6 ship 0
308.7 962.8 315.6 946.1 395.0 979.2 388.1 995.8 ship 0
204.5 929.4 212.7 913.4 289.2 952.7 280.9 968.8 ship 0
276.0 873.4 283.0 880.6 233.0 929.6 226.0 922.4 ship 0
210.5 842.2 219.3 826.5 301.4 872.2 292.7 887.9 ship 0
391.6 875.4 396.2 892.8 332.4 909.6 327.8 892.2 ship 0
314.7 845.9 320.7 828.9 409.3 860.1 403.3 877.1 ship 0
322.4 807.0 329.0 790.3 408.9 822.1 402.3 838.8 ship 0
201.9 817.6 215.7 778.0 312.1 811.4 298.3 851.0 ship 0
325.9 784.1 326.1 766.1 416.1 766.9 415.9 784.9 ship 0
616.5 896.7 624.0 880.3 709.5 919.3 702.0 935.7 ship 0
540.5 715.5 545.0 698.1 620.5 717.5 616.0 734.9 ship 0
614.2 743.3 616.8 761.1 535.6 772.8 533.0 755.0 ship 0
524.6 784.0 532.4 767.8 613.4 807.0 605.6 823.2 ship 0
604.6 820.7 606.8 838.5 525.4 848.3 523.2 830.5 ship 0
525.4 864.2 533.3 848.0 610.6 885.8 602.7 902.0 ship 0
515.4 909.3 520.5 892.0 610.6 918.6 605.5 935.9 ship 0
606.3 932.0 611.4 949.3 509.7 979.0 504.6 961.7 ship 0
615.8 928.0 622.1 915.5 705.9 958.0 699.6 970.5 ship 0
326.9 739.4 329.3 721.6 426.4 734.6 424.0 752.4 ship 0
615.9 984.9 616.1 966.9 706.1 968.1 705.9 986.1 ship 0
611.5 1026.9 614.8 993.0 688.5 1000.1 685.2 1034.0 ship 0
501.0 1003.9 508.5 962.6 605.0 980.1 597.5 1021.4 ship 0
530.3 687.9 538.6 646.7 634.7 666.1 626.4 707.3 ship 0
542.7 642.7 543.2 624.7 629.2 627.1 628.7 645.1 ship 0
630.3 820.4 636.6 778.9 713.7 790.6 707.4 832.1 ship 0
637.0 775.8 640.1 758.0 717.0 771.2 713.9 789.0 ship 0
208.1 718.5 225.0 688.9 323.9 745.5 307.0 775.1 ship 0
217.3 688.1 223.2 666.9 317.7 692.9 311.8 714.1 ship 0
342.3 691.9 347.9 674.8 410.7 695.1 405.1 712.2 ship 0
337.0 648.3 342.9 631.3 428.0 660.7 422.1 677.7 ship 0
352.3 615.2 357.2 597.9 424.5 616.9 419.6 634.2 ship 0
349.5 566.3 356.6 554.3 406.6 583.8 399.4 595.8 ship 0
223.5 565.0 228.4 543.6 339.5 569.0 334.6 590.4 ship 0
222.5 574.4 231.7 563.9 323.5 644.2 314.3 654.8 ship 0
215.9 644.9 220.1 627.4 330.9 654.3 326.7 671.8 ship 0
634.5 574.8 638.9 592.2 543.9 616.3 539.5 598.8 ship 0
713.5 587.2 714.4 605.1 652.5 608.0 651.6 590.1 ship 0
650.5 638.0 653.2 620.2 710.5 629.0 707.8 646.8 ship 0
636.4 664.0 641.8 646.8 720.1 671.0 714.8 688.2 ship 0
635.4 686.0 642.3 673.8 720.7 718.0 713.8 730.2 ship 0
641.4 738.2 645.2 720.7 709.7 734.7 705.8 752.3 ship 0
