19.5 908.8 42.0 895.9 58.9 925.4 36.4 938.3 small-vehicle 0
261.4 85.5 268.7 78.7 302.6 115.5 295.3 122.3 small-vehicle 0
245.5 96.4 253.8 90.8 282.0 132.1 273.7 137.7 small-vehicle 0
228.9 112.4 236.5 105.9 263.6 138.0 256.0 144.5 small-vehicle 0
49.5 254.7 82.5 273.7 69.5 296.3 36.5 277.3 small-vehicle 0
68.6 240.5 88.7 224.0 115.4 256.5 95.3 273.0 small-vehicle 0
142.1 194.5 147.9 195.9 141.7 221.2 135.9 219.7 small-vehicle 0
163.7 166.5 169.6 167.9 157.3 220.5 151.4 219.1 small-vehicle 0
188.4 150.6 198.3 148.9 204.6 186.4 194.7 188.1 small-vehicle 0
827.8 599.6 855.0 552.9 1040.0 660.5 1012.8 707.2 tennis-court 0
736.0 674.5 761.7 627.0 953.4 730.8 927.7 778.2 tennis-court 0
656.5 729.0 694.8 685.4 852.4 824.2 814.1 867.7 tennis-court 0
567.0 802.2 605.3 758.7 760.0 894.8 721.7 938.3 tennis-court 0
763.5 281.1 808.6 244.6 920.5 382.9 875.4 419.4 tennis-court 0
649.4 362.4 682.0 319.4 852.6 448.6 820.0 491.6 tennis-court 0
565.9 432.6 604.0 388.9 759.2 524.3 721.1 568.0 tennis-court 0
473.5 499.8 512.8 457.2 670.2 602.1 631.0 644.8 tennis-court 0
362.9 611.4 376.3 567.4 600.1 635.6 586.7 679.6 tennis-court 0
660.1 49.0 706.7 161.7 630.9 193.0 584.3 80.3 tennis-court 0
530.8 113.5 621.2 248.0 549.8 296.0 459.4 161.5 tennis-court 0
374.9 261.7 450.7 400.3 287.5 489.5 211.7 350.9 tennis-court 0
565.7 118.8 611.9 413.2 305.6 461.2 259.4 166.8 basketball-court 0
312.3 43.9 319.8 37.3 350.2 71.7 342.7 78.4 small-vehicle 0
369.3 8.3 374.9 10.4 358.2 53.3 352.6 51.1 small-vehicle 0
239.2 826.3 239.7 836.3 189.8 838.7 189.3 828.7 small-vehicle 0
330.1 30.0 337.4 23.2 365.9 54.0 358.6 60.8 small-vehicle 0
381.5 917.7 383.4 918.2 382.9 920.1 381.0 919.6 small-vehicle 0
326.6 837.2 351.7 844.2 341.4 880.8 316.3 873.8 small-vehicle 0
224.2 830.1 241.6 843.6 213.3 879.9 195.9 866.4 small-vehicle 0
39.2 576.5 57.0 573.7 59.8 591.5 42.0 594.3 small-vehicle 0
37.6 540.0 49.8 546.8 31.4 580.0 19.2 573.2 small-vehicle 0
96.7 237.2 110.2 219.8 133.9 238.3 120.4 255.6 small-vehicle 0
106.7 208.1 113.4 200.8 147.3 231.9 140.6 239.2 small-vehicle 0
206.8 132.3 216.8 131.4 220.8 173.2 210.8 174.1 small-vehicle 0
213.4 126.6 221.2 120.5 244.6 150.4 236.8 156.5 small-vehicle 0
279.1 76.3 285.8 68.9 317.0 97.0 310.4 104.4 small-vehicle 0
300.5 48.1 310.0 44.9 327.6 95.9 318.1 99.2 small-vehicle 0
251.0 862.2 257.3 874.8 223.2 891.7 217.0 879.2 small-vehicle 0
310.4 801.5 335.5 808.1 324.0 852.6 298.8 846.1 small-vehicle 0
367.9 864.7 395.1 885.2 360.3 931.5 333.1 911.1 small-vehicle 0
353.5 861.7 361.6 867.6 343.9 891.8 335.8 885.9 small-vehicle 0
270.0 982.5 284.1 951.6 326.0 970.7 311.9 1001.6 small-vehicle 0
303.3 917.9 305.2 931.8 251.7 939.1 249.8 925.2 small-vehicle 0
25.3 773.9 47.5 760.3 73.6 803.0 51.4 816.5 small-vehicle 0
253.0 883.9 264.7 891.6 246.0 920.1 234.3 912.4 small-vehicle 0
51.0 365.8 277.9 270.7 397.6 556.7 170.7 651.7 basketball-court 0
