445.9 106.1 479.3 176.6 369.1 228.9 335.7 158.4 harbor 0
129.9 281.9 312.9 187.3 367.1 292.1 184.1 386.7 harbor 0
605.0 479.5 638.7 475.0 647.0 536.5 613.3 541.0 ship 0
412.4 424.9 422.4 425.6 419.6 463.5 409.6 462.8 ship 0
435.5 421.4 445.2 423.7 436.5 460.6 426.8 458.3 ship 0
339.0 466.4 364.7 470.3 356.0 527.6 330.3 523.7 ship 0
398.2 465.5 407.8 468.3 388.8 531.5 379.2 528.7 ship 0
409.9 467.4 419.9 466.7 424.1 528.6 414.1 529.3 ship 0
422.3 474.8 431.7 471.2 453.7 529.2 444.3 532.8 ship 0
494.0 457.7 503.4 461.1 474.0 541.9 464.6 538.5 ship 0
510.3 454.8 531.1 461.8 502.7 547.2 481.9 540.2 ship 0
558.3 472.5 572.0 469.6 585.7 534.1 572.0 537.1 ship 0
606.3 471.5 615.2 476.1 586.7 531.2 577.9 526.6 ship 0
575.1 427.9 585.0 429.5 579.9 463.1 570.0 461.5 ship 0
608.4 425.4 616.3 431.5 590.6 464.6 582.7 458.5 ship 0
612.5 424.6 642.1 420.1 651.5 481.4 621.9 485.9 ship 0
377.9 417.7 387.2 421.5 371.1 460.3 361.8 456.5 ship 0
394.0 421.4 403.6 423.9 394.0 460.6 384.4 458.1 ship 0
297.1 461.6 322.6 466.6 309.9 531.4 284.4 526.4 ship 0
291.7 418.9 301.5 421.0 293.3 458.1 283.5 456.0 ship 0
-7.9 407.7 1.6 404.6 17.9 456.1 8.3 459.2 ship 0
24.3 409.5 34.2 410.7 29.7 448.5 19.8 447.3 ship 0
58.6 412.6 66.3 418.9 42.4 448.4 34.7 442.1 ship 0
69.5 411.8 79.5 412.6 76.5 450.5 66.5 449.7 ship 0
138.2 394.7 148.2 395.5 141.8 473.3 131.8 472.5 ship 0
164.1 390.5 185.1 397.0 161.9 471.5 140.9 465.0 ship 0
187.3 418.6 197.1 420.3 190.7 457.7 180.9 456.1 ship 0
202.5 416.0 212.5 415.2 215.5 453.0 205.5 453.8 ship 0
212.9 425.9 220.5 419.4 248.1 451.1 240.5 457.6 ship 0
247.8 419.1 257.8 419.5 256.2 457.5 246.2 457.1 ship 0
268.0 419.2 278.0 419.9 275.0 457.8 265.0 457.1 ship 0
298.8 419.6 324.8 419.4 325.2 457.4 299.2 457.6 ship 0
279.4 461.7 289.3 462.8 281.6 532.3 271.7 531.2 ship 0
16.9 454.6 42.8 452.6 48.1 518.4 22.2 520.4 ship 0
70.4 457.5 100.4 457.8 99.6 523.8 69.6 523.5 ship 0
186.5 465.0 196.4 465.8 191.5 527.6 181.5 526.8 ship 0
212.2 460.6 222.1 462.2 211.8 527.4 201.9 525.8 ship 0
234.9 465.1 244.7 466.8 234.1 527.9 224.3 526.2 ship 0
255.1 462.8 265.1 463.4 260.9 529.2 250.9 528.6 ship 0
54.8 652.5 68.8 653.9 61.2 731.5 47.2 730.1 ship 0
565.6 666.8 578.8 671.4 554.4 741.2 541.2 736.6 ship 0
584.5 670.9 598.3 673.3 584.5 754.1 570.7 751.7 ship 0
598.3 677.1 635.4 668.8 643.7 705.9 606.6 714.2 ship 0
487.2 673.1 501.2 674.0 496.8 739.9 482.8 739.0 ship 0
499.7 679.1 532.6 670.5 553.3 749.9 520.4 758.5 ship 0
464.1 673.1 477.9 675.9 463.8 744.5 450.1 741.7 ship 0
95.2 654.6 108.3 659.5 79.8 736.4 66.7 731.5 ship 0
280.3 600.9 302.2 599.5 305.7 657.4 283.8 658.8 ship 0
99.4 656.5 129.4 656.5 129.6 734.5 99.6 734.5 ship 0
182.0 665.5 211.8 662.0 220.0 731.5 190.2 735.0 ship 0
233.5 661.8 247.2 664.4 233.5 737.1 219.8 734.5 ship 0
256.2 658.1 285.3 665.5 264.8 744.9 235.7 737.5 ship 0
-3.3 597.7 10.6 595.8 17.3 645.3 3.4 647.2 ship 0
37.8 590.1 47.2 593.5 27.2 647.9 17.8 644.5 ship 0
58.0 588.3 71.7 591.2 58.0 655.7 44.3 652.8 ship 0
84.0 598.5 97.3 602.8 83.0 646.5 69.7 642.2 ship 0
104.6 605.1 118.4 607.5 111.4 648.9 97.6 646.5 ship 0
139.5 599.7 148.9 603.0 132.5 650.3 123.1 647.0 ship 0
141.6 612.6 161.4 602.9 176.4 633.4 156.6 643.1 ship 0
218.2 608.1 243.8 612.4 236.8 653.9 211.2 649.6 ship 0
346.2 608.1 355.8 605.5 367.8 649.9 358.2 652.5 ship 0
387.4 670.5 416.9 665.5 428.6 734.5 399.1 739.5 ship 0
384.0 615.0 392.7 619.9 374.0 653.0 365.3 648.1 ship 0
399.6 612.6 409.4 614.7 400.4 655.8 390.6 653.6 ship 0
422.7 606.1 432.5 608.4 419.3 664.9 409.5 662.6 ship 0
448.4 610.7 457.6 614.6 436.6 664.3 427.4 660.4 ship 0
482.1 600.9 499.8 604.2 487.9 669.1 470.2 665.8 ship 0
508.8 607.7 518.6 609.6 508.2 662.6 498.4 660.7 ship 0
538.0 614.7 546.6 619.8 523.0 659.3 514.4 654.2 ship 0
541.9 615.8 551.6 613.5 562.1 658.2 552.4 660.5 ship 0
564.2 617.1 574.1 615.5 580.8 656.9 570.9 658.5 ship 0
579.4 621.1 600.6 615.3 610.6 651.9 589.4 657.7 ship 0
304.1 667.6 317.8 664.8 331.9 733.4 318.2 736.2 ship 0
351.0 662.0 364.4 665.8 342.0 744.7 328.6 740.9 ship 0
372.8 667.6 386.8 668.4 383.2 734.3 369.2 733.5 ship 0
482.1 150.2 492.0 151.0 487.9 200.8 478.0 200.0 ship 0
225.2 140.2 226.9 106.2 336.8 111.8 335.1 145.8 ship 0
231.5 132.2 241.4 133.3 233.5 202.8 223.6 201.7 ship 0
241.5 142.5 267.4 144.3 263.5 198.2 237.6 196.3 ship 0
289.0 126.8 320.9 138.4 293.0 215.5 261.0 203.9 ship 0
352.1 143.5 390.0 146.7 385.9 196.5 348.0 193.3 ship 0
384.3 124.8 455.2 186.5 427.7 218.2 356.8 156.5 ship 0
416.9 150.0 426.7 147.7 438.1 196.3 428.4 198.6 ship 0
443.4 153.1 453.3 154.7 446.6 196.2 436.8 194.6 ship 0
475.6 146.2 484.4 151.0 458.4 198.4 449.6 193.6 ship 0
500.0 151.0 510.0 151.0 510.0 197.0 500.0 197.0 ship 0
519.8 150.3 529.8 150.7 528.2 200.7 518.2 200.3 ship 0
532.4 147.1 558.4 149.1 554.6 198.9 528.6 196.9 ship 0
581.1 153.3 590.9 155.2 581.9 200.3 572.1 198.4 ship 0
599.3 152.5 609.2 154.0 602.7 199.5 592.8 198.0 ship 0
650.0 148.1 660.9 156.9 627.0 198.9 616.1 190.1 ship 0
679.9 146.2 720.2 158.0 705.1 209.8 664.8 198.0 ship 0
739.6 174.9 752.2 187.8 719.4 220.1 706.8 207.2 ship 0
519.1 128.0 544.2 111.5 558.4 133.3 533.3 149.7 ship 0
593.4 123.9 610.1 138.2 593.2 158.0 576.5 143.7 ship 0
450.8 117.4 467.3 137.5 444.2 156.6 427.7 136.5 ship 0
417.8 124.1 428.4 133.1 414.2 149.9 403.6 140.9 ship 0
409.7 112.1 415.2 120.4 360.2 157.0 354.7 148.6 ship 0
9.4 249.1 12.6 244.1 34.6 257.9 31.4 262.9 ship 0
606.2 288.4 615.7 291.6 591.8 361.6 582.3 358.4 ship 0
251.0 283.0 260.2 286.9 236.0 344.0 226.8 340.1 ship 0
275.2 278.9 284.6 282.3 260.8 348.1 251.4 344.7 ship 0
292.4 281.2 302.1 283.4 287.6 347.8 277.9 345.6 ship 0
309.5 286.1 323.4 287.0 319.5 352.9 305.6 352.0 ship 0
346.0 285.4 355.4 288.9 332.0 350.6 322.6 347.1 ship 0
361.1 286.2 371.1 287.2 363.9 352.8 353.9 351.8 ship 0
394.8 290.5 403.8 294.8 377.2 350.8 368.2 346.5 ship 0
415.3 293.5 424.7 297.0 404.7 351.5 395.3 348.0 ship 0
446.2 259.9 453.1 252.7 477.8 276.1 470.9 283.3 ship 0
515.0 251.8 524.8 254.1 517.0 287.2 507.2 284.9 ship 0
532.0 252.0 541.9 253.2 538.0 287.0 528.1 285.8 ship 0
634.0 257.6 671.6 252.0 680.0 309.4 642.4 315.0 ship 0
602.1 294.8 627.1 287.8 645.9 355.2 620.9 362.2 ship 0
585.2 290.6 594.3 294.9 564.8 358.4 555.7 354.1 ship 0
189.9 287.4 199.9 287.7 198.1 349.6 188.1 349.3 ship 0
542.4 296.4 552.3 294.8 561.6 352.0 551.7 353.6 ship 0
455.3 290.1 465.2 291.2 458.7 348.9 448.8 347.8 ship 0
478.5 290.7 488.5 291.6 482.5 353.3 472.5 352.4 ship 0
512.3 292.8 521.5 296.6 497.7 353.8 488.5 350.0 ship 0
528.5 295.6 538.3 297.4 527.5 354.4 517.7 352.6 ship 0
213.6 283.4 223.6 283.6 222.4 349.6 212.4 349.4 ship 0
156.8 286.8 166.7 285.6 174.2 351.2 164.3 352.4 ship 0
38.5 235.6 48.5 236.5 45.5 270.4 35.5 269.5 ship 0
361.7 244.1 371.7 243.9 372.3 281.9 362.3 282.1 ship 0
60.4 237.6 70.3 238.7 66.6 272.5 56.7 271.4 ship 0
77.9 239.4 87.8 238.7 90.1 272.6 80.2 273.3 ship 0
101.3 237.8 111.3 238.2 109.7 272.2 99.7 271.8 ship 0
124.5 240.3 134.1 242.8 125.5 275.7 115.9 273.2 ship 0
141.3 240.8 151.3 241.3 149.7 275.2 139.7 274.7 ship 0
182.0 237.1 186.2 241.4 150.0 275.9 145.8 271.6 ship 0
193.8 238.9 203.3 242.1 191.2 278.1 181.7 274.9 ship 0
217.9 244.1 226.5 249.2 207.1 281.9 198.5 276.8 ship 0
225.0 246.5 234.9 244.9 240.0 278.5 230.1 280.1 ship 0
239.5 249.2 244.7 246.2 261.5 275.8 256.3 278.8 ship 0
328.5 243.1 332.4 247.6 291.5 282.9 287.6 278.4 ship 0
326.4 245.7 336.2 247.4 330.6 280.9 320.7 279.3 ship 0
349.6 244.0 358.9 247.5 345.4 283.0 336.1 279.5 ship 0
407.7 248.1 417.1 251.6 405.3 283.5 395.9 280.0 ship 0
144.1 281.6 153.8 284.1 139.9 340.4 130.2 337.9 ship 0
431.7 247.0 440.3 252.0 421.3 285.0 412.7 280.0 ship 0
0.1 280.8 38.1 282.3 35.9 340.2 -2.1 338.7 ship 0
63.9 276.7 73.6 279.3 57.8 339.2 48.1 336.7 ship 0
90.4 277.2 99.2 281.8 70.6 336.8 61.8 332.2 ship 0
103.7 278.9 113.4 281.4 97.3 345.4 87.6 342.9 ship 0
115.6 278.0 125.6 277.9 126.3 339.9 116.3 340.0 ship 0
