455.5 319.4 467.8 388.3 359.5 407.6 347.2 338.7 harbor 0
152.4 477.8 262.2 387.7 344.6 488.2 234.8 578.3 harbor 0
615.0 670.4 648.5 676.7 637.0 737.6 603.5 731.3 ship 0
414.2 622.6 424.0 624.4 417.8 657.8 408.0 656.0 ship 0
428.6 615.2 453.6 622.2 443.4 658.8 418.4 651.8 ship 0
336.2 668.1 358.2 667.9 358.8 717.9 336.8 718.1 ship 0
397.4 659.4 407.1 661.9 389.6 729.6 379.9 727.1 ship 0
405.4 664.8 415.2 662.7 428.6 723.2 418.8 725.3 ship 0
414.0 674.5 437.9 664.4 462.0 721.5 438.1 731.6 ship 0
493.2 653.5 502.7 656.8 474.8 738.1 465.3 734.9 ship 0
508.7 652.7 529.7 659.2 504.3 741.3 483.3 734.8 ship 0
557.7 668.8 571.3 665.6 586.4 729.9 572.7 733.1 ship 0
605.7 667.3 614.7 671.7 587.3 727.3 578.3 722.9 ship 0
576.7 621.9 586.5 624.0 578.3 661.1 568.5 659.0 ship 0
608.8 621.5 616.6 627.8 590.2 660.5 582.4 654.2 ship 0
610.9 621.8 640.2 615.6 653.1 676.2 623.8 682.4 ship 0
379.1 613.9 388.1 618.2 369.9 656.1 360.9 651.8 ship 0
394.3 617.4 403.9 620.0 393.7 656.6 384.1 654.0 ship 0
300.8 657.8 322.1 663.1 306.2 727.2 284.9 721.9 ship 0
290.5 615.0 300.4 616.5 294.5 654.0 284.6 652.5 ship 0
-7.8 605.8 1.6 602.6 17.7 650.0 8.3 653.2 ship 0
24.1 605.6 34.0 606.7 29.9 644.4 20.0 643.3 ship 0
58.2 608.4 66.1 614.6 42.8 644.6 34.9 638.4 ship 0
63.6 606.2 89.2 610.8 82.4 648.2 56.8 643.6 ship 0
130.5 608.5 140.2 606.5 149.5 651.5 139.8 653.5 ship 0
166.5 590.5 186.7 599.0 159.5 663.5 139.3 655.0 ship 0
186.9 614.6 196.8 616.2 191.1 653.7 181.2 652.2 ship 0
203.6 611.6 213.5 611.4 214.4 649.4 204.5 649.6 ship 0
213.5 621.8 217.7 617.6 247.5 647.2 243.3 651.4 ship 0
249.6 614.8 259.5 616.2 254.4 653.8 244.5 652.5 ship 0
267.1 615.4 277.1 615.7 275.9 653.6 265.9 653.3 ship 0
299.7 615.1 325.7 616.0 324.3 653.9 298.3 653.0 ship 0
279.2 657.7 289.2 658.7 281.8 728.3 271.8 727.3 ship 0
16.8 652.8 42.7 650.5 48.2 712.2 22.3 714.5 ship 0
72.4 652.7 102.4 654.8 97.6 720.7 67.7 718.5 ship 0
186.8 661.0 196.7 661.9 191.2 723.7 181.2 722.8 ship 0
217.1 657.0 226.6 660.0 206.9 723.0 197.4 720.0 ship 0
234.0 661.1 243.9 662.5 235.0 723.9 225.1 722.5 ship 0
254.4 658.8 264.4 659.2 261.6 725.2 251.6 724.8 ship 0
63.2 852.7 76.4 857.4 52.8 923.3 39.6 918.6 ship 0
565.6 862.8 578.8 867.4 554.4 937.2 541.2 932.6 ship 0
583.8 866.9 597.7 869.0 585.2 950.1 571.3 948.0 ship 0
591.3 858.3 627.4 846.4 650.7 916.7 614.6 928.6 ship 0
487.5 871.0 501.4 872.1 496.5 934.0 482.6 932.9 ship 0
500.8 875.2 529.7 867.0 552.2 945.8 523.3 954.0 ship 0
457.9 871.8 483.3 877.3 470.0 937.9 444.6 932.3 ship 0
96.3 852.9 109.2 858.3 78.7 930.1 65.8 924.7 ship 0
280.9 796.6 302.9 795.7 305.1 853.7 283.2 854.6 ship 0
104.0 851.8 129.9 853.4 125.0 931.2 99.1 929.6 ship 0
177.7 856.7 211.3 851.3 224.3 932.3 190.7 937.7 ship 0
234.5 857.8 248.2 860.8 232.5 933.1 218.8 930.1 ship 0
252.7 862.1 282.0 868.3 268.3 932.9 239.0 926.7 ship 0
-2.8 779.1 11.2 778.1 16.8 855.9 2.8 856.9 ship 0
37.1 787.9 46.5 791.3 27.9 842.1 18.5 838.7 ship 0
56.7 794.0 70.3 797.3 59.3 842.0 45.7 838.7 ship 0
85.3 796.4 98.1 801.9 81.7 840.6 68.9 835.1 ship 0
100.1 800.3 114.1 799.7 115.9 845.7 101.9 846.3 ship 0
140.4 797.9 149.6 801.8 131.6 844.1 122.4 840.2 ship 0
140.2 812.6 162.6 799.5 177.8 825.4 155.4 838.5 ship 0
219.4 803.7 244.8 809.3 235.6 850.3 210.2 844.7 ship 0
342.0 795.2 351.5 792.1 372.0 854.8 362.5 857.9 ship 0
387.6 868.5 417.2 863.4 428.4 928.5 398.8 933.6 ship 0
384.3 811.1 392.9 816.1 373.7 848.9 365.1 843.9 ship 0
399.9 808.6 409.6 810.9 400.1 851.8 390.4 849.5 ship 0
422.5 804.1 432.2 806.4 419.5 858.9 409.8 856.6 ship 0
449.4 806.9 458.5 811.2 435.6 860.1 426.5 855.8 ship 0
482.2 796.9 499.9 800.2 487.8 865.1 470.1 861.8 ship 0
508.7 803.7 518.5 805.6 508.3 858.6 498.5 856.7 ship 0
553.3 803.7 557.8 807.8 507.7 862.3 503.2 858.2 ship 0
541.4 812.0 551.0 809.5 562.6 854.0 553.0 856.5 ship 0
565.5 812.6 575.5 811.6 579.5 853.4 569.5 854.4 ship 0
577.9 816.0 598.8 809.1 612.1 849.0 591.2 855.9 ship 0
295.8 859.0 308.8 853.9 340.2 934.0 327.2 939.1 ship 0
358.0 859.3 370.6 865.4 335.0 939.3 322.4 933.2 ship 0
365.4 867.8 391.4 868.2 390.6 926.2 364.6 925.8 ship 0
481.9 346.2 491.9 347.0 488.1 396.8 478.1 396.0 ship 0
334.0 305.0 334.0 339.0 228.0 339.0 228.0 305.0 ship 0
224.6 331.1 234.5 330.2 240.4 395.9 230.5 396.8 ship 0
243.0 337.9 268.8 341.2 262.1 394.7 236.3 391.5 ship 0
282.2 338.2 314.7 348.3 299.8 396.1 267.3 386.0 ship 0
353.4 340.1 387.3 342.0 384.6 391.9 350.7 390.0 ship 0
385.6 322.2 453.8 380.9 426.4 412.8 358.2 354.1 ship 0
414.1 350.2 419.4 347.4 440.9 388.1 435.6 390.9 ship 0
443.7 349.1 453.5 350.8 446.4 392.2 436.5 390.5 ship 0
475.5 342.2 484.3 347.0 458.5 394.4 449.7 389.7 ship 0
500.1 345.0 510.1 345.0 509.9 395.0 499.9 395.0 ship 0
519.6 346.4 529.6 346.6 528.4 396.6 518.4 396.4 ship 0
536.2 342.7 558.0 345.9 550.8 395.3 529.0 392.1 ship 0
582.4 349.3 592.1 351.8 580.6 396.3 570.9 393.8 ship 0
598.8 348.6 608.7 349.8 603.2 395.4 593.3 394.2 ship 0
641.9 339.5 667.7 361.6 635.1 399.5 609.3 377.4 ship 0
680.0 342.2 720.3 354.1 705.0 405.8 664.7 393.9 ship 0
739.7 371.0 752.3 383.9 719.3 416.0 706.7 403.1 ship 0
521.8 325.7 542.5 310.0 555.8 327.5 535.0 343.2 ship 0
594.1 320.0 610.2 335.0 592.4 354.0 576.4 338.9 ship 0
447.6 331.6 448.9 333.1 447.4 334.4 446.1 332.9 ship 0
426.3 312.6 437.9 326.4 405.7 353.4 394.1 339.6 ship 0
385.2 329.1 386.3 330.8 384.7 331.9 383.6 330.3 ship 0
21.5 415.8 36.1 480.1 22.5 483.2 7.9 418.9 ship 0
606.1 486.4 615.5 489.7 591.9 555.6 582.5 552.3 ship 0
250.1 478.8 259.4 482.4 236.9 540.2 227.6 536.6 ship 0
276.1 475.1 285.4 478.7 259.9 543.9 250.6 540.3 ship 0
291.3 479.1 301.1 481.1 288.7 541.9 278.9 539.9 ship 0
308.0 484.4 322.0 484.6 321.0 546.6 307.0 546.4 ship 0
348.0 483.9 357.0 488.3 330.0 544.1 321.0 539.7 ship 0
361.5 484.1 371.4 485.4 363.5 546.9 353.6 545.6 ship 0
393.9 486.3 403.1 490.3 378.1 547.0 369.0 543.0 ship 0
409.9 486.7 433.7 497.3 410.1 550.3 386.3 539.7 ship 0
438.8 481.7 466.2 435.2 485.2 446.3 457.8 492.8 ship 0
515.3 447.8 525.0 450.2 516.7 483.2 507.0 480.8 ship 0
532.7 447.9 542.6 449.5 537.3 483.1 527.4 481.5 ship 0
633.7 453.8 671.3 447.9 680.3 505.2 642.7 511.1 ship 0
603.9 492.6 625.0 486.2 644.1 549.4 623.0 555.8 ship 0
585.0 486.6 594.1 490.7 565.0 554.4 555.9 550.3 ship 0
189.3 483.5 199.3 483.6 198.7 545.5 188.7 545.4 ship 0
544.1 489.8 554.0 488.8 559.9 550.6 550.0 551.5 ship 0
455.6 486.1 465.5 487.3 458.4 544.9 448.5 543.7 ship 0
487.8 483.4 497.2 486.8 473.2 552.6 463.8 549.2 ship 0
514.2 491.3 523.0 496.0 495.8 547.3 487.0 542.6 ship 0
528.7 491.6 538.6 493.5 527.3 550.4 517.4 548.5 ship 0
213.7 479.4 223.7 479.6 222.3 545.6 212.3 545.4 ship 0
158.4 484.4 168.4 483.7 172.6 545.6 162.6 546.3 ship 0
39.2 431.5 49.1 432.8 44.8 466.5 34.9 465.2 ship 0
357.2 438.2 382.9 442.3 376.8 479.8 351.1 475.7 ship 0
60.1 433.7 70.1 434.6 66.9 468.5 57.0 467.5 ship 0
77.6 435.5 87.5 434.6 90.4 468.5 80.5 469.4 ship 0
101.8 433.7 111.8 434.4 109.2 468.3 99.2 467.6 ship 0
123.9 436.3 133.6 438.5 126.1 471.7 116.4 469.5 ship 0
142.3 436.6 152.2 437.6 148.7 471.4 138.8 470.4 ship 0
166.6 427.8 187.8 464.1 165.4 477.2 144.2 440.9 ship 0
197.4 425.5 206.8 428.8 187.6 483.5 178.2 480.2 ship 0
216.4 439.7 225.3 444.1 208.6 478.3 199.7 473.9 ship 0
226.7 441.8 236.7 441.3 238.3 475.2 228.3 475.7 ship 0
239.6 445.1 244.8 442.2 261.4 471.9 256.2 474.8 ship 0
330.3 438.1 334.2 442.7 289.7 479.9 285.8 475.3 ship 0
326.0 441.8 335.9 443.2 331.0 476.9 321.1 475.4 ship 0
350.3 440.1 359.5 444.0 344.7 478.9 335.5 475.0 ship 0
407.9 444.1 417.2 447.7 405.1 479.5 395.8 475.9 ship 0
146.1 475.9 155.7 478.7 137.9 538.1 128.3 535.3 ship 0
412.7 443.6 438.7 442.4 440.3 480.4 414.3 481.6 ship 0
3.6 477.2 33.6 477.8 32.4 535.8 2.4 535.2 ship 0
64.5 472.8 74.1 475.5 57.2 535.2 47.6 532.5 ship 0
90.0 475.1 98.8 479.9 71.0 530.9 62.2 526.1 ship 0
100.5 476.8 110.3 478.3 100.6 539.6 90.7 538.0 ship 0
117.1 473.8 127.1 474.1 124.8 536.1 114.8 535.7 ship 0
