42.5 401.2 54.5 428.7 1.2 451.8 -10.7 424.2 ship 0
42.9 276.9 67.6 305.7 11.5 354.0 -13.3 325.1 ship 0
85.1 296.4 97.4 309.5 34.9 368.6 22.6 355.5 ship 0
103.6 335.4 115.6 348.9 72.4 387.6 60.4 374.1 ship 0
120.2 367.3 131.2 381.6 78.8 421.7 67.8 407.4 ship 0
147.3 392.8 166.7 415.7 113.2 460.9 93.8 438.0 ship 0
167.2 424.1 177.0 434.1 126.8 482.9 117.0 472.9 ship 0
189.2 461.0 204.2 477.2 167.5 511.2 152.6 495.0 ship 0
158.5 530.7 167.8 541.1 121.6 582.4 112.3 572.0 ship 0
147.4 512.0 153.9 524.4 81.5 562.7 74.9 550.3 ship 0
111.5 474.1 123.3 487.7 64.5 538.9 52.7 525.3 ship 0
90.1 455.0 96.4 462.7 26.9 520.0 20.6 512.3 ship 0
48.8 445.5 55.4 438.0 81.0 460.5 74.4 468.0 ship 0
30.1 394.7 61.2 504.4 43.9 509.3 12.8 399.6 ship 0
169.1 162.4 222.6 85.1 322.9 154.6 269.4 231.9 harbor 0
163.7 653.5 183.9 675.7 152.8 704.0 132.6 681.8 small-vehicle 0
974.5 265.1 986.3 251.5 1021.0 281.7 1009.2 295.3 small-vehicle 0
959.5 425.7 959.9 443.7 921.9 444.5 921.6 426.5 small-vehicle 0
902.6 420.8 908.8 441.9 872.3 452.5 866.1 431.3 small-vehicle 0
793.2 262.7 814.7 289.0 779.1 318.1 757.6 291.8 small-vehicle 0
753.6 296.8 768.6 312.8 738.0 341.5 722.9 325.5 small-vehicle 0
673.3 342.6 681.7 363.0 631.7 383.4 623.3 363.0 small-vehicle 0
601.4 356.3 612.7 375.2 576.6 396.7 565.3 377.8 small-vehicle 0
556.6 375.2 561.9 388.2 519.4 405.8 514.1 392.8 small-vehicle 0
503.2 390.3 515.4 408.6 487.1 427.4 474.9 409.1 small-vehicle 0
444.3 424.1 457.4 441.8 423.7 466.9 410.6 449.2 small-vehicle 0
407.0 446.2 422.1 462.2 388.6 493.7 373.5 477.7 small-vehicle 0
349.3 490.1 361.2 503.5 341.8 520.8 329.9 507.4 small-vehicle 0
299.3 530.7 318.6 548.2 287.7 582.3 268.4 564.8 small-vehicle 0
137.9 908.9 144.0 900.9 174.3 923.8 168.3 931.8 small-vehicle 0
149.9 874.6 162.9 856.9 190.4 877.0 177.3 894.7 small-vehicle 0
175.5 831.5 188.0 813.4 222.6 837.2 210.1 855.3 small-vehicle 0
30.5 808.8 53.1 821.6 28.5 865.2 5.9 852.4 small-vehicle 0
127.6 932.1 131.2 922.7 170.4 937.9 166.8 947.3 small-vehicle 0
356.0 178.9 368.0 192.2 316.0 239.1 304.0 225.8 ship 0
447.9 295.4 456.9 306.1 400.4 353.9 391.4 343.2 ship 0
439.7 262.5 449.2 272.8 389.0 328.4 379.5 318.2 ship 0
380.3 346.0 387.9 357.7 345.9 384.9 338.3 373.1 ship 0
358.6 306.8 380.3 333.0 313.9 387.8 292.3 361.5 ship 0
327.3 288.5 346.4 321.3 306.7 344.5 287.6 311.7 ship 0
390.2 248.0 399.7 258.3 360.1 294.9 350.6 284.7 ship 0
392.8 200.9 402.6 211.0 340.7 270.7 331.0 260.7 ship 0
296.6 215.3 321.0 249.5 257.4 294.7 233.0 260.5 ship 0
338.4 156.3 348.8 171.0 291.5 211.3 281.2 196.6 ship 0
260.0 165.4 270.8 179.9 195.5 236.1 184.7 221.7 ship 0
228.6 118.8 267.0 167.4 202.7 218.3 164.3 169.6 ship 0
315.7 115.7 325.9 125.3 277.6 176.1 267.5 166.4 ship 0
297.4 88.9 307.8 98.2 260.9 150.2 250.5 140.9 ship 0
202.9 98.8 224.8 124.7 171.5 170.0 149.5 144.0 ship 0
269.0 69.0 278.1 79.6 240.0 112.0 230.9 101.4 ship 0
192.9 72.5 209.6 97.4 144.8 140.9 128.1 116.0 ship 0
254.5 42.3 262.9 53.5 219.5 85.7 211.1 74.5 ship 0
232.9 -4.0 247.9 12.1 196.6 59.7 181.6 43.6 ship 0
147.5 11.7 170.0 42.3 110.5 86.3 88.0 55.7 ship 0
595.9 199.8 617.7 225.9 567.1 268.2 545.3 242.1 ship 0
823.7 -12.6 839.4 2.8 796.0 47.1 780.3 31.7 ship 0
759.9 -0.5 772.2 12.6 721.1 60.5 708.8 47.4 ship 0
797.1 108.2 811.1 125.2 784.9 146.8 770.9 129.8 ship 0
794.6 56.7 814.9 88.8 752.4 128.3 732.1 96.2 ship 0
715.8 134.2 725.9 124.5 768.7 169.4 758.5 179.1 ship 0
683.0 151.3 691.2 139.9 751.3 183.0 743.2 194.4 ship 0
656.6 185.7 679.3 205.3 641.4 249.2 618.7 229.6 ship 0
638.2 128.9 648.1 138.7 604.5 182.8 594.5 172.9 ship 0
617.4 107.2 627.1 117.3 576.4 165.5 566.7 155.4 ship 0
593.6 74.9 603.0 85.3 551.0 132.1 541.6 121.7 ship 0
536.9 114.4 557.5 146.4 492.0 188.6 471.4 156.7 ship 0
578.1 53.5 586.6 64.6 527.9 109.5 519.4 98.4 ship 0
558.2 24.7 566.4 36.1 506.2 79.1 498.0 67.7 ship 0
537.9 -4.8 547.3 5.5 489.7 58.1 480.3 47.7 ship 0
464.6 8.7 474.5 23.8 399.4 73.3 389.5 58.2 ship 0
436.1 -17.1 450.1 13.9 400.9 36.1 386.9 5.1 ship 0
