869.4 657.4 875.4 665.3 851.6 683.6 845.6 675.7 harbor 0
774.2 578.9 775.3 580.5 773.7 581.6 772.5 580.0 harbor 0
747.1 474.8 767.1 497.2 726.9 533.2 706.9 510.8 harbor 0
680.1 459.5 681.7 458.2 683.0 459.7 681.4 461.0 harbor 0
619.5 422.9 621.0 421.5 622.4 423.0 620.9 424.4 harbor 0
495.3 331.1 539.0 345.5 529.5 374.0 485.9 359.6 harbor 0
449.1 295.7 450.8 294.6 451.9 296.3 450.2 297.4 harbor 0
418.7 233.6 419.9 235.1 418.3 236.4 417.1 234.8 harbor 0
397.1 120.7 398.3 119.1 399.9 120.3 398.7 121.9 harbor 0
832.7 612.7 852.3 629.7 817.0 670.5 797.3 653.5 harbor 0
870.0 709.8 893.7 691.5 912.0 715.2 888.3 733.5 harbor 0
914.8 745.8 916.7 746.3 916.2 748.2 914.3 747.7 harbor 0
255.1 969.4 260.3 998.9 222.9 1005.6 217.7 976.1 harbor 0
940.4 806.2 962.8 770.7 984.8 784.5 962.5 820.1 harbor 0
