748.4 421.6 781.3 430.3 774.6 455.4 741.7 446.7 harbor 0
451.1 50.9 452.1 49.1 453.9 50.1 452.9 51.9 harbor 0
779.6 646.2 807.1 658.2 780.6 718.7 753.1 706.6 harbor 0
493.0 714.9 518.4 720.1 506.0 780.9 480.6 775.7 harbor 0
392.9 723.1 415.9 711.1 450.1 776.8 427.0 788.8 harbor 0
349.3 734.7 371.6 721.2 403.7 774.3 381.4 787.8 harbor 0
305.2 746.4 327.0 732.3 367.3 794.3 345.6 808.5 harbor 0
309.2 802.4 323.5 791.5 365.6 847.4 351.3 858.3 harbor 0
299.3 864.8 318.5 841.7 369.3 883.9 350.1 907.0 harbor 0
201.6 943.8 203.2 942.6 204.4 944.2 202.8 945.4 harbor 0
129.9 903.2 157.3 923.5 127.5 963.7 100.2 943.4 harbor 0
51.6 908.0 80.8 925.3 61.4 958.0 32.2 940.7 harbor 0
