748.7 802.5 750.6 792.6 787.9 799.6 786.1 809.4 ship 0
255.5 611.5 255.9 613.5 254.0 614.0 253.5 612.0 harbor 0
-4.7 462.0 19.4 452.3 42.7 509.7 18.7 519.5 harbor 0
129.9 499.8 150.5 492.1 163.8 527.8 143.1 535.4 harbor 0
411.9 601.2 430.8 612.5 398.8 665.6 380.0 654.3 harbor 0
749.5 830.5 755.2 805.1 780.6 810.8 774.9 836.2 ship 0
614.1 679.7 621.0 696.3 596.9 706.3 590.0 689.7 harbor 0
781.5 739.5 781.5 737.5 783.5 737.5 783.5 739.5 harbor 0
127.3 613.5 131.4 587.9 180.8 595.6 176.7 621.3 ship 0
617.2 744.4 635.8 756.2 619.8 781.6 601.2 769.8 ship 0
576.6 767.5 601.5 775.1 590.4 811.5 565.5 803.9 ship 0
