339.2 593.8 363.7 602.4 320.8 725.2 296.3 716.6 harbor 0
436.1 698.8 437.2 697.1 438.9 698.2 437.8 699.9 harbor 0
532.6 645.1 553.8 650.9 516.4 787.9 495.2 782.1 harbor 0
605.1 696.6 623.0 697.5 616.9 823.4 599.0 822.5 harbor 0
930.0 779.1 958.4 788.9 929.0 873.9 900.6 864.1 harbor 0
383.3 743.1 444.3 768.4 426.7 810.9 365.7 785.6 ship 0
515.7 770.2 558.7 786.6 542.3 829.6 499.3 813.2 ship 0
570.9 798.3 612.5 817.9 598.1 848.7 556.5 829.1 ship 0
936.9 853.5 968.5 874.6 945.1 909.5 913.5 888.4 ship 0
62.1 592.0 93.3 570.5 119.5 608.3 88.2 629.9 harbor 0
