191.4 128.0 192.3 126.2 194.1 127.1 193.2 128.9 harbor 0
309.2 70.3 337.2 81.1 281.8 224.7 253.8 213.9 harbor 0
354.1 157.4 391.2 137.7 425.9 203.1 388.8 222.8 harbor 0
496.1 148.3 526.1 164.4 475.9 257.7 445.9 241.6 harbor 0
630.7 223.7 658.9 198.2 684.4 226.5 656.1 251.9 harbor 0
791.1 233.3 792.2 231.6 793.9 232.7 792.8 234.4 harbor 0
971.8 692.9 972.8 691.1 974.6 692.1 973.6 693.9 bridge 0
133.9 219.0 138.4 185.3 176.1 190.4 171.5 224.1 ship 0
221.1 153.8 223.1 179.7 177.2 183.1 175.3 157.2 ship 0
398.2 164.6 417.0 219.4 384.8 230.4 366.0 175.6 ship 0
373.6 229.6 409.9 240.6 395.4 288.4 359.1 277.4 ship 0
453.5 218.8 517.2 247.9 486.5 315.2 422.8 286.1 ship 0
758.8 308.9 781.9 284.0 827.4 326.1 804.3 351.0 ship 0
941.3 260.5 950.3 231.9 982.8 242.1 973.8 270.7 ship 0
