508.8 749.2 549.2 760.9 534.2 812.8 493.8 801.1 ship 0
377.1 858.7 381.5 854.7 420.9 897.3 416.5 901.3 ship 0
66.4 858.2 68.3 858.9 67.6 860.8 65.7 860.1 harbor 0
215.7 716.6 216.8 718.2 215.2 719.3 214.1 717.7 harbor 0
294.9 610.6 296.7 611.4 295.9 613.2 294.1 612.4 harbor 0
392.4 675.8 394.3 676.5 393.6 678.3 391.7 677.6 harbor 0
549.6 629.9 551.4 630.8 550.5 632.6 548.7 631.8 harbor 0
760.3 631.3 760.7 633.3 758.7 633.7 758.3 631.7 harbor 0
815.5 617.1 816.9 618.5 815.5 619.9 814.1 618.5 harbor 0
886.5 640.4 887.8 642.0 886.2 643.2 885.0 641.6 harbor 0
177.4 847.8 219.7 865.6 201.9 908.0 159.5 890.2 ship 0
345.7 856.8 359.7 856.3 361.3 898.2 347.3 898.7 ship 0
366.1 861.1 375.2 857.0 394.1 898.9 385.0 903.1 ship 0
