312.4 209.0 319.7 234.0 275.6 247.0 268.3 222.0 ship 0
444.2 609.6 495.0 651.7 435.0 724.1 384.2 682.0 harbor 0
1002.5 686.0 1002.5 744.0 940.5 744.0 940.5 686.0 harbor 0
892.3 691.5 926.3 689.6 928.7 731.5 894.7 733.4 harbor 0
866.7 673.7 881.2 725.7 821.5 742.3 807.0 690.3 harbor 0
735.3 723.7 749.6 675.8 793.7 688.9 779.4 736.8 harbor 0
708.5 659.4 737.9 704.7 672.5 747.2 643.1 701.9 harbor 0
582.5 739.2 598.3 654.6 674.9 668.9 659.2 753.4 harbor 0
939.9 21.1 941.4 22.4 940.1 23.9 938.6 22.6 harbor 0
958.6 91.5 959.6 93.2 957.9 94.2 956.9 92.5 harbor 0
1005.0 126.7 1017.7 139.5 985.1 171.9 972.4 159.1 harbor 0
510.6 699.6 517.4 662.3 574.5 672.6 567.7 710.0 harbor 0
315.1 633.8 441.1 632.1 441.9 690.0 315.9 691.8 harbor 0
273.1 409.2 298.8 366.3 327.9 383.8 302.2 426.7 ship 0
346.5 618.6 366.5 641.0 326.2 677.0 306.2 654.6 harbor 0
780.4 686.0 852.0 667.5 863.5 712.0 791.9 730.5 ship 0
754.1 685.2 822.8 671.6 830.9 712.8 762.2 726.4 ship 0
745.3 671.4 762.2 685.6 737.7 714.6 720.8 700.4 ship 0
654.9 668.8 673.4 697.4 638.1 720.2 619.6 691.6 ship 0
611.5 680.6 638.9 707.0 612.5 734.4 585.1 708.0 ship 0
447.7 654.3 458.6 626.4 490.3 638.7 479.4 666.6 ship 0
394.2 615.2 412.6 648.5 375.8 668.8 357.4 635.5 ship 0
344.3 575.7 365.7 596.7 330.7 632.3 309.3 611.3 ship 0
318.5 436.9 327.6 486.0 278.5 495.1 269.4 446.0 ship 0
278.4 165.4 308.4 181.4 281.2 232.6 251.2 216.6 harbor 0
325.4 572.9 358.1 620.8 303.6 658.1 270.9 610.2 harbor 0
294.0 535.3 310.9 569.3 284.0 582.7 267.2 548.6 harbor 0
250.6 494.2 283.5 441.7 339.4 476.8 306.5 529.3 harbor 0
248.0 440.9 282.8 375.6 326.9 399.1 292.1 464.4 harbor 0
264.6 327.1 275.4 318.1 307.4 356.5 296.6 365.5 harbor 0
253.8 268.6 281.1 236.7 325.2 274.4 297.9 306.3 harbor 0
984.6 130.6 1033.9 191.0 1004.5 215.0 955.1 154.6 ship 0
905.8 -0.8 927.3 25.5 900.9 47.0 879.4 20.6 ship 0
932.5 64.7 958.8 92.2 940.0 110.2 913.7 82.7 ship 0
1021.1 177.9 1028.8 189.6 997.2 210.6 989.4 199.0 ship 0
