110.1 275.0 119.4 340.4 65.9 348.0 56.6 282.6 small-vehicle 0
100.3 362.2 126.1 359.2 132.7 416.8 106.9 419.8 small-vehicle 0
54.3 501.6 80.3 501.4 80.7 559.4 54.7 559.6 small-vehicle 0
51.2 468.5 91.7 479.5 83.8 508.5 43.3 497.5 small-vehicle 0
47.2 498.6 57.0 500.7 44.8 557.4 35.0 555.3 small-vehicle 0
20.5 493.0 30.5 493.4 27.5 571.4 17.5 571.0 small-vehicle 0
249.3 351.4 275.1 347.5 286.7 424.6 260.9 428.5 small-vehicle 0
246.7 347.2 256.7 348.2 248.3 429.8 238.3 428.8 small-vehicle 0
189.3 360.1 219.2 359.0 221.7 424.9 191.8 426.0 small-vehicle 0
142.3 363.0 172.2 360.3 177.8 422.0 148.0 424.7 small-vehicle 0
99.7 363.0 109.4 365.6 93.2 425.5 83.6 422.9 small-vehicle 0
112.3 502.8 126.2 504.7 118.7 558.2 104.8 556.3 small-vehicle 0
27.8 353.1 57.5 348.8 69.2 429.9 39.5 434.2 small-vehicle 0
243.8 199.3 253.7 200.4 242.2 297.7 232.3 296.6 large-vehicle 0
108.9 175.7 130.9 175.3 133.1 301.3 111.1 301.7 large-vehicle 0
166.0 196.0 179.8 198.9 161.0 291.0 147.2 288.1 large-vehicle 0
195.5 192.4 209.2 195.1 190.6 291.3 176.9 288.6 large-vehicle 0
228.6 194.1 238.3 196.7 210.5 299.0 200.9 296.4 large-vehicle 0
284.7 193.2 298.7 192.9 301.3 306.8 287.3 307.1 large-vehicle 0
353.6 200.8 375.4 203.6 361.5 312.7 339.6 309.9 large-vehicle 0
110.9 474.7 120.9 474.0 123.1 503.9 113.1 504.6 small-vehicle 0
134.3 504.5 144.3 504.5 144.7 562.5 134.7 562.5 small-vehicle 0
259.3 193.7 269.3 193.3 273.7 299.3 263.7 299.7 large-vehicle 0
192.9 512.6 202.6 510.3 214.2 558.9 204.4 561.2 small-vehicle 0
365.5 592.1 367.1 582.2 416.5 589.9 414.9 599.8 small-vehicle 0
410.6 555.0 414.2 564.3 367.4 582.0 363.8 572.7 small-vehicle 0
369.0 546.1 371.3 536.4 412.2 545.9 409.9 555.6 small-vehicle 0
369.3 530.2 369.7 520.2 415.7 521.8 415.3 531.8 small-vehicle 0
418.3 493.8 418.7 507.8 364.7 509.2 364.3 495.2 small-vehicle 0
360.2 455.9 366.9 448.5 421.8 498.1 415.1 505.5 small-vehicle 0
152.7 507.1 162.5 505.1 174.3 561.9 164.5 563.9 small-vehicle 0
181.9 504.3 191.8 506.0 182.1 563.2 172.3 561.5 small-vehicle 0
231.7 510.7 240.9 514.5 220.3 564.4 211.1 560.6 small-vehicle 0
137.4 473.9 147.3 475.5 142.6 505.1 132.7 503.5 small-vehicle 0
241.0 507.7 251.0 507.3 253.0 557.3 243.0 557.7 small-vehicle 0
255.0 520.5 280.8 517.7 284.0 547.5 258.2 550.3 small-vehicle 0
263.8 478.6 273.8 478.4 274.3 508.4 264.3 508.6 small-vehicle 0
246.1 478.6 255.7 481.6 247.9 506.4 238.3 503.4 small-vehicle 0
219.2 476.2 229.1 475.0 232.8 504.8 222.9 506.0 small-vehicle 0
197.0 476.1 207.0 475.4 208.9 505.4 199.0 506.0 small-vehicle 0
172.7 478.2 182.3 475.2 191.3 503.8 181.7 506.8 small-vehicle 0
156.2 475.1 166.2 475.5 164.8 505.5 154.8 505.0 small-vehicle 0
377.5 241.6 427.1 247.9 410.5 376.9 360.9 370.5 large-vehicle 0
