690.1 190.5 710.9 175.0 764.7 247.1 743.9 262.7 harbor 0
811.3 167.8 831.1 158.3 856.0 210.8 836.1 220.2 harbor 0
-14.6 762.6 -3.2 754.5 64.7 851.0 53.3 859.1 harbor 0
114.8 715.0 142.7 704.0 190.2 825.0 162.3 836.0 harbor 0
164.2 723.2 186.2 702.8 244.7 765.9 222.7 786.3 harbor 0
169.4 613.0 194.7 584.7 226.0 612.7 200.7 641.1 harbor 0
236.9 532.0 266.8 508.6 290.3 538.5 260.4 561.9 harbor 0
437.4 653.2 438.7 654.7 437.2 656.0 435.9 654.5 harbor 0
358.3 454.5 381.9 430.0 420.7 467.5 397.1 492.0 harbor 0
419.2 433.4 454.7 419.8 475.5 473.9 440.0 487.5 harbor 0
577.2 532.7 578.2 534.4 576.5 535.5 575.5 533.8 harbor 0
737.5 506.0 738.7 507.6 737.1 508.8 735.9 507.1 harbor 0
975.1 32.2 1001.1 31.1 1005.9 145.0 979.9 146.1 harbor 0
849.7 101.0 874.9 84.7 937.0 180.3 911.8 196.6 harbor 0
