34.2 542.7 34.7 544.7 32.8 545.2 32.3 543.2 harbor 0
31.4 361.8 31.8 359.8 33.8 360.2 33.3 362.2 harbor 0
34.1 418.4 34.3 416.4 36.3 416.6 36.0 418.6 harbor 0
40.9 481.3 41.2 479.4 43.1 479.7 42.8 481.6 harbor 0
31.6 580.5 32.4 578.7 34.2 579.5 33.4 581.3 harbor 0
8.5 702.5 10.5 702.5 10.5 704.5 8.5 704.5 harbor 0
27.9 269.6 29.3 271.1 27.8 272.4 26.4 270.9 harbor 0
877.2 222.5 887.3 250.7 862.8 259.5 852.7 231.2 harbor 0
765.9 80.5 767.3 79.1 768.7 80.5 767.3 81.9 harbor 0
867.4 122.9 867.6 120.9 869.6 121.1 869.4 123.1 harbor 0
767.3 137.1 768.4 138.8 766.7 139.9 765.6 138.2 harbor 0
795.8 187.3 796.2 201.3 746.2 202.7 745.8 188.7 harbor 0
876.8 187.3 878.7 187.8 878.2 189.7 876.3 189.2 harbor 0
774.8 246.4 775.1 248.4 773.1 248.6 772.8 246.7 harbor 0
780.9 316.7 781.2 314.7 783.2 315.1 782.9 317.0 harbor 0
763.3 21.6 763.8 19.7 765.7 20.2 765.2 22.1 harbor 0
870.1 305.2 871.2 303.5 872.9 304.6 871.8 306.3 harbor 0
763.5 383.1 763.8 369.1 793.8 369.8 793.5 383.8 harbor 0
871.8 356.3 872.3 354.3 874.2 354.8 873.8 356.7 harbor 0
880.9 413.1 881.9 414.9 880.1 415.9 879.1 414.1 harbor 0
783.5 440.0 783.5 438.0 785.5 438.0 785.5 440.0 harbor 0
790.5 497.3 790.9 499.2 789.0 499.7 788.5 497.7 harbor 0
860.0 58.7 861.8 59.5 861.0 61.3 859.2 60.5 harbor 0
865.1 541.2 872.7 520.5 900.9 530.8 893.3 551.5 harbor 0
785.4 552.9 785.6 550.9 787.6 551.1 787.4 553.1 harbor 0
810.1 607.4 812.1 607.6 811.9 609.6 809.9 609.4 harbor 0
457.9 513.8 458.2 511.9 460.1 512.2 459.8 514.1 harbor 0
373.6 577.1 381.8 588.5 357.4 605.9 349.2 594.5 harbor 0
462.2 549.3 475.7 561.2 445.3 595.7 431.8 583.8 harbor 0
371.9 629.8 372.4 631.7 370.5 632.2 370.0 630.3 harbor 0
416.8 632.0 429.9 627.1 446.1 670.1 433.0 675.1 harbor 0
844.8 601.7 846.8 601.4 847.1 603.3 845.1 603.7 harbor 0
24.6 182.7 25.8 181.1 27.4 182.4 26.1 183.9 harbor 0
363.6 532.7 364.7 531.0 366.4 532.1 365.3 533.8 harbor 0
452.2 456.0 453.0 454.2 454.8 455.0 454.0 456.8 harbor 0
361.4 472.5 361.4 470.5 363.4 470.5 363.4 472.5 harbor 0
441.6 401.3 445.5 392.2 458.4 397.7 454.5 406.9 harbor 0
357.7 397.6 359.4 398.7 358.3 400.4 356.6 399.3 harbor 0
351.9 348.9 352.1 350.9 350.1 351.1 349.9 349.1 harbor 0
434.6 342.2 445.0 327.6 466.2 342.7 455.7 357.4 harbor 0
366.6 267.3 375.4 283.0 328.4 309.6 319.6 293.9 harbor 0
446.6 275.4 448.1 274.1 449.4 275.6 447.9 276.9 harbor 0
330.8 232.3 331.2 230.3 333.2 230.7 332.8 232.7 harbor 0
443.8 211.2 444.3 209.3 446.2 209.8 445.7 211.7 harbor 0
448.1 157.0 449.5 155.6 450.9 157.0 449.5 158.4 harbor 0
435.2 90.0 436.0 88.2 437.8 89.0 437.0 90.8 harbor 0
438.6 23.6 439.9 25.1 438.4 26.4 437.1 24.9 harbor 0
337.5 56.7 338.3 58.5 336.5 59.3 335.7 57.4 harbor 0
880.6 580.1 881.9 578.6 883.4 579.9 882.1 581.4 harbor 0
