803.3 714.5 837.0 710.3 842.7 755.9 808.9 760.1 harbor 0
770.6 418.1 774.2 443.8 700.9 453.9 697.3 428.2 harbor 0
707.0 472.7 738.7 460.5 761.0 518.3 729.3 530.5 harbor 0
749.4 543.5 753.4 556.9 720.8 566.5 716.8 553.0 harbor 0
751.4 615.6 755.8 633.1 730.6 639.4 726.2 621.9 harbor 0
717.5 675.2 725.0 658.9 759.5 674.8 752.0 691.1 harbor 0
750.9 718.1 752.4 719.4 751.1 720.9 749.6 719.6 harbor 0
816.2 677.4 822.7 644.0 875.7 654.3 869.2 687.7 harbor 0
706.3 280.0 707.8 238.0 765.7 240.0 764.2 282.0 harbor 0
843.3 598.0 844.9 599.3 843.6 600.8 842.0 599.5 harbor 0
850.8 525.5 871.7 557.3 833.3 582.5 812.4 550.8 harbor 0
836.7 490.1 837.9 491.7 836.3 492.9 835.1 491.3 harbor 0
829.1 420.5 830.5 419.1 831.9 420.5 830.5 421.9 harbor 0
816.6 297.5 825.9 277.5 860.4 293.5 851.1 313.5 harbor 0
827.5 186.3 828.1 188.2 826.2 188.7 825.6 186.8 harbor 0
714.8 370.5 724.6 350.8 762.2 369.5 752.4 389.2 harbor 0
757.9 184.1 761.5 205.8 712.1 213.9 708.5 192.2 harbor 0
852.2 52.3 857.3 65.4 810.8 83.7 805.7 70.6 harbor 0
331.0 680.5 340.4 704.7 305.0 718.5 295.6 694.3 harbor 0
318.4 436.3 334.6 475.0 299.6 489.7 283.4 451.0 harbor 0
399.0 449.4 411.9 436.9 430.0 455.6 417.1 468.1 harbor 0
435.7 497.5 437.0 507.4 407.3 511.5 406.0 501.6 harbor 0
281.1 522.8 309.3 486.5 348.8 517.2 320.6 553.5 harbor 0
321.4 548.0 340.5 580.9 307.6 600.0 288.5 567.1 harbor 0
324.3 613.6 347.9 643.4 308.7 674.4 285.1 644.6 harbor 0
395.6 693.1 401.8 667.9 446.4 678.9 440.2 704.1 harbor 0
705.8 155.2 712.3 113.7 757.7 120.8 751.2 162.3 harbor 0
329.0 745.5 329.0 743.5 331.0 743.5 331.0 745.5 harbor 0
425.6 721.0 433.0 737.4 398.4 753.0 391.0 736.6 harbor 0
383.7 775.1 400.6 755.3 414.3 766.9 397.4 786.7 harbor 0
697.6 14.7 704.3 -10.5 760.4 4.3 753.7 29.5 harbor 0
732.7 73.3 733.2 75.2 731.2 75.7 730.7 73.8 harbor 0
799.0 131.1 800.1 113.1 846.0 115.9 844.9 133.9 harbor 0
420.2 365.9 439.7 388.7 410.8 413.4 391.3 390.7 harbor 0
338.3 380.7 345.2 401.6 297.7 417.3 290.8 396.4 harbor 0
413.7 335.9 414.2 337.9 412.3 338.4 411.8 336.4 harbor 0
295.3 342.6 296.9 324.7 326.8 327.5 325.1 345.4 harbor 0
292.7 46.9 293.3 28.9 327.3 30.1 326.7 48.1 harbor 0
417.2 17.4 417.8 35.4 383.8 36.6 383.2 18.6 harbor 0
381.4 98.2 385.1 76.5 422.6 82.8 418.9 104.5 harbor 0
300.4 108.2 302.3 108.9 301.6 110.8 299.7 110.1 harbor 0
324.8 136.3 325.2 150.3 279.2 151.7 278.8 137.7 harbor 0
283.7 224.8 287.2 207.2 332.3 216.2 328.8 233.8 harbor 0
385.9 219.2 393.3 194.3 422.1 202.8 414.7 227.7 harbor 0
294.4 271.9 294.6 249.9 328.6 250.1 328.4 272.1 harbor 0
414.4 243.1 426.2 261.6 397.6 279.9 385.8 261.4 harbor 0
