601.3 873.1 612.1 901.1 576.6 914.7 565.9 886.7 harbor 0
194.9 103.8 222.7 77.9 254.1 111.5 226.3 137.5 harbor 0
148.0 96.9 159.7 89.2 187.0 131.1 175.3 138.8 harbor 0
176.0 -13.8 184.3 23.3 151.1 30.8 142.8 -6.3 harbor 0
149.5 233.2 171.4 231.0 175.1 268.8 153.3 271.0 harbor 0
199.4 174.2 221.9 154.3 249.6 185.8 227.1 205.7 harbor 0
138.7 290.6 165.4 276.9 186.4 317.8 159.7 331.5 harbor 0
595.2 859.6 624.4 842.2 641.8 871.4 612.6 888.8 harbor 0
938.0 207.5 965.0 234.2 941.1 258.4 914.1 231.7 harbor 0
978.5 207.0 979.7 197.1 1017.4 201.9 1016.2 211.8 harbor 0
912.0 188.4 915.3 158.6 961.0 163.6 957.7 193.4 harbor 0
1007.3 146.8 1007.7 144.8 1009.6 145.2 1009.3 147.1 harbor 0
907.2 123.5 912.5 106.3 948.8 117.5 943.5 134.7 harbor 0
1002.9 69.3 1017.9 85.4 993.1 108.7 978.1 92.6 harbor 0
926.1 68.7 926.8 70.6 924.9 71.3 924.2 69.4 harbor 0
921.4 7.4 921.6 5.4 923.6 5.6 923.4 7.6 harbor 0
1002.4 11.5 1015.7 29.0 1004.6 37.5 991.3 20.0 harbor 0
961.1 277.5 967.3 302.8 910.9 316.5 904.7 291.2 harbor 0
1013.4 255.4 1013.6 257.4 1011.6 257.6 1011.4 255.6 harbor 0
1009.8 315.3 1010.2 313.3 1012.2 313.7 1011.8 315.7 harbor 0
965.0 847.7 970.5 856.1 932.0 881.3 926.5 872.9 harbor 0
537.3 770.2 552.8 779.3 539.7 801.8 524.2 792.7 harbor 0
560.7 842.3 586.1 847.7 577.3 888.7 551.9 883.3 harbor 0
594.8 757.5 607.6 734.8 637.2 751.5 624.4 774.2 harbor 0
551.6 653.7 560.0 678.3 531.6 688.0 523.2 663.4 harbor 0
620.4 668.1 645.2 696.9 610.3 726.9 585.5 698.1 harbor 0
628.5 559.0 643.8 574.9 613.5 604.0 598.2 588.1 harbor 0
637.2 504.4 647.8 532.4 604.8 548.6 594.2 520.6 harbor 0
599.7 481.1 600.3 455.1 634.3 455.9 633.7 481.9 harbor 0
629.5 55.2 639.1 75.0 608.5 89.8 598.9 70.0 harbor 0
599.1 117.0 605.9 109.6 636.9 138.0 630.1 145.4 harbor 0
967.0 862.7 989.4 842.8 1012.0 868.3 989.6 888.2 harbor 0
918.2 341.6 939.2 326.4 963.8 360.4 942.8 375.6 harbor 0
928.8 819.6 929.9 821.3 928.2 822.4 927.1 820.7 harbor 0
1007.1 754.8 1008.2 753.1 1009.9 754.2 1008.8 755.9 harbor 0
934.8 739.6 956.9 753.3 943.2 775.4 921.1 761.7 harbor 0
943.0 687.9 948.8 705.0 928.0 712.1 922.2 695.0 harbor 0
977.8 650.3 1018.2 628.3 1040.2 668.7 999.8 690.7 harbor 0
1015.0 582.7 1024.2 602.7 997.0 615.3 987.8 595.3 harbor 0
927.7 578.7 928.3 576.7 930.3 577.3 929.7 579.3 harbor 0
929.2 497.0 960.8 509.5 946.8 544.8 915.2 532.3 harbor 0
1018.2 476.5 1018.8 490.4 992.8 491.5 992.2 477.6 harbor 0
908.5 463.4 919.9 440.0 968.5 463.6 957.1 487.0 harbor 0
911.5 398.9 961.3 395.2 964.5 437.1 914.7 440.8 harbor 0
204.1 383.6 222.8 360.2 261.9 391.4 243.2 414.8 harbor 0
145.1 886.2 153.2 865.8 195.9 882.8 187.8 903.2 harbor 0
170.0 907.4 184.9 923.5 160.0 946.6 145.1 930.5 harbor 0
178.2 918.6 200.1 920.5 197.8 946.4 175.9 944.5 harbor 0
206.2 949.0 222.8 934.7 239.8 954.4 223.1 968.7 harbor 0
214.3 909.3 216.6 891.4 282.1 899.8 279.8 917.6 harbor 0
271.3 832.0 273.3 857.9 207.5 863.1 205.5 837.2 harbor 0
210.4 799.2 229.3 752.9 275.6 771.8 256.7 818.1 harbor 0
158.4 759.0 179.5 752.6 190.6 789.0 169.5 795.4 harbor 0
203.1 724.2 222.7 701.5 272.7 744.6 253.1 767.3 harbor 0
253.9 673.5 258.1 686.9 218.1 699.5 213.9 686.1 harbor 0
170.9 626.3 198.0 646.9 170.1 683.5 143.1 663.0 harbor 0
210.4 617.9 221.4 609.2 247.6 642.1 236.6 650.8 harbor 0
136.7 601.4 159.5 571.0 196.3 598.6 173.5 629.0 harbor 0
235.6 545.6 244.8 561.1 222.4 574.4 213.2 558.9 harbor 0
262.3 489.8 265.2 523.6 211.4 528.2 208.5 494.4 harbor 0
152.1 465.9 182.1 466.1 181.9 496.1 151.9 495.9 harbor 0
243.0 438.8 248.2 460.2 219.0 467.2 213.8 445.8 harbor 0
549.9 135.8 566.1 143.7 551.1 174.2 534.9 166.3 harbor 0
596.0 413.9 602.5 392.9 658.0 410.1 651.5 431.1 harbor 0
632.0 330.9 643.7 344.6 621.0 364.1 609.3 350.4 harbor 0
590.8 293.7 639.0 269.4 656.2 303.3 608.0 327.6 harbor 0
543.4 257.9 570.1 271.6 554.6 301.8 527.9 288.1 harbor 0
600.0 236.7 624.3 219.0 642.0 243.3 617.7 261.0 harbor 0
562.6 205.6 569.3 222.3 541.4 233.4 534.7 216.7 harbor 0
619.8 163.7 644.7 180.5 621.2 215.3 596.3 198.5 harbor 0
523.9 104.3 545.9 83.9 571.8 111.7 549.8 132.1 harbor 0
617.5 15.7 618.3 17.5 616.5 18.3 615.7 16.5 harbor 0
