404.2 312.6 433.9 308.8 440.8 362.4 411.1 366.2 harbor 0
666.4 503.1 667.5 504.7 665.9 505.9 664.7 504.2 harbor 0
704.3 468.7 733.9 473.1 723.7 542.3 694.1 538.0 harbor 0
774.0 498.1 775.4 499.5 774.0 500.9 772.6 499.5 harbor 0
829.4 468.4 847.2 471.7 835.3 536.6 817.6 533.4 harbor 0
902.5 461.0 927.9 476.9 886.5 543.0 861.1 527.1 harbor 0
977.6 448.8 1005.5 474.6 925.4 561.2 897.5 535.4 harbor 0
945.2 332.5 971.9 318.8 992.9 359.7 966.2 373.4 harbor 0
807.9 331.0 850.1 312.8 873.1 366.0 830.9 384.2 harbor 0
754.8 314.0 784.6 310.3 790.2 356.0 760.4 359.7 harbor 0
618.3 352.1 659.7 295.7 696.7 322.9 655.3 379.3 harbor 0
595.6 300.0 620.9 316.0 596.4 355.0 571.1 339.0 harbor 0
529.8 331.3 544.0 309.6 579.1 332.6 564.9 354.4 harbor 0
446.7 357.9 461.6 306.0 517.3 322.0 502.4 373.9 harbor 0
307.3 301.1 341.5 276.7 403.2 362.8 369.0 387.3 harbor 0
280.4 266.5 330.3 269.7 323.6 375.5 273.7 372.3 harbor 0
179.2 279.4 212.0 298.5 180.9 352.1 148.0 333.0 harbor 0
107.1 286.5 133.0 284.6 136.1 326.5 110.2 328.4 harbor 0
71.4 311.6 72.9 312.9 71.6 314.4 70.1 313.1 harbor 0
-13.7 301.1 6.0 284.1 30.7 312.9 11.0 329.9 harbor 0
594.1 485.9 612.2 498.4 595.3 523.1 577.1 510.7 harbor 0
561.7 470.4 575.9 496.9 535.3 518.6 521.1 492.1 harbor 0
433.1 481.2 434.3 479.6 435.9 480.8 434.7 482.4 harbor 0
524.2 733.6 549.2 740.9 530.7 804.2 505.8 797.0 harbor 0
15.3 750.0 37.2 748.9 41.7 838.8 19.7 839.9 harbor 0
145.4 765.6 147.4 765.4 147.6 767.4 145.6 767.6 harbor 0
40.7 415.8 84.4 447.5 43.3 504.2 -0.4 472.5 harbor 0
939.8 782.3 957.8 781.7 960.1 843.6 942.1 844.3 harbor 0
867.0 754.5 889.0 753.6 894.0 879.5 872.0 880.4 harbor 0
826.8 743.2 840.6 745.7 820.2 857.8 806.4 855.3 harbor 0
751.6 772.0 769.4 769.0 778.4 822.2 760.6 825.2 harbor 0
708.4 757.6 726.0 761.2 708.6 845.5 690.9 841.8 harbor 0
583.4 723.8 605.3 725.8 592.0 875.2 570.1 873.2 harbor 0
