679.5 106.5 703.5 130.5 679.5 154.5 655.5 130.5 harbor 0
128.9 993.9 129.1 995.9 127.1 996.1 126.9 994.1 harbor 0
75.6 952.5 78.7 918.7 152.4 925.5 149.3 959.3 harbor 0
53.5 932.8 66.5 955.3 37.1 972.4 24.1 949.9 harbor 0
124.7 859.9 127.4 897.9 81.6 901.2 78.8 863.3 harbor 0
33.2 875.4 54.1 896.9 29.8 920.6 8.9 899.1 harbor 0
95.3 748.7 101.0 774.0 67.9 781.5 62.1 756.1 harbor 0
100.2 696.4 102.6 710.2 41.4 720.7 39.1 706.9 harbor 0
25.3 657.4 28.6 635.7 85.9 644.5 82.6 666.2 harbor 0
67.0 574.3 79.3 597.2 21.1 628.4 8.8 605.5 harbor 0
53.6 515.1 64.4 534.3 6.8 566.5 -4.0 547.3 harbor 0
47.1 456.8 56.1 472.4 -8.1 509.2 -17.1 493.6 harbor 0
791.5 111.3 803.3 138.9 742.7 164.9 730.9 137.3 harbor 0
6.3 222.5 31.3 205.9 54.5 241.0 29.5 257.5 harbor 0
310.5 195.1 320.9 209.8 296.3 227.1 286.0 212.4 harbor 0
329.6 285.3 336.5 302.0 305.0 314.9 298.2 298.3 harbor 0
906.3 959.7 907.8 925.8 965.7 928.3 964.2 962.2 harbor 0
868.4 938.3 883.8 964.0 851.2 983.6 835.8 957.8 harbor 0
946.9 870.1 951.7 891.6 891.2 905.2 886.4 883.8 harbor 0
857.9 886.2 867.0 901.8 834.1 920.8 825.0 905.2 harbor 0
938.2 799.5 947.5 823.7 870.9 853.1 861.6 828.8 harbor 0
926.7 757.0 927.6 791.0 861.7 792.9 860.7 758.9 harbor 0
838.2 779.3 847.5 803.6 815.8 815.7 806.5 791.4 harbor 0
901.1 696.4 909.1 716.9 858.8 736.5 850.8 716.0 harbor 0
824.6 712.6 834.7 732.2 797.4 751.4 787.3 731.8 harbor 0
839.7 671.2 843.3 633.4 901.0 638.8 897.5 676.7 harbor 0
807.1 661.9 823.4 682.2 796.8 703.5 780.6 683.2 harbor 0
884.4 573.4 896.9 605.0 835.6 629.3 823.0 597.7 harbor 0
804.8 593.6 816.3 616.9 771.5 639.1 760.0 615.8 harbor 0
882.4 524.8 887.2 537.9 821.5 562.0 816.7 548.9 harbor 0
864.4 458.3 877.4 498.3 814.6 518.7 801.6 478.7 harbor 0
771.2 480.1 783.2 507.6 755.7 519.6 743.7 492.1 harbor 0
809.8 443.1 811.3 417.2 841.2 418.9 839.7 444.8 harbor 0
752.0 425.5 770.0 449.5 746.0 467.5 728.0 443.5 harbor 0
829.4 345.7 846.7 370.2 802.6 401.3 785.3 376.8 harbor 0
768.4 359.6 778.4 383.6 713.8 410.5 703.8 386.4 harbor 0
824.5 302.6 828.5 320.1 787.5 329.4 783.5 311.9 harbor 0
735.5 312.8 743.0 333.4 711.1 345.0 703.6 324.4 harbor 0
822.1 231.7 832.1 260.0 766.1 283.3 756.1 255.1 harbor 0
818.8 177.6 824.7 198.8 757.2 217.4 751.3 196.2 harbor 0
713.8 202.5 721.4 223.2 693.2 233.5 685.6 212.8 harbor 0
891.3 1001.2 896.3 1018.5 859.7 1028.9 854.8 1011.6 harbor 0
942.9 986.8 943.1 984.8 945.1 985.0 944.8 987.0 harbor 0
398.9 625.5 403.9 638.6 375.8 649.2 370.9 636.1 harbor 0
350.4 293.0 369.1 255.4 421.0 281.2 402.3 318.8 harbor 0
343.4 332.8 355.6 355.8 311.6 379.4 299.3 356.4 harbor 0
371.5 362.2 373.6 324.3 419.5 326.8 417.4 364.7 harbor 0
345.5 400.8 356.2 420.1 333.5 432.7 322.8 413.5 harbor 0
439.0 372.7 446.2 393.4 380.0 416.3 372.8 395.6 harbor 0
359.9 451.1 370.6 474.8 343.3 487.2 332.6 463.5 harbor 0
446.4 434.4 454.5 459.1 395.6 478.4 387.5 453.7 harbor 0
377.0 511.8 387.0 531.4 360.3 545.0 350.3 525.4 harbor 0
460.6 488.6 468.7 521.6 408.4 536.4 400.3 503.4 harbor 0
381.8 568.2 396.7 584.4 374.6 604.7 359.7 588.5 harbor 0
427.1 638.8 438.2 602.4 489.9 618.2 478.8 654.6 harbor 0
408.1 678.0 423.6 703.7 391.1 723.4 375.6 697.7 harbor 0
490.7 660.0 501.7 679.1 458.3 704.0 447.3 684.9 harbor 0
523.4 771.8 524.7 809.8 470.8 811.7 469.4 773.8 harbor 0
422.5 791.9 444.9 817.5 422.2 837.2 399.9 811.5 harbor 0
531.0 829.8 540.5 854.0 486.6 875.3 477.0 851.2 harbor 0
438.6 850.8 455.0 871.0 425.5 895.0 409.1 874.8 harbor 0
542.5 899.4 543.6 921.3 497.7 923.6 496.6 901.6 harbor 0
563.2 957.9 564.6 979.8 498.8 984.1 497.4 962.2 harbor 0
428.2 992.6 439.9 960.7 486.9 977.8 475.2 1009.8 harbor 0
