862.0 553.1 878.9 546.8 895.0 589.9 878.1 596.2 harbor 0
919.9 543.6 940.7 536.6 954.1 576.4 933.3 583.4 harbor 0
989.7 537.1 991.5 536.3 992.3 538.1 990.5 538.9 harbor 0
805.2 578.5 817.0 570.9 837.5 602.9 825.7 610.5 harbor 0
754.1 605.1 762.7 600.0 773.9 618.9 765.3 624.0 harbor 0
685.2 597.2 714.0 588.9 728.8 640.8 700.0 649.1 harbor 0
626.8 632.1 642.1 622.6 660.1 651.5 644.8 661.0 harbor 0
312.3 488.4 312.6 486.4 314.6 486.6 314.3 488.6 harbor 0
324.5 542.7 325.2 544.6 323.4 545.3 322.6 543.5 harbor 0
344.3 586.1 345.7 587.5 344.3 589.0 342.9 587.6 harbor 0
387.7 617.4 391.7 635.0 327.3 649.5 323.3 631.9 harbor 0
402.8 642.6 419.1 657.4 382.7 697.3 366.4 682.5 harbor 0
400.9 653.5 421.1 644.8 447.1 705.5 426.9 714.2 harbor 0
432.6 635.8 449.0 628.4 487.4 714.2 471.0 721.6 harbor 0
516.2 661.4 518.1 660.7 518.8 662.6 516.9 663.3 harbor 0
563.1 643.6 578.1 633.7 596.8 662.1 581.8 672.0 harbor 0
