517.9 417.1 551.8 414.4 561.9 540.0 528.1 542.7 harbor 0
36.8 560.1 57.1 551.6 70.2 582.9 49.9 591.4 harbor 0
90.1 554.1 115.1 537.5 133.9 565.9 108.9 582.5 harbor 0
165.4 536.3 167.3 537.0 166.7 538.9 164.8 538.2 harbor 0
197.9 512.8 220.3 499.6 260.0 566.7 237.6 579.9 harbor 0
330.7 485.9 351.0 477.4 371.8 527.3 351.5 535.7 harbor 0
387.0 466.3 412.0 449.8 450.6 508.2 425.6 524.7 harbor 0
453.7 459.7 475.2 445.0 503.3 486.3 481.8 501.0 harbor 0
558.6 395.2 583.3 387.0 638.0 552.2 613.3 560.4 harbor 0
632.4 442.0 652.7 425.7 691.6 474.0 671.3 490.3 harbor 0
669.5 412.4 694.9 396.4 745.3 475.7 720.0 491.8 harbor 0
737.3 407.9 754.4 394.1 790.7 439.4 773.5 453.1 harbor 0
842.1 404.7 843.8 403.6 844.9 405.3 843.2 406.4 harbor 0
883.0 378.3 902.8 368.8 921.0 406.7 901.2 416.2 harbor 0
930.6 334.3 951.1 326.3 991.4 428.7 970.9 436.7 harbor 0
642.3 202.8 665.8 184.1 709.3 238.9 685.9 257.6 harbor 0
316.4 282.8 340.9 274.3 372.0 363.0 347.4 371.6 harbor 0
413.6 315.9 415.6 316.1 415.4 318.1 413.4 317.9 harbor 0
576.7 264.3 577.8 266.0 576.1 267.1 575.0 265.4 harbor 0
839.6 142.9 864.8 136.6 885.4 220.1 860.2 226.4 harbor 0
