124.0 484.8 154.6 462.2 182.0 499.2 151.4 521.8 small-vehicle 0
251.5 163.1 271.6 154.4 283.5 181.9 263.4 190.6 small-vehicle 0
245.7 308.7 263.0 295.1 291.3 331.3 274.0 344.9 small-vehicle 0
157.9 212.0 177.4 201.8 193.1 232.0 173.6 242.2 small-vehicle 0
607.2 235.8 608.3 234.1 609.9 235.2 608.8 236.9 swimming-pool 0
759.9 234.3 1003.8 265.9 987.1 394.8 743.2 363.2 tennis-court 0
925.5 530.8 1058.1 569.3 998.4 774.8 865.9 736.3 tennis-court 0
779.8 529.9 844.9 519.4 873.2 695.1 808.1 705.6 tennis-court 0
643.0 525.5 708.1 514.7 736.0 682.5 670.9 693.3 tennis-court 0
411.5 540.4 434.6 510.2 690.5 705.6 667.4 735.8 tennis-court 0
356.8 514.5 421.2 500.0 470.2 716.5 405.8 731.0 tennis-court 0
221.6 677.2 286.8 666.9 313.4 834.8 248.2 845.1 tennis-court 0
218.7 637.2 252.1 674.5 45.0 859.9 11.6 822.7 tennis-court 0
