949.6 30.4 1077.9 159.5 1034.0 203.2 905.6 74.2 harbor 0
108.7 404.6 133.7 427.7 72.7 493.9 47.7 470.8 harbor 0
281.9 572.4 337.8 614.5 278.9 692.8 223.0 650.7 harbor 0
409.2 429.5 457.4 373.3 495.3 405.9 447.1 462.1 harbor 0
278.0 983.2 301.5 1001.7 273.0 1037.8 249.5 1019.3 small-vehicle 0
211.1 884.2 229.4 902.6 193.9 937.8 175.6 919.4 small-vehicle 0
189.9 873.3 209.0 891.0 175.1 927.7 156.0 910.0 small-vehicle 0
562.7 466.8 613.1 546.1 506.8 613.7 456.4 534.4 harbor 0
340.1 723.7 353.7 701.6 409.9 736.2 396.3 758.4 harbor 0
521.8 779.2 564.8 862.8 442.0 925.9 399.0 842.3 harbor 0
559.4 669.7 631.8 603.6 681.6 658.3 609.2 724.4 harbor 0
705.0 621.1 750.6 656.9 657.9 774.8 612.3 739.0 harbor 0
726.9 757.0 728.1 758.5 726.6 759.8 725.3 758.2 harbor 0
821.4 794.2 855.7 841.0 776.6 898.8 742.3 852.0 harbor 0
575.5 928.0 581.9 935.7 549.7 962.6 543.3 955.0 harbor 0
874.4 881.4 947.4 940.8 890.6 1010.6 817.6 951.2 harbor 0
