853.0 556.2 854.8 557.0 854.0 558.8 852.2 558.0 swimming-pool 0
818.1 652.7 819.9 653.5 819.1 655.3 817.3 654.6 swimming-pool 0
880.6 263.2 881.9 261.8 883.4 263.1 882.0 264.6 swimming-pool 0
637.9 532.9 639.8 532.3 640.4 534.2 638.5 534.8 swimming-pool 0
638.7 945.2 639.0 947.2 637.0 947.5 636.7 945.5 swimming-pool 0
755.3 859.3 757.3 859.1 757.5 861.1 755.6 861.3 swimming-pool 0
-4.0 157.0 12.4 114.0 141.3 163.2 124.9 206.2 harbor 0
307.7 220.3 318.1 205.7 401.3 264.7 390.9 279.3 harbor 0
332.2 302.8 333.5 301.3 335.0 302.6 333.7 304.1 harbor 0
327.6 347.7 328.8 346.1 330.4 347.3 329.2 348.9 harbor 0
266.9 406.5 291.1 382.6 337.4 429.6 313.2 453.5 harbor 0
295.6 476.5 297.0 475.1 298.4 476.5 297.0 477.9 harbor 0
234.8 695.9 261.8 658.7 302.2 688.1 275.2 725.3 harbor 0
-6.9 646.2 63.0 648.9 55.9 830.8 -14.0 828.1 harbor 0
90.2 476.6 96.5 493.5 57.3 508.4 50.9 491.5 harbor 0
119.9 276.7 152.2 256.7 189.1 316.3 156.8 336.3 harbor 0
69.1 189.3 99.8 228.8 50.8 266.8 20.1 227.4 harbor 0
361.2 146.8 365.6 121.2 403.1 127.7 398.6 153.3 harbor 0
345.4 192.6 357.4 165.1 410.6 188.4 398.6 215.9 harbor 0
431.1 67.5 439.5 96.3 380.0 113.6 371.6 84.8 harbor 0
430.4 44.3 431.6 42.8 433.2 44.0 432.0 45.6 harbor 0
326.7 168.2 347.1 152.1 373.1 185.1 352.7 201.2 ship 0
333.4 200.4 358.2 192.5 363.7 209.7 338.9 217.5 ship 0
238.4 693.3 248.5 673.8 271.6 685.7 261.5 705.2 ship 0
240.0 787.5 244.7 778.6 281.8 798.5 277.0 807.3 ship 0
232.2 804.1 237.3 795.5 276.8 818.9 271.7 827.5 ship 0
227.3 828.0 238.4 808.9 274.7 830.0 263.6 849.1 ship 0
219.8 845.8 228.8 830.2 265.2 851.2 256.2 866.8 ship 0
221.9 878.1 251.0 902.5 229.2 928.6 200.1 904.2 ship 0
0.6 814.1 11.1 799.4 35.4 816.9 24.9 831.6 ship 0
2.3 796.8 6.5 779.3 35.7 786.2 31.5 803.7 ship 0
11.3 761.3 19.6 736.7 51.8 747.5 43.5 772.2 ship 0
0.4 756.8 25.1 699.9 78.3 723.0 53.7 779.9 ship 0
21.2 713.4 30.4 702.9 59.1 727.7 50.0 738.3 ship 0
18.0 698.2 27.0 678.1 83.6 703.3 74.7 723.4 ship 0
32.2 682.3 36.2 668.9 68.8 678.7 64.8 692.1 ship 0
40.9 646.3 50.1 617.8 90.1 630.7 80.9 659.2 ship 0
101.3 205.9 171.4 229.5 160.6 261.7 90.5 238.1 ship 0
38.1 143.8 44.2 169.1 18.9 175.2 12.8 149.9 ship 0
158.8 290.3 188.8 306.3 167.1 346.9 137.1 330.8 ship 0
