55.0 982.0 55.0 980.0 57.0 980.0 57.0 982.0 harbor 0
48.0 871.7 48.8 873.5 47.0 874.3 46.2 872.5 harbor 0
61.5 713.9 66.5 739.5 1.7 752.2 -3.3 726.7 harbor 0
802.1 203.5 844.7 158.5 869.4 181.9 826.8 226.9 tennis-court 0
786.1 134.7 810.6 143.4 783.1 220.6 758.6 211.9 tennis-court 0
142.7 -5.4 214.8 24.4 174.3 122.4 102.2 92.6 harbor 0
268.7 114.8 362.0 180.5 326.3 231.2 233.0 165.5 harbor 0
373.7 39.1 375.1 37.6 376.6 39.0 375.2 40.5 harbor 0
142.0 24.1 143.6 14.3 189.0 21.9 187.4 31.7 ship 0
160.5 7.6 162.9 -6.2 188.5 -1.6 186.1 12.2 ship 0
133.5 82.8 148.3 2.2 197.5 11.2 182.7 91.8 ship 0
256.2 138.9 271.8 148.0 248.7 187.8 233.1 178.7 ship 0
471.5 5.6 492.6 20.8 449.4 80.9 428.2 65.7 ship 0
425.1 -3.1 452.4 17.2 424.9 54.1 397.6 33.8 ship 0
365.5 -10.3 381.3 -1.8 361.5 35.3 345.7 26.8 ship 0
310.4 8.4 334.2 18.8 304.6 86.6 280.8 76.2 ship 0
331.1 25.3 340.3 29.1 322.9 71.7 313.7 67.9 ship 0
350.7 40.9 359.7 45.4 344.3 75.8 335.4 71.3 ship 0
389.8 43.6 412.5 56.2 390.2 96.4 367.5 83.8 ship 0
407.9 183.1 435.4 195.1 420.1 229.9 392.6 217.9 ship 0
387.7 185.0 408.0 201.3 384.3 231.0 364.0 214.7 ship 0
335.2 158.0 353.4 170.3 329.8 205.0 311.6 192.7 ship 0
276.7 130.0 336.6 173.5 307.3 214.0 247.4 170.5 ship 0
273.5 140.2 282.8 143.8 265.0 190.4 255.6 186.9 ship 0
