363.8 485.2 429.7 489.0 422.2 622.8 356.3 619.0 tennis-court 0
318.9 792.5 384.6 786.7 396.1 916.2 330.4 922.0 tennis-court 0
459.5 789.7 525.5 791.3 522.5 913.3 456.5 911.7 tennis-court 0
122.1 611.9 187.9 606.8 206.9 852.1 141.1 857.2 tennis-court 0
-33.6 612.9 46.8 597.0 97.6 854.1 17.2 870.0 tennis-court 0
492.3 485.8 558.3 487.2 555.5 617.2 489.5 615.8 tennis-court 0
877.6 793.5 905.5 774.1 920.4 795.5 892.5 814.9 small-vehicle 0
690.1 257.4 755.0 269.3 692.3 609.6 627.4 597.6 tennis-court 0
788.1 321.5 854.1 319.6 860.5 537.5 794.6 539.4 tennis-court 0
-8.7 239.3 115.1 187.8 195.7 381.7 71.9 433.2 tennis-court 0
243.1 77.0 260.0 101.8 231.9 121.0 215.0 96.2 small-vehicle 0
