644.2 750.4 650.6 742.6 707.8 789.6 701.4 797.4 small-vehicle 0
589.1 969.8 596.4 963.0 630.4 999.7 623.1 1006.5 small-vehicle 0
883.8 669.1 891.4 662.6 923.9 700.5 916.4 707.1 small-vehicle 0
827.1 731.2 833.5 723.5 868.9 752.8 862.5 760.5 small-vehicle 0
797.1 756.1 804.3 749.1 841.9 787.9 834.7 794.9 small-vehicle 0
661.8 732.6 669.3 725.9 710.7 772.0 703.3 778.6 small-vehicle 0
598.5 810.0 605.7 803.1 640.5 839.0 633.3 845.9 small-vehicle 0
626.8 782.9 633.8 775.7 669.7 810.4 662.7 817.6 small-vehicle 0
444.9 964.6 453.0 958.8 484.4 1002.7 476.3 1008.5 small-vehicle 0
483.0 928.1 498.3 912.3 537.0 949.9 521.7 965.7 small-vehicle 0
569.3 838.2 576.4 831.1 617.4 872.1 610.3 879.2 small-vehicle 0
668.7 878.0 675.9 871.1 713.3 910.0 706.1 916.9 small-vehicle 0
660.9 897.0 668.6 890.6 698.1 926.0 690.4 932.4 small-vehicle 0
644.7 910.2 651.8 903.2 684.3 935.8 677.2 942.8 small-vehicle 0
633.8 928.2 640.7 920.9 671.2 949.8 664.3 957.1 small-vehicle 0
617.6 940.6 624.9 933.8 656.4 967.4 649.1 974.2 small-vehicle 0
598.5 950.8 605.6 943.8 643.5 982.2 636.4 989.2 small-vehicle 0
933.1 631.2 940.1 624.0 975.9 658.8 968.9 666.0 small-vehicle 0
-31.2 134.8 35.6 94.7 104.6 209.6 37.7 249.7 helicopter 0
894.4 656.2 901.5 649.2 936.6 684.8 929.5 691.8 small-vehicle 0
864.8 541.0 872.1 534.1 912.2 576.0 904.9 582.9 small-vehicle 0
637.0 765.3 644.1 758.2 685.3 799.0 678.3 806.1 small-vehicle 0
957.2 622.1 964.9 615.7 989.0 645.1 981.3 651.5 small-vehicle 0
612.6 793.5 620.4 787.2 652.1 825.8 644.4 832.1 small-vehicle 0
580.3 824.8 586.7 817.1 628.2 851.7 621.8 859.4 small-vehicle 0
554.0 853.4 560.8 846.1 606.0 888.6 599.2 895.9 small-vehicle 0
538.8 873.3 554.6 858.0 592.2 896.7 576.4 912.0 small-vehicle 0
459.0 952.8 466.2 946.0 506.0 988.2 498.8 995.0 small-vehicle 0
477.1 944.4 484.2 937.3 516.4 970.1 509.3 977.2 small-vehicle 0
683.5 864.4 690.7 857.4 722.5 890.6 715.3 897.6 small-vehicle 0
700.3 852.9 707.1 845.5 741.1 876.5 734.3 883.9 small-vehicle 0
707.5 845.0 724.9 825.7 759.0 856.5 741.6 875.8 small-vehicle 0
695.5 705.9 702.8 699.0 745.4 744.0 738.1 750.9 small-vehicle 0
814.0 740.4 821.6 733.8 849.0 765.6 841.4 772.2 small-vehicle 0
839.7 709.6 847.2 703.0 877.6 737.6 870.1 744.2 small-vehicle 0
855.0 695.1 862.4 688.5 893.0 722.9 885.6 729.5 small-vehicle 0
872.0 684.9 879.3 678.0 911.1 711.2 903.8 718.2 small-vehicle 0
908.6 639.9 915.9 633.0 950.4 669.1 943.1 676.0 small-vehicle 0
879.1 526.8 886.0 519.5 930.9 562.2 924.0 569.5 small-vehicle 0
779.2 625.3 786.2 618.2 827.8 658.7 820.8 665.8 small-vehicle 0
796.7 611.0 804.1 604.2 843.3 647.0 835.9 653.8 small-vehicle 0
838.0 569.7 844.9 562.4 884.1 599.5 877.3 606.8 small-vehicle 0
855.4 555.8 862.8 549.2 893.4 583.6 885.9 590.2 small-vehicle 0
909.4 499.0 916.4 491.8 946.6 521.0 939.6 528.2 small-vehicle 0
965.8 439.1 973.2 432.5 1009.1 472.8 1001.7 479.5 small-vehicle 0
951.6 454.8 958.4 447.5 994.9 481.7 988.1 489.0 small-vehicle 0
937.7 471.1 944.5 463.7 978.3 494.9 971.5 502.3 small-vehicle 0
920.7 479.0 927.9 472.1 965.3 511.0 958.1 517.9 small-vehicle 0
686.1 726.9 693.2 719.8 733.9 761.1 726.8 768.2 small-vehicle 0
739.8 672.7 752.4 659.8 791.2 697.3 778.6 710.2 small-vehicle 0
823.0 581.0 830.4 574.3 867.0 614.0 859.6 620.7 small-vehicle 0
795.8 582.3 802.9 575.3 863.2 636.7 856.1 643.7 small-vehicle 0
896.4 513.3 903.6 506.4 940.6 545.7 933.4 552.6 small-vehicle 0
