281.8 106.2 297.1 80.4 340.2 105.8 324.9 131.6 small-vehicle 0
279.2 -3.5 289.7 24.6 254.1 37.9 243.6 9.8 small-vehicle 0
664.0 67.8 666.8 93.7 625.0 98.2 622.2 72.3 small-vehicle 0
365.6 157.9 373.6 120.8 430.3 133.0 422.3 170.1 small-vehicle 0
362.6 131.2 364.3 165.2 330.3 166.8 328.6 132.9 small-vehicle 0
310.2 134.4 321.1 158.0 293.9 170.7 283.0 147.1 small-vehicle 0
106.9 603.3 155.1 590.1 195.7 738.7 147.5 751.9 tennis-court 0
217.4 587.8 266.6 578.8 295.6 738.2 246.4 747.2 tennis-court 0
316.8 587.1 365.2 574.7 403.2 723.9 354.8 736.3 tennis-court 0
432.3 569.8 486.2 565.6 498.7 727.1 444.9 731.3 tennis-court 0
329.6 326.4 432.5 301.0 469.3 450.6 366.4 475.9 tennis-court 0
115.8 342.2 219.0 317.9 254.2 467.8 151.0 492.1 tennis-court 0
