947.6 691.8 948.7 690.1 950.4 691.2 949.3 692.9 harbor 0
855.6 656.6 856.9 655.1 858.4 656.4 857.1 657.9 harbor 0
795.3 615.7 796.5 614.1 798.1 615.3 796.8 616.9 harbor 0
683.5 560.8 703.9 544.7 722.5 568.2 702.1 584.3 harbor 0
652.6 550.1 653.9 548.6 655.4 549.9 654.1 551.4 harbor 0
552.1 547.4 576.3 523.5 602.9 550.6 578.7 574.5 harbor 0
450.0 498.1 475.4 475.6 521.8 528.0 496.3 550.5 harbor 0
293.1 20.9 294.6 19.6 295.9 21.1 294.4 22.4 swimming-pool 0
552.1 91.7 554.0 92.5 553.2 94.4 551.3 93.6 swimming-pool 0
897.6 97.9 898.6 96.1 900.4 97.1 899.4 98.9 swimming-pool 0
1007.7 155.5 1009.0 153.9 1010.5 155.2 1009.2 156.8 swimming-pool 0
712.1 140.2 713.8 139.1 714.9 140.8 713.2 141.9 swimming-pool 0
995.7 265.3 996.2 267.2 994.3 267.7 993.8 265.8 swimming-pool 0
967.3 571.3 969.2 571.8 968.7 573.7 966.8 573.2 swimming-pool 0
389.5 455.1 402.1 427.9 447.5 448.9 434.9 476.1 harbor 0
338.0 392.6 356.0 405.2 343.4 423.2 325.4 410.6 harbor 0
267.9 376.4 279.7 389.9 257.1 409.6 245.3 396.1 harbor 0
219.5 333.9 242.3 353.5 222.7 376.3 200.0 356.7 harbor 0
22.3 302.7 23.6 304.2 22.1 305.5 20.8 304.0 harbor 0
