637.6 529.0 720.0 433.7 848.6 544.9 766.2 640.2 plane 0
634.5 148.2 702.8 239.5 627.5 295.8 559.2 204.5 plane 0
435.6 18.9 571.5 72.2 483.2 297.5 347.2 244.1 plane 0
833.3 309.8 870.9 396.0 773.7 438.2 736.2 352.0 plane 0
585.6 713.7 700.4 593.9 768.3 658.9 653.4 778.8 plane 0
911.6 531.2 951.2 483.5 1026.6 546.1 986.9 593.8 plane 0
23.8 790.5 121.0 876.9 45.3 962.1 -51.9 875.8 plane 0
658.8 850.2 779.9 736.6 844.2 805.2 723.1 918.7 plane 0
879.0 860.5 919.0 813.1 1000.0 881.5 960.0 928.9 plane 0
897.6 682.9 933.3 660.8 974.4 727.1 938.7 749.2 plane 0
