518.8 31.4 550.6 43.5 532.8 90.2 501.0 78.1 plane 0
184.2 600.2 208.6 617.6 191.1 642.1 166.7 624.6 plane 0
207.7 565.1 225.3 578.4 209.6 599.1 192.1 585.8 plane 0
361.8 623.9 383.9 649.8 355.0 674.5 332.9 648.6 plane 0
184.1 782.3 186.6 768.5 224.0 775.2 221.5 789.0 plane 0
205.1 793.4 209.1 802.5 177.9 816.1 174.0 806.9 plane 0
152.0 829.1 156.8 815.9 196.2 830.5 191.4 843.7 plane 0
150.6 833.2 181.9 854.7 169.4 872.8 138.1 851.3 plane 0
148.6 857.5 167.4 885.9 142.4 902.5 123.6 874.1 plane 0
94.7 930.2 120.6 908.2 142.6 934.1 116.7 956.1 plane 0
92.3 936.4 101.7 933.0 117.2 976.3 107.8 979.7 plane 0
70.5 995.5 77.1 978.7 112.4 992.6 105.9 1009.4 plane 0
286.3 450.5 320.5 474.9 282.2 528.6 248.0 504.2 plane 0
223.3 450.5 256.4 442.9 265.9 483.8 232.8 491.5 plane 0
133.3 430.2 165.6 392.1 200.7 421.8 168.4 459.9 plane 0
391.0 408.3 426.4 422.1 412.6 457.5 377.2 443.7 plane 0
294.5 343.2 334.8 372.8 307.5 409.8 267.2 380.2 plane 0
222.1 306.8 247.1 329.8 224.1 354.8 199.1 331.8 plane 0
433.8 254.6 441.0 275.4 386.2 294.4 379.0 273.6 plane 0
359.8 186.9 406.0 214.9 353.2 302.1 307.0 274.1 plane 0
316.2 160.0 352.3 188.5 289.0 268.5 252.9 240.0 plane 0
458.9 145.1 500.9 185.1 458.1 229.9 416.1 189.9 plane 0
423.7 109.3 456.7 157.0 389.3 203.7 356.3 156.0 plane 0
363.0 74.9 399.3 103.1 344.0 174.1 307.7 145.9 plane 0
58.7 579.6 64.0 542.0 97.6 546.7 92.4 584.3 plane 0
157.7 583.5 183.2 606.1 163.3 628.5 137.8 605.9 plane 0
74.2 684.1 88.6 662.5 120.3 683.5 105.9 705.2 plane 0
592.3 177.7 636.4 208.9 607.5 249.7 563.4 218.5 plane 0
475.9 10.0 495.9 26.6 469.1 59.0 449.1 42.4 plane 0
