106.0 179.1 110.1 174.7 135.0 197.9 130.9 202.3 plane 0
89.5 183.0 104.8 173.4 116.5 192.0 101.2 201.6 plane 0
70.8 196.3 86.1 170.5 98.2 177.7 82.9 203.5 plane 0
154.9 183.5 167.8 196.1 88.1 277.5 75.2 264.9 plane 0
473.9 1023.0 474.3 1013.0 492.3 1013.6 491.9 1023.6 plane 0
474.2 1004.5 486.5 986.2 504.8 998.5 492.5 1016.8 plane 0
435.8 969.3 461.3 964.3 467.2 993.7 441.7 998.7 plane 0
425.9 1014.4 427.8 1014.8 427.5 1016.7 425.5 1016.4 plane 0
394.5 936.3 416.2 957.0 395.5 978.7 373.8 958.0 plane 0
358.9 973.1 360.4 974.4 359.1 975.9 357.6 974.6 plane 0
383.2 982.5 394.9 990.3 378.2 1015.3 366.5 1007.5 plane 0
394.9 1004.0 396.6 1005.1 395.6 1006.8 393.9 1005.7 plane 0
410.7 1009.3 412.3 1010.4 411.2 1012.1 409.5 1010.9 plane 0
