454.9 895.3 461.5 902.8 394.1 962.3 387.4 954.8 plane 0
419.1 859.4 468.6 896.9 452.9 917.6 403.4 880.1 plane 0
473.5 818.5 522.5 874.0 494.0 899.1 445.0 843.7 plane 0
512.4 746.0 573.6 780.1 555.1 813.3 493.9 779.2 plane 0
555.5 691.5 602.6 708.3 580.5 770.5 533.4 753.7 plane 0
506.3 645.3 568.2 649.5 564.0 711.4 502.1 707.1 plane 0
588.5 984.6 598.4 974.7 639.4 1015.8 629.4 1025.7 plane 0
633.2 965.7 643.2 975.5 627.8 991.3 617.8 981.5 plane 0
653.9 930.8 668.2 941.7 652.5 962.4 638.2 951.5 plane 0
615.3 942.4 627.1 950.0 608.7 978.6 596.9 971.0 plane 0
641.8 884.7 654.4 890.8 625.7 950.2 613.1 944.1 plane 0
673.1 883.4 701.5 924.5 680.0 939.3 651.7 898.1 plane 0
684.0 831.9 738.2 898.6 718.0 915.0 663.8 848.3 plane 0
723.5 821.8 732.8 832.2 713.4 849.5 704.1 839.1 plane 0
737.8 786.6 749.6 794.0 735.9 816.1 724.0 808.7 plane 0
697.9 806.1 708.4 815.4 662.1 867.9 651.6 858.6 plane 0
737.5 751.0 747.6 760.6 702.4 808.7 692.2 799.1 plane 0
992.2 928.5 1027.0 951.9 988.0 1010.0 953.1 986.6 plane 0
481.6 659.4 578.3 539.5 676.4 618.6 579.7 738.5 helicopter 0
578.2 969.1 963.6 225.0 1086.1 288.5 700.7 1032.6 helicopter 0
788.3 646.6 832.1 684.6 796.7 725.4 752.9 687.4 plane 0
803.2 539.6 865.3 586.8 822.9 642.5 760.8 595.3 plane 0
839.1 549.2 900.6 614.8 872.9 640.8 811.4 575.2 plane 0
821.8 580.6 918.9 477.0 943.7 500.2 846.6 603.8 plane 0
812.2 494.2 862.6 513.5 850.4 545.2 800.0 525.9 plane 0
832.6 465.1 902.6 464.5 902.8 490.5 832.8 491.1 plane 0
883.9 418.3 992.5 482.3 977.2 508.1 868.7 444.2 plane 0
835.8 406.2 946.3 447.7 937.1 472.1 826.7 430.6 plane 0
957.9 406.5 960.6 416.1 924.1 426.5 921.4 416.9 plane 0
908.3 390.1 922.6 401.0 906.9 421.7 892.5 410.8 plane 0
974.1 360.2 988.3 349.2 1011.5 379.3 997.3 390.3 plane 0
987.5 285.2 1065.5 330.1 1038.5 376.9 960.5 332.0 plane 0
974.5 294.9 989.8 310.7 962.5 337.1 947.2 321.3 plane 0
898.1 342.6 915.5 323.3 970.4 372.8 953.0 392.1 plane 0
751.5 306.4 795.6 337.5 755.3 394.7 711.1 363.6 plane 0
751.5 287.6 790.1 249.9 847.4 308.6 808.8 346.3 plane 0
822.5 209.8 863.7 238.2 828.5 289.2 787.3 260.8 plane 0
801.9 140.6 833.7 113.1 900.4 190.3 868.7 217.8 plane 0
865.8 79.5 928.3 58.3 950.8 124.6 888.3 145.8 plane 0
