723.6 595.3 772.2 606.9 763.4 643.9 714.8 632.2 small-vehicle 0
35.4 584.5 65.0 579.7 70.5 613.3 40.9 618.1 small-vehicle 0
56.0 635.0 74.2 616.4 87.0 629.0 68.8 647.6 small-vehicle 0
100.6 631.9 106.9 639.7 71.1 668.7 64.8 660.9 small-vehicle 0
79.8 673.7 111.8 653.2 121.5 668.3 89.5 688.8 small-vehicle 0
132.7 843.3 148.4 852.2 139.5 867.8 123.9 859.0 small-vehicle 0
210.3 824.7 232.3 824.3 232.7 854.3 210.7 854.7 small-vehicle 0
128.6 752.2 152.0 740.7 163.5 764.1 140.1 775.6 small-vehicle 0
164.6 701.7 182.4 704.6 178.8 726.3 161.1 723.5 small-vehicle 0
496.2 836.4 765.8 486.2 811.8 521.6 542.2 871.8 basketball-court 0
348.5 700.4 795.1 489.3 818.2 538.1 371.5 749.2 basketball-court 0
554.9 404.1 588.6 408.1 568.1 580.9 534.4 576.9 tennis-court 0
451.7 412.8 484.6 404.0 528.3 568.3 495.4 577.0 tennis-court 0
396.2 452.0 429.7 446.2 443.7 527.0 410.3 532.8 tennis-court 0
446.8 264.0 480.7 266.5 468.2 432.0 434.3 429.5 tennis-court 0
369.8 302.3 403.7 301.7 405.2 391.7 371.3 392.3 tennis-court 0
298.6 302.2 332.6 301.9 333.4 387.9 299.4 388.2 tennis-court 0
349.4 161.0 382.2 170.0 360.5 249.0 327.7 240.1 tennis-court 0
259.8 162.1 293.4 156.9 307.2 245.9 273.6 251.1 tennis-court 0
72.9 558.4 74.8 559.0 74.2 560.9 72.3 560.3 small-vehicle 0
693.0 543.4 697.5 539.4 723.0 567.6 718.5 571.6 large-vehicle 0
716.9 612.4 728.6 604.7 740.7 623.0 729.0 630.7 small-vehicle 0
675.9 539.5 680.8 535.9 717.3 586.0 712.4 589.6 large-vehicle 0
796.2 716.1 816.6 707.9 820.3 717.2 799.9 725.3 small-vehicle 0
810.8 696.6 815.3 700.6 800.7 716.9 796.2 712.9 small-vehicle 0
780.5 685.2 782.3 686.0 781.5 687.8 779.7 687.0 small-vehicle 0
799.2 682.5 808.8 692.7 789.8 710.5 780.2 700.3 small-vehicle 0
745.2 704.2 754.9 694.2 767.8 706.8 758.1 716.8 small-vehicle 0
776.8 675.7 778.2 674.3 779.6 675.6 778.3 677.1 small-vehicle 0
745.5 657.0 746.3 651.1 783.9 656.5 783.1 662.5 small-vehicle 0
769.4 629.9 773.7 634.0 750.3 658.6 745.9 654.5 small-vehicle 0
718.2 659.9 730.1 652.5 737.5 664.4 725.6 671.8 small-vehicle 0
728.0 675.1 748.9 668.1 758.4 696.6 737.5 703.5 small-vehicle 0
692.8 589.6 701.3 569.3 725.2 579.4 716.7 599.7 small-vehicle 0
688.3 614.4 696.3 608.4 704.7 619.6 696.7 625.6 small-vehicle 0
692.5 635.0 710.1 621.8 730.5 649.0 712.9 662.2 small-vehicle 0
766.8 583.6 801.2 630.3 741.6 674.2 707.2 627.5 large-vehicle 0
652.4 574.6 666.3 563.1 680.3 580.0 666.4 591.5 large-vehicle 0
663.1 555.5 668.2 552.5 685.4 581.8 680.3 584.9 large-vehicle 0
671.5 548.6 676.7 545.6 700.0 585.2 694.8 588.3 large-vehicle 0
202.0 70.3 235.9 72.0 223.2 333.7 189.3 332.0 tennis-court 0
