348.5 699.2 368.3 708.8 348.4 750.2 328.6 740.7 small-vehicle 0
93.0 530.4 96.5 525.6 124.0 545.6 120.5 550.4 large-vehicle 0
141.3 553.4 144.6 548.3 169.7 564.6 166.4 569.7 large-vehicle 0
187.6 574.5 190.6 569.4 219.9 586.7 216.8 591.8 large-vehicle 0
182.7 585.1 186.0 580.1 214.3 598.9 211.0 603.9 large-vehicle 0
176.4 597.0 179.9 592.2 207.6 612.0 204.1 616.8 large-vehicle 0
133.7 564.9 137.0 559.9 165.4 578.7 162.1 583.7 large-vehicle 0
128.6 575.7 132.2 570.9 159.4 591.3 155.8 596.1 large-vehicle 0
87.0 541.9 90.6 537.0 118.0 557.1 114.4 562.0 large-vehicle 0
38.5 521.5 41.7 516.4 70.5 534.5 67.3 539.6 large-vehicle 0
80.6 554.2 84.2 549.4 111.4 569.8 107.8 574.6 large-vehicle 0
34.0 533.3 37.7 528.6 61.4 547.0 57.7 551.7 large-vehicle 0
-14.0 491.8 11.3 469.0 34.1 494.3 8.8 517.0 large-vehicle 0
-27.7 600.8 50.2 512.3 63.7 524.2 -14.2 612.7 large-vehicle 0
50.1 580.0 56.0 571.9 86.9 594.0 81.0 602.1 large-vehicle 0
18.7 580.3 22.7 575.9 36.0 588.0 32.0 592.4 large-vehicle 0
105.0 607.9 112.3 596.0 141.3 613.7 134.0 625.7 large-vehicle 0
155.0 630.4 162.7 618.7 194.4 639.8 186.6 651.4 large-vehicle 0
8.6 588.8 12.5 584.3 32.1 601.5 28.1 606.0 large-vehicle 0
51.1 615.4 57.2 602.8 87.9 617.6 81.8 630.2 large-vehicle 0
99.9 634.6 107.8 623.0 135.8 642.3 127.9 653.8 large-vehicle 0
42.1 509.9 45.2 504.7 74.3 522.3 71.2 527.5 large-vehicle 0
-6.9 353.3 16.4 334.3 37.9 360.7 14.6 379.7 large-vehicle 0
44.7 378.0 50.6 365.3 85.1 381.4 79.2 394.0 large-vehicle 0
52.4 333.7 65.2 321.0 103.1 359.5 90.2 372.2 large-vehicle 0
106.1 381.9 132.3 344.1 156.9 361.1 130.7 398.9 large-vehicle 0
167.0 385.2 174.0 378.0 195.4 399.0 188.5 406.2 large-vehicle 0
215.3 406.0 222.5 399.0 243.3 420.7 236.1 427.6 large-vehicle 0
151.0 394.6 154.0 389.5 179.9 404.7 176.8 409.9 large-vehicle 0
197.5 417.1 203.4 409.1 227.5 426.9 221.6 434.9 large-vehicle 0
267.4 418.6 283.7 433.5 252.6 467.4 236.3 452.5 large-vehicle 0
35.6 394.5 39.5 389.9 65.4 412.0 61.5 416.6 large-vehicle 0
26.2 404.1 30.2 399.6 55.8 421.9 51.8 426.4 large-vehicle 0
75.0 427.5 78.5 422.6 106.0 442.5 102.5 447.4 large-vehicle 0
120.8 450.2 123.7 445.0 153.2 461.8 150.3 467.0 large-vehicle 0
172.2 476.9 179.0 464.6 208.8 481.1 202.0 493.4 large-vehicle 0
212.7 510.0 234.0 473.8 263.3 491.0 242.0 527.2 large-vehicle 0
8.0 408.1 11.8 403.5 59.5 443.0 55.7 447.6 large-vehicle 0
65.8 437.7 69.7 433.1 95.4 455.4 91.5 460.0 large-vehicle 0
116.8 467.2 118.1 461.3 151.2 468.8 149.9 474.7 large-vehicle 0
156.6 469.3 162.8 477.2 126.8 505.7 120.6 497.9 large-vehicle 0
188.3 562.0 190.9 556.6 221.7 571.0 219.1 576.4 large-vehicle 0
148.4 662.5 151.5 648.9 184.6 656.5 181.5 670.1 large-vehicle 0
18.7 585.7 19.3 531.7 69.3 532.3 68.7 586.3 small-vehicle 0
114.9 673.6 116.8 667.9 149.1 678.4 147.2 684.1 large-vehicle 0
141.4 685.2 141.9 691.2 120.0 693.0 119.5 687.0 large-vehicle 0
494.0 705.3 516.6 718.2 432.0 865.7 409.4 852.8 large-vehicle 0
549.7 773.9 558.3 778.9 509.1 863.7 500.4 858.6 large-vehicle 0
579.9 754.0 588.9 758.4 518.2 899.7 509.3 895.3 large-vehicle 0
651.1 825.8 660.5 829.3 631.9 906.2 622.5 902.7 large-vehicle 0
680.2 837.5 688.7 842.7 645.8 912.6 637.3 907.4 large-vehicle 0
881.5 331.3 887.3 421.1 769.5 428.7 763.7 338.9 storage-tank 0
39.6 666.2 42.3 660.9 65.4 672.8 62.7 678.1 large-vehicle 0
88.2 686.5 94.3 678.6 114.8 694.5 108.7 702.4 large-vehicle 0
293.7 633.5 307.0 637.6 266.3 769.5 253.0 765.4 large-vehicle 0
21.3 623.8 24.7 618.8 52.7 638.2 49.3 643.2 large-vehicle 0
69.0 646.2 72.4 641.3 100.2 660.9 96.8 665.8 large-vehicle 0
65.9 659.8 69.7 655.1 89.8 671.5 86.1 676.2 large-vehicle 0
717.1 842.7 754.6 869.3 697.9 949.3 660.4 922.7 large-vehicle 0
631.9 812.8 644.5 818.8 606.1 900.2 593.5 894.2 large-vehicle 0
533.3 726.2 546.1 731.8 472.8 898.4 460.0 892.8 large-vehicle 0
440.2 722.7 447.8 729.2 381.2 806.5 373.6 800.0 large-vehicle 0
418.0 714.2 426.2 720.0 373.8 793.2 365.7 787.4 large-vehicle 0
328.7 670.2 340.2 678.2 284.7 759.0 273.2 751.0 large-vehicle 0
16.0 636.2 19.8 631.5 40.0 647.8 36.2 652.5 large-vehicle 0
