118.4 428.2 142.8 410.7 176.6 457.8 152.2 475.3 small-vehicle 0
399.9 58.1 404.8 54.7 445.1 111.9 440.2 115.3 large-vehicle 0
505.2 369.2 508.3 374.3 438.8 417.8 435.7 412.7 large-vehicle 0
500.2 325.1 502.9 330.5 422.4 370.6 419.7 365.2 large-vehicle 0
495.1 302.7 498.6 307.6 422.9 363.3 419.4 358.4 large-vehicle 0
485.9 292.8 489.2 297.8 410.6 349.4 407.3 344.3 large-vehicle 0
482.0 278.6 486.8 287.4 404.4 332.6 399.6 323.8 large-vehicle 0
472.5 262.7 475.9 267.7 401.5 318.3 398.1 313.3 large-vehicle 0
467.9 250.0 471.2 255.1 399.1 302.0 395.8 296.9 large-vehicle 0
456.3 220.2 463.4 232.3 396.0 271.7 389.0 259.6 large-vehicle 0
435.6 174.4 447.1 193.1 387.4 229.6 375.9 210.9 large-vehicle 0
479.8 -5.1 575.9 168.1 518.2 200.1 422.1 26.9 large-vehicle 0
421.9 51.2 427.4 49.0 452.0 110.3 446.4 112.5 large-vehicle 0
384.1 75.1 391.5 68.4 437.9 120.9 430.4 127.5 large-vehicle 0
519.5 400.6 522.2 406.0 441.9 446.6 439.2 441.3 large-vehicle 0
389.3 62.0 395.3 61.8 396.5 127.8 390.5 127.9 large-vehicle 0
355.0 73.8 359.9 70.3 400.1 127.6 395.2 131.0 large-vehicle 0
343.7 81.4 348.8 78.2 384.1 134.0 379.0 137.2 large-vehicle 0
327.0 87.2 331.8 83.7 371.0 136.8 366.2 140.3 large-vehicle 0
305.0 91.0 310.5 88.6 337.0 149.0 331.5 151.4 large-vehicle 0
288.7 97.9 294.0 95.0 325.3 153.1 320.0 156.0 large-vehicle 0
272.8 100.0 278.1 97.3 308.2 156.0 302.9 158.7 large-vehicle 0
254.3 106.4 259.3 103.1 297.7 161.6 292.7 164.9 large-vehicle 0
238.9 114.1 243.6 110.5 285.9 166.3 281.2 169.9 large-vehicle 0
266.9 195.9 269.3 201.3 198.1 233.1 195.7 227.7 large-vehicle 0
266.0 179.2 268.6 184.6 198.0 217.8 195.4 212.4 large-vehicle 0
514.1 386.1 516.9 391.4 440.6 431.1 437.9 425.8 large-vehicle 0
514.8 417.1 517.9 422.3 454.2 459.9 451.1 454.7 large-vehicle 0
512.0 102.6 530.0 115.3 494.2 166.0 476.2 153.3 small-vehicle 0
319.2 411.4 367.9 400.1 372.8 421.6 324.1 432.9 small-vehicle 0
24.8 195.6 33.2 201.0 17.2 226.4 8.8 221.0 small-vehicle 0
36.9 223.9 41.7 227.6 18.4 257.7 13.7 254.0 small-vehicle 0
43.5 243.2 47.4 247.7 21.5 269.8 17.6 265.3 small-vehicle 0
48.8 257.1 52.8 261.6 27.2 283.9 23.2 279.4 small-vehicle 0
22.9 281.3 60.4 274.9 62.1 284.7 24.6 291.1 small-vehicle 0
39.8 352.7 68.0 333.8 100.3 382.0 72.1 400.9 small-vehicle 0
302.4 484.0 317.9 514.3 287.6 529.8 272.1 499.6 small-vehicle 0
347.9 473.9 357.0 478.0 343.1 509.1 334.0 505.0 small-vehicle 0
314.9 511.1 316.2 481.1 334.1 481.9 332.8 511.9 small-vehicle 0
347.0 517.1 371.8 533.9 346.1 572.0 321.2 555.2 small-vehicle 0
380.5 506.7 411.0 521.8 392.4 559.4 361.9 544.3 small-vehicle 0
356.0 425.2 361.9 426.2 356.4 459.7 350.5 458.8 small-vehicle 0
569.9 172.2 573.5 177.1 516.8 218.2 513.3 213.3 large-vehicle 0
462.7 485.1 465.6 531.0 447.6 532.1 444.8 486.2 large-vehicle 0
422.4 489.6 457.3 530.8 443.6 542.4 408.7 501.2 large-vehicle 0
636.2 411.3 640.2 415.8 566.9 480.9 563.0 476.4 large-vehicle 0
632.2 399.7 636.0 404.4 562.8 463.3 559.0 458.6 large-vehicle 0
547.9 403.9 548.5 397.9 630.1 406.1 629.5 412.1 large-vehicle 0
612.5 366.1 616.1 370.8 557.4 415.9 553.8 411.2 large-vehicle 0
609.0 351.2 610.6 357.0 546.9 374.3 545.3 368.5 large-vehicle 0
598.7 321.5 602.7 326.0 543.9 377.3 539.9 372.8 large-vehicle 0
341.3 321.5 429.7 399.6 359.6 479.0 271.1 400.9 large-vehicle 0
374.9 354.7 379.7 363.4 308.1 403.3 303.3 394.6 large-vehicle 0
572.5 184.7 576.1 189.4 523.5 229.3 519.9 224.6 large-vehicle 0
236.9 166.1 243.4 173.7 217.5 195.8 211.0 188.2 large-vehicle 0
