43.1 643.1 44.9 644.1 43.9 645.9 42.1 644.9 bridge 0
133.6 954.7 139.6 954.3 140.4 968.3 134.4 968.7 storage-tank 0
128.6 953.3 133.0 957.4 123.4 967.7 119.0 963.6 storage-tank 0
110.3 952.9 115.8 950.4 121.7 963.1 116.2 965.6 storage-tank 0
82.9 982.8 115.4 925.3 124.1 930.2 91.6 987.7 storage-tank 0
454.8 104.5 459.7 101.1 481.2 132.5 476.3 135.9 storage-tank 0
462.1 99.9 466.5 95.7 492.9 123.1 488.5 127.3 storage-tank 0
353.6 227.7 357.0 222.8 388.4 244.3 385.0 249.2 storage-tank 0
366.5 216.0 370.9 211.9 396.5 240.0 392.1 244.1 storage-tank 0
376.3 209.1 380.8 205.2 405.7 233.9 401.2 237.8 storage-tank 0
383.9 196.9 388.3 192.9 419.1 227.1 414.7 231.1 storage-tank 0
396.8 190.4 401.2 186.4 429.2 217.6 424.8 221.6 storage-tank 0
411.6 179.0 416.0 175.0 444.4 206.0 440.0 210.0 storage-tank 0
422.5 171.3 426.4 166.7 458.5 193.7 454.6 198.3 storage-tank 0
465.2 75.9 469.9 84.7 425.8 108.1 421.1 99.3 storage-tank 0
441.9 61.5 448.5 69.0 423.1 91.5 416.5 84.0 storage-tank 0
149.3 956.9 154.5 959.8 147.7 972.1 142.5 969.2 storage-tank 0
158.7 959.4 164.1 961.9 158.3 974.6 152.9 972.1 storage-tank 0
174.1 961.3 177.8 966.0 166.9 974.7 163.2 970.0 storage-tank 0
110.3 973.7 116.0 975.6 107.7 1000.3 102.0 998.4 storage-tank 0
666.4 863.5 668.4 853.7 705.6 861.5 703.6 871.3 storage-tank 0
161.3 990.9 167.3 991.1 166.7 1005.1 160.7 1004.9 storage-tank 0
153.9 987.4 159.3 990.1 153.1 1002.6 147.7 999.9 storage-tank 0
143.9 979.8 149.5 981.9 140.1 1006.2 134.5 1004.1 storage-tank 0
134.5 978.5 139.9 981.1 128.5 1004.5 123.1 1001.9 storage-tank 0
118.2 981.8 124.1 982.3 122.8 996.2 116.9 995.7 storage-tank 0
81.2 1016.9 104.3 950.8 113.8 954.1 90.7 1020.2 storage-tank 0
101.1 964.2 105.9 967.8 99.9 975.8 95.1 972.2 storage-tank 0
167.9 975.4 173.3 978.1 167.1 990.6 161.7 987.9 storage-tank 0
153.5 974.5 159.5 974.5 159.5 988.5 153.5 988.5 storage-tank 0
139.4 972.9 144.8 970.4 150.6 983.1 145.2 985.6 storage-tank 0
131.0 969.0 137.0 969.0 137.0 983.0 131.0 983.0 storage-tank 0
119.5 970.3 125.4 969.0 127.5 978.7 121.6 980.0 storage-tank 0
111.5 964.9 117.2 966.9 112.5 980.1 106.8 978.1 storage-tank 0
290.4 77.2 294.5 81.6 278.6 96.8 274.5 92.4 storage-tank 0
270.4 76.0 275.4 79.3 267.6 91.0 262.6 87.7 storage-tank 0
300.0 46.5 303.3 51.5 248.0 87.5 244.7 82.5 storage-tank 0
289.7 49.1 290.2 55.1 268.3 56.9 267.8 50.9 storage-tank 0
314.8 56.3 319.1 65.3 299.2 74.7 294.9 65.7 storage-tank 0
659.0 877.4 663.2 868.3 705.0 887.6 700.8 896.7 storage-tank 0
700.6 885.7 703.8 890.8 654.4 921.3 651.2 916.2 storage-tank 0
825.5 799.8 828.9 804.7 797.5 826.2 794.1 821.3 storage-tank 0
842.0 802.9 848.3 810.6 822.0 832.1 815.7 824.4 storage-tank 0
935.8 890.9 942.5 907.6 881.2 932.1 874.5 915.4 storage-tank 0
922.1 1015.7 930.6 954.3 995.9 963.3 987.4 1024.7 storage-tank 0
869.3 954.2 888.8 943.9 917.7 998.8 898.2 1009.1 storage-tank 0
998.0 890.7 1008.9 947.7 948.0 959.3 937.1 902.3 storage-tank 0
752.2 984.1 768.1 920.1 843.8 938.9 827.9 1002.9 storage-tank 0
743.4 914.5 761.8 938.2 709.6 978.5 691.2 954.8 storage-tank 0
769.1 895.6 805.6 845.5 858.9 884.4 822.4 934.5 storage-tank 0
759.0 846.5 773.2 863.3 726.0 903.5 711.8 886.7 storage-tank 0
964.7 789.9 973.9 800.5 942.3 828.1 933.1 817.5 storage-tank 0
939.4 774.2 949.8 783.5 908.6 829.8 898.2 820.5 storage-tank 0
839.4 834.7 847.2 805.7 864.6 810.3 856.8 839.3 storage-tank 0
837.3 98.3 846.5 122.6 814.7 134.7 805.5 110.4 storage-tank 0
929.5 29.4 944.5 50.6 913.5 72.6 898.5 51.4 storage-tank 0
840.8 36.1 842.4 37.3 841.2 38.9 839.6 37.7 storage-tank 0
886.0 138.2 902.2 108.4 925.0 120.8 908.8 150.6 storage-tank 0
