784.1 258.9 786.0 258.2 786.7 260.0 784.9 260.8 bridge 0
768.1 146.4 769.4 147.9 768.0 149.2 766.6 147.8 bridge 0
164.5 405.4 186.9 458.8 144.5 476.6 122.1 423.2 storage-tank 0
258.8 488.2 272.7 466.3 335.2 505.8 321.3 527.7 storage-tank 0
246.1 547.5 278.2 509.2 328.9 551.5 296.8 589.8 storage-tank 0
243.6 582.3 300.1 569.1 312.4 621.7 255.9 634.9 storage-tank 0
153.2 352.7 172.4 315.4 401.8 433.3 382.6 470.6 storage-tank 0
196.7 470.6 201.4 466.9 253.3 530.4 248.6 534.1 storage-tank 0
245.8 462.7 251.6 463.9 236.2 540.3 230.4 539.1 storage-tank 0
901.0 549.9 915.6 502.0 929.0 506.1 914.4 554.0 storage-tank 0
905.9 523.4 906.1 529.4 892.1 529.6 891.9 523.6 storage-tank 0
898.2 530.7 903.7 533.1 894.8 553.3 889.3 550.9 storage-tank 0
907.1 531.6 913.0 530.7 916.9 556.4 911.0 557.3 storage-tank 0
919.4 540.0 923.6 535.6 936.6 548.0 932.4 552.4 storage-tank 0
932.8 533.6 934.5 523.8 956.2 527.4 954.5 537.2 storage-tank 0
885.5 57.7 894.5 62.1 886.5 78.3 877.5 73.9 storage-tank 0
882.8 63.6 897.5 115.5 880.2 120.4 865.5 68.5 storage-tank 0
887.6 129.9 904.9 57.9 922.4 62.1 905.1 134.1 storage-tank 0
914.1 129.4 927.3 68.8 944.9 72.6 931.7 133.2 storage-tank 0
922.6 142.1 968.7 60.1 984.4 68.9 938.3 150.9 storage-tank 0
911.0 61.8 919.2 67.4 909.0 82.2 900.8 76.6 storage-tank 0
929.5 66.0 943.0 69.6 938.5 87.0 925.0 83.4 storage-tank 0
920.3 118.8 982.0 32.7 996.7 43.2 935.0 129.3 storage-tank 0
879.8 3.5 884.8 0.1 906.2 31.5 901.2 34.9 storage-tank 0
936.1 6.6 938.5 12.1 888.9 33.4 886.5 27.9 storage-tank 0
939.0 3.0 939.0 45.0 925.0 45.0 925.0 3.0 storage-tank 0
961.6 21.1 963.8 26.6 943.4 34.9 941.2 29.4 storage-tank 0
953.5 53.3 976.9 4.6 989.5 10.7 966.1 59.4 storage-tank 0
969.2 5.1 979.2 4.0 980.8 17.9 970.8 19.0 storage-tank 0
944.6 29.7 953.7 -15.4 967.4 -12.7 958.3 32.4 storage-tank 0
