1021.0 791.1 1023.0 791.1 1023.0 793.1 1021.0 793.1 ship 0
1010.9 791.8 1012.9 791.7 1013.0 793.7 1011.0 793.8 ship 0
1002.7 791.8 1004.7 792.2 1004.3 794.2 1002.3 793.8 ship 0
993.2 790.2 995.1 790.6 994.8 792.5 992.8 792.2 ship 0
620.8 956.3 622.7 956.8 622.2 958.7 620.3 958.3 ship 0
608.9 952.7 610.5 953.8 609.3 955.5 607.7 954.3 ship 0
623.4 887.1 625.4 886.9 625.6 888.9 623.6 889.1 ship 0
609.2 886.9 611.1 886.2 611.8 888.1 609.9 888.8 ship 0
599.1 892.6 600.9 891.6 601.9 893.4 600.1 894.4 ship 0
399.9 657.1 401.4 658.4 400.1 659.9 398.6 658.6 bridge 0
612.0 609.0 613.8 608.1 614.7 609.9 612.9 610.8 ship 0
576.2 506.5 577.8 507.7 576.5 509.3 575.0 508.0 ship 0
502.6 346.5 504.3 345.6 505.2 347.4 503.5 348.2 bridge 0
812.2 173.6 813.9 172.7 814.8 174.4 813.1 175.3 bridge 0
1017.8 742.8 1018.2 744.8 1016.2 745.2 1015.8 743.2 ship 0
