972.4 809.9 972.6 807.9 974.6 808.1 974.4 810.1 bridge 0
951.8 684.1 953.5 685.2 952.4 686.9 950.7 685.8 bridge 0
935.4 589.4 935.6 591.4 933.6 591.6 933.4 589.6 bridge 0
928.3 422.0 929.6 423.6 928.0 424.9 926.7 423.3 bridge 0
939.6 378.2 941.2 376.9 942.4 378.4 940.9 379.7 bridge 0
854.9 50.4 855.1 52.4 853.1 52.6 852.9 50.6 bridge 0
167.5 546.5 168.8 548.0 167.2 549.3 165.9 547.8 bridge 0
111.4 610.1 113.3 610.8 112.5 612.7 110.7 611.9 bridge 0
159.4 440.1 160.8 441.5 159.4 442.9 158.0 441.5 bridge 0
141.6 228.7 142.8 230.4 141.1 231.5 140.0 229.9 bridge 0
126.7 49.6 127.9 51.2 126.3 52.4 125.1 50.8 bridge 0
238.6 573.7 240.4 572.8 241.2 574.6 239.4 575.5 bridge 0
578.7 478.5 580.3 477.2 581.5 478.8 579.9 480.0 bridge 0
