194.6 744.7 196.3 743.6 197.4 745.3 195.7 746.4 bridge 0
418.3 574.8 419.7 573.3 421.2 574.7 419.8 576.2 bridge 0
83.6 836.7 85.3 835.6 86.4 837.3 84.7 838.4 bridge 0
120.8 792.1 122.7 791.8 122.9 793.8 121.0 794.0 bridge 0
658.2 805.1 658.5 807.1 656.5 807.4 656.2 805.4 bridge 0
915.7 850.9 917.1 852.4 915.6 853.7 914.2 852.2 bridge 0
384.4 368.5 385.8 367.1 387.2 368.5 385.7 369.9 bridge 0
324.9 525.3 326.3 523.8 327.8 525.2 326.4 526.6 bridge 0
722.1 363.9 723.6 362.6 724.9 364.1 723.4 365.4 bridge 0
540.5 23.6 541.9 25.0 540.5 26.4 539.1 25.0 bridge 0
410.9 69.9 411.3 68.0 413.3 68.3 412.9 70.3 bridge 0
