269.7 37.3 282.0 43.9 228.2 144.4 215.9 137.8 plane 0
339.1 -68.1 352.0 -62.6 218.9 248.1 206.0 242.6 plane 0
394.8 994.1 396.1 995.6 394.6 996.9 393.3 995.4 swimming-pool 0
392.2 -75.2 405.6 -70.9 305.8 235.3 292.5 230.9 plane 0
994.3 9.0 1031.1 18.4 1022.7 51.3 985.9 41.9 plane 0
972.0 263.9 997.1 247.4 1018.0 279.1 992.9 295.6 plane 0
188.2 142.5 394.0 70.7 401.3 91.5 195.4 163.2 plane 0
349.0 46.2 357.4 41.0 409.2 124.2 400.8 129.4 plane 0
827.5 636.0 837.2 633.4 850.2 681.7 840.5 684.3 plane 0
770.7 625.0 779.8 620.8 844.0 760.8 834.9 765.0 plane 0
862.2 626.8 865.0 632.1 764.6 686.2 761.8 680.9 plane 0
980.7 324.6 1007.7 345.2 982.3 378.6 955.2 358.0 plane 0
960.3 384.4 1003.7 399.8 991.0 435.6 947.6 420.2 plane 0
945.8 439.2 990.0 426.2 995.0 443.5 950.9 456.5 plane 0
976.5 445.1 992.2 465.9 955.4 493.5 939.8 472.8 plane 0
936.7 554.4 942.4 552.3 956.9 591.7 951.3 593.8 plane 0
945.2 536.0 965.7 544.2 959.0 560.9 938.6 552.7 plane 0
950.5 502.8 974.3 513.2 960.8 544.3 936.9 534.0 plane 0
996.9 627.3 998.0 613.3 1023.9 615.3 1022.9 629.3 plane 0
1016.0 588.7 1016.8 590.5 1015.0 591.3 1014.2 589.5 plane 0
