169.8 305.1 170.9 306.8 169.2 307.9 168.1 306.2 ship 0
23.4 188.8 40.5 202.7 6.5 244.6 -10.6 230.8 ship 0
53.7 193.8 61.6 199.9 23.9 249.0 15.9 242.9 ship 0
61.0 229.3 65.7 233.1 42.0 262.7 37.3 258.9 ship 0
70.6 239.6 75.6 242.8 55.0 274.7 50.0 271.5 ship 0
84.3 244.1 89.2 247.5 67.7 278.9 62.8 275.5 ship 0
84.4 246.8 90.3 245.8 96.6 283.2 90.7 284.2 ship 0
117.6 248.1 122.3 251.8 96.3 284.8 91.6 281.1 ship 0
128.9 265.7 133.0 270.1 104.8 295.7 100.8 291.2 ship 0
136.6 269.6 145.1 274.8 127.4 303.9 118.9 298.6 ship 0
186.8 301.5 200.5 313.2 183.7 333.0 170.0 321.3 ship 0
200.0 308.3 205.4 310.9 194.3 334.4 188.9 331.8 ship 0
201.7 312.2 207.3 310.1 218.1 338.1 212.5 340.2 ship 0
231.4 319.0 236.1 322.8 217.1 346.0 212.4 342.2 ship 0
239.4 329.9 243.7 334.1 228.2 349.7 223.9 345.5 ship 0
257.6 328.5 262.1 332.5 242.0 354.9 237.6 350.9 ship 0
271.7 331.3 276.7 334.6 258.0 363.0 253.0 359.7 ship 0
277.1 335.8 283.1 335.6 284.4 369.6 278.4 369.8 ship 0
303.5 340.0 308.1 343.9 283.7 373.0 279.1 369.2 ship 0
308.6 346.3 314.5 347.5 308.3 376.9 302.5 375.7 ship 0
314.2 371.1 319.0 367.5 327.4 378.8 322.6 382.3 ship 0
339.1 357.9 344.4 360.8 328.0 390.6 322.8 387.7 ship 0
12.3 133.7 13.6 135.2 12.1 136.5 10.8 135.0 ship 0
3.7 116.1 7.0 111.1 35.3 129.9 32.0 134.9 ship 0
9.1 100.1 12.6 95.2 43.6 117.2 40.1 122.1 ship 0
13.2 92.8 23.2 77.8 48.1 94.5 38.2 109.5 ship 0
53.8 27.6 66.1 14.5 85.1 32.3 72.8 45.4 ship 0
35.4 55.7 47.7 37.5 79.3 58.7 67.0 77.0 ship 0
39.9 81.9 41.3 80.5 42.7 81.9 41.3 83.3 ship 0
353.2 366.7 358.4 369.6 345.8 392.3 340.6 389.4 ship 0
372.3 370.6 376.6 374.8 355.7 396.4 351.4 392.2 ship 0
380.2 372.1 386.0 373.5 377.2 410.5 371.3 409.1 ship 0
449.4 305.4 454.4 308.7 431.5 343.9 426.5 340.6 ship 0
426.0 293.9 430.8 297.7 404.7 330.6 400.0 326.9 ship 0
417.2 287.7 421.9 291.4 395.8 324.3 391.1 320.6 ship 0
398.8 284.2 404.3 286.7 392.1 314.1 386.7 311.7 ship 0
382.7 281.4 388.6 282.6 383.5 308.1 377.6 306.9 ship 0
339.0 308.2 382.5 258.6 393.0 267.8 349.5 317.4 ship 0
361.4 265.6 365.8 269.7 337.3 300.5 332.9 296.5 ship 0
345.7 247.1 351.1 249.8 330.3 290.9 324.9 288.2 ship 0
327.6 246.9 333.5 248.2 324.4 289.1 318.5 287.8 ship 0
310.3 240.8 328.6 253.0 309.7 281.2 291.4 269.0 ship 0
292.9 236.8 297.7 240.4 282.1 261.2 277.3 257.6 ship 0
284.7 227.4 289.0 231.6 262.3 258.6 258.0 254.4 ship 0
272.7 216.5 277.7 219.7 257.2 251.7 252.2 248.5 ship 0
259.8 211.2 264.6 214.8 239.4 248.4 234.6 244.8 ship 0
247.7 203.0 252.8 206.2 228.3 245.0 223.2 241.8 ship 0
234.9 198.0 240.0 201.3 215.1 240.0 210.0 236.7 ship 0
223.7 198.3 228.6 201.8 208.9 229.5 204.0 226.0 ship 0
207.3 191.5 216.8 201.8 200.6 216.7 191.1 206.4 ship 0
194.4 177.5 198.9 181.5 171.2 213.1 166.7 209.1 ship 0
173.1 165.1 189.1 173.3 170.1 210.7 154.0 202.6 ship 0
158.8 162.2 163.4 166.1 141.2 191.8 136.6 187.9 ship 0
141.2 154.0 154.5 166.2 134.2 188.2 120.9 176.0 ship 0
104.9 105.3 123.5 117.1 103.2 149.2 84.6 137.4 ship 0
142.0 94.3 156.0 105.7 126.8 141.3 112.9 129.8 ship 0
435.0 302.6 439.9 306.1 420.3 333.9 415.4 330.4 ship 0
460.5 317.2 465.0 321.1 442.8 346.9 438.3 343.0 ship 0
392.0 381.6 397.9 383.0 392.1 408.3 386.3 407.0 ship 0
473.5 337.1 474.9 338.5 473.5 339.9 472.1 338.5 ship 0
404.8 387.4 420.0 397.1 408.2 415.6 393.0 405.9 ship 0
425.3 393.4 430.3 396.7 413.7 421.6 408.7 418.3 ship 0
440.0 396.4 444.9 399.8 428.0 424.6 423.1 421.2 ship 0
448.8 405.8 454.2 408.5 444.2 428.2 438.8 425.5 ship 0
471.1 413.6 490.4 424.1 479.9 443.4 460.6 432.9 ship 0
490.0 433.5 491.9 432.8 492.6 434.7 490.7 435.3 ship 0
502.7 434.9 504.6 435.2 504.3 437.1 502.4 436.8 ship 0
525.0 426.5 538.6 438.3 518.8 460.9 505.2 449.1 ship 0
536.0 432.3 541.6 434.2 532.0 462.7 526.4 460.8 ship 0
556.2 441.3 561.0 444.8 543.6 469.2 538.7 465.7 ship 0
581.8 452.3 584.1 457.8 545.2 473.7 542.9 468.2 ship 0
570.4 453.6 575.7 450.8 589.6 477.4 584.3 480.2 ship 0
617.0 395.2 631.1 406.4 615.0 426.8 600.9 415.6 ship 0
638.0 419.9 639.7 421.0 638.6 422.7 636.9 421.6 ship 0
591.2 377.6 595.9 381.2 572.8 411.4 568.1 407.8 ship 0
574.5 367.7 579.9 370.3 563.4 404.5 558.0 401.9 ship 0
561.0 364.8 566.2 367.8 547.2 400.7 542.0 397.7 ship 0
553.2 357.8 557.8 361.7 533.5 390.9 528.9 387.1 ship 0
536.6 353.2 541.8 356.1 525.4 385.8 520.2 382.9 ship 0
530.0 349.5 534.7 353.2 513.5 379.8 508.8 376.1 ship 0
520.1 336.2 532.7 349.1 499.7 381.2 487.2 368.3 ship 0
500.2 351.2 501.9 352.3 500.7 354.0 499.1 352.8 ship 0
491.1 332.6 496.4 335.3 482.5 361.9 477.2 359.2 ship 0
335.7 795.0 337.5 794.2 338.3 796.0 336.5 796.8 swimming-pool 0
371.4 826.8 373.3 827.4 372.7 829.3 370.8 828.7 swimming-pool 0
435.8 826.2 437.2 827.7 435.7 829.1 434.4 827.6 swimming-pool 0
406.1 860.2 407.8 859.1 408.9 860.8 407.2 861.9 swimming-pool 0
399.1 910.4 400.2 912.0 398.5 913.2 397.4 911.5 swimming-pool 0
475.9 854.5 477.7 853.5 478.6 855.3 476.9 856.3 swimming-pool 0
514.1 842.7 515.8 841.6 516.9 843.3 515.2 844.4 swimming-pool 0
599.1 588.2 600.8 589.1 599.9 590.8 598.2 589.9 swimming-pool 0
394.4 517.8 396.0 519.1 394.7 520.6 393.1 519.3 swimming-pool 0
441.4 526.2 442.6 524.6 444.2 525.9 443.0 527.5 swimming-pool 0
491.2 547.1 492.9 548.2 491.8 549.9 490.1 548.8 swimming-pool 0
530.8 544.8 531.8 546.6 530.0 547.6 529.0 545.8 swimming-pool 0
802.7 629.5 804.4 628.4 805.5 630.1 803.8 631.2 swimming-pool 0
392.3 804.3 392.7 802.3 394.7 802.7 394.3 804.7 swimming-pool 0
370.1 734.0 371.6 735.2 370.3 736.8 368.8 735.5 swimming-pool 0
178.2 632.1 179.4 633.7 177.8 634.9 176.6 633.3 swimming-pool 0
143.5 658.5 144.6 660.2 143.0 661.3 141.9 659.7 swimming-pool 0
195.8 728.3 197.2 729.8 195.7 731.1 194.3 729.6 swimming-pool 0
222.5 706.9 223.6 708.5 222.0 709.6 220.8 708.0 swimming-pool 0
252.8 735.5 254.6 734.6 255.5 736.4 253.7 737.3 swimming-pool 0
52.3 924.5 53.7 925.9 52.3 927.3 50.9 925.9 swimming-pool 0
79.7 965.1 81.4 966.2 80.3 967.9 78.6 966.8 swimming-pool 0
109.6 991.2 110.8 989.6 112.4 990.8 111.2 992.4 swimming-pool 0
159.7 999.9 161.6 1000.7 160.8 1002.5 158.9 1001.7 swimming-pool 0
297.8 715.4 299.1 716.9 297.5 718.2 296.3 716.7 swimming-pool 0
295.7 777.9 295.8 779.9 293.8 780.0 293.7 778.0 swimming-pool 0
162.8 119.5 172.4 122.4 163.5 151.1 153.9 148.1 ship 0
161.5 108.2 165.8 112.3 133.7 145.3 129.4 141.1 ship 0
182.7 121.9 192.0 125.6 177.9 160.9 168.6 157.2 ship 0
672.3 902.6 673.9 903.8 672.7 905.4 671.1 904.2 roundabout 0
202.3 138.6 209.2 145.9 187.6 166.6 180.6 159.4 ship 0
733.1 44.0 753.3 60.3 726.9 93.0 706.7 76.7 ship 0
608.6 10.7 610.5 11.3 609.9 13.2 608.0 12.6 ship 0
636.1 -5.6 652.9 8.6 618.0 49.9 601.2 35.6 ship 0
657.4 15.4 665.3 21.6 636.9 57.8 629.1 51.7 ship 0
678.7 15.0 687.0 20.4 659.7 62.3 651.3 56.8 ship 0
695.9 30.6 704.0 36.4 679.9 70.8 671.8 65.0 ship 0
1018.1 236.8 1027.8 239.4 1018.9 272.2 1009.2 269.6 ship 0
491.9 -1.6 507.1 7.9 487.0 40.1 471.7 30.6 ship 0
474.7 10.7 476.4 11.7 475.4 13.4 473.7 12.4 ship 0
1010.8 72.3 1012.5 73.5 1011.3 75.1 1009.7 73.9 ship 0
959.8 176.2 977.4 180.3 973.3 197.8 955.8 193.8 ship 0
990.7 172.3 995.4 176.1 974.3 202.7 969.6 198.9 ship 0
1004.3 179.1 1012.2 185.2 991.4 212.1 983.5 206.0 ship 0
1018.1 181.9 1026.9 186.6 1012.9 213.1 1004.1 208.4 ship 0
955.6 229.6 957.1 230.9 955.7 232.4 954.3 231.0 ship 0
975.6 218.9 981.0 221.5 962.4 259.1 957.0 256.5 ship 0
989.4 222.5 998.3 226.9 983.2 257.4 974.2 252.9 ship 0
510.4 10.5 515.6 13.5 500.6 39.5 495.4 36.5 ship 0
528.5 12.7 533.3 16.3 508.3 50.1 503.5 46.5 ship 0
543.0 26.1 547.5 30.0 525.3 55.8 520.8 51.8 ship 0
619.6 355.6 620.9 357.1 619.4 358.4 618.1 356.9 ship 0
654.9 358.4 659.5 362.2 637.8 388.4 633.2 384.5 ship 0
367.0 218.5 436.8 281.5 411.3 309.7 341.6 246.7 harbor 0
636.1 258.3 637.8 259.4 636.7 261.1 635.0 260.0 ship 0
630.8 224.8 638.6 231.0 617.5 257.7 609.7 251.4 ship 0
613.6 211.1 622.5 215.7 601.4 256.6 592.5 252.0 ship 0
604.4 206.7 609.2 210.3 579.1 250.2 574.3 246.6 ship 0
591.8 197.7 596.6 201.3 566.8 241.4 562.0 237.8 ship 0
578.3 193.5 583.1 197.1 552.9 237.0 548.1 233.3 ship 0
564.6 183.6 569.0 187.6 532.7 227.6 528.3 223.6 ship 0
545.6 174.4 550.8 177.5 525.4 220.6 520.2 217.5 ship 0
531.8 169.3 536.9 172.3 509.2 218.7 504.1 215.7 ship 0
514.7 164.5 519.7 167.7 494.9 206.4 489.8 203.2 ship 0
502.7 160.8 507.5 164.4 477.3 204.2 472.5 200.6 ship 0
485.0 151.3 493.4 156.8 468.1 195.3 459.7 189.8 ship 0
465.6 141.5 481.4 150.1 455.7 197.5 439.8 188.9 ship 0
440.8 130.6 445.6 134.2 422.8 164.6 418.0 161.0 ship 0
420.6 123.2 426.5 124.2 420.0 161.7 414.1 160.6 ship 0
409.5 119.2 418.1 124.3 398.5 156.9 390.0 151.8 ship 0
390.4 103.9 409.1 115.5 382.7 158.0 364.1 146.4 ship 0
350.1 104.5 351.5 105.9 350.0 107.3 348.6 105.9 ship 0
345.7 82.1 350.7 85.4 327.6 120.5 322.6 117.2 ship 0
328.4 83.5 333.0 87.4 308.6 116.5 304.0 112.6 ship 0
303.9 66.9 312.5 72.0 291.1 108.1 282.5 103.0 ship 0
640.8 353.7 645.5 357.6 626.4 380.7 621.8 376.9 ship 0
607.0 330.8 615.5 336.1 595.7 368.5 587.2 363.3 ship 0
271.2 43.3 288.5 56.9 260.1 93.1 242.8 79.5 ship 0
590.0 323.2 598.7 328.2 577.9 364.6 569.2 359.7 ship 0
210.9 151.5 231.9 158.1 225.3 179.1 204.3 172.5 ship 0
244.6 158.2 248.5 162.7 225.8 182.3 221.8 177.7 ship 0
241.9 165.3 247.8 164.2 253.1 193.7 247.2 194.8 ship 0
273.5 172.2 278.0 176.1 258.5 198.9 254.0 195.0 ship 0
267.8 206.6 273.7 181.3 287.3 184.4 281.4 209.8 ship 0
304.1 185.0 308.3 189.3 283.9 213.0 279.7 208.7 ship 0
304.3 202.0 310.2 202.7 308.0 220.6 302.1 219.8 ship 0
321.8 196.2 336.4 206.7 318.8 231.1 304.2 220.6 ship 0
340.6 207.9 345.4 211.5 325.1 238.7 320.3 235.1 ship 0
351.3 213.0 356.7 215.6 343.5 242.6 338.1 240.0 ship 0
362.7 221.2 368.5 222.7 361.8 247.8 356.0 246.3 ship 0
380.1 231.2 385.1 234.5 372.9 252.8 367.9 249.5 ship 0
397.9 232.5 402.6 236.2 378.9 265.9 374.2 262.2 ship 0
412.7 236.3 417.6 239.8 393.7 274.3 388.8 270.9 ship 0
424.1 250.8 428.4 255.0 407.0 276.1 402.7 271.8 ship 0
438.0 256.0 442.7 259.7 419.3 289.7 414.6 286.0 ship 0
449.8 267.6 454.1 271.8 433.2 293.4 428.9 289.2 ship 0
461.1 268.0 466.7 270.4 454.9 298.0 449.3 295.6 ship 0
478.3 276.0 483.1 279.5 465.7 304.0 460.9 300.5 ship 0
506.9 291.8 516.7 301.8 501.0 317.2 491.2 307.2 ship 0
521.2 295.3 530.1 299.8 516.8 326.7 507.9 322.2 ship 0
545.9 305.7 553.5 312.1 534.2 335.1 526.6 328.7 ship 0
570.4 318.5 585.9 334.0 567.5 352.4 552.0 336.9 ship 0
288.3 57.6 296.2 63.6 275.6 90.7 267.7 84.6 ship 0
250.1 59.7 251.8 60.7 250.8 62.4 249.1 61.4 ship 0
554.6 30.7 562.9 36.3 541.3 67.6 533.0 61.9 ship 0
493.9 110.5 498.3 114.6 475.1 139.5 470.7 135.4 ship 0
523.3 121.0 527.4 125.3 505.7 146.0 501.6 141.7 ship 0
540.5 132.9 551.8 141.1 536.5 162.1 525.2 153.9 ship 0
558.3 137.8 563.1 141.5 544.7 165.2 539.9 161.5 ship 0
574.0 140.7 578.7 144.4 555.4 174.5 550.7 170.8 ship 0
583.6 147.0 588.9 149.7 573.4 180.0 568.1 177.3 ship 0
594.7 163.4 599.2 167.4 584.7 183.9 580.2 179.9 ship 0
605.2 165.7 614.5 169.3 603.8 197.3 594.5 193.7 ship 0
642.1 175.5 646.9 179.0 626.9 206.5 622.1 203.0 ship 0
646.1 182.8 657.3 214.9 647.9 218.2 636.7 186.1 ship 0
651.3 213.9 655.9 188.3 665.7 190.1 661.1 215.7 ship 0
675.9 196.9 681.3 199.6 666.1 230.1 660.7 227.4 ship 0
688.8 202.9 693.7 206.4 675.9 230.6 671.1 227.1 ship 0
701.9 204.5 707.1 207.5 688.1 240.5 682.9 237.5 ship 0
454.4 104.8 461.8 111.6 430.7 145.5 423.3 138.7 harbor 0
712.4 104.6 731.8 115.2 707.8 159.1 688.5 148.5 ship 0
688.8 118.9 690.2 120.4 688.7 121.7 687.3 120.3 ship 0
689.2 88.4 694.2 91.8 665.7 132.9 660.7 129.5 ship 0
659.0 100.9 660.6 102.0 659.5 103.7 657.8 102.5 ship 0
633.8 69.5 645.6 77.0 623.2 112.5 611.4 105.0 ship 0
622.4 57.5 626.7 61.7 597.6 92.0 593.3 87.8 ship 0
600.5 48.7 609.1 53.7 588.2 90.1 579.5 85.1 ship 0
577.5 61.6 579.1 62.8 577.9 64.4 576.3 63.2 ship 0
563.0 54.4 564.7 55.5 563.7 57.2 562.0 56.1 ship 0
504.0 110.4 509.5 112.6 498.6 140.5 493.0 138.3 ship 0
480.6 101.0 485.9 103.8 471.8 130.2 466.5 127.4 ship 0
237.5 53.6 238.9 55.0 237.5 56.4 236.1 55.0 ship 0
469.1 91.3 474.1 94.6 451.4 129.9 446.3 126.6 ship 0
224.4 44.3 226.0 45.5 224.8 47.1 223.2 45.9 ship 0
211.9 28.0 219.8 34.1 206.4 51.6 198.5 45.5 ship 0
197.4 31.2 198.9 32.5 197.7 34.0 196.1 32.8 ship 0
186.5 10.9 197.6 19.4 181.8 40.1 170.7 31.6 ship 0
287.0 4.2 291.8 7.8 276.2 28.6 271.4 25.0 ship 0
298.4 11.2 303.0 15.1 291.5 28.9 286.9 25.0 ship 0
318.1 12.1 322.9 15.6 300.4 46.2 295.6 42.7 ship 0
331.1 19.0 336.0 22.6 315.9 50.0 311.0 46.4 ship 0
339.9 32.3 347.6 38.6 331.1 58.7 323.4 52.4 ship 0
353.4 53.8 354.8 55.3 353.3 56.7 351.9 55.2 ship 0
372.0 48.5 376.5 52.5 353.8 77.8 349.3 73.8 ship 0
378.6 49.5 384.3 51.4 372.4 87.5 366.7 85.6 ship 0
396.1 56.6 401.3 59.7 381.9 92.4 376.7 89.3 ship 0
415.4 62.2 419.4 66.6 385.6 97.8 381.6 93.4 ship 0
419.5 72.3 424.6 75.5 406.5 104.3 401.4 101.1 ship 0
430.8 82.4 435.6 86.1 419.6 106.6 414.9 103.0 ship 0
445.2 86.7 449.7 90.8 429.5 113.0 425.0 108.9 ship 0
459.2 87.2 463.9 90.9 440.3 120.7 435.6 116.9 ship 0
1012.1 232.6 1016.3 236.9 991.6 260.3 987.4 256.0 ship 0
1012.6 379.4 1021.5 384.0 1011.4 403.6 1002.5 399.0 ship 0
997.9 384.8 999.7 385.7 998.8 387.5 997.0 386.6 ship 0
973.6 362.8 982.1 368.1 964.1 397.0 955.7 391.7 ship 0
954.7 355.1 969.7 365.0 950.9 393.4 935.9 383.5 ship 0
927.4 351.7 939.5 358.7 926.6 381.3 914.5 374.3 ship 0
895.6 425.1 912.3 431.9 902.3 456.0 885.7 449.1 ship 0
919.4 431.6 924.0 435.4 907.3 455.3 902.7 451.5 ship 0
928.1 429.6 937.9 431.6 930.1 468.8 920.3 466.8 ship 0
953.7 441.3 974.1 449.6 964.3 473.7 943.9 465.4 ship 0
980.0 449.5 984.6 466.9 971.0 470.5 966.4 453.1 ship 0
991.6 446.7 997.4 448.2 987.8 485.0 982.0 483.5 ship 0
1005.4 457.4 1010.9 459.9 1001.8 479.9 996.3 477.4 ship 0
1022.5 479.7 1024.3 480.5 1023.5 482.3 1021.7 481.5 ship 0
1000.4 489.2 1005.7 492.0 985.8 529.0 980.5 526.2 ship 0
938.2 318.7 940.0 319.6 939.1 321.4 937.3 320.5 ship 0
948.7 307.6 972.3 318.4 961.4 342.0 937.8 331.2 ship 0
976.9 316.0 985.0 321.8 967.4 346.1 959.3 340.2 ship 0
996.5 314.2 1005.2 319.1 983.0 359.3 974.2 354.5 ship 0
1006.6 498.2 1012.5 499.1 1008.4 528.8 1002.5 527.9 ship 0
977.7 486.4 987.3 489.2 976.3 525.6 966.7 522.8 ship 0
942.4 482.2 947.1 478.4 980.6 520.8 975.9 524.6 ship 0
907.6 463.1 913.2 465.1 900.4 500.9 894.8 498.9 ship 0
890.5 461.0 903.1 467.0 886.7 501.3 874.1 495.2 ship 0
