479.9 171.6 481.4 172.9 480.1 174.4 478.6 173.1 swimming-pool 0
190.3 53.6 191.9 54.8 190.7 56.4 189.1 55.2 swimming-pool 0
369.8 37.6 371.4 38.8 370.2 40.4 368.6 39.2 roundabout 0
293.0 138.8 294.1 140.5 292.4 141.5 291.4 139.9 swimming-pool 0
376.2 493.5 378.2 493.1 378.6 495.0 376.7 495.4 swimming-pool 0
409.9 536.2 410.8 537.9 409.1 538.8 408.2 537.1 swimming-pool 0
271.2 591.0 273.0 591.9 272.1 593.7 270.3 592.8 swimming-pool 0
302.1 625.9 304.1 626.1 303.9 628.1 301.9 627.9 swimming-pool 0
343.3 639.8 345.2 640.3 344.7 642.2 342.8 641.7 swimming-pool 0
237.5 578.5 237.5 580.5 235.5 580.5 235.5 578.5 swimming-pool 0
397.9 741.7 399.3 740.3 400.7 741.7 399.3 743.1 swimming-pool 0
471.2 976.3 472.5 977.8 470.9 979.1 469.7 977.5 swimming-pool 0
362.0 931.7 362.8 933.5 361.0 934.3 360.2 932.5 swimming-pool 0
733.0 982.1 734.3 980.6 735.8 981.9 734.5 983.4 swimming-pool 0
526.7 256.4 545.2 238.2 566.3 259.6 547.8 277.8 roundabout 0
925.4 110.7 933.8 116.0 913.7 148.2 905.2 142.9 ship 0
938.5 132.6 948.1 156.7 927.7 164.9 918.0 140.8 ship 0
961.2 118.7 966.5 121.3 946.0 162.5 940.7 159.9 ship 0
983.4 129.3 1007.5 139.0 990.3 181.7 966.2 172.0 ship 0
902.9 84.6 926.9 94.6 901.5 155.5 877.5 145.5 ship 0
880.2 824.0 882.1 824.7 881.3 826.6 879.5 825.9 swimming-pool 0
757.5 1012.5 759.5 1012.5 759.5 1014.5 757.5 1014.5 swimming-pool 0
626.8 955.2 627.3 953.3 629.2 953.8 628.7 955.7 swimming-pool 0
795.6 918.3 797.5 919.0 796.8 920.9 794.9 920.2 swimming-pool 0
549.1 823.5 550.4 822.0 551.9 823.3 550.5 824.8 swimming-pool 0
585.2 821.0 586.5 822.5 585.0 823.9 583.7 822.4 swimming-pool 0
569.0 669.4 570.8 670.4 569.8 672.2 568.0 671.2 swimming-pool 0
870.4 79.4 889.9 89.4 861.6 144.6 842.1 134.6 ship 0
591.5 614.1 593.3 614.8 592.6 616.6 590.7 615.9 swimming-pool 0
658.9 574.1 660.4 575.4 659.1 576.9 657.6 575.6 swimming-pool 0
722.4 641.6 724.4 641.4 724.6 643.4 722.6 643.6 swimming-pool 0
790.4 657.3 792.3 657.8 791.8 659.7 789.8 659.2 swimming-pool 0
843.5 657.5 845.5 657.5 845.5 659.5 843.5 659.5 swimming-pool 0
892.0 666.0 893.8 665.1 894.7 666.9 892.9 667.8 swimming-pool 0
909.3 619.3 911.2 619.8 910.7 621.7 908.8 621.2 swimming-pool 0
766.9 108.4 768.9 108.4 768.9 110.4 766.9 110.4 swimming-pool 0
823.8 108.0 844.4 115.6 836.8 136.2 816.2 128.6 ship 0
980.9 681.8 981.2 679.9 983.1 680.2 982.8 682.1 swimming-pool 0
985.2 879.6 986.4 881.2 984.8 882.4 983.6 880.8 swimming-pool 0
985.2 823.6 986.9 824.7 985.8 826.4 984.1 825.3 swimming-pool 0
