428.9 8.4 429.1 6.4 431.1 6.6 430.9 8.6 ship 0
810.1 142.1 811.4 140.6 812.9 141.9 811.6 143.4 ship 0
790.8 110.4 797.2 97.9 841.7 120.7 835.3 133.2 ship 0
782.0 79.1 801.4 51.1 859.0 90.9 839.6 118.9 ship 0
816.1 16.5 828.0 -2.0 859.9 18.5 848.0 37.0 ship 0
502.6 97.2 503.8 95.6 505.4 96.8 504.2 98.4 ship 0
477.7 68.4 494.5 38.9 548.4 69.5 531.6 99.1 ship 0
487.5 34.1 501.2 7.4 556.4 35.6 542.7 62.3 ship 0
398.6 89.1 401.6 79.6 464.4 99.9 461.4 109.4 ship 0
393.2 72.3 402.1 47.9 452.8 66.3 444.0 90.7 ship 0
800.1 170.4 801.6 169.1 802.9 170.6 801.4 171.9 ship 0
890.2 197.4 891.1 195.7 892.8 196.6 891.9 198.3 ship 0
864.7 129.5 880.8 95.1 969.6 136.6 953.5 171.0 ship 0
907.6 45.1 917.6 35.3 977.8 96.7 967.8 106.5 ship 0
918.6 23.7 926.9 12.4 986.4 56.3 978.1 67.6 ship 0
