460.8 752.9 478.4 766.1 455.7 796.5 438.0 783.4 ship 0
630.3 568.0 649.4 550.3 680.7 584.0 661.6 601.7 ship 0
646.9 535.2 654.9 529.2 696.9 585.2 688.9 591.2 ship 0
670.6 530.2 678.5 524.0 716.5 573.0 708.6 579.1 ship 0
692.2 527.0 699.9 520.6 726.8 553.0 719.1 559.4 ship 0
706.9 509.5 714.1 502.5 746.1 535.5 738.9 542.5 ship 0
661.8 561.2 812.2 445.1 835.4 475.1 685.0 591.3 ship 0
761.1 496.6 762.9 495.6 763.9 497.4 762.1 498.4 ship 0
767.5 476.4 775.1 469.8 802.5 501.6 794.9 508.2 ship 0
773.9 461.3 793.1 443.8 824.1 477.7 804.9 495.2 ship 0
799.0 442.3 806.7 436.0 835.7 471.7 827.9 478.0 ship 0
809.8 417.8 817.7 411.7 862.5 470.6 854.6 476.7 ship 0
837.6 420.4 844.6 413.3 874.5 442.7 867.5 449.9 ship 0
853.8 402.5 861.7 396.3 890.2 432.5 882.3 438.7 ship 0
871.0 389.5 881.7 380.6 911.3 415.8 900.5 424.8 ship 0
888.2 365.1 899.8 357.2 928.1 398.4 916.6 406.3 ship 0
904.1 348.1 915.1 339.5 963.2 400.9 952.2 409.5 ship 0
907.7 331.7 928.3 310.0 987.8 366.5 967.1 388.2 ship 0
963.8 397.9 985.0 376.7 1037.2 429.1 1016.0 450.3 ship 0
928.4 419.2 947.8 401.9 997.1 457.1 977.7 474.4 ship 0
920.9 429.1 928.6 422.7 970.6 473.6 962.9 480.0 ship 0
902.3 439.6 910.2 433.4 955.9 491.6 948.0 497.8 ship 0
618.9 588.1 627.2 576.8 657.7 599.5 649.3 610.8 ship 0
572.9 608.9 591.0 590.2 624.1 622.1 606.0 640.8 ship 0
881.1 456.7 888.1 449.6 938.3 498.4 931.3 505.5 ship 0
864.8 464.6 872.7 458.4 916.2 513.2 908.4 519.4 ship 0
847.4 478.0 855.0 471.5 903.1 527.8 895.5 534.3 ship 0
838.2 645.1 846.4 639.2 882.5 689.6 874.4 695.4 ship 0
865.7 638.1 874.1 632.7 894.3 664.9 885.9 670.3 ship 0
861.1 626.8 878.9 607.9 926.9 653.2 909.1 672.1 ship 0
907.7 596.1 915.0 589.2 954.9 631.4 947.6 638.2 ship 0
935.0 585.2 943.4 579.8 966.2 615.1 957.8 620.5 ship 0
939.8 577.9 958.8 560.2 995.7 599.6 976.7 617.4 ship 0
964.4 560.0 971.7 553.2 1005.6 590.0 998.3 596.8 ship 0
974.4 547.0 991.7 533.4 1027.6 579.0 1010.3 592.6 ship 0
811.4 676.9 820.4 672.3 839.3 709.8 830.4 714.3 ship 0
984.2 621.8 1002.1 608.9 1031.3 649.5 1013.4 662.3 ship 0
959.6 631.5 976.6 617.5 1018.4 668.5 1001.4 682.5 ship 0
948.9 645.3 956.7 639.0 993.2 684.1 985.4 690.4 ship 0
819.4 660.3 827.2 654.1 865.6 702.7 857.8 708.9 ship 0
787.0 691.6 793.7 684.1 825.0 712.2 818.3 719.6 ship 0
835.7 501.6 843.4 495.2 880.3 539.9 872.6 546.3 ship 0
647.3 623.3 655.6 617.6 690.7 668.7 682.4 674.4 ship 0
810.0 508.7 823.9 497.3 868.2 551.5 854.3 562.9 ship 0
793.3 518.9 800.6 512.1 848.2 563.4 840.9 570.2 ship 0
775.9 538.6 783.5 532.1 821.3 576.1 813.7 582.6 ship 0
756.4 545.4 764.4 539.4 804.3 591.9 796.3 598.0 ship 0
737.1 565.1 743.6 557.5 796.9 602.9 790.4 610.5 ship 0
713.3 581.7 736.2 562.3 781.3 615.9 758.4 635.2 ship 0
702.2 594.7 712.8 585.5 750.8 629.3 740.2 638.5 ship 0
678.3 601.5 685.8 594.9 734.7 650.4 727.2 657.0 ship 0
658.6 620.7 675.2 606.3 718.4 656.3 701.8 670.7 ship 0
640.7 671.8 650.0 682.3 621.7 707.6 612.3 697.1 ship 0
774.2 701.8 782.7 696.5 804.8 732.2 796.3 737.5 ship 0
621.9 657.4 630.5 668.5 597.4 694.4 588.8 683.4 ship 0
768.2 520.7 769.8 521.9 768.6 523.5 767.0 522.3 harbor 0
635.3 778.3 643.4 772.4 684.6 829.0 676.5 834.9 ship 0
654.0 776.0 661.2 769.1 704.0 814.0 696.8 820.9 ship 0
676.8 766.6 684.6 760.3 721.2 805.4 713.4 811.7 ship 0
695.3 754.1 702.7 747.3 733.8 781.2 726.4 787.9 ship 0
717.8 738.8 726.0 733.1 754.2 774.4 745.9 780.1 ship 0
735.5 730.9 742.9 724.0 779.7 763.5 772.4 770.3 ship 0
758.4 719.7 766.0 713.3 790.6 742.3 783.0 748.7 ship 0
855.3 659.9 1013.6 694.4 1009.8 712.0 851.5 677.5 ship 0
229.1 22.8 244.0 39.0 221.9 59.2 207.0 43.0 ship 0
93.6 104.5 104.3 119.0 83.4 134.5 72.7 120.0 ship 0
67.0 84.0 68.7 85.0 54.7 111.5 53.0 110.6 ship 0
60.9 79.3 62.6 80.2 50.7 103.3 49.0 102.4 ship 0
47.5 53.9 59.6 76.9 36.6 89.0 24.5 66.0 ship 0
27.5 57.4 29.3 56.7 30.0 58.6 28.1 59.2 ship 0
236.6 329.4 260.0 304.8 336.7 378.1 313.2 402.6 ship 0
303.2 288.9 329.3 267.1 381.8 330.1 355.7 351.9 ship 0
335.8 272.6 350.9 256.5 401.9 304.5 386.8 320.5 ship 0
356.6 225.8 380.0 201.1 442.4 260.2 419.1 284.9 ship 0
369.3 185.8 378.8 175.5 456.3 247.9 446.8 258.1 ship 0
437.5 194.8 439.1 196.0 437.9 197.6 436.3 196.4 ship 0
423.4 160.5 430.4 153.4 491.3 214.2 484.2 221.3 ship 0
456.7 143.5 464.2 136.8 510.8 189.0 503.3 195.7 ship 0
472.9 134.5 480.0 127.5 529.1 177.5 522.0 184.5 ship 0
465.8 95.9 485.8 73.5 561.7 141.7 541.7 164.0 ship 0
519.1 55.1 528.9 45.2 589.9 105.9 580.1 115.8 ship 0
530.9 43.3 551.3 21.3 617.1 82.7 596.7 104.7 ship 0
574.0 35.3 582.0 23.8 636.0 61.7 628.0 73.2 ship 0
574.6 -3.7 590.3 -19.2 650.6 42.2 634.9 57.6 ship 0
878.6 147.6 887.0 136.3 962.4 192.4 954.0 203.7 ship 0
889.4 108.1 899.3 98.2 974.6 172.9 964.7 182.8 ship 0
927.3 99.7 937.7 90.4 997.4 157.9 986.9 167.1 ship 0
932.5 51.3 943.5 42.6 1014.5 131.7 1003.5 140.4 ship 0
960.0 55.2 979.6 32.5 1020.4 67.9 1000.8 90.6 ship 0
739.8 298.4 807.2 238.8 845.6 282.3 778.2 341.9 harbor 0
573.5 627.2 579.9 619.6 602.9 638.9 596.4 646.5 ship 0
851.1 161.2 859.9 156.4 913.9 256.8 905.1 261.6 ship 0
851.5 150.8 861.7 141.2 934.5 218.2 924.3 227.8 ship 0
817.5 194.5 828.3 185.6 885.8 254.8 875.1 263.7 ship 0
573.6 429.4 581.0 422.7 625.4 471.6 618.0 478.3 ship 0
535.9 457.2 543.1 450.3 594.1 503.8 586.9 510.7 ship 0
555.0 442.1 562.5 435.5 609.0 487.9 601.5 494.5 ship 0
584.6 414.4 591.3 407.1 645.7 457.3 638.9 464.6 ship 0
780.3 220.1 804.6 196.2 870.5 263.2 846.3 287.1 ship 0
598.0 393.3 605.0 386.2 666.0 446.7 659.0 453.8 ship 0
613.4 378.1 620.2 370.8 683.1 429.4 676.3 436.7 ship 0
628.2 359.0 641.6 347.1 696.0 408.4 682.5 420.4 ship 0
643.1 338.7 659.2 323.8 725.6 395.8 709.5 410.7 ship 0
683.7 336.7 690.4 329.3 742.3 376.3 735.6 383.7 ship 0
685.3 305.4 692.4 298.3 753.2 359.1 746.1 366.2 ship 0
702.1 291.8 720.5 273.5 775.5 328.8 757.0 347.1 ship 0
719.6 278.3 777.8 220.6 838.4 281.7 780.2 339.4 ship 0
740.8 264.9 799.5 202.0 868.2 266.1 809.5 329.0 ship 0
927.1 657.0 934.3 650.1 982.7 700.7 975.5 707.6 ship 0
893.4 683.7 900.7 676.8 945.7 725.1 938.4 731.9 ship 0
861.7 719.4 878.0 704.6 906.3 735.6 890.0 750.4 ship 0
988.3 784.6 1007.5 767.1 1035.8 798.1 1016.6 815.6 ship 0
998.1 805.0 999.5 803.6 1000.9 805.0 999.5 806.4 ship 0
957.9 812.8 973.0 796.9 1012.1 834.2 997.0 850.1 ship 0
946.9 820.5 954.6 814.0 981.6 846.2 974.0 852.6 ship 0
852.0 666.8 874.0 646.4 924.3 700.6 902.3 721.0 harbor 0
838.4 721.8 845.6 714.9 891.2 762.6 884.0 769.5 ship 0
826.4 735.0 833.7 728.2 875.7 773.9 868.3 780.6 ship 0
808.6 745.8 816.2 739.3 858.8 789.8 851.1 796.2 ship 0
790.7 762.6 798.9 757.0 829.7 801.3 821.5 807.0 ship 0
774.4 777.7 782.0 771.2 812.1 806.0 804.5 812.5 ship 0
754.0 789.0 761.2 782.0 801.7 823.6 794.5 830.6 ship 0
719.4 816.4 726.6 809.5 766.4 851.7 759.1 858.6 ship 0
704.3 824.5 708.8 820.5 747.7 863.5 743.2 867.5 ship 0
732.0 852.8 735.8 857.5 718.6 871.3 714.9 866.6 ship 0
928.6 834.2 935.2 826.8 966.6 854.7 959.9 862.2 ship 0
786.1 947.6 792.6 940.0 839.8 980.2 833.3 987.8 ship 0
795.7 919.5 802.8 912.6 857.1 968.6 849.9 975.6 ship 0
812.2 905.2 819.2 898.0 872.2 949.6 865.3 956.8 ship 0
832.4 888.9 840.0 882.3 891.0 941.3 883.4 947.8 ship 0
863.6 893.2 870.3 885.7 901.5 913.8 894.8 921.2 ship 0
882.6 874.4 890.0 867.7 918.4 898.6 911.0 905.3 ship 0
895.6 859.5 902.9 852.7 931.5 883.6 924.1 890.3 ship 0
901.3 837.4 908.3 830.4 960.7 882.6 953.7 889.6 ship 0
874.7 961.5 882.3 955.1 914.3 993.5 906.7 999.9 ship 0
989.7 870.9 1005.9 856.0 1034.3 887.0 1018.1 901.8 ship 0
972.6 868.4 979.9 861.5 1022.4 906.6 1015.1 913.5 ship 0
968.2 889.9 975.1 882.7 1005.4 911.8 998.5 919.0 ship 0
954.6 899.6 961.7 892.5 994.3 925.0 987.2 932.1 ship 0
940.2 907.3 948.3 901.3 977.9 941.6 969.9 947.5 ship 0
901.3 927.2 921.1 910.4 963.7 960.8 943.9 977.6 ship 0
892.9 933.4 900.2 926.5 948.1 977.6 940.8 984.5 ship 0
885.1 950.5 892.3 943.5 929.9 982.3 922.7 989.3 ship 0
856.9 971.9 864.1 964.9 901.8 1003.6 894.6 1010.6 ship 0
847.0 985.9 854.8 979.6 884.0 1015.1 876.2 1021.4 ship 0
825.6 996.8 832.3 989.4 875.5 1028.1 868.8 1035.6 ship 0
