999.8 371.1 1000.8 372.9 999.0 373.9 998.0 372.1 ship 0
935.7 367.5 948.2 354.7 1026.9 431.5 1014.3 444.4 ship 0
891.1 415.3 906.4 385.0 1018.9 441.7 1003.6 472.0 ship 0
934.1 458.7 935.6 457.4 936.9 458.9 935.4 460.2 ship 0
899.3 484.7 914.4 468.7 942.1 494.8 927.0 510.8 ship 0
869.3 511.1 888.3 487.9 951.7 539.9 932.7 563.1 ship 0
881.6 580.8 882.7 579.1 884.4 580.2 883.3 581.9 ship 0
866.1 606.9 868.0 607.4 867.5 609.3 865.6 608.8 ship 0
636.9 569.1 655.3 581.2 619.1 636.4 600.7 624.3 ship 0
649.4 594.6 657.8 600.0 641.8 625.3 633.3 620.0 ship 0
637.9 629.1 651.8 651.1 616.2 673.5 602.4 651.4 ship 0
809.0 613.6 823.2 596.8 870.5 636.9 856.3 653.7 ship 0
770.0 621.9 781.6 608.1 872.0 684.1 860.4 697.9 ship 0
748.8 665.1 768.3 637.1 855.3 697.7 835.9 725.6 ship 0
454.9 317.4 471.8 331.4 445.0 363.8 428.1 349.7 ship 0
627.4 976.9 638.1 962.4 652.6 973.1 641.9 987.6 ship 0
747.4 719.6 756.5 708.9 794.6 741.2 785.6 751.9 ship 0
711.8 745.3 734.7 720.1 810.2 788.7 787.3 813.9 ship 0
743.6 794.6 744.9 793.1 746.4 794.4 745.1 795.9 ship 0
681.0 831.4 697.4 811.2 755.0 857.6 738.6 877.8 ship 0
692.6 866.7 693.8 865.1 695.4 866.3 694.2 867.9 ship 0
679.6 893.1 681.4 894.1 680.4 895.9 678.6 894.9 ship 0
660.7 919.3 662.1 917.8 663.6 919.1 662.2 920.6 ship 0
611.0 934.5 629.7 911.0 697.0 964.5 678.3 988.0 ship 0
