728.1 133.0 729.5 131.6 730.9 133.0 729.5 134.4 ship 0
618.0 336.5 620.0 336.4 620.1 338.4 618.1 338.5 ship 0
542.8 91.1 543.9 92.8 542.2 93.9 541.1 92.2 ship 0
506.0 67.7 507.8 68.5 507.0 70.3 505.2 69.5 ship 0
464.4 46.2 465.9 45.0 467.2 46.5 465.6 47.8 ship 0
394.6 752.7 396.4 753.5 395.6 755.4 393.8 754.5 ship 0
173.8 999.4 175.0 1001.0 173.4 1002.2 172.2 1000.6 ship 0
317.2 896.5 318.6 897.9 317.2 899.4 315.8 898.0 ship 0
291.2 878.0 292.8 879.2 291.7 880.8 290.0 879.7 ship 0
144.3 543.5 145.0 541.6 146.9 542.3 146.2 544.2 ship 0
244.9 360.1 246.4 361.4 245.1 362.9 243.6 361.6 ship 0
291.6 367.9 300.4 378.8 289.5 387.6 280.7 376.7 ship 0
313.8 224.2 315.8 223.8 316.2 225.8 314.2 226.2 ship 0
