207.2 423.2 209.0 424.0 208.2 425.8 206.4 425.0 swimming-pool 0
60.7 765.4 62.6 765.9 62.2 767.8 60.2 767.4 swimming-pool 0
878.6 336.7 879.3 338.6 877.4 339.3 876.7 337.4 swimming-pool 0
897.7 531.6 899.4 532.7 898.3 534.4 896.6 533.3 swimming-pool 0
971.0 599.0 972.9 599.7 972.2 601.6 970.3 600.9 swimming-pool 0
194.6 820.1 196.4 821.1 195.4 822.9 193.6 821.9 swimming-pool 0
200.5 590.7 202.3 591.5 201.5 593.3 199.7 592.5 swimming-pool 0
141.7 780.4 143.6 779.7 144.3 781.6 142.4 782.3 swimming-pool 0
787.2 816.9 789.1 816.2 789.8 818.1 787.9 818.8 swimming-pool 0
299.5 437.0 301.5 437.0 301.5 439.0 299.5 439.0 swimming-pool 0
426.6 435.6 427.9 434.1 429.4 435.4 428.1 436.9 swimming-pool 0
137.2 574.6 138.4 576.2 136.8 577.4 135.6 575.8 swimming-pool 0
58.1 60.2 59.8 59.1 60.9 60.8 59.2 61.9 swimming-pool 0
265.2 251.8 266.3 250.2 267.9 251.3 266.8 253.0 swimming-pool 0
328.2 725.9 329.1 724.2 330.8 725.1 329.9 726.8 roundabout 0
563.3 677.3 565.2 677.8 564.7 679.7 562.8 679.2 swimming-pool 0
