-5.3 571.5 14.5 554.6 31.3 574.4 11.5 591.3 ship 0
348.1 804.1 353.2 795.5 385.9 814.9 380.8 823.5 ship 0
539.8 723.8 557.7 699.8 626.6 751.3 608.6 775.3 ship 0
519.3 803.6 536.0 778.7 594.1 817.6 577.4 842.5 ship 0
530.5 852.4 544.3 830.4 576.5 850.6 562.7 872.6 ship 0
524.4 865.3 528.7 856.3 563.0 872.7 558.6 881.8 ship 0
376.0 857.3 381.2 848.8 451.0 891.7 445.8 900.2 ship 0
378.2 748.6 382.2 744.2 410.4 769.6 406.4 774.1 ship 0
382.9 737.1 388.8 729.0 416.3 748.9 410.5 757.1 ship 0
389.3 722.0 402.6 704.4 429.7 725.0 416.4 742.6 ship 0
423.2 745.2 435.9 722.5 490.0 752.9 477.3 775.6 ship 0
423.9 754.6 429.3 746.2 481.4 780.0 475.9 788.3 ship 0
415.9 776.6 421.4 768.3 473.1 802.4 467.6 810.7 ship 0
406.9 793.1 412.7 785.0 466.3 823.5 460.5 831.6 ship 0
397.7 815.9 403.9 808.1 449.2 844.3 443.0 852.1 ship 0
383.8 843.6 392.2 827.7 443.4 855.0 435.0 870.9 ship 0
396.9 895.9 403.2 888.1 411.0 894.4 404.7 902.2 ship 0
466.7 963.2 478.7 944.8 517.3 969.8 505.3 988.2 ship 0
359.0 901.2 364.5 892.8 426.5 933.1 421.1 941.5 ship 0
353.6 919.2 359.6 911.2 415.2 953.7 409.2 961.7 ship 0
341.5 944.7 346.0 935.8 408.5 967.3 404.0 976.2 ship 0
323.1 950.6 329.5 942.9 383.1 987.9 376.7 995.6 ship 0
316.5 979.9 321.8 971.4 374.5 1004.1 369.2 1012.6 ship 0
283.5 872.4 292.2 856.6 409.6 921.1 401.0 936.9 harbor 0
446.2 992.8 466.2 965.3 509.8 997.2 489.8 1024.7 ship 0
922.3 838.1 925.8 833.2 959.7 857.9 956.2 862.8 ship 0
924.0 811.5 927.7 806.7 964.2 834.7 960.5 839.5 ship 0
928.7 795.6 932.5 790.9 971.3 822.4 967.5 827.1 ship 0
941.4 787.2 945.2 782.5 974.8 806.4 971.0 811.1 ship 0
948.5 776.1 952.3 771.5 981.5 795.9 977.7 800.5 ship 0
958.7 768.5 962.4 763.7 989.3 784.4 985.7 789.2 ship 0
959.3 747.7 962.1 742.4 995.7 760.3 992.9 765.6 ship 0
965.9 735.7 969.3 730.8 997.1 750.3 993.7 755.2 ship 0
1001.7 725.5 1001.9 731.5 971.9 732.4 971.7 726.4 ship 0
921.4 868.6 925.6 864.4 949.6 888.4 945.4 892.6 ship 0
485.4 130.9 495.7 140.4 483.4 153.6 473.2 144.0 ship 0
957.3 855.9 959.2 861.6 919.3 874.7 917.4 869.0 ship 0
912.7 878.1 918.2 875.6 929.0 899.2 923.6 901.7 ship 0
961.9 988.8 968.8 981.5 1002.1 1013.2 995.2 1020.5 ship 0
886.1 886.8 888.9 881.5 925.9 901.2 923.1 906.5 ship 0
963.2 968.7 968.5 960.2 1007.4 984.7 1002.1 993.2 ship 0
871.1 966.9 875.6 962.8 900.9 991.1 896.4 995.2 ship 0
875.2 956.6 878.6 951.7 909.8 973.4 906.4 978.3 ship 0
876.8 938.2 882.8 930.2 919.7 957.5 913.8 965.6 ship 0
885.1 923.2 887.8 917.9 925.1 937.3 922.3 942.7 ship 0
885.1 916.1 886.1 906.2 923.9 909.9 922.9 919.8 ship 0
361.2 765.8 367.1 757.7 401.1 782.3 395.2 790.4 ship 0
340.2 820.9 346.0 812.8 376.8 835.1 371.0 843.2 ship 0
327.6 835.6 333.7 827.7 370.1 855.8 364.0 863.7 ship 0
211.7 619.7 222.1 610.3 250.3 641.3 239.9 650.7 ship 0
242.5 591.2 259.4 611.0 245.7 622.7 228.8 602.9 ship 0
309.6 549.9 323.2 538.2 358.4 579.1 344.8 590.8 ship 0
397.8 520.0 419.0 541.2 392.1 568.1 370.9 546.8 ship 0
539.7 592.5 553.2 604.4 507.1 657.0 493.6 645.2 ship 0
143.9 928.1 150.2 920.4 189.0 951.9 182.6 959.7 ship 0
249.2 780.1 262.3 762.5 292.8 785.1 279.7 802.8 ship 0
237.2 784.1 244.0 776.8 289.1 819.4 282.3 826.7 ship 0
226.6 803.9 232.8 796.1 272.0 827.1 265.8 834.9 ship 0
220.3 814.9 227.7 808.2 266.7 851.1 259.3 857.8 ship 0
206.1 836.7 211.6 828.3 253.3 856.0 247.8 864.3 ship 0
182.0 880.3 190.1 855.6 230.1 868.7 222.0 893.4 ship 0
176.8 877.1 183.8 870.0 224.9 911.0 217.9 918.1 ship 0
164.4 894.8 170.6 887.0 209.6 918.2 203.4 926.0 ship 0
155.5 909.9 162.7 902.9 194.5 936.1 187.3 943.1 ship 0
134.6 940.8 141.0 933.1 176.2 962.8 169.8 970.4 ship 0
276.1 740.7 282.4 733.0 314.9 759.7 308.5 767.4 ship 0
250.4 772.3 269.7 835.4 141.6 874.7 122.3 811.6 harbor 0
260.4 999.1 265.9 990.7 301.1 1013.7 295.6 1022.0 ship 0
233.9 960.7 242.2 949.5 308.1 998.3 299.8 1009.5 ship 0
270.9 954.1 276.9 946.1 310.6 971.2 304.6 979.2 ship 0
267.8 929.5 276.1 918.2 313.2 945.5 304.9 956.8 ship 0
281.9 908.9 294.1 895.6 327.9 926.8 315.7 940.1 ship 0
283.2 891.2 298.0 869.8 352.2 907.6 337.3 928.9 ship 0
302.7 868.0 314.5 854.4 355.2 889.9 343.3 903.5 ship 0
267.6 762.1 273.5 754.1 304.1 776.6 298.1 784.7 ship 0
305.3 736.9 306.6 735.4 308.1 736.7 306.9 738.2 ship 0
126.8 692.8 140.3 675.5 163.9 694.0 150.3 711.3 ship 0
111.1 904.0 117.9 896.7 139.9 917.0 133.1 924.3 ship 0
99.8 720.3 115.7 699.7 148.9 725.3 133.1 745.9 ship 0
94.0 735.4 98.4 726.4 128.9 741.6 124.4 750.6 ship 0
82.9 750.8 101.7 732.9 136.1 769.2 117.3 787.1 ship 0
53.6 781.1 106.1 729.0 138.5 761.7 86.0 813.8 ship 0
42.1 792.9 96.0 742.2 124.8 772.8 70.9 823.5 ship 0
50.2 809.2 61.9 795.6 87.7 817.7 76.0 831.3 ship 0
26.6 832.5 40.1 820.5 70.7 854.9 57.3 866.8 ship 0
16.5 844.1 23.1 836.6 48.6 859.0 42.0 866.5 ship 0
107.5 741.1 122.7 775.9 58.5 803.9 43.3 769.1 harbor 0
120.0 884.6 126.1 876.7 153.0 897.4 146.9 905.3 ship 0
224.9 689.2 239.4 672.6 274.1 702.8 259.6 719.4 ship 0
129.6 866.8 135.9 859.0 162.3 880.5 155.9 888.2 ship 0
132.4 858.9 148.5 838.5 175.2 859.5 159.1 879.9 ship 0
147.0 815.2 153.0 807.2 202.5 844.5 196.5 852.5 ship 0
158.9 816.9 183.7 788.1 212.5 812.9 187.6 841.7 ship 0
195.5 798.1 196.7 796.5 198.3 797.8 197.0 799.4 ship 0
200.8 758.7 207.9 751.7 234.5 778.9 227.3 785.9 ship 0
219.8 747.2 223.9 742.8 245.6 763.5 241.5 767.8 ship 0
214.8 734.2 217.0 728.7 263.2 747.8 261.0 753.3 ship 0
216.9 703.2 223.3 695.5 274.1 737.8 267.7 745.5 ship 0
