220.4 730.3 290.1 863.1 -5.6 1018.3 -75.3 885.5 tennis-court 0
40.5 652.4 42.2 651.3 43.2 653.0 41.6 654.1 swimming-pool 0
406.0 457.6 407.3 456.1 640.2 660.8 638.9 662.3 soccer-ball-field 0
561.3 56.7 589.1 37.1 608.7 64.9 580.8 84.5 ship 0
618.5 121.0 627.6 125.1 613.5 156.0 604.4 151.9 ship 0
624.5 127.0 629.9 124.4 650.1 165.7 644.7 168.3 ship 0
606.2 68.3 615.8 48.5 642.8 61.7 633.2 81.5 ship 0
660.9 147.7 683.1 134.3 707.0 173.6 684.7 187.1 ship 0
639.0 58.0 667.4 48.3 681.0 88.0 652.6 97.7 ship 0
945.7 -7.0 955.5 -5.4 949.4 32.1 939.5 30.5 ship 0
968.2 -7.3 977.4 -3.3 960.8 35.3 951.6 31.3 ship 0
975.9 -6.2 997.2 -0.4 985.2 44.0 963.9 38.2 ship 0
920.4 41.1 921.6 39.5 967.6 74.9 966.4 76.5 ship 0
944.3 42.3 946.2 41.7 956.3 74.2 954.4 74.8 ship 0
951.5 70.5 956.8 45.0 966.6 47.1 961.3 72.5 ship 0
452.8 79.7 458.4 77.4 473.0 112.5 467.4 114.8 ship 0
480.8 90.7 504.9 81.0 522.1 123.6 498.0 133.4 ship 0
481.5 84.7 490.6 88.7 478.6 116.2 469.5 112.2 ship 0
426.5 74.6 431.3 71.1 455.9 105.2 451.0 108.7 ship 0
493.2 26.5 504.0 45.7 477.8 60.5 467.0 41.3 ship 0
44.1 96.7 47.5 91.7 85.6 117.4 82.3 122.4 ship 0
79.9 113.1 84.7 95.7 105.9 101.7 101.0 119.0 ship 0
87.2 90.5 111.6 66.9 151.9 108.6 127.4 132.2 ship 0
137.2 94.6 147.9 85.6 172.6 114.5 161.9 123.5 ship 0
162.5 87.5 169.2 80.1 197.4 105.5 190.7 112.9 ship 0
217.7 85.2 225.6 79.0 244.2 102.5 236.4 108.7 ship 0
236.0 76.0 243.6 69.5 263.2 92.2 255.6 98.7 ship 0
252.4 77.0 266.8 60.3 286.5 77.3 272.1 94.0 ship 0
236.0 23.4 251.3 7.6 270.0 25.6 254.7 41.4 ship 0
274.1 49.9 288.1 28.0 310.0 42.1 296.0 64.0 ship 0
360.6 37.5 362.8 47.2 310.3 59.6 308.0 49.8 ship 0
309.7 75.1 309.9 65.1 335.9 65.8 335.7 75.8 ship 0
339.4 73.4 356.8 54.1 376.1 71.6 358.6 90.8 ship 0
