334.6 61.5 336.0 60.1 337.4 61.5 336.0 62.9 swimming-pool 0
370.3 92.9 372.2 93.3 371.8 95.3 369.9 94.8 swimming-pool 0
435.0 92.3 436.2 93.9 434.5 95.0 433.4 93.4 swimming-pool 0
405.2 127.0 406.0 125.2 407.8 126.0 407.0 127.8 swimming-pool 0
398.2 176.4 399.2 178.2 397.4 179.1 396.4 177.4 swimming-pool 0
475.6 119.7 477.5 120.2 477.0 122.1 475.0 121.6 swimming-pool 0
513.1 108.9 514.6 107.6 515.9 109.1 514.4 110.4 swimming-pool 0
391.1 69.1 392.9 68.1 393.9 69.9 392.1 70.9 swimming-pool 0
180.1 549.1 326.0 403.7 386.7 464.6 240.8 610.0 tennis-court 0
51.5 190.5 52.7 192.1 51.2 193.3 49.9 191.8 swimming-pool 0
78.9 231.1 80.4 232.4 79.1 233.9 77.6 232.6 swimming-pool 0
108.6 257.2 109.8 255.6 111.4 256.8 110.2 258.4 swimming-pool 0
158.2 266.2 160.2 266.1 160.3 268.1 158.3 268.2 swimming-pool 0
182.0 327.1 183.3 328.6 181.8 329.9 180.5 328.4 swimming-pool 0
294.3 43.6 295.1 45.5 293.2 46.2 292.4 44.4 swimming-pool 0
217.3 675.9 461.4 459.8 531.7 539.1 287.6 755.2 tennis-court 0
156.1 982.8 156.5 980.8 158.4 981.2 158.0 983.2 swimming-pool 0
235.3 980.2 236.1 978.4 237.9 979.2 237.1 981.0 swimming-pool 0
671.0 168.7 672.8 169.5 672.0 171.3 670.2 170.5 roundabout 0
