354.2 910.1 411.8 851.7 475.8 914.9 418.2 973.3 plane 0
378.1 596.6 424.1 538.6 500.9 599.4 454.9 657.4 plane 0
544.9 599.5 603.1 547.5 663.1 614.5 605.0 666.5 plane 0
716.5 587.5 782.5 538.9 845.4 624.2 779.4 672.8 plane 0
886.7 610.1 950.5 552.3 1016.3 624.9 952.5 682.7 plane 0
811.2 517.5 871.3 461.6 932.6 527.5 872.5 583.4 plane 0
637.1 513.1 684.6 456.4 759.7 519.4 712.2 576.1 plane 0
455.2 480.7 547.4 437.2 596.1 540.3 503.8 583.8 plane 0
529.9 921.2 581.9 863.1 643.1 917.8 591.1 975.9 plane 0
698.5 917.7 758.2 867.5 813.5 933.3 753.8 983.5 plane 0
869.2 929.8 917.3 873.7 985.6 932.2 937.5 988.4 plane 0
