260.6 947.6 276.1 938.4 289.4 960.8 273.9 969.9 plane 0
329.2 920.3 342.9 923.2 328.8 987.7 315.1 984.8 plane 0
338.8 963.2 377.8 978.7 368.2 1002.8 329.2 987.3 plane 0
351.7 918.4 421.6 968.5 406.5 989.6 336.6 939.5 plane 0
400.1 952.1 414.0 953.0 409.9 1014.9 396.0 1014.0 plane 0
378.0 916.1 496.1 970.3 485.2 993.9 367.1 939.7 plane 0
457.7 950.2 467.6 951.7 456.5 1020.9 446.6 1019.3 plane 0
482.9 922.7 496.7 925.2 485.1 990.2 471.3 987.7 plane 0
499.5 958.5 513.4 956.9 520.0 1014.5 506.1 1016.1 plane 0
539.3 930.7 555.2 939.1 531.7 983.3 515.8 974.9 plane 0
516.2 941.6 618.1 1008.7 603.8 1030.4 501.9 963.3 plane 0
545.8 978.0 610.0 920.7 627.3 940.0 563.2 997.4 plane 0
568.7 1006.5 636.2 947.0 653.3 966.5 585.8 1026.0 plane 0
620.2 940.2 636.3 932.1 658.8 976.8 642.7 984.9 plane 0
534.1 821.8 571.3 841.3 548.2 885.6 511.0 866.1 plane 0
512.8 809.9 529.1 817.5 518.2 841.1 501.9 833.5 plane 0
489.3 821.1 499.2 822.6 489.7 887.9 479.8 886.4 plane 0
416.9 773.4 530.5 836.6 508.1 876.8 394.5 813.6 plane 0
421.6 808.2 475.5 880.3 454.7 895.9 400.8 823.8 plane 0
408.9 808.4 425.4 815.6 415.0 839.4 398.5 832.2 plane 0
382.6 837.9 399.0 845.3 388.4 869.1 372.0 861.7 plane 0
337.3 785.9 399.5 845.2 381.6 864.0 319.3 804.7 plane 0
333.8 810.5 351.2 814.9 331.2 894.5 313.8 890.1 plane 0
285.1 787.2 345.5 842.6 327.9 861.8 267.5 806.4 plane 0
288.7 943.3 329.8 952.0 315.3 1020.5 274.2 1011.8 plane 0
236.6 978.3 250.1 966.3 267.4 985.7 253.9 997.7 plane 0
210.8 917.4 224.6 914.9 238.8 991.6 225.0 994.1 plane 0
-10.5 954.2 34.8 924.9 49.0 946.7 3.7 976.1 plane 0
34.6 949.3 48.6 948.0 54.4 1009.7 40.4 1011.0 plane 0
33.6 974.2 86.6 911.7 106.5 928.6 53.4 991.1 plane 0
50.6 935.6 155.6 997.8 142.3 1020.2 37.4 958.0 plane 0
21.8 910.8 226.6 972.8 220.3 993.8 15.4 931.9 plane 0
133.7 973.9 149.9 965.9 161.4 989.1 145.3 997.1 plane 0
170.5 937.0 187.0 944.3 176.5 968.0 160.0 960.7 plane 0
179.2 941.1 239.0 1002.8 220.4 1020.9 160.5 959.2 plane 0
243.6 788.8 253.4 786.8 268.4 859.2 258.6 861.2 plane 0
251.8 851.4 279.2 819.5 314.1 849.5 286.7 881.4 plane 0
221.6 820.0 235.5 819.1 239.4 885.0 225.5 885.9 plane 0
101.2 782.9 314.8 843.4 308.8 864.6 95.2 804.1 plane 0
213.0 325.3 282.2 420.9 232.0 457.2 162.8 361.7 plane 0
639.9 588.5 674.9 629.6 630.8 667.2 595.7 626.1 plane 0
709.1 589.6 751.9 628.8 710.0 674.5 667.2 635.3 plane 0
573.8 400.8 597.3 411.8 567.5 475.2 544.0 464.1 plane 0
546.1 359.5 567.2 374.7 523.9 434.7 502.8 419.5 plane 0
499.8 407.0 522.8 455.9 488.4 472.0 465.4 423.2 plane 0
468.5 363.9 489.9 384.9 446.5 429.1 425.1 408.1 plane 0
416.9 413.3 437.4 429.2 414.0 459.2 393.5 443.2 plane 0
361.1 328.6 441.9 414.7 393.7 459.8 313.0 373.8 plane 0
318.7 374.2 389.0 473.9 357.9 495.8 287.6 396.1 plane 0
312.4 358.7 332.3 375.5 289.8 426.0 269.9 409.3 plane 0
263.9 400.2 289.0 452.5 254.7 468.9 229.6 416.6 plane 0
182.5 407.4 203.4 422.9 180.7 453.4 159.9 437.9 plane 0
165.7 353.9 183.4 378.1 126.8 419.4 109.1 395.2 plane 0
41.2 393.4 43.1 375.5 92.8 380.6 90.9 398.5 plane 0
91.8 396.0 137.6 431.7 114.2 461.7 68.5 426.0 plane 0
19.3 381.7 67.2 453.1 35.7 474.3 -12.2 402.9 plane 0
559.8 576.7 604.6 619.6 561.7 664.4 516.9 621.5 plane 0
405.2 562.3 453.2 601.6 408.8 655.7 360.8 616.4 plane 0
356.8 583.2 365.8 598.8 312.2 629.8 303.2 614.2 plane 0
243.9 553.2 305.4 586.8 271.8 648.2 210.4 614.7 plane 0
169.9 818.9 179.8 817.6 188.1 883.1 178.2 884.4 plane 0
47.0 784.2 265.6 841.5 260.0 862.8 41.4 805.5 plane 0
131.9 813.3 141.7 815.4 126.6 887.8 116.8 885.7 plane 0
86.5 819.5 98.9 806.5 117.7 824.5 105.3 837.5 plane 0
31.0 818.2 130.2 855.7 121.0 880.0 21.8 842.5 plane 0
-8.8 783.1 118.7 835.9 108.8 859.9 -18.7 807.1 plane 0
2.9 828.2 54.1 845.1 46.0 869.8 -5.3 852.9 plane 0
33.4 540.5 77.9 583.6 34.8 628.2 -9.8 585.1 plane 0
131.6 565.1 142.9 584.0 89.7 615.9 78.4 597.1 plane 0
187.1 558.8 220.3 601.4 180.9 632.2 147.7 589.6 plane 0
414.1 -25.5 471.5 7.1 442.9 57.5 385.5 24.9 plane 0
519.4 -25.4 560.0 10.3 521.7 53.8 481.1 18.2 plane 0
107.2 139.2 142.4 180.1 89.4 225.8 54.2 184.9 plane 0
181.9 136.1 241.3 173.1 202.1 235.9 142.7 198.9 plane 0
272.3 141.7 331.2 171.5 299.7 234.0 240.8 204.2 plane 0
375.8 139.2 428.3 179.3 383.4 238.1 330.9 198.1 plane 0
459.3 141.2 522.3 171.6 486.7 245.5 423.6 215.0 plane 0
548.3 143.9 613.3 170.0 582.7 246.1 517.7 220.0 plane 0
