891.3 505.4 943.6 538.7 897.5 611.2 845.2 577.9 plane 0
812.4 511.5 853.5 552.5 795.5 610.5 754.5 569.5 plane 0
758.2 403.0 816.6 433.8 772.8 517.0 714.4 486.2 plane 0
717.2 505.2 765.3 537.5 717.5 609.0 669.3 576.7 plane 0
634.2 407.7 690.4 393.4 717.5 500.0 661.3 514.3 plane 0
616.9 490.3 669.5 502.5 642.9 617.5 590.3 605.3 plane 0
585.5 403.5 636.3 439.1 587.0 509.5 536.2 474.0 plane 0
518.8 519.4 564.3 526.1 555.8 583.5 510.3 576.8 plane 0
490.8 394.0 554.9 431.0 507.9 512.4 443.8 475.5 plane 0
395.6 385.1 457.5 408.1 419.1 511.2 357.3 488.2 plane 0
307.9 386.9 366.3 407.7 330.8 507.5 272.4 486.8 plane 0
321.9 495.9 383.5 488.4 397.3 601.6 335.8 609.1 plane 0
257.8 488.0 322.0 516.1 284.2 602.2 220.1 574.1 plane 0
214.6 403.2 263.6 413.0 249.9 481.7 200.9 471.9 plane 0
179.1 494.0 231.8 533.7 184.9 596.0 132.2 556.3 plane 0
141.7 392.3 187.6 427.8 142.3 486.3 96.4 450.8 plane 0
98.4 489.5 142.6 527.0 89.6 589.5 45.4 552.0 plane 0
33.0 406.5 71.0 405.0 73.6 470.9 35.6 472.4 plane 0
851.8 412.3 900.6 443.7 856.1 512.7 807.4 481.2 plane 0
944.7 417.7 992.3 457.4 942.3 517.3 894.7 477.6 plane 0
995.0 522.0 1028.8 564.1 968.0 613.0 934.2 570.9 plane 0
476.4 877.4 485.4 881.8 456.4 941.1 447.4 936.7 helicopter 0
223.7 836.2 237.4 833.0 268.2 967.5 254.6 970.7 helicopter 0
253.0 841.4 266.8 838.8 289.9 962.7 276.1 965.2 helicopter 0
296.0 846.3 306.0 846.9 300.0 956.7 290.0 956.1 helicopter 0
324.2 841.3 334.1 842.8 315.7 963.4 305.8 961.9 helicopter 0
325.1 846.4 334.8 844.0 362.9 958.6 353.2 961.0 helicopter 0
374.3 843.8 388.0 846.6 363.7 966.2 350.0 963.4 helicopter 0
402.5 847.3 412.3 849.5 386.5 964.7 376.7 962.5 helicopter 0
439.0 852.5 447.9 856.9 395.5 962.6 386.5 958.2 helicopter 0
455.5 843.8 465.2 846.6 429.4 971.6 419.8 968.8 helicopter 0
489.1 877.7 499.1 878.4 494.9 940.3 484.9 939.6 helicopter 0
519.0 880.7 528.6 883.5 512.8 939.3 503.2 936.6 helicopter 0
529.3 884.6 543.1 882.5 552.0 939.8 538.2 941.9 helicopter 0
548.5 885.0 557.6 880.8 581.8 933.5 572.7 937.6 helicopter 0
595.4 883.1 605.0 885.8 590.3 937.8 580.7 935.1 helicopter 0
624.6 885.2 633.6 889.6 608.1 941.7 599.1 937.3 helicopter 0
642.0 886.3 651.5 889.3 635.0 940.7 625.5 937.7 helicopter 0
660.8 885.4 670.7 886.9 662.2 944.3 652.3 942.8 helicopter 0
682.1 885.2 696.0 886.4 691.0 944.2 677.1 943.0 helicopter 0
702.8 887.2 716.7 886.0 721.9 943.7 708.0 945.0 helicopter 0
201.4 845.7 211.0 843.2 240.7 957.4 231.0 959.9 helicopter 0
207.5 839.5 217.2 841.9 188.5 960.5 178.8 958.1 helicopter 0
176.4 840.1 190.2 842.5 170.6 954.9 156.8 952.5 helicopter 0
123.6 843.9 133.0 840.5 172.4 951.7 163.0 955.1 helicopter 0
56.0 833.6 64.6 838.7 -2.0 950.3 -10.6 945.2 helicopter 0
75.9 835.1 84.9 839.4 30.2 952.9 21.2 948.5 helicopter 0
52.2 837.2 61.7 834.2 99.8 954.2 90.3 957.3 helicopter 0
129.7 840.9 139.5 842.5 121.3 955.1 111.5 953.5 helicopter 0
725.3 892.2 735.0 889.7 748.7 941.9 739.0 944.4 helicopter 0
764.0 890.3 773.6 893.0 757.5 948.8 747.9 946.0 helicopter 0
773.4 894.6 783.1 892.1 796.6 944.4 786.9 946.9 helicopter 0
936.2 802.3 950.1 800.9 955.8 858.7 941.9 860.1 helicopter 0
983.2 775.7 993.1 774.4 1008.8 887.3 998.9 888.6 helicopter 0
1005.3 804.8 1023.1 802.1 1031.6 859.5 1013.8 862.2 helicopter 0
948.8 895.2 962.7 895.5 961.4 953.5 947.4 953.2 helicopter 0
991.7 901.7 999.8 907.5 968.3 951.3 960.2 945.5 helicopter 0
1003.2 897.2 1016.9 899.9 1005.8 956.8 992.1 954.1 helicopter 0
961.0 804.1 974.9 802.4 982.0 859.9 968.1 861.6 helicopter 0
920.5 797.7 934.3 800.4 922.5 861.3 908.7 858.6 helicopter 0
802.5 890.0 812.5 889.3 816.4 947.1 806.5 947.8 helicopter 0
896.7 797.7 906.3 800.3 891.3 856.3 881.7 853.7 helicopter 0
834.4 890.1 844.2 892.1 832.6 948.9 822.8 947.0 helicopter 0
858.9 891.1 872.5 894.5 858.6 950.8 845.0 947.5 helicopter 0
884.1 892.8 893.9 894.7 882.9 951.6 873.1 949.7 helicopter 0
908.4 894.1 918.1 896.5 904.6 952.9 894.9 950.5 helicopter 0
498.2 755.8 512.2 756.2 508.8 874.2 494.8 873.8 helicopter 0
522.3 791.9 532.0 789.6 544.7 842.1 535.0 844.4 helicopter 0
565.3 761.0 575.0 763.5 547.7 870.0 538.0 867.5 helicopter 0
587.5 770.4 597.2 772.9 571.5 871.6 561.8 869.1 helicopter 0
632.7 794.9 642.3 797.9 626.3 849.4 616.7 846.5 helicopter 0
657.3 793.8 666.8 797.0 649.7 848.2 640.2 845.0 helicopter 0
675.1 793.3 685.1 793.5 683.8 851.5 673.8 851.3 helicopter 0
702.5 766.3 712.4 767.7 696.6 880.6 686.7 879.2 helicopter 0
720.5 794.8 734.5 795.6 731.5 853.5 717.5 852.8 helicopter 0
742.3 796.5 756.2 794.9 762.7 852.5 748.8 854.1 helicopter 0
774.0 795.2 783.9 795.9 780.0 853.8 770.1 853.1 helicopter 0
799.3 797.1 809.2 798.4 801.7 855.9 791.8 854.6 helicopter 0
814.4 798.7 828.2 796.2 838.6 853.3 824.8 855.8 helicopter 0
840.7 802.3 850.4 800.1 862.3 852.7 852.6 854.9 helicopter 0
871.2 796.8 881.1 798.4 871.8 855.6 861.9 854.0 helicopter 0
