790.3 85.1 800.3 85.2 799.7 171.2 789.7 171.1 plane 0
840.4 85.6 850.4 85.4 851.6 171.4 841.6 171.6 plane 0
893.2 85.3 907.2 85.7 905.0 171.6 891.0 171.3 plane 0
897.9 133.5 995.1 102.7 1003.0 127.5 905.7 158.3 plane 0
980.4 121.8 1018.2 118.3 1020.6 144.2 982.8 147.7 plane 0
668.8 91.5 762.4 62.5 771.3 91.2 677.7 120.2 plane 0
867.0 286.7 1070.6 235.1 1077.0 260.3 873.4 311.9 plane 0
726.3 83.3 760.2 81.8 764.2 171.7 730.2 173.2 plane 0
697.1 100.0 836.5 56.5 845.4 85.1 706.1 128.7 plane 0
801.1 292.0 925.5 223.6 940.0 249.9 815.5 318.3 plane 0
753.6 115.7 877.9 47.1 892.4 73.3 768.1 141.9 plane 0
959.9 87.7 975.7 79.0 990.1 105.3 974.3 114.0 plane 0
920.2 55.8 934.1 56.3 930.8 138.2 916.9 137.7 plane 0
865.0 55.2 875.0 54.4 882.0 136.1 872.0 136.9 plane 0
916.9 229.7 930.8 230.4 926.1 316.3 912.2 315.6 plane 0
806.8 256.6 820.5 253.9 826.2 283.4 812.5 286.1 plane 0
695.3 280.6 832.5 230.8 842.8 259.0 705.5 308.8 plane 0
661.4 269.9 761.7 235.5 771.4 263.9 671.1 298.3 plane 0
597.0 303.4 873.8 249.9 884.1 303.0 607.2 356.4 plane 0
785.5 256.5 795.5 256.3 797.5 354.2 787.5 354.4 plane 0
830.5 273.3 867.4 282.4 853.5 338.7 816.6 329.6 plane 0
883.3 284.6 918.0 300.1 905.7 327.4 871.0 311.9 plane 0
931.9 290.9 965.2 297.6 960.1 323.1 926.7 316.4 plane 0
988.5 264.8 998.5 264.5 1000.5 350.5 990.5 350.7 plane 0
