44.6 732.0 141.7 719.1 173.4 959.0 76.3 971.9 plane 0
81.6 426.5 177.7 445.3 138.1 647.5 42.0 628.7 plane 0
78.3 119.3 155.9 127.4 135.7 320.3 58.2 312.2 plane 0
188.2 37.9 321.7 -21.1 367.8 83.1 234.3 142.1 plane 0
197.0 331.3 298.7 279.9 370.0 420.9 268.3 472.3 plane 0
192.2 712.7 285.6 595.3 374.8 666.3 281.4 783.7 plane 0
780.6 776.7 804.1 728.1 928.3 788.3 904.8 836.9 plane 0
955.7 645.9 1051.0 700.8 1004.1 782.3 908.8 727.3 plane 0
854.7 588.8 918.3 658.0 834.3 735.2 770.7 666.0 plane 0
790.6 100.2 794.5 26.3 880.4 30.8 876.5 104.7 plane 0
917.6 131.4 938.1 81.4 1021.4 115.6 1000.9 165.6 plane 0
876.9 135.9 882.1 229.8 800.2 234.3 795.0 140.4 plane 0
1007.4 182.7 1036.9 263.5 933.6 301.3 904.1 220.5 plane 0
897.7 249.1 916.8 328.8 786.4 359.9 767.4 280.1 plane 0
919.0 342.7 947.2 306.3 1034.1 373.7 1006.0 410.0 plane 0
859.5 366.3 887.2 392.3 814.4 469.4 786.8 443.4 plane 0
1044.6 445.8 1051.8 499.3 919.0 517.2 911.8 463.7 plane 0
844.6 469.6 911.9 529.5 841.4 608.6 774.1 548.8 plane 0
1001.6 536.0 1044.8 596.1 968.4 651.0 925.2 590.9 plane 0
