219.1 616.8 235.6 729.6 114.9 747.2 98.4 634.4 plane 0
9.2 797.5 33.9 723.5 77.6 738.1 52.9 812.1 plane 0
89.5 868.9 97.0 819.5 249.3 842.9 241.7 892.3 plane 0
94.5 852.6 121.1 992.0 -6.6 1016.5 -33.2 877.0 plane 0
708.5 863.8 733.2 975.0 594.6 1005.9 569.8 894.6 plane 0
518.2 773.2 570.6 813.4 520.7 878.5 468.3 838.4 plane 0
587.1 749.9 632.5 696.7 700.9 755.1 655.5 808.3 plane 0
530.1 600.4 580.2 643.3 526.9 705.6 476.8 662.7 plane 0
586.7 594.2 636.6 519.3 704.8 564.8 654.9 639.7 plane 0
589.4 450.0 627.7 359.8 710.6 395.0 672.3 485.2 plane 0
548.2 268.3 600.2 346.6 518.5 400.8 466.6 322.5 plane 0
729.3 230.5 731.5 268.4 565.7 277.7 563.6 239.8 plane 0
530.0 103.8 587.0 168.2 522.6 225.2 465.6 160.9 plane 0
594.9 98.0 647.5 25.0 714.1 73.0 661.5 146.0 plane 0
62.9 548.6 94.8 606.4 19.4 647.9 -12.4 590.1 plane 0
109.9 503.7 181.2 455.6 227.1 523.6 155.8 571.6 plane 0
44.7 360.8 103.5 418.0 43.6 479.7 -15.2 422.5 plane 0
87.3 364.5 87.7 326.5 245.7 328.6 245.2 366.6 plane 0
49.8 26.7 111.0 87.0 50.6 148.3 -10.6 87.9 plane 0
116.5 193.2 159.3 114.0 238.5 156.8 195.7 236.0 plane 0
15.7 179.4 69.6 175.4 81.0 328.9 27.2 333.0 plane 0
