213.8 69.5 237.1 50.6 271.2 92.5 247.9 111.4 large-vehicle 0
581.4 155.0 610.9 149.5 623.0 214.4 593.5 219.9 large-vehicle 0
653.9 223.6 660.8 230.8 622.1 268.4 615.2 261.2 small-vehicle 0
681.4 222.0 689.1 228.5 625.9 303.4 618.2 296.9 small-vehicle 0
778.5 137.5 797.3 155.4 757.2 197.3 738.4 179.4 small-vehicle 0
784.1 348.3 794.2 358.0 753.9 399.7 743.8 390.0 small-vehicle 0
749.2 297.0 771.9 316.7 723.2 372.5 700.6 352.7 small-vehicle 0
757.3 339.8 768.0 348.8 751.2 368.7 740.5 359.7 small-vehicle 0
749.0 309.9 762.1 297.6 801.8 339.9 788.7 352.2 small-vehicle 0
797.6 157.1 804.9 163.9 768.2 203.4 760.8 196.6 small-vehicle 0
978.9 190.5 986.4 197.2 953.1 234.5 945.6 227.8 small-vehicle 0
957.2 181.4 964.5 188.2 941.3 213.1 934.0 206.3 small-vehicle 0
928.8 163.2 951.5 175.8 933.0 209.0 910.3 196.4 small-vehicle 0
992.4 134.3 1005.9 146.2 967.6 189.7 954.1 177.8 small-vehicle 0
955.3 115.9 965.8 125.2 935.2 159.6 924.7 150.3 small-vehicle 0
940.3 95.2 950.2 105.1 914.7 140.4 904.8 130.5 small-vehicle 0
869.5 107.1 876.7 114.0 858.8 132.8 851.6 125.9 small-vehicle 0
854.0 92.9 861.2 99.9 840.1 121.2 833.0 114.2 small-vehicle 0
888.6 72.4 908.5 89.1 891.8 109.0 871.9 92.3 small-vehicle 0
1016.7 58.3 1037.5 73.9 1014.7 104.3 993.9 88.7 small-vehicle 0
974.8 14.7 993.6 26.1 969.8 65.5 951.0 54.1 small-vehicle 0
946.7 -4.9 967.2 11.2 943.7 41.0 923.3 25.0 small-vehicle 0
889.3 29.4 902.5 11.8 923.3 27.4 910.1 45.0 small-vehicle 0
996.4 204.1 1007.1 213.2 969.3 257.2 958.7 248.1 small-vehicle 0
815.7 170.8 823.1 177.6 786.3 217.2 778.9 210.4 small-vehicle 0
721.0 275.8 728.2 282.7 685.0 327.2 677.8 320.3 small-vehicle 0
832.7 185.5 840.2 192.2 804.2 232.4 796.7 225.7 small-vehicle 0
701.3 262.2 708.9 268.6 668.7 315.8 661.1 309.4 small-vehicle 0
735.4 176.7 754.3 194.5 733.6 216.3 714.7 198.5 small-vehicle 0
754.5 192.7 774.2 209.7 754.5 232.3 734.8 215.3 small-vehicle 0
794.5 229.6 801.8 236.3 781.5 258.4 774.2 251.7 small-vehicle 0
777.0 212.0 784.6 218.6 764.8 241.2 757.3 234.6 small-vehicle 0
811.8 243.0 819.4 249.4 800.0 272.3 792.4 265.8 small-vehicle 0
828.7 260.3 836.1 267.0 815.9 289.2 808.5 282.5 small-vehicle 0
846.3 269.9 854.3 276.1 835.9 299.8 828.0 293.7 small-vehicle 0
769.4 320.8 888.8 418.1 849.6 466.2 730.2 368.9 small-vehicle 0
755.2 225.4 1041.1 440.9 926.8 592.6 640.9 377.1 large-vehicle 0
864.5 285.4 874.9 294.8 854.9 317.1 844.5 307.8 small-vehicle 0
901.5 319.5 938.0 353.7 917.5 375.5 881.0 341.3 small-vehicle 0
956.7 285.5 967.2 294.8 925.8 341.0 915.4 331.7 small-vehicle 0
946.4 266.0 953.5 273.0 895.6 331.0 888.5 324.0 small-vehicle 0
913.9 255.6 932.3 273.9 897.1 309.4 878.7 291.1 small-vehicle 0
878.7 228.7 894.7 243.8 860.4 280.1 844.4 265.0 small-vehicle 0
840.1 212.1 850.7 221.4 830.9 243.9 820.3 234.6 small-vehicle 0
