89.1 196.1 90.4 197.6 88.9 198.9 87.6 197.4 ship 0
159.4 184.1 160.9 185.4 159.6 186.9 158.1 185.6 ship 0
207.1 119.2 207.8 121.1 205.9 121.8 205.2 119.9 ship 0
119.4 234.1 120.4 235.9 118.6 236.9 117.6 235.1 ship 0
172.6 203.0 173.9 204.4 172.5 205.8 171.1 204.3 ship 0
394.8 32.7 396.8 32.3 397.2 34.3 395.2 34.7 ship 0
413.8 70.5 415.1 72.0 413.6 73.3 412.3 71.8 ship 0
401.1 121.1 402.9 120.1 403.9 121.9 402.1 122.9 ship 0
823.3 111.1 824.7 112.6 823.2 114.0 821.8 112.5 ship 0
941.3 327.6 942.9 328.8 941.7 330.4 940.1 329.2 ship 0
883.1 392.4 884.1 390.7 885.8 391.7 884.8 393.4 ship 0
974.9 323.6 975.9 325.4 974.1 326.4 973.1 324.6 ship 0
1005.4 293.7 1006.8 295.1 1005.5 296.6 1004.0 295.2 ship 0
665.8 52.5 667.6 53.4 666.7 55.2 664.9 54.3 ship 0
