335.1 231.5 345.4 216.8 422.5 270.5 412.3 285.3 ship 0
406.5 214.6 408.1 215.8 406.9 217.4 405.3 216.2 ship 0
354.6 328.3 356.2 327.1 357.4 328.7 355.8 329.9 ship 0
368.0 287.1 368.3 285.1 370.3 285.4 370.0 287.4 ship 0
312.3 354.8 314.2 354.3 314.7 356.2 312.8 356.7 ship 0
309.1 391.8 311.0 391.2 311.6 393.1 309.7 393.7 ship 0
257.9 406.5 268.5 397.4 306.1 441.5 295.5 450.6 ship 0
323.3 976.1 324.9 977.3 323.7 978.9 322.1 977.7 ship 0
368.2 901.4 370.1 901.7 369.8 903.6 367.9 903.3 ship 0
353.9 948.5 355.0 950.2 353.3 951.2 352.2 949.5 ship 0
397.2 854.2 404.3 866.2 381.9 879.5 374.8 867.4 ship 0
411.7 836.7 413.4 837.7 412.4 839.4 410.7 838.4 ship 0
421.1 811.0 448.4 798.5 460.9 825.8 433.6 838.3 ship 0
493.4 811.9 495.1 810.9 496.1 812.6 494.4 813.6 ship 0
57.1 325.0 79.8 305.4 141.3 376.5 118.6 396.1 ship 0
