175.5 357.0 179.9 343.8 261.5 371.0 257.1 384.2 large-vehicle 0
390.9 153.7 392.8 154.4 392.1 156.3 390.2 155.6 large-vehicle 0
209.3 526.3 221.0 512.6 286.2 568.8 274.4 582.4 large-vehicle 0
227.7 498.7 237.7 483.8 315.9 535.9 305.9 550.9 large-vehicle 0
249.0 465.3 258.2 454.8 320.0 508.7 310.8 519.2 large-vehicle 0
575.0 170.7 606.9 198.1 563.9 248.2 532.1 220.8 large-vehicle 0
629.9 -21.1 654.7 7.6 607.9 48.2 583.0 19.5 large-vehicle 0
584.0 29.3 586.8 19.7 692.5 49.9 689.8 59.5 large-vehicle 0
520.4 6.8 558.1 39.5 528.0 74.3 490.2 41.5 large-vehicle 0
468.6 104.0 478.4 114.0 445.4 146.0 435.6 136.0 large-vehicle 0
502.2 156.6 507.2 143.6 527.8 151.4 522.8 164.4 large-vehicle 0
504.6 87.2 526.8 100.8 502.7 140.0 480.6 126.4 large-vehicle 0
577.7 51.5 596.2 69.7 561.2 105.4 542.7 87.2 large-vehicle 0
482.4 183.9 496.9 194.6 438.6 273.4 424.2 262.7 large-vehicle 0
464.3 163.3 477.1 176.0 419.3 234.1 406.5 221.5 large-vehicle 0
156.6 382.3 160.0 368.7 243.4 389.6 240.0 403.1 large-vehicle 0
559.8 134.7 570.4 143.8 527.2 193.7 516.6 184.6 large-vehicle 0
462.5 23.0 473.3 31.9 400.5 119.7 389.7 110.7 large-vehicle 0
469.3 61.7 480.4 70.2 449.9 109.8 438.8 101.3 large-vehicle 0
609.0 58.3 631.7 77.9 583.4 134.0 560.7 114.4 large-vehicle 0
189.5 205.0 208.1 167.3 296.0 210.8 277.3 248.4 large-vehicle 0
247.4 277.3 259.4 254.2 296.6 273.7 284.6 296.8 small-vehicle 0
184.9 815.8 205.4 807.7 223.9 854.1 203.5 862.3 small-vehicle 0
589.6 478.3 599.4 450.0 631.5 461.1 621.7 489.5 small-vehicle 0
333.4 658.7 355.1 679.5 306.6 730.0 285.0 709.3 small-vehicle 0
640.1 252.4 658.9 270.3 613.4 318.1 594.6 300.2 small-vehicle 0
