768.4 821.9 776.9 764.5 1083.6 810.0 1075.0 867.4 basketball-court 0
250.2 361.1 284.3 344.6 307.9 393.1 273.7 409.7 plane 0
845.2 143.3 877.8 123.7 928.3 207.6 895.8 227.3 plane 0
718.8 204.7 755.9 184.9 802.2 271.3 765.1 291.1 plane 0
602.6 269.9 636.2 244.7 668.6 287.9 635.0 313.1 plane 0
394.5 316.9 433.7 301.7 457.5 363.2 418.4 378.4 plane 0
533.0 217.8 559.0 202.9 585.9 249.7 559.9 264.7 plane 0
454.2 226.1 461.2 255.2 412.6 266.8 405.6 237.7 plane 0
326.6 351.3 363.8 331.8 387.0 376.1 349.7 395.6 plane 0
29.5 591.2 71.8 564.5 156.3 698.0 114.0 724.7 plane 0
78.4 1026.7 99.9 964.3 132.1 975.4 110.5 1037.8 plane 0
41.6 969.7 68.7 990.2 40.9 1026.9 13.8 1006.4 plane 0
809.4 834.5 857.9 950.7 763.8 990.1 715.2 873.8 basketball-court 0
