570.1 358.9 572.7 380.8 542.9 384.2 540.3 362.4 small-vehicle 0
448.8 774.2 455.3 807.5 351.2 827.8 344.7 794.5 large-vehicle 0
566.1 529.5 577.3 548.4 548.0 565.7 536.8 546.7 small-vehicle 0
569.3 516.6 572.1 530.3 542.7 536.4 539.9 522.7 small-vehicle 0
529.9 476.2 538.4 496.5 499.7 512.8 491.2 492.6 small-vehicle 0
552.7 505.6 553.4 503.7 555.2 504.4 554.5 506.3 small-vehicle 0
116.6 684.4 120.7 693.5 82.4 710.6 78.3 701.5 small-vehicle 0
74.9 682.0 75.1 672.0 117.1 672.8 116.9 682.8 small-vehicle 0
560.7 330.7 563.8 344.3 546.3 348.3 543.2 334.7 small-vehicle 0
324.5 835.8 332.1 856.4 281.5 875.2 273.9 854.6 small-vehicle 0
317.3 801.5 323.6 814.0 278.9 836.4 272.6 823.8 small-vehicle 0
