342.5 93.9 349.3 123.2 277.2 139.9 270.4 110.7 small-vehicle 0
424.6 58.5 435.0 77.9 394.4 99.5 384.0 80.1 small-vehicle 0
313.3 573.5 342.7 590.6 323.7 623.5 294.3 606.4 small-vehicle 0
245.4 579.9 283.2 576.4 288.6 634.1 250.8 637.6 small-vehicle 0
424.0 933.7 430.9 954.6 383.5 970.4 376.5 949.5 small-vehicle 0
937.9 63.3 939.7 81.2 874.0 87.8 872.2 69.9 small-vehicle 0
625.6 72.7 789.0 25.6 819.4 131.3 656.0 178.4 large-vehicle 0
66.7 805.9 93.5 826.8 65.3 863.1 38.5 842.2 small-vehicle 0
8.1 822.3 29.9 836.6 6.9 871.7 -14.9 857.4 small-vehicle 0
780.2 -35.4 825.4 90.8 770.8 110.4 725.6 -15.8 small-vehicle 0
918.5 20.7 926.9 45.3 883.3 60.2 875.0 35.6 small-vehicle 0
917.8 9.3 920.4 19.0 872.0 31.7 869.5 22.1 small-vehicle 0
