381.9 618.7 383.8 619.4 383.1 621.3 381.2 620.6 swimming-pool 0
282.9 748.1 312.0 740.8 327.1 800.9 298.0 808.2 small-vehicle 0
517.1 57.0 525.1 77.5 460.0 103.2 451.9 82.7 small-vehicle 0
410.5 816.5 464.5 778.6 511.6 845.7 457.5 883.6 small-vehicle 0
614.6 783.9 672.5 787.1 669.5 841.0 611.6 837.8 small-vehicle 0
282.3 983.1 329.7 931.6 393.0 989.8 345.6 1041.3 small-vehicle 0
32.6 1003.5 38.5 974.1 95.4 985.5 89.5 1014.9 small-vehicle 0
409.9 399.3 416.4 428.6 367.5 439.4 361.1 410.1 small-vehicle 0
580.2 100.2 614.4 75.8 652.8 129.5 618.6 153.9 small-vehicle 0
744.8 8.1 757.2 30.9 720.2 50.9 707.8 28.0 small-vehicle 0
