565.0 26.8 585.6 10.8 608.9 40.7 588.4 56.7 small-vehicle 0
772.4 40.6 802.1 24.1 816.6 50.4 786.9 66.8 small-vehicle 0
715.1 852.1 716.9 851.1 717.9 852.9 716.1 853.9 swimming-pool 0
779.1 8.1 790.8 0.5 802.9 18.9 791.2 26.5 small-vehicle 0
777.2 76.2 815.2 77.3 813.8 123.3 775.8 122.2 small-vehicle 0
948.5 88.6 978.5 87.6 981.0 165.6 951.0 166.5 small-vehicle 0
479.1 72.1 528.9 67.7 545.7 256.9 495.9 261.3 small-vehicle 0
111.8 369.2 125.9 391.0 84.0 418.2 69.8 396.3 small-vehicle 0
432.9 358.0 436.5 379.7 391.1 387.0 387.5 365.3 small-vehicle 0
574.9 669.5 632.7 673.7 627.1 751.5 569.3 747.3 small-vehicle 0
991.3 29.1 1012.7 23.7 1025.8 76.1 1004.5 81.5 small-vehicle 0
909.5 859.8 925.0 880.7 878.5 915.3 863.0 894.4 small-vehicle 0
740.8 678.2 744.5 707.9 714.7 711.6 711.0 681.9 small-vehicle 0
691.1 687.2 695.3 704.7 673.9 709.8 669.7 692.3 small-vehicle 0
818.7 375.2 860.4 370.2 867.3 427.8 825.6 432.8 small-vehicle 0
931.6 459.1 964.8 452.0 974.4 496.9 941.2 504.0 small-vehicle 0
928.5 473.0 938.3 475.1 927.6 523.9 917.8 521.8 small-vehicle 0
979.2 71.6 993.0 69.5 1000.8 118.8 987.0 121.0 small-vehicle 0
822.4 457.2 880.4 455.3 881.8 501.3 823.9 503.2 small-vehicle 0
699.3 456.5 760.2 445.0 765.7 474.5 704.8 486.0 small-vehicle 0
689.6 389.8 720.9 368.3 735.6 389.7 704.3 411.2 small-vehicle 0
679.7 422.3 762.6 399.2 769.6 424.3 686.7 447.4 small-vehicle 0
472.1 414.1 509.0 394.0 532.9 437.9 496.0 458.0 small-vehicle 0
725.4 662.7 728.0 676.5 702.5 681.3 699.8 667.6 small-vehicle 0
301.2 213.9 337.8 203.6 356.7 271.0 320.2 281.3 small-vehicle 0
270.5 277.5 292.5 263.5 323.5 312.5 301.5 326.5 small-vehicle 0
