345.7 137.2 376.2 122.4 396.3 163.7 365.8 178.6 large-vehicle 0
94.0 313.5 111.9 315.7 93.0 468.5 75.1 466.3 large-vehicle 0
159.0 592.4 166.2 580.4 215.8 610.5 208.5 622.5 large-vehicle 0
218.4 573.8 223.2 560.7 307.6 592.1 302.7 605.2 large-vehicle 0
211.2 560.9 215.2 574.3 174.9 586.3 170.9 572.9 large-vehicle 0
205.4 527.4 212.0 535.0 174.1 567.6 167.6 560.1 large-vehicle 0
215.6 509.1 216.1 523.1 174.1 524.8 173.6 510.8 large-vehicle 0
188.1 461.1 215.1 405.3 249.3 421.8 222.3 477.7 large-vehicle 0
240.8 540.4 250.6 530.3 283.6 562.3 273.9 572.3 large-vehicle 0
245.3 527.8 247.7 513.9 297.0 522.3 294.6 536.1 large-vehicle 0
245.6 499.2 248.4 485.5 293.5 494.7 290.6 508.5 large-vehicle 0
194.6 484.5 337.5 438.8 343.0 456.0 200.1 501.6 large-vehicle 0
333.5 318.8 347.5 319.3 344.5 405.2 330.5 404.7 large-vehicle 0
327.9 335.0 335.9 340.9 294.1 397.0 286.1 391.1 large-vehicle 0
271.2 338.7 281.1 340.6 270.8 393.6 260.9 391.7 large-vehicle 0
246.8 337.5 256.7 339.3 247.2 392.5 237.3 390.7 large-vehicle 0
195.1 348.9 204.9 347.0 213.9 392.1 204.1 394.0 large-vehicle 0
106.2 629.9 263.6 615.1 265.6 637.0 108.3 651.8 large-vehicle 0
161.7 668.2 162.3 654.2 204.3 655.8 203.7 669.8 large-vehicle 0
190.3 671.1 197.1 678.3 163.7 709.9 156.9 702.7 large-vehicle 0
431.1 765.2 432.5 763.8 433.9 765.3 432.4 766.7 large-vehicle 0
18.7 388.7 114.4 464.3 88.3 497.3 -7.4 421.7 large-vehicle 0
244.6 170.8 261.3 259.3 145.4 281.2 128.7 192.7 large-vehicle 0
354.7 659.3 361.0 617.8 454.0 631.8 447.7 673.3 large-vehicle 0
272.5 845.6 324.1 829.5 363.8 957.5 312.3 973.5 large-vehicle 0
120.7 820.6 154.7 820.4 155.3 930.4 121.3 930.6 large-vehicle 0
54.8 810.2 88.8 811.6 84.3 925.5 50.3 924.1 large-vehicle 0
426.5 710.7 432.4 731.9 357.3 752.9 351.4 731.8 large-vehicle 0
183.0 692.4 204.9 706.4 178.0 748.6 156.1 734.6 large-vehicle 0
339.7 790.1 349.5 757.6 454.8 789.3 445.0 821.9 large-vehicle 0
340.2 324.5 363.7 275.9 552.8 367.3 529.3 415.9 large-vehicle 0
221.2 699.0 224.5 685.4 269.2 696.1 265.9 709.7 large-vehicle 0
230.7 664.0 238.1 652.1 273.8 674.2 266.4 686.1 large-vehicle 0
271.0 686.9 284.1 691.9 253.0 772.1 239.9 767.1 large-vehicle 0
202.2 750.6 203.4 752.2 201.8 753.4 200.6 751.8 large-vehicle 0
188.9 330.5 198.6 332.7 179.1 416.5 169.4 414.3 large-vehicle 0
