156.3 855.0 166.1 845.1 247.4 925.0 237.5 935.0 large-vehicle 0
156.7 890.5 167.4 881.5 217.3 941.5 206.6 950.5 large-vehicle 0
785.6 999.6 811.2 971.5 836.4 994.4 810.8 1022.5 large-vehicle 0
149.2 639.8 170.4 633.8 181.8 674.2 160.6 680.2 small-vehicle 0
938.1 114.9 947.4 90.6 982.9 104.1 973.6 128.4 small-vehicle 0
734.6 967.5 759.0 938.4 797.4 970.5 773.0 999.6 large-vehicle 0
649.9 948.2 680.4 977.1 643.2 1016.3 612.7 987.4 large-vehicle 0
698.9 763.2 710.1 749.1 746.1 777.8 734.9 791.9 small-vehicle 0
721.0 727.4 732.5 713.6 771.0 745.6 759.5 759.4 small-vehicle 0
760.8 668.8 773.4 656.0 806.2 688.2 793.6 701.0 small-vehicle 0
810.4 603.5 824.7 586.8 853.6 611.5 839.3 628.2 small-vehicle 0
850.8 545.8 862.1 531.8 891.6 555.7 880.3 569.7 small-vehicle 0
806.6 523.4 820.4 506.3 853.1 532.6 839.3 549.8 small-vehicle 0
796.3 538.2 802.4 530.2 835.7 555.8 829.6 563.8 small-vehicle 0
769.9 571.7 785.3 556.0 818.1 588.3 802.6 603.9 small-vehicle 0
739.2 615.4 761.2 589.4 793.3 616.5 771.4 642.5 small-vehicle 0
680.8 542.8 691.3 528.1 722.2 550.2 711.7 564.9 small-vehicle 0
644.4 598.6 659.3 582.4 690.3 610.7 675.5 626.9 small-vehicle 0
494.2 579.2 505.0 564.9 532.2 585.3 521.4 599.7 small-vehicle 0
732.2 856.3 749.6 869.7 728.8 896.7 711.4 883.3 small-vehicle 0
916.1 977.4 930.9 987.6 907.0 1022.2 892.2 1012.0 small-vehicle 0
933.8 1003.4 942.5 1014.3 922.2 1030.6 913.5 1019.7 small-vehicle 0
164.4 842.3 180.6 822.0 263.3 888.3 247.0 908.6 large-vehicle 0
