262.0 726.3 266.3 717.2 297.0 731.7 292.7 740.8 small-vehicle 0
392.1 755.0 417.1 738.6 453.3 793.8 428.3 810.2 small-vehicle 0
348.6 789.8 370.7 776.0 401.4 825.2 379.3 839.0 small-vehicle 0
278.0 667.8 295.3 648.5 326.6 676.6 309.2 695.9 small-vehicle 0
270.8 694.7 279.1 689.0 302.8 723.7 294.5 729.4 small-vehicle 0
356.2 682.3 364.9 671.3 404.2 702.2 395.5 713.2 small-vehicle 0
412.8 576.5 435.0 556.4 463.2 587.5 441.0 607.6 small-vehicle 0
962.4 205.2 982.6 221.6 963.6 244.8 943.4 228.4 small-vehicle 0
982.0 162.6 999.9 181.5 975.2 204.8 957.3 185.9 small-vehicle 0
993.6 427.9 1008.5 438.0 989.4 466.1 974.5 456.0 small-vehicle 0
961.3 608.4 981.2 617.7 968.4 644.9 948.5 635.5 small-vehicle 0
916.0 293.5 938.3 306.8 923.0 332.5 900.7 319.2 small-vehicle 0
933.8 639.3 973.1 663.2 953.3 695.7 914.0 671.7 small-vehicle 0
912.8 582.3 931.7 593.6 914.2 622.7 895.3 611.4 small-vehicle 0
856.3 705.7 874.8 717.7 849.7 756.3 831.2 744.3 small-vehicle 0
746.8 803.9 759.7 809.4 748.1 837.0 735.2 831.6 small-vehicle 0
550.0 466.8 570.2 475.7 556.4 506.8 536.3 497.9 small-vehicle 0
528.7 481.6 530.4 482.7 529.3 484.4 527.6 483.3 small-vehicle 0
498.5 449.5 513.6 459.2 490.8 494.5 475.7 484.7 small-vehicle 0
437.3 427.4 454.2 441.5 432.4 467.6 415.5 453.5 small-vehicle 0
350.2 475.8 355.0 467.0 384.8 483.2 380.0 492.0 small-vehicle 0
423.6 611.6 439.1 602.5 462.4 642.2 446.8 651.3 small-vehicle 0
955.4 259.9 955.6 281.9 929.6 282.1 929.4 260.1 small-vehicle 0
899.7 334.9 918.3 346.6 902.3 372.1 883.7 360.4 small-vehicle 0
881.8 371.2 901.8 380.3 881.2 425.8 861.2 416.7 small-vehicle 0
944.3 -8.7 961.8 10.5 939.7 30.7 922.2 11.5 small-vehicle 0
972.9 9.8 982.0 20.5 953.1 45.2 944.0 34.5 small-vehicle 0
811.7 510.4 832.4 526.2 811.7 553.2 791.1 537.4 small-vehicle 0
843.9 429.8 863.4 440.0 840.1 484.2 820.6 474.0 small-vehicle 0
913.9 715.5 947.3 741.0 866.1 847.5 832.7 822.0 large-vehicle 0
1011.2 495.4 1038.8 515.3 1007.1 559.0 979.6 539.1 large-vehicle 0
206.7 457.6 277.3 490.8 215.2 622.9 144.6 589.8 tennis-court 0
95.9 381.4 154.9 426.0 40.2 577.5 -18.8 532.9 tennis-court 0
859.1 70.2 871.2 51.8 902.9 72.8 890.8 91.2 small-vehicle 0
896.3 88.3 916.2 65.8 938.7 85.7 918.8 108.2 small-vehicle 0
822.7 56.8 840.1 37.5 865.3 60.2 847.9 79.5 small-vehicle 0
342.5 489.5 347.4 480.8 380.5 499.5 375.6 508.2 small-vehicle 0
391.6 611.2 403.0 597.3 429.4 618.8 418.0 632.7 small-vehicle 0
385.9 607.3 395.6 605.1 406.7 653.9 397.0 656.1 small-vehicle 0
376.2 679.7 385.2 655.3 413.3 665.6 404.4 690.0 small-vehicle 0
847.2 105.1 856.2 80.7 891.8 93.9 882.8 118.3 small-vehicle 0
868.2 124.6 892.9 132.6 878.8 176.4 854.1 168.4 small-vehicle 0
857.2 123.2 866.1 127.7 850.6 158.0 841.7 153.4 small-vehicle 0
839.7 103.5 848.7 107.8 825.3 156.5 816.3 152.2 small-vehicle 0
816.9 99.5 827.6 108.5 803.1 137.5 792.4 128.5 small-vehicle 0
694.0 29.7 698.9 26.2 718.7 53.8 713.9 57.3 small-vehicle 0
681.5 50.9 687.3 42.7 721.5 67.1 715.7 75.3 small-vehicle 0
796.3 80.6 807.8 88.5 781.7 126.4 770.2 118.5 small-vehicle 0
778.0 62.6 789.7 70.3 760.0 115.4 748.3 107.7 small-vehicle 0
