591.6 105.8 604.7 118.2 496.4 233.2 483.3 220.8 large-vehicle 0
625.3 116.2 638.9 128.0 522.2 262.4 508.6 250.6 large-vehicle 0
681.1 155.8 694.5 167.8 575.1 299.9 561.8 287.8 large-vehicle 0
705.4 177.9 718.9 189.9 602.8 319.6 589.4 307.6 large-vehicle 0
729.9 200.0 743.6 211.7 635.8 338.0 622.1 326.3 large-vehicle 0
781.4 239.3 806.1 262.7 694.6 380.2 669.9 356.8 large-vehicle 0
420.3 378.5 443.3 397.7 416.4 430.0 393.4 410.8 small-vehicle 0
35.2 86.3 42.8 92.8 10.1 130.6 2.5 124.1 small-vehicle 0
241.8 369.0 257.1 384.8 218.3 422.4 203.0 406.6 small-vehicle 0
206.0 351.2 212.9 358.5 179.6 390.2 172.7 383.0 small-vehicle 0
184.3 340.2 191.9 346.7 164.7 378.8 157.1 372.3 small-vehicle 0
167.3 324.3 175.2 330.5 146.7 366.7 138.8 360.5 small-vehicle 0
82.2 259.9 118.4 288.3 90.1 324.5 53.8 296.2 small-vehicle 0
289.0 271.0 296.9 277.2 261.1 322.8 253.2 316.6 small-vehicle 0
269.9 260.9 277.2 267.8 240.1 307.1 232.8 300.2 small-vehicle 0
203.0 212.3 232.1 236.7 202.6 271.9 173.5 247.5 small-vehicle 0
167.5 184.1 196.6 208.5 164.5 246.9 135.4 222.5 small-vehicle 0
52.0 103.9 59.3 110.7 25.0 147.1 17.7 140.3 small-vehicle 0
71.6 109.9 79.4 116.2 45.4 158.1 37.6 151.8 small-vehicle 0
20.7 211.5 38.1 240.7 -1.5 264.2 -18.8 235.0 small-vehicle 0
