622.9 615.4 623.1 613.4 625.1 613.6 624.9 615.6 plane 0
753.0 711.6 754.5 710.2 755.8 711.7 754.4 713.1 plane 0
737.6 698.7 738.3 700.6 736.4 701.3 735.7 699.4 plane 0
741.3 656.1 742.9 657.3 741.7 658.9 740.1 657.7 plane 0
725.2 644.6 726.4 646.2 724.8 647.4 723.6 645.8 plane 0
709.9 628.0 716.0 635.9 708.1 642.0 702.0 634.1 plane 0
692.1 623.4 693.1 621.6 694.9 622.6 693.9 624.4 plane 0
656.0 640.7 657.8 641.5 657.0 643.3 655.2 642.5 plane 0
641.5 620.3 649.4 626.4 643.3 634.3 635.4 628.2 plane 0
575.3 598.3 577.0 597.3 578.0 599.0 576.3 600.0 plane 0
584.8 637.6 586.4 638.8 585.2 640.4 583.6 639.2 plane 0
563.8 671.4 565.3 672.8 563.9 674.2 562.4 672.9 plane 0
601.7 789.2 609.1 782.5 621.3 795.8 613.9 802.5 plane 0
619.1 811.3 621.1 811.9 620.5 813.8 618.6 813.3 plane 0
629.5 829.8 631.2 831.0 630.1 832.6 628.4 831.5 plane 0
610.2 864.6 611.4 866.2 609.8 867.4 608.6 865.8 plane 0
516.9 1011.4 518.9 1011.5 518.9 1013.5 516.9 1013.4 plane 0
539.1 952.7 539.8 954.6 537.9 955.3 537.2 953.4 plane 0
534.8 875.7 536.8 875.3 537.2 877.3 535.2 877.7 plane 0
512.4 873.6 514.0 874.8 512.8 876.4 511.2 875.2 plane 0
801.7 748.2 802.9 746.6 804.5 747.9 803.2 749.5 plane 0
833.1 774.9 834.6 773.6 835.9 775.1 834.4 776.4 plane 0
889.1 850.8 891.0 851.6 890.2 853.5 888.3 852.7 plane 0
856.6 928.0 858.2 929.2 857.0 930.8 855.4 929.6 plane 0
839.1 968.4 840.6 967.1 841.9 968.6 840.4 969.9 plane 0
812.2 1012.3 814.1 1012.8 813.5 1014.8 811.6 1014.2 plane 0
576.7 982.1 578.4 981.2 579.3 982.9 577.6 983.8 plane 0
619.5 1018.0 619.5 1016.0 621.5 1016.0 621.5 1018.0 plane 0
637.5 989.7 639.4 989.2 639.9 991.1 637.9 991.6 plane 0
619.9 967.7 621.8 968.4 621.1 970.3 619.2 969.6 plane 0
615.1 872.7 627.8 885.4 617.9 895.3 605.2 882.6 plane 0
