571.5 136.9 588.9 161.4 551.5 188.1 534.1 163.6 small-vehicle 0
544.2 192.7 557.8 170.5 586.8 188.3 573.2 210.5 small-vehicle 0
466.4 158.0 470.3 175.6 409.7 188.8 405.8 171.3 small-vehicle 0
392.8 157.1 407.6 183.2 378.0 199.9 363.2 173.8 small-vehicle 0
452.3 198.7 452.9 200.6 451.1 201.2 450.4 199.4 small-vehicle 0
487.3 48.8 489.3 48.3 489.8 50.2 487.9 50.7 small-vehicle 0
454.4 5.2 467.1 11.1 449.5 49.2 436.8 43.3 small-vehicle 0
123.1 189.3 133.2 217.6 104.9 227.7 94.8 199.4 small-vehicle 0
120.4 258.6 121.4 260.4 119.6 261.4 118.6 259.6 small-vehicle 0
138.0 206.6 142.3 189.1 179.2 198.4 174.8 215.8 small-vehicle 0
178.1 82.0 204.1 81.0 205.9 127.0 179.9 128.0 small-vehicle 0
95.0 589.1 96.0 607.0 62.0 608.9 61.0 591.0 large-vehicle 0
137.6 546.7 196.4 603.9 175.5 625.4 116.7 568.2 large-vehicle 0
206.1 552.8 207.7 551.6 208.9 553.2 207.3 554.4 large-vehicle 0
235.0 640.2 236.1 622.2 282.0 624.8 280.9 642.8 large-vehicle 0
111.2 676.7 259.1 577.7 280.3 609.2 132.4 708.3 large-vehicle 0
158.2 605.8 162.5 619.1 107.3 637.0 103.0 623.7 large-vehicle 0
38.3 562.8 70.4 697.0 41.2 704.0 9.1 569.8 large-vehicle 0
76.8 645.0 82.4 632.2 153.9 663.3 148.3 676.2 large-vehicle 0
223.2 647.4 235.8 683.2 199.9 695.8 187.4 659.9 large-vehicle 0
125.0 670.5 134.8 680.5 116.1 698.6 106.4 688.6 large-vehicle 0
86.9 726.6 89.2 708.7 130.8 714.1 128.5 731.9 large-vehicle 0
150.6 711.4 180.3 681.7 207.1 708.7 177.4 738.3 large-vehicle 0
-0.0 721.9 26.2 689.0 84.0 735.1 57.8 768.0 large-vehicle 0
305.3 470.9 308.0 484.6 270.7 492.1 268.0 478.4 large-vehicle 0
313.7 443.7 319.4 377.9 385.2 383.7 379.5 449.4 large-vehicle 0
18.5 475.4 21.8 466.0 95.5 491.6 92.2 501.0 large-vehicle 0
214.3 435.9 225.2 480.6 168.8 494.3 158.0 449.6 large-vehicle 0
363.3 446.8 414.9 399.5 456.7 445.2 405.1 492.5 large-vehicle 0
105.0 501.7 105.8 515.7 24.0 520.3 23.2 506.3 large-vehicle 0
299.9 501.9 300.9 515.9 255.1 519.1 254.1 505.1 large-vehicle 0
357.9 464.1 385.2 506.0 340.0 535.5 312.7 493.6 large-vehicle 0
297.8 487.6 369.8 570.8 347.2 590.4 275.2 507.2 large-vehicle 0
301.4 555.7 305.1 569.2 210.6 595.3 206.9 581.8 large-vehicle 0
362.8 570.7 368.5 612.3 287.2 623.3 281.5 581.7 large-vehicle 0
268.3 595.7 270.6 609.5 193.7 622.3 191.4 608.5 large-vehicle 0
92.2 566.5 108.2 541.1 143.8 563.5 127.8 588.9 large-vehicle 0
342.3 674.6 343.9 675.8 342.7 677.4 341.1 676.2 large-vehicle 0
581.7 543.3 587.6 564.5 558.7 572.6 552.8 551.4 large-vehicle 0
932.5 346.1 937.9 337.7 966.6 355.9 961.2 364.3 large-vehicle 0
847.0 597.4 853.7 568.2 937.6 587.5 930.8 616.8 large-vehicle 0
845.3 561.9 848.4 548.3 951.7 571.7 948.6 585.4 large-vehicle 0
890.8 529.5 892.8 529.8 892.5 531.8 890.5 531.5 large-vehicle 0
816.9 487.3 821.3 474.0 929.6 509.8 925.2 523.1 large-vehicle 0
831.9 458.5 836.0 445.1 899.1 464.5 895.0 477.9 large-vehicle 0
898.8 419.9 901.3 429.6 845.2 444.1 842.7 434.4 large-vehicle 0
884.5 392.0 892.8 412.4 857.6 426.7 849.3 406.3 large-vehicle 0
890.1 370.3 894.1 379.5 840.9 402.7 836.9 393.5 large-vehicle 0
857.4 315.6 915.2 394.7 900.6 405.4 842.8 326.3 large-vehicle 0
896.0 425.2 921.9 373.3 963.0 393.8 937.1 445.7 large-vehicle 0
783.6 527.0 804.1 519.3 830.2 588.5 809.6 596.3 large-vehicle 0
629.8 400.5 643.7 399.6 649.4 485.4 635.4 486.3 large-vehicle 0
647.6 398.3 660.6 393.2 689.4 465.7 676.4 470.8 large-vehicle 0
673.7 381.9 703.3 376.7 720.4 473.2 690.8 478.4 large-vehicle 0
724.7 401.9 742.4 404.8 733.3 462.1 715.6 459.2 large-vehicle 0
668.4 294.0 683.5 345.9 631.6 361.0 616.5 309.1 large-vehicle 0
760.9 291.5 775.2 322.3 711.7 351.8 697.4 321.0 large-vehicle 0
794.5 609.7 820.0 604.3 829.5 649.3 804.0 654.7 large-vehicle 0
684.4 573.2 722.3 576.0 717.6 641.8 679.7 639.0 large-vehicle 0
588.0 591.9 603.1 601.7 565.0 660.4 549.9 650.7 large-vehicle 0
619.4 560.6 649.4 559.4 652.6 641.4 622.6 642.6 large-vehicle 0
653.6 580.2 666.8 575.7 684.4 626.8 671.2 631.3 large-vehicle 0
120.9 259.0 121.9 260.7 120.2 261.7 119.2 260.0 small-vehicle 0
239.6 84.8 264.8 78.3 273.4 111.2 248.2 117.7 small-vehicle 0
753.1 160.3 774.6 155.5 781.9 188.7 760.4 193.5 small-vehicle 0
269.6 92.3 280.8 83.9 296.4 104.7 285.2 113.1 small-vehicle 0
787.7 104.0 794.3 137.3 741.4 147.9 734.7 114.5 small-vehicle 0
765.6 38.9 780.8 73.7 738.6 92.1 723.4 57.3 small-vehicle 0
682.8 70.8 683.8 72.5 682.1 73.5 681.1 71.9 small-vehicle 0
823.3 54.9 823.8 56.8 821.9 57.3 821.4 55.4 small-vehicle 0
706.9 238.7 708.9 238.4 709.2 240.3 707.2 240.6 small-vehicle 0
702.3 133.1 703.4 134.8 701.7 135.9 700.6 134.2 small-vehicle 0
640.0 142.7 640.8 144.5 639.0 145.3 638.2 143.5 small-vehicle 0
