313.7 339.3 318.8 317.9 348.0 324.8 342.9 346.2 small-vehicle 0
69.1 350.8 90.3 365.8 54.5 416.5 33.3 401.5 small-vehicle 0
362.4 435.4 373.4 382.5 504.6 409.6 493.6 462.5 large-vehicle 0
349.1 529.5 353.9 504.0 473.9 526.5 469.1 552.0 large-vehicle 0
340.6 623.0 352.1 566.1 483.4 592.5 472.0 649.4 large-vehicle 0
467.1 692.2 468.2 786.2 330.2 787.9 329.1 693.9 large-vehicle 0
305.9 836.0 309.4 822.5 450.8 858.8 447.3 872.4 large-vehicle 0
306.0 863.1 309.5 849.6 443.2 883.9 439.7 897.4 large-vehicle 0
285.6 919.5 292.6 894.4 429.4 932.3 422.5 957.4 large-vehicle 0
287.0 977.2 293.1 952.0 427.2 984.7 421.0 1010.0 large-vehicle 0
54.3 942.3 56.9 928.6 184.7 952.7 182.1 966.4 large-vehicle 0
59.9 905.0 64.0 891.6 192.1 931.0 188.0 944.4 large-vehicle 0
