490.0 455.3 503.2 443.1 599.9 547.1 586.7 559.4 large-vehicle 0
559.4 422.7 571.4 409.2 707.3 530.2 695.3 543.7 large-vehicle 0
598.0 420.7 626.2 389.6 731.5 484.9 703.3 516.0 large-vehicle 0
820.8 326.2 880.5 446.1 760.6 505.9 700.8 386.0 large-vehicle 0
831.3 549.4 898.9 674.3 752.9 753.3 685.3 628.4 large-vehicle 0
925.1 508.6 1020.0 614.2 950.1 677.0 855.2 571.4 large-vehicle 0
958.1 767.9 1033.7 968.1 957.0 997.1 881.4 796.9 large-vehicle 0
765.9 889.6 815.7 852.7 916.9 989.3 867.1 1026.2 large-vehicle 0
708.8 280.0 726.5 266.9 760.9 313.6 743.2 326.7 small-vehicle 0
563.9 626.3 583.5 649.0 533.5 692.1 513.9 669.3 small-vehicle 0
578.4 653.5 588.8 662.9 549.9 705.9 539.5 696.6 small-vehicle 0
