806.3 304.4 814.3 292.9 904.7 355.6 896.7 367.1 large-vehicle 0
798.2 320.4 807.7 310.0 882.9 378.9 873.5 389.2 large-vehicle 0
947.3 631.1 979.8 650.8 951.7 696.9 919.2 677.2 large-vehicle 0
815.3 683.3 885.9 739.2 852.3 781.5 781.8 725.6 large-vehicle 0
901.7 835.5 923.3 849.9 882.3 911.5 860.7 897.1 large-vehicle 0
850.3 818.3 879.9 835.1 849.2 889.0 819.6 872.2 large-vehicle 0
838.3 824.7 845.6 831.5 814.3 865.2 807.0 858.4 large-vehicle 0
817.7 814.1 824.9 821.1 790.2 857.0 783.0 850.1 large-vehicle 0
657.3 959.0 687.9 914.5 791.7 986.0 761.1 1030.5 large-vehicle 0
966.5 291.4 973.5 298.6 943.3 327.8 936.3 320.6 small-vehicle 0
961.6 300.1 997.6 328.8 993.8 333.5 957.9 304.8 small-vehicle 0
893.6 251.7 901.0 258.5 872.4 289.3 865.0 282.5 large-vehicle 0
918.0 254.9 925.2 261.8 882.4 306.7 875.2 299.8 large-vehicle 0
968.5 54.1 969.5 52.3 971.3 53.3 970.3 55.1 small-vehicle 0
958.5 23.9 959.6 22.2 988.5 40.1 987.4 41.8 small-vehicle 0
1001.3 117.8 1016.5 127.5 1013.2 132.5 998.1 122.9 small-vehicle 0
996.9 102.0 998.5 103.1 979.1 131.0 977.5 129.9 small-vehicle 0
925.0 459.6 931.6 447.3 958.0 461.4 951.4 473.7 small-vehicle 0
1005.1 853.3 1009.1 844.1 1021.9 849.7 1017.9 858.9 small-vehicle 0
966.1 72.8 967.2 71.1 968.9 72.2 967.8 73.9 small-vehicle 0
930.9 68.4 955.6 85.5 927.1 126.6 902.4 109.5 small-vehicle 0
964.2 94.5 974.9 103.6 947.7 135.6 937.0 126.5 small-vehicle 0
1001.4 117.8 1016.7 127.2 1013.6 132.3 998.2 122.9 small-vehicle 0
960.1 21.7 961.4 20.1 987.9 41.3 986.6 42.9 small-vehicle 0
968.8 51.9 969.2 50.0 971.1 50.4 970.7 52.3 small-vehicle 0
996.7 102.4 998.4 103.5 979.3 131.6 977.6 130.5 small-vehicle 0
963.0 299.3 997.9 329.2 994.0 333.7 959.1 303.8 small-vehicle 0
