283.0 682.1 284.4 683.5 283.0 684.9 281.6 683.5 large-vehicle 0
280.9 88.0 282.5 86.7 308.8 119.4 307.3 120.6 small-vehicle 0
437.0 512.0 460.4 523.4 449.0 546.8 425.6 535.4 small-vehicle 0
420.7 547.4 453.9 565.9 441.3 588.6 408.1 570.1 small-vehicle 0
273.8 110.6 275.5 109.5 297.2 145.4 295.5 146.5 small-vehicle 0
254.7 156.2 261.9 149.3 291.0 179.6 283.8 186.5 small-vehicle 0
256.3 148.0 307.0 183.7 243.6 273.6 192.9 237.9 large-vehicle 0
190.9 845.3 286.4 699.9 318.1 720.7 222.6 866.1 large-vehicle 0
268.5 826.4 276.8 815.1 307.5 837.6 299.2 848.9 large-vehicle 0
35.2 831.7 123.0 851.6 109.3 912.1 21.5 892.2 small-vehicle 0
278.2 88.0 286.7 82.6 311.5 121.3 303.1 126.7 small-vehicle 0
252.2 156.4 259.1 149.1 292.6 180.6 285.7 187.9 small-vehicle 0
273.3 112.1 275.0 111.0 296.7 146.9 295.0 148.0 small-vehicle 0
314.5 998.5 315.3 996.7 317.2 997.5 316.4 999.3 large-vehicle 0
290.5 955.3 316.5 933.3 356.5 980.6 330.6 1002.6 large-vehicle 0
357.8 915.7 366.6 944.3 311.2 961.3 302.4 932.7 large-vehicle 0
252.7 917.6 257.4 904.4 297.0 918.6 292.2 931.8 large-vehicle 0
334.7 880.6 336.8 890.4 256.8 908.2 254.6 898.5 large-vehicle 0
250.2 840.9 260.5 831.4 299.8 874.1 289.5 883.6 large-vehicle 0
184.6 1031.9 195.4 979.0 244.4 989.1 233.6 1042.0 large-vehicle 0
11.9 784.2 17.8 776.2 54.9 803.3 49.0 811.4 small-vehicle 0
21.1 760.4 27.2 752.5 69.9 785.6 63.8 793.5 small-vehicle 0
27.5 754.5 41.1 732.4 80.3 756.4 66.7 778.6 small-vehicle 0
148.0 871.1 154.9 883.2 108.0 909.9 101.1 897.8 large-vehicle 0
102.6 765.8 208.1 894.0 92.3 989.3 -13.2 861.1 large-vehicle 0
-12.5 643.1 14.9 536.5 121.5 563.9 94.1 670.5 large-vehicle 0
54.9 703.4 60.5 695.1 82.1 709.6 76.5 717.9 small-vehicle 0
92.8 590.5 106.7 573.5 136.2 597.5 122.3 614.5 small-vehicle 0
39.2 714.0 45.6 706.4 80.8 736.0 74.4 743.6 small-vehicle 0
85.4 608.7 90.4 600.0 126.6 621.3 121.6 630.0 small-vehicle 0
73.8 628.6 78.7 619.9 122.2 644.4 117.3 653.1 small-vehicle 0
64.8 650.0 70.3 641.7 112.2 669.0 106.7 677.3 small-vehicle 0
52.1 665.2 57.6 656.8 105.9 688.8 100.4 697.2 small-vehicle 0
99.4 721.0 100.7 722.5 99.2 723.8 97.9 722.3 small-vehicle 0
43.7 349.0 52.4 328.8 76.3 339.0 67.6 359.2 small-vehicle 0
6.5 385.2 20.1 388.6 10.0 429.4 -3.6 426.0 small-vehicle 0
30.6 397.1 53.2 409.9 34.4 442.9 11.8 430.1 small-vehicle 0
67.7 431.7 96.9 414.4 130.7 471.1 101.4 488.5 small-vehicle 0
25.6 342.2 29.8 316.5 47.5 319.4 43.4 345.0 small-vehicle 0
198.0 409.9 212.2 431.8 187.0 448.1 172.8 426.2 small-vehicle 0
