89.2 245.3 97.3 239.4 114.8 263.7 106.7 269.6 small-vehicle 0
135.0 247.7 146.0 239.1 177.0 278.3 166.0 286.9 small-vehicle 0
25.3 31.0 42.5 17.2 68.7 50.0 51.5 63.8 small-vehicle 0
49.7 70.7 67.0 57.1 85.5 80.7 68.2 94.3 small-vehicle 0
65.3 109.3 80.8 93.7 110.5 123.4 95.0 139.0 small-vehicle 0
97.4 173.8 118.7 158.9 145.0 196.5 123.7 211.5 small-vehicle 0
666.9 135.7 685.8 124.5 705.1 157.3 686.2 168.5 small-vehicle 0
566.8 270.8 580.8 282.1 577.0 286.8 563.0 275.5 small-vehicle 0
161.0 300.7 178.2 286.9 197.0 310.3 179.8 324.1 small-vehicle 0
959.1 726.1 973.9 715.8 995.5 747.1 980.6 757.4 small-vehicle 0
873.1 595.4 886.5 583.3 903.9 602.6 890.5 614.7 small-vehicle 0
760.0 379.7 780.3 363.5 806.5 396.3 786.2 412.5 small-vehicle 0
786.1 415.1 800.4 404.1 826.1 437.3 811.9 448.3 small-vehicle 0
822.4 479.3 839.9 466.0 855.6 486.7 838.1 500.0 small-vehicle 0
834.5 519.8 845.9 511.7 861.0 532.9 849.6 541.0 small-vehicle 0
868.1 563.4 869.6 562.1 870.9 563.6 869.4 564.9 small-vehicle 0
928.3 564.7 940.1 557.1 949.7 572.3 937.9 579.9 small-vehicle 0
962.6 617.2 964.1 615.9 965.4 617.3 964.0 618.7 small-vehicle 0
975.1 757.8 989.1 746.5 1018.0 782.3 1004.0 793.6 small-vehicle 0
911.1 644.2 929.0 631.3 951.1 662.2 933.2 675.0 small-vehicle 0
868.5 364.1 881.4 346.3 908.9 366.2 896.1 384.0 small-vehicle 0
727.8 306.9 743.1 297.5 769.2 340.1 753.9 349.5 small-vehicle 0
321.0 440.0 341.3 448.5 339.0 454.0 318.7 445.5 small-vehicle 0
320.5 465.4 322.5 465.6 319.9 503.5 317.9 503.3 small-vehicle 0
149.8 373.1 172.6 360.6 190.8 394.0 168.0 406.4 small-vehicle 0
318.8 444.8 340.7 442.6 341.3 448.5 319.4 450.7 small-vehicle 0
308.2 481.8 330.0 479.1 330.7 485.0 308.9 487.7 small-vehicle 0
353.1 617.9 374.2 611.6 383.9 644.1 362.8 650.4 small-vehicle 0
409.7 766.3 427.2 753.0 484.3 827.7 466.8 841.0 small-vehicle 0
394.7 823.9 416.4 809.5 433.0 834.5 411.3 848.9 small-vehicle 0
485.6 988.6 504.0 976.6 531.4 1018.4 513.0 1030.4 small-vehicle 0
567.7 270.5 579.7 283.8 572.3 290.5 560.3 277.2 small-vehicle 0
562.8 987.5 564.6 986.5 565.5 988.3 563.8 989.2 small-vehicle 0
529.1 926.2 530.8 925.1 531.9 926.8 530.2 927.9 small-vehicle 0
488.0 876.2 502.2 865.1 532.9 904.6 518.7 915.6 small-vehicle 0
381.9 677.4 392.2 667.8 418.1 695.6 407.8 705.2 small-vehicle 0
326.8 579.9 340.1 567.9 368.2 599.1 354.9 611.1 small-vehicle 0
316.3 544.1 317.7 542.6 319.1 544.0 317.7 545.5 small-vehicle 0
372.8 388.8 374.1 390.3 372.5 391.6 371.3 390.0 small-vehicle 0
