311.7 664.6 313.5 663.6 314.5 665.3 312.7 666.3 large-vehicle 0
319.5 631.7 348.7 625.0 363.5 689.3 334.3 696.0 large-vehicle 0
490.6 438.2 498.7 449.6 441.4 489.8 433.3 478.4 large-vehicle 0
487.9 411.9 494.4 424.3 429.1 459.1 422.6 446.7 large-vehicle 0
480.3 372.8 494.6 394.4 429.6 437.5 415.3 415.9 large-vehicle 0
478.2 346.1 491.4 373.0 417.8 409.2 404.6 382.2 large-vehicle 0
468.7 323.3 475.8 335.4 408.4 374.7 401.3 362.6 large-vehicle 0
442.3 265.9 454.4 288.8 406.7 314.1 394.6 291.2 large-vehicle 0
410.4 233.7 412.3 233.4 412.6 235.3 410.7 235.6 large-vehicle 0
415.1 176.5 434.6 199.3 390.6 237.1 371.1 214.3 large-vehicle 0
424.6 153.4 431.6 165.5 371.0 200.5 364.0 188.3 large-vehicle 0
379.0 69.4 393.9 85.5 369.0 108.6 354.1 92.5 large-vehicle 0
388.6 34.4 396.8 45.7 343.3 84.4 335.1 73.1 large-vehicle 0
426.0 10.9 426.6 12.8 424.7 13.4 424.1 11.5 large-vehicle 0
190.6 82.6 192.6 82.3 192.8 84.3 190.8 84.6 large-vehicle 0
214.9 30.0 221.6 42.3 156.6 77.7 149.9 65.4 large-vehicle 0
221.3 -9.1 228.8 7.2 146.9 44.7 139.4 28.3 large-vehicle 0
478.7 474.4 487.7 478.8 469.3 516.6 460.3 512.2 large-vehicle 0
480.4 141.1 486.8 158.0 443.7 174.2 437.4 157.4 large-vehicle 0
433.2 200.6 494.5 159.1 506.8 177.4 445.5 218.9 large-vehicle 0
668.4 590.6 675.7 545.1 697.4 548.6 690.1 594.0 large-vehicle 0
348.6 627.3 360.6 620.1 394.4 676.7 382.4 683.9 large-vehicle 0
411.2 624.2 423.1 616.8 443.1 649.1 431.2 656.5 large-vehicle 0
434.3 614.7 449.2 604.6 477.3 645.9 462.5 656.0 large-vehicle 0
464.9 606.9 476.3 598.7 503.3 635.9 492.0 644.1 large-vehicle 0
490.8 596.4 510.3 586.2 535.4 634.0 515.9 644.3 large-vehicle 0
572.8 577.5 591.5 565.9 620.0 611.8 601.3 623.4 large-vehicle 0
596.0 565.9 606.4 556.5 651.0 605.1 640.6 614.6 large-vehicle 0
613.3 536.3 624.4 527.9 693.1 618.9 681.9 627.3 large-vehicle 0
710.4 529.6 722.8 523.1 753.6 581.4 741.2 587.9 large-vehicle 0
443.5 224.4 498.6 196.0 508.7 215.5 453.6 244.0 large-vehicle 0
739.6 514.4 752.5 508.9 781.5 577.0 768.6 582.5 large-vehicle 0
506.8 447.3 554.8 433.4 561.0 454.5 513.0 468.4 large-vehicle 0
530.3 401.4 539.0 406.4 517.7 442.6 509.0 437.6 large-vehicle 0
452.7 421.1 571.5 336.2 584.3 354.1 465.5 439.0 large-vehicle 0
471.7 340.7 527.2 305.0 539.1 323.5 483.6 359.2 large-vehicle 0
459.3 318.7 517.1 272.5 530.9 289.7 473.0 335.9 large-vehicle 0
452.0 282.4 521.6 247.1 531.5 266.8 461.9 302.0 large-vehicle 0
455.7 261.9 504.8 217.8 516.8 231.3 467.7 275.3 large-vehicle 0
