506.8 901.6 527.7 968.4 457.1 990.5 436.2 923.7 plane 0
548.6 528.9 616.4 499.3 660.4 600.1 592.6 629.7 plane 0
332.8 631.1 411.3 666.1 368.2 762.9 289.7 727.9 plane 0
243.2 713.5 274.8 802.0 208.8 825.5 177.2 737.0 plane 0
15.5 831.1 104.6 843.8 92.5 928.9 3.4 916.2 plane 0
607.0 829.1 669.1 748.2 769.0 824.9 706.9 905.8 plane 0
897.6 873.5 987.8 810.6 1080.4 943.5 990.2 1006.4 plane 0
74.6 412.3 78.4 407.7 120.4 441.7 116.6 446.3 large-vehicle 0
56.5 418.1 60.3 413.4 123.9 465.2 120.1 469.9 large-vehicle 0
45.9 436.7 52.2 428.9 116.1 480.3 109.8 488.1 large-vehicle 0
