427.2 302.2 450.7 346.3 406.6 369.8 383.1 325.7 large-vehicle 0
302.9 274.8 308.1 283.4 279.1 301.2 273.9 292.6 large-vehicle 0
248.5 285.2 253.1 294.1 219.5 311.8 214.9 302.9 large-vehicle 0
421.3 275.5 425.8 284.4 391.9 301.5 387.4 292.6 large-vehicle 0
364.5 287.5 369.5 296.1 336.6 315.1 331.6 306.5 large-vehicle 0
310.7 300.5 314.8 309.6 280.3 325.5 276.2 316.4 large-vehicle 0
251.7 308.4 256.7 317.0 223.8 336.1 218.8 327.5 large-vehicle 0
369.4 311.0 375.5 323.6 341.4 340.3 335.2 327.7 large-vehicle 0
417.1 256.6 421.2 265.7 386.5 281.3 382.4 272.2 large-vehicle 0
318.5 315.2 324.4 323.3 280.6 355.0 274.8 346.9 large-vehicle 0
257.7 332.4 262.2 341.4 228.3 358.6 223.8 349.6 large-vehicle 0
826.7 304.3 890.5 333.1 865.1 389.6 801.3 360.9 large-vehicle 0
659.2 402.9 688.9 407.0 677.6 488.2 647.9 484.1 large-vehicle 0
690.3 407.2 711.9 411.3 695.7 495.8 674.1 491.7 large-vehicle 0
23.4 635.3 43.7 643.7 24.8 689.9 4.4 681.6 small-vehicle 0
363.4 268.1 365.6 277.9 328.5 286.3 326.3 276.5 large-vehicle 0
241.8 260.1 248.0 268.0 221.2 288.9 215.0 281.0 large-vehicle 0
102.1 677.3 103.7 678.5 102.5 680.1 100.9 678.9 small-vehicle 0
805.2 176.5 808.3 162.8 868.8 176.5 865.7 190.2 large-vehicle 0
913.1 102.1 913.4 88.2 983.4 89.7 983.0 103.7 large-vehicle 0
910.3 118.0 916.2 105.3 976.1 133.1 970.2 145.8 large-vehicle 0
910.1 158.7 912.8 145.0 977.6 157.8 974.9 171.5 large-vehicle 0
909.8 178.8 915.7 166.1 971.9 192.4 966.0 205.0 large-vehicle 0
897.4 209.4 902.7 196.4 963.8 221.5 958.5 234.4 large-vehicle 0
818.5 257.0 821.8 223.1 875.6 228.4 872.3 262.2 large-vehicle 0
806.6 138.2 812.1 125.3 872.9 151.0 867.4 163.9 large-vehicle 0
305.0 256.1 307.4 265.8 270.5 275.0 268.1 265.3 large-vehicle 0
799.6 105.5 805.5 92.8 865.4 120.5 859.5 133.2 large-vehicle 0
690.4 24.6 751.6 34.4 733.5 147.0 672.3 137.1 large-vehicle 0
321.1 224.6 324.9 233.9 289.8 248.4 286.0 239.2 large-vehicle 0
330.1 146.3 418.2 296.3 399.3 307.5 311.2 157.4 large-vehicle 0
415.7 233.8 419.2 243.1 383.5 256.4 380.1 247.0 large-vehicle 0
361.7 246.6 364.0 256.3 330.9 264.2 328.6 254.5 large-vehicle 0
75.3 623.9 103.3 634.8 82.1 688.8 54.2 677.9 small-vehicle 0
110.9 88.6 113.5 106.4 40.3 117.1 37.7 99.3 small-vehicle 0
176.5 127.1 177.5 101.1 223.5 102.9 222.5 128.9 small-vehicle 0
295.4 124.6 298.9 94.9 336.6 99.4 333.1 129.1 small-vehicle 0
700.6 488.6 704.6 479.4 750.4 499.4 746.4 508.6 small-vehicle 0
693.8 468.0 696.4 454.2 765.2 467.1 762.6 480.8 small-vehicle 0
767.7 430.0 768.1 452.0 710.1 452.9 709.7 430.9 small-vehicle 0
711.7 417.4 715.8 387.7 773.3 395.6 769.2 425.3 small-vehicle 0
739.3 37.9 772.2 46.5 759.6 94.9 726.7 86.3 small-vehicle 0
701.9 510.6 706.6 501.8 747.1 523.4 742.4 532.2 small-vehicle 0
888.8 48.2 895.2 31.4 1009.2 74.8 1002.8 91.6 large-vehicle 0
