353.9 348.3 362.3 337.1 399.1 364.7 390.7 375.9 small-vehicle 0
704.5 507.8 705.6 517.7 564.5 533.2 563.4 523.3 large-vehicle 0
772.0 335.4 772.5 345.4 666.7 350.6 666.2 340.6 large-vehicle 0
773.1 334.1 778.7 342.4 700.8 395.0 695.2 386.7 large-vehicle 0
786.8 367.8 790.8 381.2 689.3 411.6 685.2 398.2 large-vehicle 0
673.2 427.5 695.1 407.1 756.4 473.1 734.4 493.5 large-vehicle 0
663.0 427.6 674.8 420.1 727.1 503.0 715.2 510.5 large-vehicle 0
638.3 455.8 648.3 446.0 716.7 516.2 706.7 526.0 large-vehicle 0
616.3 468.9 626.6 459.4 698.4 537.5 688.0 547.0 large-vehicle 0
599.5 488.7 651.3 585.8 635.5 594.3 583.7 497.2 large-vehicle 0
406.3 684.0 406.8 678.0 452.7 681.7 452.2 687.6 large-vehicle 0
544.0 533.6 549.2 525.0 650.0 586.4 644.8 595.0 large-vehicle 0
537.9 537.0 549.0 528.4 611.7 608.8 600.6 617.4 large-vehicle 0
516.5 550.1 527.6 541.6 594.5 628.9 583.4 637.4 large-vehicle 0
458.3 533.7 468.6 524.3 553.7 617.3 543.4 626.7 large-vehicle 0
468.6 586.9 479.0 577.5 555.4 662.1 545.0 671.5 large-vehicle 0
445.9 603.7 452.6 596.2 532.1 666.3 525.4 673.8 large-vehicle 0
431.7 613.7 443.0 605.4 505.5 691.0 494.2 699.2 large-vehicle 0
748.6 291.7 755.3 303.9 669.3 350.9 662.6 338.7 large-vehicle 0
732.4 261.7 740.7 277.7 653.4 322.4 645.2 306.4 large-vehicle 0
639.7 236.9 642.3 227.2 721.6 247.8 719.1 257.5 large-vehicle 0
717.2 205.3 719.0 219.2 625.8 231.7 624.0 217.8 large-vehicle 0
617.5 -18.2 624.9 -11.5 564.5 55.2 557.1 48.5 large-vehicle 0
633.5 23.9 637.6 33.0 555.5 70.1 551.4 61.0 large-vehicle 0
650.5 50.1 653.1 59.8 566.3 83.6 563.7 73.9 large-vehicle 0
661.0 56.5 669.3 67.8 587.0 128.1 578.7 116.8 large-vehicle 0
679.8 103.4 681.7 117.2 584.5 130.1 582.7 116.2 large-vehicle 0
677.1 104.5 686.0 115.3 610.3 177.5 601.4 166.7 large-vehicle 0
695.5 141.8 701.1 154.6 618.7 190.8 613.1 178.0 large-vehicle 0
706.5 164.7 712.5 177.4 624.1 219.6 618.0 207.0 large-vehicle 0
406.8 638.9 413.5 631.5 495.2 705.1 488.5 712.5 large-vehicle 0
388.8 697.2 396.4 685.5 424.9 703.9 417.3 715.7 large-vehicle 0
338.8 356.5 346.8 350.6 374.2 387.5 366.2 393.4 small-vehicle 0
351.8 132.3 362.8 123.7 386.2 153.7 375.2 162.3 large-vehicle 0
332.7 145.6 340.2 139.0 365.3 167.4 357.8 174.0 large-vehicle 0
280.9 127.8 291.5 118.6 374.1 213.7 363.6 222.9 large-vehicle 0
278.7 165.2 288.4 155.1 324.3 189.8 314.6 199.9 large-vehicle 0
262.9 175.2 271.3 169.8 296.1 208.5 287.7 213.9 large-vehicle 0
240.1 177.9 248.8 172.9 267.8 205.8 259.1 210.8 large-vehicle 0
242.3 101.3 263.5 116.3 220.6 176.7 199.4 161.6 large-vehicle 0
279.1 748.8 414.0 603.8 435.9 624.2 301.0 769.2 large-vehicle 0
349.2 -16.6 368.9 15.8 309.0 52.1 289.3 19.7 large-vehicle 0
219.5 64.5 230.4 15.7 298.7 31.0 287.8 79.8 large-vehicle 0
159.4 67.5 182.9 42.9 230.6 88.6 207.2 113.1 large-vehicle 0
417.7 483.6 437.3 466.6 472.8 507.3 453.2 524.4 small-vehicle 0
334.4 525.4 349.0 514.8 380.6 558.6 366.0 569.2 small-vehicle 0
300.8 539.8 319.3 527.9 348.5 573.3 330.0 585.2 small-vehicle 0
318.2 366.8 326.3 360.9 355.8 401.2 347.7 407.1 small-vehicle 0
320.6 49.6 564.9 213.2 543.7 244.8 299.4 81.2 large-vehicle 0
336.8 70.5 357.7 92.0 327.6 121.3 306.7 99.8 large-vehicle 0
299.3 -137.1 515.9 248.2 479.3 268.8 262.7 -116.5 large-vehicle 0
372.0 179.4 529.3 6.2 548.5 23.6 391.2 196.9 large-vehicle 0
337.0 731.3 350.4 719.3 373.1 744.6 359.7 756.6 large-vehicle 0
226.8 765.4 366.4 636.5 389.5 661.5 249.9 790.4 large-vehicle 0
452.9 484.3 502.3 423.9 568.9 478.3 519.5 538.7 large-vehicle 0
619.8 363.2 628.6 374.1 558.6 430.6 549.8 419.7 large-vehicle 0
601.3 324.9 612.5 333.3 544.0 424.5 532.8 416.1 large-vehicle 0
577.4 320.6 587.7 330.1 534.7 387.3 524.4 377.8 large-vehicle 0
552.9 311.6 561.7 322.5 532.1 346.4 523.3 335.5 large-vehicle 0
535.5 290.7 542.8 297.5 519.5 322.3 512.2 315.5 large-vehicle 0
523.7 260.2 532.4 265.1 505.6 312.0 497.0 307.1 large-vehicle 0
505.3 243.7 513.0 250.1 486.3 282.4 478.6 276.1 large-vehicle 0
536.0 261.8 572.1 240.4 601.7 290.3 565.6 311.7 large-vehicle 0
477.2 177.7 493.9 157.8 565.9 218.2 549.2 238.1 large-vehicle 0
496.1 220.6 501.6 223.1 487.9 254.2 482.4 251.8 large-vehicle 0
384.8 244.7 515.6 118.2 539.2 142.6 408.4 269.1 large-vehicle 0
467.1 86.4 493.5 72.2 530.4 140.9 503.9 155.1 large-vehicle 0
