451.2 957.4 485.6 993.8 431.8 1044.6 397.4 1008.2 large-vehicle 0
-8.7 399.7 8.3 385.7 52.8 439.7 35.8 453.7 large-vehicle 0
341.3 20.0 342.7 18.5 344.1 19.9 342.8 21.4 large-vehicle 0
232.3 17.6 240.7 -2.7 349.7 42.4 341.3 62.7 large-vehicle 0
18.8 375.0 26.7 368.9 79.2 437.0 71.3 443.1 large-vehicle 0
612.2 878.0 679.5 949.3 616.9 1008.3 549.6 937.1 large-vehicle 0
517.8 789.2 526.4 794.2 499.2 840.8 490.6 835.8 small-vehicle 0
606.4 431.9 616.5 422.3 665.0 472.8 654.9 482.5 small-vehicle 0
429.3 548.0 741.7 314.5 788.4 377.0 476.0 610.4 small-vehicle 0
580.1 481.1 628.1 537.4 574.9 582.9 526.9 526.6 small-vehicle 0
795.6 291.6 801.0 300.0 772.4 318.4 767.0 310.0 small-vehicle 0
904.3 263.5 915.6 277.5 873.7 311.5 862.4 297.5 small-vehicle 0
924.4 292.1 931.4 299.2 890.2 340.1 883.2 333.0 small-vehicle 0
942.4 308.2 948.9 315.8 892.6 363.8 886.1 356.2 small-vehicle 0
982.4 363.2 989.2 370.6 931.6 423.2 924.9 415.8 small-vehicle 0
993.4 378.2 1000.2 385.5 943.0 438.5 936.2 431.2 small-vehicle 0
628.8 888.6 637.3 899.7 591.1 934.9 582.6 923.7 small-vehicle 0
605.9 872.0 618.9 894.4 555.0 931.7 541.9 909.2 small-vehicle 0
505.9 771.3 513.9 777.3 479.1 823.7 471.1 817.7 small-vehicle 0
243.6 623.1 248.0 632.0 192.6 659.8 188.1 650.9 small-vehicle 0
237.3 567.2 243.5 575.0 176.5 628.9 170.2 621.1 small-vehicle 0
130.1 509.5 197.8 585.8 193.3 589.8 125.6 513.5 small-vehicle 0
218.4 262.2 234.6 282.6 182.9 323.7 166.7 303.4 small-vehicle 0
221.3 253.6 225.3 267.0 169.7 283.4 165.7 270.0 small-vehicle 0
696.8 339.5 870.5 551.4 785.5 621.1 611.7 409.3 large-vehicle 0
306.3 542.1 409.5 336.6 754.5 509.8 651.3 715.3 large-vehicle 0
252.1 36.4 263.7 28.6 325.5 119.6 313.9 127.5 large-vehicle 0
204.8 31.7 215.5 22.7 312.2 137.3 301.5 146.3 large-vehicle 0
451.3 21.7 462.4 13.1 502.7 65.3 491.6 73.9 large-vehicle 0
867.9 108.8 888.1 131.0 842.2 172.7 822.0 150.5 small-vehicle 0
404.1 43.0 411.5 36.2 448.0 76.0 440.6 82.8 large-vehicle 0
218.3 608.8 224.6 616.6 201.2 635.4 195.0 627.7 small-vehicle 0
317.2 57.5 369.9 154.1 262.8 212.5 210.1 115.9 small-vehicle 0
909.4 151.7 929.4 168.2 895.0 209.8 874.9 193.2 small-vehicle 0
845.3 268.7 866.8 309.4 836.7 325.3 815.2 284.6 small-vehicle 0
790.5 319.1 796.4 327.3 752.5 358.8 746.7 350.7 small-vehicle 0
630.4 423.8 663.6 376.2 724.3 418.5 691.1 466.1 small-vehicle 0
433.6 470.7 484.5 442.9 510.4 490.3 459.5 518.1 small-vehicle 0
245.7 576.9 263.2 596.2 241.0 616.3 223.5 597.0 small-vehicle 0
401.1 1.6 408.7 -4.9 498.7 99.7 491.1 106.2 large-vehicle 0
382.6 51.7 390.0 45.0 423.5 82.1 416.1 88.8 large-vehicle 0
50.2 177.7 74.5 160.2 113.0 213.7 88.7 231.2 small-vehicle 0
130.7 513.6 197.5 579.7 193.3 583.9 126.5 517.9 small-vehicle 0
112.4 348.4 125.1 361.1 75.6 410.6 62.9 397.9 small-vehicle 0
112.2 217.8 133.0 210.6 146.8 250.2 126.0 257.4 small-vehicle 0
141.2 374.7 154.1 387.3 88.4 454.5 75.5 441.9 small-vehicle 0
76.7 160.3 87.7 151.7 128.3 203.7 117.3 212.3 small-vehicle 0
135.3 48.8 158.1 29.4 252.7 140.6 229.9 160.0 large-vehicle 0
133.4 54.0 145.8 47.6 207.4 166.6 194.9 173.0 large-vehicle 0
105.5 117.9 132.3 97.0 187.5 168.1 160.7 189.0 large-vehicle 0
365.3 69.5 373.1 63.3 404.1 102.6 396.2 108.7 large-vehicle 0
346.4 82.5 354.4 76.5 384.2 116.7 376.2 122.7 large-vehicle 0
904.5 440.8 949.3 376.9 1062.3 456.2 1017.5 520.0 large-vehicle 0
793.6 294.2 794.6 488.2 636.6 489.0 635.6 295.0 large-vehicle 0
384.9 600.4 709.6 277.4 795.7 363.9 471.0 686.9 large-vehicle 0
