315.4 257.2 362.5 283.6 336.0 330.7 288.9 304.3 large-vehicle 0
400.7 108.9 421.4 82.0 489.5 134.5 468.8 161.4 large-vehicle 0
409.0 149.7 417.8 134.0 450.9 152.7 442.0 168.4 large-vehicle 0
396.2 178.4 404.3 167.0 441.8 193.6 433.7 205.0 large-vehicle 0
369.1 195.1 377.8 184.2 448.2 240.3 439.4 251.3 large-vehicle 0
374.4 247.8 382.0 236.1 420.6 261.2 413.0 272.9 large-vehicle 0
355.7 272.2 363.1 260.3 442.9 309.9 435.5 321.8 large-vehicle 0
367.1 314.2 372.4 301.2 414.9 318.8 409.6 331.8 large-vehicle 0
347.3 166.1 374.4 179.0 337.5 256.7 310.4 243.8 large-vehicle 0
-41.3 850.6 -36.1 829.2 164.1 877.7 158.9 899.1 large-vehicle 0
311.6 388.4 335.8 398.0 311.5 459.4 287.3 449.8 small-vehicle 0
285.7 375.0 307.3 379.5 292.3 452.0 270.7 447.5 small-vehicle 0
373.5 102.1 398.9 118.0 370.2 163.7 344.8 147.8 large-vehicle 0
554.4 203.4 573.8 180.5 636.4 233.5 617.0 256.4 large-vehicle 0
570.0 321.5 590.2 280.2 681.8 325.1 661.5 366.4 large-vehicle 0
749.0 138.9 767.3 110.3 833.1 152.2 814.8 180.9 large-vehicle 0
909.2 199.8 927.9 166.7 988.8 201.2 970.1 234.3 large-vehicle 0
853.1 170.0 866.4 152.5 912.6 187.4 899.3 205.0 small-vehicle 0
93.7 886.7 111.6 853.1 162.8 880.5 144.9 914.0 small-vehicle 0
151.2 900.0 169.2 866.5 213.2 890.1 195.3 923.6 small-vehicle 0
472.0 157.4 485.0 144.9 519.6 181.0 506.6 193.4 large-vehicle 0
