969.9 28.4 1046.6 42.5 1031.1 127.1 954.4 113.0 large-vehicle 0
912.9 452.8 952.5 429.4 986.1 486.2 946.5 509.6 large-vehicle 0
935.3 747.7 952.8 743.3 976.7 838.3 959.2 842.7 large-vehicle 0
974.7 754.2 992.2 750.3 1011.8 838.1 994.3 842.0 large-vehicle 0
982.6 424.1 1012.3 419.9 1023.2 497.2 993.5 501.4 large-vehicle 0
818.7 677.7 822.0 691.3 711.3 718.3 708.0 704.7 large-vehicle 0
848.7 406.2 890.0 398.5 918.7 553.9 877.4 561.5 large-vehicle 0
656.4 490.3 707.3 462.5 754.2 548.6 703.2 576.3 large-vehicle 0
794.3 583.7 797.4 605.5 692.5 620.6 689.4 598.8 large-vehicle 0
791.5 596.6 800.9 607.0 707.2 691.2 697.8 680.8 large-vehicle 0
817.0 650.2 820.7 663.7 714.7 692.9 711.0 679.4 large-vehicle 0
811.4 713.5 813.1 723.4 716.6 740.5 714.9 730.6 large-vehicle 0
418.7 611.4 424.0 619.9 381.6 646.4 376.3 637.9 small-vehicle 0
824.5 734.8 826.4 744.6 710.4 766.3 708.5 756.5 large-vehicle 0
717.2 779.9 717.8 765.9 815.8 770.1 815.2 784.1 large-vehicle 0
857.0 824.1 883.4 809.9 907.0 854.0 880.6 868.2 large-vehicle 0
194.1 318.4 195.8 317.3 196.8 319.0 195.1 320.1 small-vehicle 0
353.1 451.6 367.8 482.3 329.9 500.4 315.2 469.7 small-vehicle 0
367.8 485.1 371.9 494.3 337.2 509.9 333.1 500.7 small-vehicle 0
378.0 503.7 382.1 512.8 343.8 530.1 339.7 520.9 small-vehicle 0
293.1 600.7 310.6 587.4 336.1 620.8 318.6 634.1 small-vehicle 0
411.8 593.4 415.5 602.7 380.2 616.6 376.5 607.3 small-vehicle 0
