77.5 610.1 80.9 600.7 135.4 620.6 132.0 630.0 large-vehicle 0
72.0 586.6 74.7 577.0 149.7 598.4 147.0 608.0 large-vehicle 0
240.3 114.8 240.7 116.8 238.7 117.2 238.3 115.2 large-vehicle 0
252.8 133.3 254.4 155.2 208.5 158.5 206.9 136.6 large-vehicle 0
200.3 178.5 207.8 153.6 244.2 164.7 236.6 189.6 large-vehicle 0
197.6 192.8 204.2 185.3 226.7 205.1 220.1 212.6 large-vehicle 0
175.6 220.8 177.6 211.0 230.4 222.2 228.4 232.0 large-vehicle 0
177.3 236.9 185.3 225.4 229.7 256.1 221.7 267.6 large-vehicle 0
143.8 261.4 146.2 251.7 241.3 275.6 238.8 285.3 large-vehicle 0
148.1 272.8 153.0 264.1 234.9 310.2 230.0 318.9 large-vehicle 0
149.2 309.3 156.3 297.2 209.8 328.7 202.7 340.8 large-vehicle 0
142.6 325.0 194.4 351.1 186.3 367.2 134.5 341.1 large-vehicle 0
128.6 357.7 133.2 348.8 191.7 379.2 187.1 388.1 large-vehicle 0
116.7 397.0 117.0 387.0 186.9 389.1 186.6 399.1 large-vehicle 0
120.6 389.7 128.2 383.2 176.5 439.2 168.9 445.8 large-vehicle 0
174.8 419.0 178.8 428.2 103.8 461.2 99.8 452.0 large-vehicle 0
94.0 468.3 96.0 454.4 173.2 465.5 171.2 479.4 large-vehicle 0
155.6 466.7 165.7 494.9 88.4 522.3 78.3 494.1 large-vehicle 0
163.4 503.2 166.7 512.7 104.6 534.8 101.2 525.4 large-vehicle 0
103.3 535.9 111.1 524.3 152.6 552.1 144.8 563.7 large-vehicle 0
78.5 571.3 85.3 546.2 164.5 567.7 157.7 592.8 large-vehicle 0
240.6 20.6 247.4 8.4 294.5 34.9 287.7 47.1 large-vehicle 0
