207.6 954.4 230.4 929.1 285.4 978.6 262.6 1003.9 large-vehicle 0
378.6 759.9 407.0 718.8 487.6 774.6 459.2 815.7 large-vehicle 0
182.9 590.3 195.1 572.0 269.9 622.1 257.7 640.3 large-vehicle 0
843.2 867.2 857.2 855.8 916.5 928.7 902.6 940.1 large-vehicle 0
831.5 918.5 842.0 903.9 895.5 942.5 885.0 957.1 large-vehicle 0
556.9 872.3 605.0 773.4 657.1 798.7 609.0 897.6 large-vehicle 0
149.3 668.9 162.2 646.3 191.7 663.1 178.8 685.7 large-vehicle 0
117.4 597.6 130.8 580.2 211.6 642.4 198.2 659.8 large-vehicle 0
74.8 665.0 85.5 650.6 128.9 682.6 118.3 697.1 large-vehicle 0
178.3 715.8 190.6 692.9 220.5 709.0 208.2 731.9 large-vehicle 0
65.3 762.1 85.7 784.1 25.7 839.9 5.3 817.9 large-vehicle 0
84.5 765.9 101.2 772.6 67.5 856.1 50.8 849.4 large-vehicle 0
187.5 803.5 191.7 790.1 258.5 810.9 254.3 824.3 large-vehicle 0
170.5 828.1 174.3 841.6 122.3 856.1 118.5 842.7 large-vehicle 0
197.8 821.3 218.8 842.8 157.3 902.9 136.3 881.4 large-vehicle 0
219.7 843.4 234.5 853.5 201.8 901.4 186.9 891.3 large-vehicle 0
238.6 886.1 240.2 887.3 239.0 888.9 237.4 887.7 large-vehicle 0
484.2 816.7 501.0 769.6 555.7 789.1 538.8 836.2 large-vehicle 0
438.8 965.1 440.4 966.3 439.2 967.9 437.6 966.7 large-vehicle 0
399.3 906.3 410.7 914.5 348.5 1000.4 337.2 992.2 large-vehicle 0
684.5 874.3 694.1 864.1 727.5 895.7 717.9 905.9 small-vehicle 0
229.7 661.3 241.1 647.4 295.3 691.7 283.9 705.6 small-vehicle 0
342.8 750.7 350.5 705.3 403.8 714.4 396.1 759.7 small-vehicle 0
529.7 934.0 563.3 928.7 572.3 986.0 538.7 991.3 small-vehicle 0
785.3 869.3 803.8 887.6 768.6 923.1 750.1 904.8 small-vehicle 0
979.3 906.1 1000.7 920.8 967.9 968.6 946.4 953.9 small-vehicle 0
1007.8 920.7 1016.1 926.3 990.1 964.3 981.8 958.6 small-vehicle 0
739.7 859.6 757.5 862.6 749.3 911.9 731.6 909.0 small-vehicle 0
432.4 930.2 441.5 940.9 373.1 999.3 364.0 988.7 large-vehicle 0
193.2 680.2 210.8 655.9 261.0 692.4 243.3 716.7 small-vehicle 0
319.6 775.2 328.1 754.9 448.0 805.1 439.6 825.4 large-vehicle 0
497.9 837.6 499.9 837.4 500.1 839.4 498.1 839.6 large-vehicle 0
516.2 720.2 530.8 694.0 637.4 753.3 622.8 779.5 large-vehicle 0
387.6 672.0 404.8 647.5 488.4 706.0 471.2 730.5 large-vehicle 0
272.6 635.5 305.0 602.8 349.0 646.5 316.6 679.2 large-vehicle 0
263.9 874.4 287.6 892.7 262.0 926.0 238.2 907.7 large-vehicle 0
298.9 887.6 310.3 895.8 281.1 936.4 269.7 928.2 large-vehicle 0
323.5 923.7 325.3 924.5 324.5 926.3 322.7 925.5 large-vehicle 0
366.9 895.0 391.9 918.0 328.1 987.0 303.1 964.0 large-vehicle 0
