571.2 3.2 584.5 30.1 557.6 43.4 544.3 16.5 small-vehicle 0
506.4 47.4 512.7 22.2 545.7 30.4 539.4 55.6 small-vehicle 0
585.2 55.7 598.2 78.3 561.8 99.3 548.8 76.7 small-vehicle 0
546.6 77.3 552.6 85.3 525.4 105.7 519.4 97.7 small-vehicle 0
403.5 66.3 424.3 93.2 391.0 118.9 370.3 91.9 small-vehicle 0
457.4 110.4 469.8 128.6 444.9 145.4 432.6 127.2 small-vehicle 0
418.3 125.8 430.9 148.5 404.7 163.2 392.1 140.5 small-vehicle 0
390.5 142.4 398.8 158.4 354.5 181.6 346.2 165.6 small-vehicle 0
345.2 159.7 355.4 179.3 321.6 196.8 311.5 177.2 small-vehicle 0
51.7 29.8 73.1 15.1 108.3 66.2 86.9 80.9 small-vehicle 0
131.9 98.5 150.9 80.7 174.1 105.5 155.1 123.3 small-vehicle 0
102.1 129.2 118.2 121.1 131.6 148.0 115.5 156.0 small-vehicle 0
109.3 183.5 132.5 164.5 171.7 212.5 148.5 231.5 small-vehicle 0
198.1 264.2 227.0 246.3 240.7 268.3 211.8 286.3 small-vehicle 0
229.2 344.1 258.2 326.3 273.8 351.9 244.8 369.7 small-vehicle 0
213.0 299.2 238.8 284.0 254.0 309.8 228.2 325.0 small-vehicle 0
177.8 340.6 207.2 323.5 252.2 401.4 222.8 418.5 small-vehicle 0
348.4 89.4 368.0 121.9 328.6 145.6 309.0 113.1 small-vehicle 0
107.9 31.3 130.2 17.8 153.9 57.3 131.6 70.7 small-vehicle 0
665.1 18.5 678.2 41.0 638.5 64.2 625.4 41.8 small-vehicle 0
122.9 280.0 175.2 206.8 206.1 229.0 153.8 302.2 large-vehicle 0
73.1 89.5 96.5 70.6 127.9 109.5 104.5 128.4 small-vehicle 0
