183.5 747.5 191.7 772.2 121.5 795.5 113.3 770.8 large-vehicle 0
201.2 820.6 210.1 849.2 139.5 871.3 130.5 842.6 large-vehicle 0
203.3 848.2 209.7 860.6 147.5 892.7 141.1 880.2 large-vehicle 0
217.1 889.0 227.9 912.7 156.9 945.0 146.1 921.3 large-vehicle 0
220.2 924.2 225.9 936.9 165.8 964.1 160.0 951.3 large-vehicle 0
21.6 833.5 48.6 820.4 77.3 879.8 50.3 892.9 large-vehicle 0
957.9 726.5 976.2 759.8 907.8 797.3 889.5 764.0 large-vehicle 0
625.8 646.4 661.6 624.5 700.2 687.6 664.4 709.5 large-vehicle 0
672.3 628.9 695.2 616.6 741.5 703.0 718.6 715.3 large-vehicle 0
705.8 629.5 733.3 609.5 786.4 682.1 759.0 702.2 large-vehicle 0
817.7 637.8 861.8 681.4 843.5 699.9 799.4 656.3 large-vehicle 0
867.7 572.2 889.1 724.7 863.3 728.3 841.9 575.8 large-vehicle 0
948.9 628.4 950.9 628.8 950.4 630.8 948.5 630.3 large-vehicle 0
251.0 674.7 308.0 634.0 346.3 687.7 289.4 728.4 large-vehicle 0
486.4 527.0 491.5 544.2 397.6 572.0 392.5 554.8 large-vehicle 0
447.2 498.7 457.1 500.0 453.8 525.8 443.9 524.5 large-vehicle 0
458.0 441.1 482.5 475.3 412.6 525.4 388.1 491.3 large-vehicle 0
459.8 386.1 469.6 401.3 393.9 449.9 384.1 434.8 large-vehicle 0
437.5 350.7 444.6 357.8 366.5 435.3 359.4 428.2 large-vehicle 0
449.1 323.2 461.5 354.8 362.7 393.4 350.4 361.7 large-vehicle 0
419.9 226.9 428.3 238.1 365.8 284.9 357.4 273.7 large-vehicle 0
421.9 192.0 429.7 203.6 348.1 258.0 340.3 246.4 large-vehicle 0
412.7 164.5 420.3 176.3 341.1 227.0 333.6 215.2 large-vehicle 0
931.8 839.5 941.1 829.0 1011.2 891.5 1001.9 902.0 large-vehicle 0
889.2 838.2 899.1 828.3 962.8 891.8 952.9 901.7 large-vehicle 0
861.1 855.9 870.6 845.5 928.1 898.2 918.7 908.5 large-vehicle 0
159.1 602.7 201.2 575.8 251.9 655.0 209.7 681.9 large-vehicle 0
139.0 253.5 141.0 253.5 141.0 255.5 139.0 255.5 large-vehicle 0
162.4 180.4 200.1 213.3 167.2 250.9 129.5 218.0 large-vehicle 0
657.2 909.8 666.6 899.4 736.4 962.4 727.0 972.8 large-vehicle 0
697.7 904.1 710.8 891.7 775.1 960.3 762.0 972.6 large-vehicle 0
724.8 885.9 734.7 876.0 809.8 950.7 800.0 960.7 large-vehicle 0
762.6 878.9 772.7 869.2 840.4 940.1 830.3 949.8 large-vehicle 0
795.2 870.7 805.2 860.9 879.4 936.6 869.4 946.4 large-vehicle 0
822.3 857.1 831.9 847.0 908.7 920.1 899.0 930.2 large-vehicle 0
79.3 47.9 129.2 49.7 125.6 151.6 75.7 149.8 large-vehicle 0
398.6 79.9 404.0 92.8 306.4 134.1 301.0 121.2 large-vehicle 0
370.2 10.4 379.2 14.6 319.5 143.4 310.4 139.2 large-vehicle 0
338.8 31.5 348.2 34.7 341.2 55.5 331.8 52.3 large-vehicle 0
350.9 -26.5 362.3 -18.3 312.1 51.5 300.7 43.3 large-vehicle 0
