833.9 980.5 835.4 981.9 834.0 983.3 832.5 982.0 small-vehicle 0
745.2 895.8 761.9 875.9 784.8 895.2 768.1 915.1 small-vehicle 0
833.5 821.6 841.2 815.2 865.5 844.4 857.8 850.8 small-vehicle 0
963.6 427.9 976.9 440.0 951.4 468.1 938.1 456.0 small-vehicle 0
934.7 399.1 948.3 411.0 925.9 436.6 912.4 424.7 small-vehicle 0
248.4 472.4 248.6 470.4 250.6 470.6 250.4 472.6 large-vehicle 0
87.7 310.2 105.4 334.4 74.7 356.8 57.0 332.5 small-vehicle 0
245.8 274.3 275.8 319.3 224.2 353.7 194.2 308.7 large-vehicle 0
346.7 245.5 373.6 287.6 311.3 327.5 284.4 285.4 large-vehicle 0
582.5 46.7 583.6 45.1 585.2 46.2 584.1 47.9 small-vehicle 0
341.7 488.2 363.6 502.2 345.3 530.8 323.4 516.8 small-vehicle 0
617.1 384.5 632.3 400.4 578.9 451.5 563.7 435.6 large-vehicle 0
539.9 392.7 550.0 425.2 521.4 434.1 511.2 401.7 small-vehicle 0
291.3 536.9 312.3 521.6 353.7 578.1 332.7 593.4 large-vehicle 0
147.0 497.5 167.6 481.7 200.4 524.6 179.8 540.4 small-vehicle 0
53.9 555.4 72.9 544.3 94.0 580.7 75.0 591.7 small-vehicle 0
8.4 534.8 29.5 528.5 43.7 576.4 22.6 582.7 small-vehicle 0
21.4 586.8 42.6 581.3 50.2 610.3 28.9 615.8 small-vehicle 0
34.0 629.8 51.2 624.5 60.0 653.2 42.8 658.5 small-vehicle 0
47.6 659.4 65.5 658.0 69.2 703.9 51.3 705.3 small-vehicle 0
51.0 717.8 65.8 707.6 82.8 732.3 68.0 742.5 small-vehicle 0
77.8 273.0 93.6 281.7 79.2 308.0 63.4 299.3 small-vehicle 0
276.8 143.0 282.2 130.1 354.2 160.0 348.8 172.9 storage-tank 0
354.6 108.2 374.0 149.9 350.4 160.8 331.0 119.1 storage-tank 0
355.9 104.7 366.4 90.0 420.1 128.3 409.6 143.0 storage-tank 0
324.7 14.0 326.0 15.5 324.6 16.8 323.2 15.4 large-vehicle 0
254.0 18.6 281.2 50.6 218.6 103.6 191.4 71.6 large-vehicle 0
157.5 56.6 189.8 99.9 143.3 134.6 111.0 91.3 large-vehicle 0
381.7 26.0 402.4 47.7 363.3 85.0 342.6 63.3 large-vehicle 0
97.0 745.2 117.1 736.3 139.0 785.7 118.9 794.6 small-vehicle 0
75.9 823.3 100.0 813.5 118.6 859.9 94.5 869.6 small-vehicle 0
139.9 929.8 162.0 916.1 186.2 955.2 164.1 968.9 small-vehicle 0
86.5 986.9 88.5 987.1 88.3 989.1 86.3 988.9 small-vehicle 0
