370.2 98.5 371.9 99.5 370.9 101.2 369.2 100.2 small-vehicle 0
291.9 101.3 309.5 88.0 325.1 108.7 307.6 122.0 small-vehicle 0
279.7 106.4 281.6 105.7 282.3 107.6 280.4 108.3 small-vehicle 0
251.0 106.3 252.8 107.1 252.0 108.9 250.2 108.1 small-vehicle 0
125.2 114.5 127.0 113.7 127.8 115.5 126.0 116.3 small-vehicle 0
36.9 98.9 53.3 106.3 41.0 133.6 24.6 126.3 small-vehicle 0
221.8 72.5 222.2 54.5 260.2 55.5 259.8 73.5 small-vehicle 0
6.3 19.2 21.5 28.8 7.7 50.8 -7.5 41.2 small-vehicle 0
230.3 3.8 252.3 4.2 251.7 42.2 229.7 41.8 small-vehicle 0
270.1 15.6 271.4 17.1 269.9 18.4 268.6 16.9 small-vehicle 0
368.1 7.5 369.7 8.7 368.6 10.3 366.9 9.2 small-vehicle 0
339.5 13.6 340.9 15.0 339.5 16.4 338.1 15.0 small-vehicle 0
302.7 14.6 303.9 16.2 302.3 17.4 301.1 15.8 small-vehicle 0
208.3 18.8 210.2 18.3 210.7 20.2 208.8 20.7 small-vehicle 0
26.8 21.8 44.3 17.7 49.2 39.2 31.7 43.2 small-vehicle 0
151.0 6.6 168.7 9.8 164.0 35.4 146.3 32.2 small-vehicle 0
124.2 24.3 126.2 24.7 125.8 26.7 123.8 26.3 small-vehicle 0
98.7 7.7 113.7 17.7 99.3 39.4 84.3 29.4 small-vehicle 0
67.3 29.7 69.3 29.3 69.7 31.3 67.7 31.7 small-vehicle 0
746.2 951.3 772.1 953.1 770.3 979.0 744.4 977.2 small-vehicle 0
588.4 663.5 590.3 653.6 619.8 659.4 617.8 669.2 small-vehicle 0
548.2 711.0 548.8 693.0 582.8 694.0 582.2 712.0 small-vehicle 0
565.5 722.2 566.0 720.3 567.9 720.8 567.4 722.7 small-vehicle 0
597.2 830.7 600.3 808.9 637.9 814.2 634.8 836.0 small-vehicle 0
694.9 411.1 707.3 404.5 713.9 416.8 701.5 423.5 small-vehicle 0
724.1 406.5 742.6 424.7 721.7 446.1 703.1 427.9 small-vehicle 0
750.2 404.0 766.0 412.6 747.8 446.0 732.0 437.4 small-vehicle 0
776.6 427.8 782.7 435.7 755.8 456.5 749.7 448.6 small-vehicle 0
789.5 441.8 797.1 448.3 774.7 474.0 767.2 467.4 small-vehicle 0
812.6 449.2 819.6 456.3 792.4 482.8 785.4 475.7 small-vehicle 0
662.2 471.0 683.8 466.8 691.8 508.0 670.2 512.2 small-vehicle 0
683.1 526.9 684.1 525.1 685.9 526.1 684.9 527.9 small-vehicle 0
691.5 583.7 692.3 585.5 690.5 586.3 689.7 584.5 small-vehicle 0
674.8 631.0 675.3 617.0 717.2 618.4 716.8 632.4 small-vehicle 0
821.8 503.9 823.2 502.5 824.6 503.8 823.3 505.3 small-vehicle 0
846.6 512.7 851.5 521.5 821.8 538.1 817.0 529.3 small-vehicle 0
841.6 544.6 842.9 543.1 844.4 544.4 843.1 545.9 small-vehicle 0
852.1 563.7 852.5 577.7 834.5 578.2 834.1 564.2 small-vehicle 0
681.1 751.2 685.8 729.7 722.9 737.8 718.2 759.3 small-vehicle 0
679.5 791.0 681.8 773.1 719.5 778.0 717.2 795.9 small-vehicle 0
720.5 825.7 724.9 851.3 683.5 858.3 679.1 832.7 small-vehicle 0
619.4 624.4 623.9 646.0 582.8 654.6 578.3 633.0 small-vehicle 0
534.7 648.5 536.1 634.6 585.8 639.5 584.4 653.4 small-vehicle 0
601.2 581.0 602.0 579.2 603.8 580.0 603.0 581.8 small-vehicle 0
591.1 428.1 592.9 429.1 591.9 430.9 590.1 429.9 small-vehicle 0
681.7 345.0 693.0 321.5 727.3 338.0 716.0 361.5 small-vehicle 0
707.4 363.5 720.0 345.4 744.6 362.5 732.0 380.6 small-vehicle 0
779.9 385.9 789.1 375.3 805.7 389.7 796.6 400.3 small-vehicle 0
846.5 448.3 857.1 439.1 879.5 464.7 868.9 473.9 small-vehicle 0
544.7 390.3 545.8 388.6 547.5 389.7 546.4 391.4 small-vehicle 0
571.9 394.3 575.6 372.6 605.1 377.7 601.4 399.4 small-vehicle 0
546.8 406.9 547.1 408.8 545.2 409.1 544.9 407.2 small-vehicle 0
588.7 402.8 589.2 404.7 587.3 405.2 586.8 403.3 small-vehicle 0
552.0 428.8 552.4 430.7 550.5 431.2 550.0 429.3 small-vehicle 0
555.0 449.5 555.0 451.5 553.0 451.5 553.0 449.5 small-vehicle 0
571.9 580.2 572.1 590.2 550.1 590.8 549.9 580.8 small-vehicle 0
610.2 438.9 611.7 460.9 577.7 463.1 576.3 441.2 small-vehicle 0
614.9 463.5 617.1 473.2 576.1 482.5 573.9 472.8 small-vehicle 0
538.2 481.3 538.8 467.3 568.8 468.6 568.2 482.6 small-vehicle 0
576.4 494.5 578.9 484.9 615.7 494.6 613.1 504.2 small-vehicle 0
576.5 527.7 579.9 501.9 613.6 506.4 610.2 532.2 small-vehicle 0
549.0 527.4 550.0 509.4 572.0 510.6 571.0 528.6 small-vehicle 0
541.9 544.4 542.2 534.4 580.1 535.6 579.8 545.6 small-vehicle 0
595.6 536.1 596.9 537.6 595.4 538.9 594.1 537.4 small-vehicle 0
608.4 543.3 614.1 560.4 585.6 569.7 579.9 552.6 small-vehicle 0
803.1 869.2 804.3 867.6 805.9 868.8 804.7 870.4 small-vehicle 0
475.0 935.0 476.8 956.9 439.0 960.0 437.2 938.1 small-vehicle 0
957.0 572.2 973.9 565.9 984.3 594.0 967.4 600.3 small-vehicle 0
996.8 445.3 1011.6 466.7 983.7 486.0 968.9 464.7 small-vehicle 0
1004.5 479.2 1009.3 488.0 986.5 500.4 981.7 491.7 small-vehicle 0
1001.0 510.4 1003.0 510.1 1003.3 512.1 1001.3 512.4 small-vehicle 0
919.4 303.9 940.9 299.2 951.6 348.0 930.1 352.7 small-vehicle 0
946.2 317.6 958.5 311.0 968.8 330.4 956.5 337.0 small-vehicle 0
965.3 303.6 987.0 299.9 992.7 333.4 971.0 337.1 small-vehicle 0
993.4 303.8 1014.8 309.2 1006.6 342.2 985.2 336.8 small-vehicle 0
1017.1 322.4 1019.1 322.6 1018.9 324.6 1016.9 324.4 small-vehicle 0
609.8 338.5 611.0 348.4 585.2 351.5 584.0 341.6 small-vehicle 0
235.7 805.0 242.0 812.7 225.1 826.7 218.7 819.0 small-vehicle 0
56.5 469.4 59.8 443.6 97.5 448.3 94.2 474.1 small-vehicle 0
66.5 266.8 84.5 266.2 85.8 304.2 67.8 304.8 small-vehicle 0
48.4 275.9 58.4 275.5 59.5 305.5 49.5 305.9 small-vehicle 0
20.1 278.2 37.8 275.2 42.9 304.8 25.2 307.8 small-vehicle 0
8.9 294.1 10.9 293.9 11.1 295.9 9.1 296.1 small-vehicle 0
373.2 293.9 394.6 298.9 387.8 328.1 366.4 323.1 small-vehicle 0
356.2 311.5 358.0 310.7 358.8 312.5 357.0 313.3 small-vehicle 0
322.2 291.4 344.1 288.9 349.8 338.6 327.9 341.1 small-vehicle 0
298.3 308.5 315.4 303.0 324.7 331.5 307.6 337.0 small-vehicle 0
289.7 299.1 299.7 300.2 295.2 341.9 285.3 340.8 small-vehicle 0
271.2 321.1 272.9 322.2 271.8 323.9 270.1 322.8 small-vehicle 0
256.4 286.4 266.5 355.6 244.7 358.8 234.6 289.5 small-vehicle 0
226.6 324.2 228.3 323.1 229.4 324.8 227.7 325.9 small-vehicle 0
174.7 305.2 196.7 305.4 196.3 343.4 174.3 343.2 small-vehicle 0
152.2 321.8 163.9 314.1 173.8 329.2 162.1 336.9 small-vehicle 0
140.5 324.5 142.5 324.6 142.4 326.6 140.4 326.5 small-vehicle 0
120.1 325.4 122.1 325.6 121.9 327.6 119.9 327.4 small-vehicle 0
85.0 313.4 101.4 306.0 117.0 340.6 100.6 348.0 small-vehicle 0
59.9 316.7 74.1 327.8 58.1 348.3 43.9 337.2 small-vehicle 0
20.9 317.5 38.1 312.2 49.1 348.6 31.9 353.8 small-vehicle 0
24.4 426.8 27.8 409.2 53.4 414.1 49.9 431.8 small-vehicle 0
95.5 269.5 105.3 271.4 100.5 297.0 90.6 295.1 small-vehicle 0
104.8 263.9 130.8 263.7 131.2 309.7 105.2 309.9 small-vehicle 0
127.9 268.7 149.9 267.4 152.1 305.3 130.1 306.6 small-vehicle 0
151.5 174.6 173.3 171.9 178.5 213.5 156.7 216.3 small-vehicle 0
356.3 169.1 378.1 172.3 373.7 202.0 352.0 198.8 small-vehicle 0
287.7 173.0 304.1 165.7 321.3 204.0 304.9 211.3 small-vehicle 0
272.7 188.6 274.4 187.5 275.5 189.1 273.8 190.2 small-vehicle 0
241.9 176.1 259.8 177.0 258.3 206.9 240.4 206.1 small-vehicle 0
192.5 189.7 194.2 188.6 195.3 190.3 193.6 191.4 small-vehicle 0
114.8 188.4 134.3 178.2 150.1 208.3 130.6 218.5 small-vehicle 0
155.2 269.5 165.2 269.6 165.0 299.6 155.0 299.5 small-vehicle 0
103.2 196.6 104.4 198.2 102.8 199.4 101.6 197.8 small-vehicle 0
362.8 251.8 384.2 247.1 392.5 284.2 371.0 288.9 small-vehicle 0
344.5 249.4 354.4 247.6 362.4 292.9 352.6 294.7 small-vehicle 0
323.8 261.0 345.7 263.1 343.2 289.0 321.3 286.9 small-vehicle 0
303.4 264.4 317.4 263.7 318.6 285.6 304.6 286.4 small-vehicle 0
276.2 262.6 293.6 257.8 303.8 294.4 286.4 299.2 small-vehicle 0
239.2 268.7 257.2 270.4 254.8 296.3 236.8 294.6 small-vehicle 0
229.0 270.7 237.7 275.6 225.0 298.3 216.3 293.4 small-vehicle 0
204.7 285.6 206.1 284.2 207.5 285.7 206.0 287.0 small-vehicle 0
23.3 445.7 23.5 435.7 61.5 436.4 61.3 446.4 small-vehicle 0
94.4 471.5 96.8 481.3 63.8 489.4 61.4 479.7 small-vehicle 0
459.2 758.7 462.4 780.4 428.8 785.3 425.6 763.6 small-vehicle 0
177.0 396.4 182.2 421.9 145.0 429.6 139.8 404.1 small-vehicle 0
348.3 657.7 348.8 655.8 350.7 656.3 350.2 658.2 small-vehicle 0
268.8 664.3 269.2 662.3 271.2 662.7 270.8 664.7 small-vehicle 0
187.8 745.0 189.6 746.0 188.5 747.7 186.8 746.7 small-vehicle 0
407.4 398.6 408.8 388.7 434.6 392.4 433.2 402.3 small-vehicle 0
463.6 393.8 464.7 392.1 466.4 393.2 465.3 394.9 small-vehicle 0
459.9 415.9 460.1 413.9 462.1 414.1 461.9 416.1 small-vehicle 0
425.4 439.9 425.6 441.9 423.6 442.1 423.4 440.1 small-vehicle 0
460.9 440.4 461.1 438.4 463.1 438.6 462.9 440.6 small-vehicle 0
480.8 449.8 483.0 471.7 449.2 475.2 447.0 453.3 small-vehicle 0
466.1 481.7 466.8 483.6 464.9 484.3 464.2 482.4 small-vehicle 0
424.4 480.9 424.6 482.9 422.6 483.1 422.4 481.1 small-vehicle 0
389.7 534.6 391.6 534.9 391.3 536.9 389.4 536.6 small-vehicle 0
470.1 565.7 470.8 567.6 468.9 568.3 468.2 566.4 small-vehicle 0
430.7 568.7 431.3 566.8 433.2 567.4 432.7 569.3 small-vehicle 0
430.5 589.5 430.5 591.5 428.5 591.5 428.5 589.5 small-vehicle 0
452.6 621.6 457.2 600.1 490.4 607.4 485.8 628.9 small-vehicle 0
435.3 629.3 435.7 631.3 433.7 631.7 433.3 629.7 small-vehicle 0
477.4 650.9 477.6 648.9 479.6 649.1 479.4 651.1 small-vehicle 0
485.4 694.4 493.6 710.4 477.6 718.6 469.4 702.6 small-vehicle 0
420.2 736.0 423.4 718.3 460.8 725.0 457.6 742.7 small-vehicle 0
496.0 737.5 497.9 755.4 460.1 759.4 458.2 741.5 small-vehicle 0
327.0 648.3 328.4 670.3 290.5 672.6 289.1 650.7 small-vehicle 0
341.5 596.1 342.1 594.2 344.0 594.8 343.4 596.7 small-vehicle 0
299.4 555.9 299.6 553.9 301.6 554.1 301.4 556.1 small-vehicle 0
20.0 598.1 21.4 599.5 20.0 600.9 18.6 599.5 small-vehicle 0
163.4 432.4 163.6 434.4 161.6 434.6 161.4 432.6 small-vehicle 0
164.7 455.5 164.8 453.5 166.8 453.5 166.7 455.5 small-vehicle 0
178.4 457.1 191.8 479.3 162.7 496.9 149.3 474.6 small-vehicle 0
151.2 499.7 152.7 489.8 190.3 495.4 188.8 505.3 small-vehicle 0
218.1 421.3 221.9 434.8 196.9 441.7 193.1 428.2 small-vehicle 0
183.5 414.3 190.9 393.6 230.5 407.7 223.1 428.4 small-vehicle 0
224.8 410.1 248.6 399.7 262.2 430.9 238.4 441.3 small-vehicle 0
274.7 408.5 278.2 395.0 303.3 401.5 299.8 415.0 small-vehicle 0
106.7 636.8 122.5 652.1 101.7 673.7 85.9 658.5 small-vehicle 0
325.7 525.0 328.5 515.4 357.3 523.9 354.4 533.5 small-vehicle 0
186.6 525.1 187.4 515.1 209.4 516.9 208.6 526.9 small-vehicle 0
215.4 579.7 216.3 581.4 214.6 582.3 213.7 580.6 small-vehicle 0
233.9 601.6 234.9 603.4 233.1 604.4 232.1 602.6 small-vehicle 0
231.5 619.0 233.6 628.7 196.5 637.0 194.4 627.3 small-vehicle 0
311.8 410.7 314.6 392.9 348.2 398.2 345.4 416.0 small-vehicle 0
351.6 417.0 353.3 434.9 319.4 438.0 317.7 420.1 small-vehicle 0
294.3 446.1 295.4 447.8 293.7 448.9 292.6 447.2 small-vehicle 0
334.4 467.5 335.2 465.7 337.1 466.5 336.2 468.3 small-vehicle 0
310.9 481.9 312.0 499.9 278.1 502.1 277.0 484.1 small-vehicle 0
