5.8 73.6 18.3 67.4 35.2 101.4 22.7 107.6 small-vehicle 0
14.6 63.1 40.9 35.6 68.3 61.9 42.0 89.4 small-vehicle 0
44.7 31.2 60.5 15.9 86.9 43.3 71.1 58.5 small-vehicle 0
185.3 42.3 203.0 23.2 251.4 68.1 233.7 87.2 small-vehicle 0
256.4 86.5 267.6 72.4 294.2 93.6 283.0 107.7 small-vehicle 0
290.1 124.3 320.2 95.0 341.1 116.4 311.1 145.8 small-vehicle 0
379.1 178.4 398.1 167.4 417.1 200.4 398.0 211.3 small-vehicle 0
327.2 150.3 344.8 131.2 366.9 151.5 349.2 170.6 small-vehicle 0
149.8 116.1 164.7 99.9 204.3 136.6 189.4 152.8 small-vehicle 0
124.1 93.0 141.4 79.4 159.9 103.0 142.6 116.6 small-vehicle 0
136.6 126.3 143.7 119.3 184.4 160.7 177.3 167.7 small-vehicle 0
111.4 104.4 119.0 97.9 138.6 120.6 131.0 127.1 small-vehicle 0
127.5 148.6 134.7 141.6 169.5 177.4 162.3 184.4 small-vehicle 0
77.9 146.0 91.9 129.0 115.1 148.0 101.1 165.0 small-vehicle 0
110.7 163.3 117.5 155.9 154.3 189.7 147.5 197.1 small-vehicle 0
69.1 160.4 76.0 153.1 97.9 173.6 91.0 180.9 small-vehicle 0
94.6 177.1 101.6 169.9 137.4 204.9 130.4 212.1 small-vehicle 0
58.2 180.7 65.2 173.5 86.8 194.3 79.8 201.5 small-vehicle 0
228.6 181.2 244.4 165.9 270.8 193.3 254.9 208.6 small-vehicle 0
406.5 400.9 413.2 393.5 456.5 432.1 449.8 439.5 small-vehicle 0
452.9 384.6 465.7 371.9 478.4 384.7 465.6 397.4 small-vehicle 0
307.8 371.4 314.8 364.2 350.6 399.1 343.7 406.3 small-vehicle 0
321.8 360.2 334.0 347.0 364.9 375.4 352.7 388.7 small-vehicle 0
305.9 320.5 324.2 302.0 345.6 323.0 327.3 341.5 small-vehicle 0
334.3 288.9 354.6 266.8 376.7 287.1 356.4 309.2 small-vehicle 0
351.3 314.7 359.0 308.3 391.1 346.6 383.4 353.0 small-vehicle 0
362.0 303.3 378.2 288.4 417.4 331.1 401.2 346.0 small-vehicle 0
964.1 465.6 996.6 433.0 1034.8 471.2 1002.3 503.8 small-vehicle 0
725.4 726.4 732.4 719.4 762.1 749.1 755.1 756.1 small-vehicle 0
744.8 717.6 759.0 706.5 774.9 727.1 760.7 738.1 small-vehicle 0
763.5 687.4 791.1 661.3 825.5 697.6 797.9 723.7 small-vehicle 0
973.8 950.8 1003.4 986.0 965.2 1018.2 935.6 983.0 small-vehicle 0
422.8 391.2 439.1 376.5 467.2 407.8 450.9 422.5 small-vehicle 0
398.4 422.0 405.9 415.3 434.0 446.5 426.6 453.2 small-vehicle 0
484.8 421.1 499.0 404.3 540.3 439.1 526.2 455.9 small-vehicle 0
622.8 630.1 629.6 622.8 669.1 659.7 662.3 667.0 small-vehicle 0
638.0 614.1 645.0 606.9 678.0 638.9 671.0 646.1 small-vehicle 0
649.5 600.7 664.5 584.6 698.2 616.0 683.1 632.1 small-vehicle 0
664.1 587.6 681.8 568.6 715.4 599.9 697.7 618.9 small-vehicle 0
685.7 572.5 703.8 553.8 728.3 577.5 710.2 596.2 small-vehicle 0
414.2 682.5 423.9 672.4 482.7 729.6 473.0 739.7 small-vehicle 0
442.3 676.1 452.0 666.1 493.5 706.7 483.7 716.7 small-vehicle 0
454.8 664.5 476.4 643.6 511.2 679.5 489.6 700.4 small-vehicle 0
490.5 626.5 508.1 613.3 540.5 656.5 522.9 669.7 small-vehicle 0
514.3 600.5 527.7 583.0 564.2 611.0 550.8 628.5 small-vehicle 0
539.8 566.3 560.9 544.9 602.2 585.7 581.1 607.1 small-vehicle 0
579.5 533.4 591.9 520.4 628.0 555.1 615.6 568.1 small-vehicle 0
594.0 510.2 601.3 503.4 641.0 545.8 633.7 552.6 small-vehicle 0
609.2 505.4 628.7 488.2 661.8 525.6 642.3 542.8 small-vehicle 0
568.0 493.3 577.0 482.5 600.0 501.7 591.0 512.5 small-vehicle 0
581.5 474.4 602.5 459.1 622.5 486.6 601.5 501.9 small-vehicle 0
474.3 583.1 487.2 570.6 516.5 600.7 503.6 613.2 small-vehicle 0
321.7 508.3 334.5 495.7 352.8 514.2 340.0 526.8 small-vehicle 0
383.4 533.8 396.6 521.6 427.8 555.4 414.6 567.6 small-vehicle 0
425.3 478.9 432.7 472.2 471.7 515.2 464.3 521.9 small-vehicle 0
439.7 461.0 447.1 454.3 494.3 506.0 486.9 512.7 small-vehicle 0
455.3 447.8 461.8 440.2 505.7 478.2 499.2 485.8 small-vehicle 0
479.0 433.5 486.5 426.8 519.7 464.2 512.2 470.8 small-vehicle 0
598.6 669.5 605.6 662.4 632.8 688.9 625.8 696.0 small-vehicle 0
671.3 767.1 697.8 745.8 731.7 787.9 705.2 809.2 small-vehicle 0
631.5 770.8 654.5 758.5 680.0 806.1 657.1 818.4 small-vehicle 0
83.1 200.8 89.5 193.1 127.9 225.2 121.5 232.9 small-vehicle 0
41.4 195.5 48.5 188.4 69.7 209.6 62.7 216.7 small-vehicle 0
67.0 217.7 74.0 210.5 110.0 245.3 103.0 252.5 small-vehicle 0
49.8 226.7 57.5 220.2 92.3 261.5 84.6 268.0 small-vehicle 0
22.2 207.8 29.1 200.5 50.8 221.2 43.9 228.5 small-vehicle 0
40.3 258.2 49.9 248.0 83.4 279.5 73.9 289.7 small-vehicle 0
4.5 218.1 12.2 211.7 36.5 240.9 28.8 247.3 small-vehicle 0
-9.0 233.2 -0.5 227.9 24.0 266.8 15.5 272.1 small-vehicle 0
-2.3 292.9 18.1 271.0 66.3 316.1 45.9 338.0 small-vehicle 0
-4.9 311.4 5.6 302.1 28.1 327.6 17.5 336.9 small-vehicle 0
259.3 207.8 272.6 195.7 306.4 232.5 293.1 244.7 small-vehicle 0
222.7 203.6 229.8 196.6 250.8 218.0 243.7 225.0 small-vehicle 0
242.8 234.6 259.7 214.9 294.7 244.8 277.7 264.6 small-vehicle 0
207.0 217.0 214.6 210.5 234.2 233.2 226.6 239.7 small-vehicle 0
549.5 797.9 572.7 786.1 600.6 841.4 577.4 853.2 small-vehicle 0
180.6 224.8 187.5 217.6 220.7 249.4 213.8 256.6 small-vehicle 0
169.4 252.8 179.4 242.9 200.6 264.2 190.6 274.1 small-vehicle 0
231.1 241.4 242.3 233.0 272.3 273.0 261.1 281.4 small-vehicle 0
198.3 280.0 215.8 266.7 238.7 297.0 221.2 310.3 small-vehicle 0
150.5 481.1 171.5 459.6 201.5 488.9 180.5 510.4 small-vehicle 0
204.7 483.5 212.2 476.9 245.3 514.5 237.8 521.1 small-vehicle 0
212.1 473.0 227.0 456.7 266.9 493.1 252.0 509.4 small-vehicle 0
251.2 424.6 299.3 400.1 322.1 444.6 274.0 469.2 small-vehicle 0
416.2 222.4 435.6 205.2 460.8 233.6 441.4 250.8 small-vehicle 0
448.2 254.6 469.8 233.8 512.8 278.4 491.2 299.2 small-vehicle 0
303.4 772.2 324.3 750.7 363.1 788.3 342.2 809.8 small-vehicle 0
330.6 883.5 339.5 878.9 366.0 930.5 357.1 935.1 small-vehicle 0
348.1 895.7 363.1 879.6 393.9 908.3 378.9 924.4 small-vehicle 0
381.2 864.6 410.8 848.0 439.2 898.5 409.6 915.2 small-vehicle 0
468.0 829.8 495.8 818.7 517.3 872.5 489.4 883.6 small-vehicle 0
511.7 816.4 527.8 808.5 553.3 860.6 537.2 868.5 small-vehicle 0
283.8 532.2 299.6 516.9 337.2 555.8 321.4 571.1 small-vehicle 0
-3.0 645.0 4.1 637.9 45.0 679.0 37.9 686.1 small-vehicle 0
146.5 280.3 157.9 272.2 189.2 316.2 177.7 324.3 small-vehicle 0
113.8 288.9 123.9 279.3 175.0 332.8 164.8 342.5 small-vehicle 0
78.3 336.1 98.4 313.9 144.4 355.6 124.2 377.8 small-vehicle 0
114.9 376.6 124.5 366.4 161.1 400.4 151.5 410.6 small-vehicle 0
-6.1 495.4 10.1 480.5 46.7 520.2 30.5 535.2 small-vehicle 0
-3.0 438.4 15.7 420.3 42.0 447.6 23.3 465.7 small-vehicle 0
46.7 449.1 58.5 435.5 90.3 462.9 78.5 476.5 small-vehicle 0
4.6 628.6 20.4 613.3 52.4 646.4 36.6 661.7 small-vehicle 0
240.5 924.5 264.5 906.5 292.0 943.4 268.0 961.3 small-vehicle 0
51.3 578.8 70.9 561.7 114.2 611.5 94.6 628.5 small-vehicle 0
103.0 602.0 124.8 581.5 159.0 618.0 137.2 638.5 small-vehicle 0
80.9 552.4 101.9 531.0 137.6 566.1 116.6 587.5 small-vehicle 0
224.3 572.8 240.1 593.5 209.9 616.6 194.1 595.9 small-vehicle 0
141.5 698.9 162.3 672.0 198.6 700.2 177.8 727.1 small-vehicle 0
107.4 797.1 140.2 754.3 179.9 784.7 147.1 827.5 small-vehicle 0
272.7 651.1 295.1 631.2 328.3 668.7 305.8 688.5 small-vehicle 0
212.7 903.6 236.0 915.2 219.1 949.2 195.8 937.6 small-vehicle 0
172.1 862.0 173.5 860.6 174.9 862.0 173.5 863.4 large-vehicle 0
