242.0 981.5 243.7 995.4 210.0 999.5 208.3 985.6 small-vehicle 0
1013.7 835.4 1020.4 868.7 971.3 878.6 964.6 845.3 small-vehicle 0
702.3 602.3 727.9 597.6 737.6 650.8 712.0 655.4 small-vehicle 0
635.8 981.5 645.7 982.9 640.2 1020.5 630.3 1019.1 small-vehicle 0
720.4 977.4 722.3 967.6 763.6 975.6 761.7 985.4 small-vehicle 0
718.3 964.8 723.8 939.4 768.7 949.2 763.2 974.6 small-vehicle 0
743.7 936.4 744.6 934.7 746.3 935.6 745.4 937.3 small-vehicle 0
743.1 916.8 744.2 915.1 745.9 916.2 744.8 917.9 small-vehicle 0
733.6 898.6 734.5 888.7 764.4 891.4 763.5 901.3 small-vehicle 0
744.7 875.6 745.4 873.7 747.3 874.4 746.6 876.3 small-vehicle 0
735.8 864.6 737.2 842.7 763.2 844.4 761.8 866.3 small-vehicle 0
749.2 819.8 761.2 838.2 742.8 850.2 730.8 831.8 small-vehicle 0
741.6 793.3 742.0 791.3 744.0 791.8 743.5 793.7 small-vehicle 0
699.0 710.4 727.5 719.9 713.0 763.6 684.5 754.1 small-vehicle 0
702.6 651.4 728.5 653.8 723.4 707.6 697.5 705.2 small-vehicle 0
707.3 524.7 728.9 520.5 736.7 561.8 715.1 565.9 small-vehicle 0
906.3 817.3 920.1 819.9 911.7 865.1 897.9 862.6 small-vehicle 0
712.7 451.2 734.7 451.8 733.3 497.8 711.3 497.2 small-vehicle 0
897.5 513.9 919.4 511.4 924.5 557.1 902.6 559.6 small-vehicle 0
969.9 555.9 976.4 530.7 1017.1 541.1 1010.6 566.3 small-vehicle 0
894.7 610.2 916.6 608.1 922.3 665.8 900.4 667.9 small-vehicle 0
982.3 614.8 982.7 612.8 984.7 613.2 984.3 615.2 small-vehicle 0
994.4 634.9 994.6 632.9 996.6 633.1 996.4 635.1 small-vehicle 0
901.3 669.9 919.3 670.7 917.7 704.6 899.7 703.8 small-vehicle 0
965.9 679.8 977.4 656.5 1015.1 675.2 1003.6 698.5 small-vehicle 0
893.4 741.5 914.6 735.8 924.6 772.5 903.4 778.2 small-vehicle 0
969.4 722.0 973.1 696.3 1018.6 703.0 1014.9 728.7 small-vehicle 0
994.7 768.6 995.4 766.7 997.3 767.4 996.6 769.3 small-vehicle 0
983.3 746.3 990.9 734.6 1012.7 748.7 1005.1 760.4 small-vehicle 0
586.0 981.7 607.9 979.9 612.0 1029.8 590.1 1031.6 small-vehicle 0
609.7 981.2 619.5 979.5 627.4 1024.8 617.5 1026.5 small-vehicle 0
549.6 980.5 559.4 979.0 566.4 1024.5 556.5 1026.0 small-vehicle 0
415.5 617.7 421.8 596.7 450.5 605.3 444.2 626.3 small-vehicle 0
240.3 877.5 262.1 874.8 267.7 920.5 245.9 923.2 small-vehicle 0
334.0 755.6 359.7 759.6 352.0 809.0 326.3 805.0 small-vehicle 0
363.1 759.0 372.9 761.0 362.9 810.0 353.1 808.0 small-vehicle 0
377.9 761.6 399.8 763.7 396.1 801.5 374.2 799.4 small-vehicle 0
403.9 757.4 413.9 756.7 417.1 810.6 407.1 811.3 small-vehicle 0
326.8 856.9 348.5 853.4 353.2 883.1 331.5 886.6 small-vehicle 0
310.2 893.1 332.2 893.9 330.8 927.9 308.8 927.1 small-vehicle 0
352.6 851.4 362.4 849.3 369.4 882.6 359.6 884.7 small-vehicle 0
334.6 890.6 344.5 889.0 352.4 938.4 342.5 940.0 small-vehicle 0
354.2 891.2 363.9 889.0 374.8 937.8 365.1 940.0 small-vehicle 0
379.7 854.9 389.6 856.4 385.3 886.1 375.4 884.6 small-vehicle 0
380.4 889.1 390.4 890.3 384.8 935.9 374.8 934.7 small-vehicle 0
397.6 859.8 407.6 860.2 406.4 886.2 396.4 885.8 small-vehicle 0
395.7 891.5 405.7 891.6 405.3 933.5 395.3 933.4 small-vehicle 0
412.8 863.7 422.5 861.1 429.2 886.3 419.5 888.9 small-vehicle 0
421.3 894.0 431.2 895.3 425.7 937.0 415.8 935.7 small-vehicle 0
438.2 432.6 438.9 430.7 440.8 431.4 440.1 433.3 small-vehicle 0
420.3 457.9 422.4 440.0 456.2 444.1 454.0 461.9 small-vehicle 0
459.5 468.3 459.5 478.3 417.5 478.7 417.5 468.7 small-vehicle 0
436.9 492.0 437.7 490.2 439.5 490.9 438.8 492.8 small-vehicle 0
433.7 510.0 434.6 508.2 436.4 509.1 435.5 510.9 small-vehicle 0
458.4 519.0 460.4 540.9 414.6 545.0 412.6 523.1 small-vehicle 0
417.9 554.4 419.6 544.5 457.1 550.7 455.4 560.5 small-vehicle 0
430.1 569.2 430.8 571.1 428.9 571.8 428.2 569.9 small-vehicle 0
294.5 788.5 320.8 774.1 341.0 810.9 314.8 825.3 small-vehicle 0
393.7 699.0 403.6 700.3 398.3 742.0 388.4 740.7 small-vehicle 0
366.2 692.5 376.1 691.1 383.8 744.5 373.9 745.9 small-vehicle 0
206.6 486.5 213.2 474.1 264.3 501.5 257.7 513.9 small-vehicle 0
296.9 89.0 318.8 87.1 323.9 144.9 302.0 146.8 small-vehicle 0
301.1 179.9 321.8 172.5 335.9 212.1 315.2 219.5 small-vehicle 0
324.7 91.8 342.4 88.4 350.3 129.7 332.7 133.1 small-vehicle 0
327.9 142.1 345.1 137.0 353.7 165.7 336.5 170.9 small-vehicle 0
332.6 190.9 354.2 176.3 384.4 221.1 362.8 235.7 small-vehicle 0
371.8 238.8 383.4 225.0 415.6 251.9 404.1 265.7 small-vehicle 0
321.7 348.3 351.5 352.0 347.3 385.7 317.5 382.0 small-vehicle 0
360.8 351.5 373.9 356.4 363.2 384.5 350.1 379.6 small-vehicle 0
204.8 416.0 213.8 391.5 264.5 410.1 255.6 434.5 small-vehicle 0
210.6 473.8 212.6 451.9 258.4 456.2 256.4 478.1 small-vehicle 0
209.0 528.1 210.1 514.1 260.0 517.9 258.9 531.9 small-vehicle 0
338.6 698.9 352.3 696.1 361.4 741.1 347.7 743.9 small-vehicle 0
207.0 585.6 212.1 568.3 260.0 582.4 254.9 599.7 small-vehicle 0
335.1 441.7 351.1 421.3 387.3 449.8 371.2 470.2 small-vehicle 0
349.5 454.5 351.6 464.2 314.5 472.5 312.4 462.8 small-vehicle 0
317.2 484.2 319.2 474.4 340.8 478.8 338.8 488.6 small-vehicle 0
329.7 502.1 330.4 500.2 332.3 500.9 331.6 502.8 small-vehicle 0
349.8 508.4 352.4 530.2 314.6 534.6 312.1 512.8 small-vehicle 0
349.4 534.1 349.6 548.1 311.6 548.9 311.4 534.9 small-vehicle 0
346.6 549.1 349.1 571.0 315.4 574.9 312.9 553.0 small-vehicle 0
307.9 585.9 308.1 575.9 354.1 577.1 353.9 587.1 small-vehicle 0
353.3 595.2 353.7 605.2 311.7 606.8 311.4 596.8 small-vehicle 0
308.0 616.1 311.9 606.8 358.1 626.0 354.2 635.2 small-vehicle 0
272.1 638.5 288.3 630.7 306.7 668.4 290.5 676.3 small-vehicle 0
432.1 590.8 432.4 592.8 430.4 593.1 430.1 591.2 small-vehicle 0
409.5 634.3 410.8 624.4 452.5 629.7 451.2 639.6 small-vehicle 0
529.2 980.8 551.1 983.6 545.8 1025.2 523.9 1022.4 small-vehicle 0
410.5 661.9 411.9 652.1 453.5 658.1 452.1 667.9 small-vehicle 0
447.7 675.6 449.0 685.5 411.3 690.4 410.0 680.5 small-vehicle 0
427.6 760.5 437.5 759.7 441.4 809.5 431.5 810.3 small-vehicle 0
448.8 765.6 458.6 763.4 467.2 800.4 457.4 802.6 small-vehicle 0
479.6 759.6 489.5 760.8 483.4 810.4 473.5 809.2 small-vehicle 0
493.1 764.7 502.7 761.8 515.9 805.9 506.3 808.8 small-vehicle 0
523.1 754.8 533.1 755.2 530.9 809.2 520.9 808.8 small-vehicle 0
543.9 754.1 553.9 753.2 559.1 810.9 549.1 811.8 small-vehicle 0
567.5 763.0 577.5 762.5 579.5 808.5 569.5 808.9 small-vehicle 0
591.1 763.7 612.6 768.0 605.9 801.3 584.4 797.0 small-vehicle 0
432.0 859.1 441.8 857.4 447.0 886.9 437.2 888.6 small-vehicle 0
475.9 859.9 485.8 859.2 488.1 889.1 478.2 889.8 small-vehicle 0
498.3 856.0 508.2 857.2 504.7 887.0 494.8 885.8 small-vehicle 0
515.4 854.7 525.3 853.2 529.6 882.9 519.7 884.3 small-vehicle 0
535.2 858.0 545.1 856.7 548.8 886.5 538.9 887.7 small-vehicle 0
436.9 894.7 446.9 894.5 448.1 940.4 438.1 940.7 small-vehicle 0
450.7 896.0 460.4 893.4 471.3 934.0 461.6 936.6 small-vehicle 0
469.7 891.0 495.5 894.4 489.3 940.0 463.5 936.6 small-vehicle 0
495.8 894.6 505.7 895.4 502.3 937.3 492.3 936.5 small-vehicle 0
506.2 889.3 532.1 887.8 534.8 933.7 508.9 935.2 small-vehicle 0
530.7 889.7 540.5 887.6 552.1 940.3 542.4 942.4 small-vehicle 0
613.7 820.7 621.0 795.8 661.3 807.5 654.0 832.5 small-vehicle 0
613.6 838.3 614.6 828.3 656.4 832.7 655.4 842.7 small-vehicle 0
615.4 857.9 617.0 848.1 654.6 854.1 653.0 863.9 small-vehicle 0
641.5 878.7 646.0 904.3 612.5 910.1 608.0 884.5 small-vehicle 0
609.7 918.4 610.4 908.5 652.3 911.6 651.6 921.5 small-vehicle 0
465.4 979.1 491.3 976.6 495.6 1022.4 469.8 1024.9 small-vehicle 0
511.5 978.1 532.9 983.5 523.5 1020.4 502.2 1015.0 small-vehicle 0
452.9 982.8 462.9 982.3 465.1 1020.2 455.1 1020.8 small-vehicle 0
302.2 974.4 340.1 976.7 336.8 1030.6 298.9 1028.3 small-vehicle 0
357.1 981.2 367.0 981.9 363.9 1027.8 354.0 1027.1 small-vehicle 0
370.2 986.7 379.9 984.4 388.8 1021.3 379.1 1023.6 small-vehicle 0
389.0 982.6 398.6 979.9 409.9 1020.4 400.2 1023.0 small-vehicle 0
417.6 978.5 427.4 980.1 420.4 1021.5 410.6 1019.9 small-vehicle 0
433.9 981.1 443.9 980.9 445.1 1030.9 435.1 1031.1 small-vehicle 0
61.2 -12.2 70.2 20.6 -1.2 40.2 -10.2 7.4 large-vehicle 0
