133.6 913.9 141.2 844.3 202.8 851.0 195.3 920.6 plane 0
235.4 845.1 330.6 808.6 355.6 873.9 260.4 910.4 plane 0
507.7 229.4 540.5 167.5 595.3 196.6 562.5 258.5 plane 0
557.3 103.2 575.9 114.9 540.7 170.8 522.1 159.1 plane 0
253.6 722.6 346.9 734.1 336.4 819.4 243.1 807.9 plane 0
294.4 177.9 348.6 207.9 322.5 255.1 268.2 225.2 plane 0
261.0 316.8 355.0 315.2 356.3 393.2 262.3 394.8 plane 0
242.5 415.3 358.4 393.3 371.5 462.0 255.6 484.1 plane 0
249.9 576.8 354.3 558.4 367.1 631.2 262.7 649.6 plane 0
265.6 654.1 347.9 679.1 333.4 726.9 251.1 701.9 plane 0
493.1 396.1 576.8 415.8 558.9 491.7 475.2 472.0 plane 0
504.0 475.7 573.3 501.7 544.4 578.5 475.2 552.4 plane 0
487.8 572.6 571.0 594.5 554.2 658.3 471.0 636.4 plane 0
491.9 646.0 569.1 673.5 542.8 747.0 465.6 719.4 plane 0
880.1 571.3 888.2 526.0 957.1 538.4 949.0 583.7 plane 0
937.0 594.3 957.3 631.1 889.0 668.7 868.7 631.9 plane 0
858.5 711.2 885.2 673.8 945.5 716.8 918.8 754.2 plane 0
882.6 943.8 916.4 939.9 923.4 1001.5 889.6 1005.4 plane 0
823.7 852.9 853.4 888.1 821.3 915.1 791.6 879.9 plane 0
491.9 816.7 560.9 843.5 534.1 912.5 465.1 885.7 plane 0
471.6 742.7 569.3 750.8 563.1 824.6 465.4 816.4 plane 0
956.9 135.4 980.9 183.7 911.1 218.4 887.1 170.1 plane 0
940.7 61.1 971.1 100.7 912.4 145.8 882.0 106.2 plane 0
982.4 -1.5 994.3 51.2 855.8 82.5 843.9 29.8 plane 0
