562.6 582.4 609.5 663.8 548.9 698.7 502.0 617.3 ship 0
19.6 474.7 58.8 489.7 42.4 532.7 3.1 517.7 ship 0
125.0 363.6 135.9 521.2 105.9 523.3 95.1 365.6 ship 0
180.4 397.6 195.0 408.2 146.6 474.4 132.0 463.8 ship 0
149.5 398.0 161.3 384.4 280.5 488.0 268.7 501.6 ship 0
223.8 405.7 237.7 394.3 300.1 469.8 286.3 481.2 ship 0
264.0 394.9 278.8 384.7 348.0 485.1 333.2 495.3 ship 0
386.2 363.7 435.6 371.5 419.8 472.3 370.4 464.5 ship 0
301.4 247.2 337.4 225.7 387.6 309.8 351.6 331.3 ship 0
281.9 255.6 292.4 270.1 226.1 318.4 215.6 303.9 ship 0
236.9 233.0 247.4 242.2 159.1 343.0 148.6 333.8 ship 0
86.2 257.0 96.0 267.0 31.8 330.0 22.0 320.0 ship 0
28.6 240.3 45.2 247.3 2.4 348.7 -14.2 341.7 ship 0
364.2 234.0 411.8 218.7 441.8 312.0 394.2 327.3 ship 0
308.9 241.3 326.2 246.6 293.1 355.7 275.8 350.4 ship 0
133.5 265.0 159.5 264.1 162.2 342.0 136.3 342.9 ship 0
164.0 842.3 214.8 753.9 279.0 790.7 228.2 879.1 ship 0
53.6 374.2 113.9 502.7 90.4 513.8 30.1 385.3 ship 0
94.9 782.4 128.1 756.8 161.1 799.6 127.9 825.2 ship 0
364.7 788.6 377.0 795.4 331.3 877.6 319.1 870.8 ship 0
366.5 769.3 400.5 769.7 399.5 879.7 365.5 879.3 ship 0
515.4 783.3 551.8 817.6 506.6 865.7 470.2 831.4 ship 0
11.1 771.1 28.9 773.4 21.9 826.9 4.1 824.6 ship 0
32.8 766.9 66.8 767.1 66.2 833.1 32.2 832.9 ship 0
472.2 37.8 476.8 51.0 410.6 73.8 406.0 60.6 ship 0
456.5 61.0 474.0 85.3 440.0 109.9 422.4 85.6 ship 0
