925.3 304.3 927.2 303.8 927.7 305.7 925.8 306.2 large-vehicle 0
407.7 202.5 426.2 190.6 481.3 276.5 462.8 288.4 large-vehicle 0
739.8 342.5 752.2 336.1 775.2 380.5 762.8 386.9 large-vehicle 0
761.2 331.4 776.3 321.6 816.8 383.6 801.7 393.4 large-vehicle 0
841.6 340.8 843.2 339.6 844.4 341.2 842.8 342.4 large-vehicle 0
665.3 282.7 680.6 308.6 592.7 360.3 577.4 334.4 large-vehicle 0
452.9 347.4 464.2 366.2 387.1 412.6 375.8 393.8 large-vehicle 0
255.9 390.6 267.2 409.6 200.1 449.4 188.8 430.4 large-vehicle 0
158.7 419.7 165.9 440.5 84.7 468.8 77.5 448.0 large-vehicle 0
193.2 348.9 206.4 380.3 130.8 412.1 117.6 380.7 large-vehicle 0
335.4 319.2 343.3 339.7 270.6 367.8 262.7 347.3 large-vehicle 0
442.1 284.5 460.0 318.1 398.3 351.0 380.4 317.5 large-vehicle 0
550.1 200.2 551.8 199.1 552.9 200.8 551.2 201.9 large-vehicle 0
488.7 175.8 507.2 163.9 564.3 253.2 545.8 265.1 large-vehicle 0
466.4 186.7 481.6 176.9 534.6 259.3 519.4 269.1 large-vehicle 0
444.9 207.4 463.3 195.4 501.3 254.2 482.9 266.1 large-vehicle 0
363.5 241.8 380.9 228.3 416.5 274.2 399.1 287.7 large-vehicle 0
345.6 242.0 354.5 237.5 377.4 282.0 368.5 286.5 large-vehicle 0
313.4 243.4 332.7 232.8 360.6 283.6 341.3 294.2 large-vehicle 0
274.2 224.7 293.5 214.1 346.8 310.3 327.5 320.9 large-vehicle 0
254.3 254.4 281.8 242.5 301.7 288.3 274.1 300.3 large-vehicle 0
215.2 243.9 245.7 228.7 285.8 309.3 255.4 324.5 large-vehicle 0
189.5 264.6 216.1 250.8 246.5 309.4 219.9 323.2 large-vehicle 0
158.5 262.3 179.1 254.7 213.2 346.6 192.6 354.2 large-vehicle 0
114.8 305.9 131.3 298.7 148.2 337.1 131.7 344.3 large-vehicle 0
86.4 277.9 100.2 275.7 116.1 372.4 102.3 374.6 large-vehicle 0
22.9 307.7 42.1 297.0 72.1 351.3 52.9 362.0 large-vehicle 0
0.7 312.8 13.3 306.7 38.4 359.0 25.8 365.1 large-vehicle 0
708.4 326.7 725.8 322.1 739.6 374.3 722.2 378.9 large-vehicle 0
681.8 352.0 693.9 344.9 719.2 388.0 707.1 395.1 large-vehicle 0
654.1 364.4 673.2 353.6 695.9 393.6 676.8 404.4 large-vehicle 0
627.8 376.7 646.5 365.1 670.7 404.2 652.0 415.8 large-vehicle 0
145.8 561.8 154.4 556.6 213.2 654.2 204.6 659.4 large-vehicle 0
124.6 570.7 133.2 565.6 189.4 660.3 180.8 665.4 large-vehicle 0
102.8 590.5 114.7 583.1 166.2 666.5 154.3 673.9 large-vehicle 0
74.8 596.2 86.8 588.9 144.2 682.8 132.2 690.1 large-vehicle 0
47.4 609.2 58.9 601.2 114.9 681.7 103.4 689.7 large-vehicle 0
-8.1 515.7 11.0 504.9 57.3 586.7 38.1 597.5 large-vehicle 0
28.2 518.7 40.4 511.9 72.3 569.7 60.0 576.5 large-vehicle 0
49.3 508.6 61.3 501.6 102.7 572.4 90.7 579.4 large-vehicle 0
69.1 477.3 81.7 471.2 127.9 566.7 115.3 572.8 large-vehicle 0
110.2 497.9 119.1 493.5 137.8 531.1 128.9 535.5 large-vehicle 0
126.6 494.8 150.1 483.7 169.7 525.2 146.2 536.4 large-vehicle 0
149.1 485.3 176.5 473.1 196.9 518.7 169.5 530.9 large-vehicle 0
184.8 480.5 197.1 473.7 225.2 524.5 212.9 531.3 large-vehicle 0
206.3 485.3 232.0 469.8 253.7 505.7 228.0 521.2 large-vehicle 0
236.4 469.1 248.5 462.1 271.6 501.9 259.5 508.9 large-vehicle 0
247.5 439.5 278.0 424.5 317.8 505.2 287.3 520.2 large-vehicle 0
273.0 428.6 298.9 413.6 348.0 498.4 322.1 513.4 large-vehicle 0
318.8 430.9 331.1 424.3 360.2 479.1 347.9 485.7 large-vehicle 0
352.7 439.4 365.2 433.2 389.3 481.6 376.8 487.8 large-vehicle 0
379.8 433.8 404.6 426.0 423.2 485.2 398.4 493.0 large-vehicle 0
413.2 438.9 425.4 432.1 447.8 472.3 435.6 479.1 large-vehicle 0
441.5 430.3 454.1 424.0 476.5 468.7 463.9 475.0 large-vehicle 0
446.1 408.3 475.4 391.1 524.9 475.7 495.6 492.9 large-vehicle 0
473.5 396.0 494.9 381.3 550.5 462.0 529.1 476.7 large-vehicle 0
504.0 388.7 522.3 376.5 579.0 461.3 560.7 473.5 large-vehicle 0
542.8 397.1 560.7 384.3 596.9 434.6 579.0 447.4 large-vehicle 0
571.8 385.2 586.9 375.5 620.2 427.8 605.1 437.5 large-vehicle 0
596.7 377.7 615.3 365.8 648.6 418.1 630.0 429.9 large-vehicle 0
723.0 257.3 744.2 278.5 706.0 316.7 684.8 295.5 small-vehicle 0
262.3 5.8 262.5 7.7 260.5 8.0 260.3 6.0 large-vehicle 0
22.9 205.5 50.2 193.2 69.0 235.2 41.7 247.5 large-vehicle 0
-0.7 214.2 21.9 201.3 42.7 237.8 20.1 250.7 large-vehicle 0
41.2 128.4 52.4 151.8 -3.5 178.7 -14.7 155.2 large-vehicle 0
61.8 46.7 65.6 55.9 8.2 79.5 4.4 70.2 large-vehicle 0
157.0 6.9 162.2 19.9 127.0 34.1 121.8 21.1 large-vehicle 0
80.6 8.9 88.6 33.6 -0.8 62.5 -8.8 37.8 large-vehicle 0
170.5 102.2 178.0 127.1 72.7 158.9 65.2 134.0 large-vehicle 0
280.3 80.6 288.6 105.3 199.5 135.3 191.2 110.6 large-vehicle 0
127.9 157.4 140.5 151.3 178.1 228.6 165.5 234.7 large-vehicle 0
175.3 162.1 188.0 156.4 208.4 202.1 195.6 207.8 large-vehicle 0
200.3 154.3 224.4 144.5 247.6 202.0 223.5 211.8 large-vehicle 0
240.3 157.9 253.0 152.0 270.7 190.1 258.0 196.0 large-vehicle 0
279.9 120.3 292.4 113.8 339.2 204.4 326.8 210.8 large-vehicle 0
309.8 114.8 322.5 109.0 363.2 198.2 350.5 204.0 large-vehicle 0
339.1 111.6 348.2 107.5 386.0 193.6 376.8 197.6 large-vehicle 0
358.9 105.9 367.7 101.3 413.1 188.1 404.3 192.7 large-vehicle 0
393.7 111.8 406.7 106.6 430.9 168.0 417.9 173.2 large-vehicle 0
404.5 91.9 435.8 78.6 475.8 172.5 444.5 185.8 large-vehicle 0
444.7 102.9 468.2 91.9 494.3 148.1 470.8 159.1 large-vehicle 0
469.9 72.9 482.7 67.3 522.1 157.1 509.3 162.7 large-vehicle 0
498.0 73.3 522.4 64.3 548.0 133.7 523.6 142.7 large-vehicle 0
202.4 554.5 214.4 547.3 272.6 645.4 260.5 652.5 large-vehicle 0
174.4 554.5 186.6 547.6 242.7 646.8 230.5 653.7 large-vehicle 0
230.7 546.2 242.7 539.0 301.3 636.8 289.3 644.0 large-vehicle 0
278.9 862.5 289.7 853.6 301.1 867.5 290.3 876.4 small-vehicle 0
252.8 877.3 263.3 868.1 275.2 881.7 264.7 890.9 small-vehicle 0
214.0 886.5 234.7 870.8 257.7 901.0 237.0 916.8 small-vehicle 0
193.6 894.4 204.4 885.4 231.4 917.6 220.6 926.6 small-vehicle 0
162.0 902.3 172.2 892.8 217.0 941.3 206.8 950.8 small-vehicle 0
126.8 940.8 128.3 939.5 129.6 941.0 128.1 942.3 small-vehicle 0
80.7 938.3 91.2 929.1 116.3 957.7 105.8 966.9 small-vehicle 0
65.7 958.4 67.2 957.2 68.5 958.8 66.9 960.0 small-vehicle 0
8.0 938.2 9.2 939.8 7.6 941.0 6.4 939.5 small-vehicle 0
250.8 540.9 280.6 524.6 337.2 628.1 307.4 644.4 large-vehicle 0
27.5 732.0 29.0 733.2 27.8 734.8 26.2 733.6 small-vehicle 0
48.8 744.7 57.8 755.4 28.8 779.9 19.7 769.2 small-vehicle 0
64.8 763.3 76.0 777.4 43.2 803.7 32.0 789.6 small-vehicle 0
79.7 788.2 87.4 799.9 55.7 820.7 48.0 809.0 small-vehicle 0
80.2 826.3 81.5 827.8 79.9 829.1 78.7 827.5 small-vehicle 0
290.5 829.4 298.8 823.8 335.5 878.6 327.2 884.2 small-vehicle 0
337.1 845.5 338.5 844.1 339.9 845.5 338.5 846.9 small-vehicle 0
933.3 380.3 956.9 369.4 974.5 407.5 950.9 418.4 small-vehicle 0
986.9 289.4 991.4 302.6 955.4 314.8 950.9 301.5 small-vehicle 0
140.5 724.0 140.5 726.0 138.5 726.0 138.5 724.0 small-vehicle 0
510.1 354.7 511.3 353.1 512.9 354.3 511.7 355.9 small-vehicle 0
669.0 0.2 672.7 17.8 639.5 24.9 635.7 7.3 small-vehicle 0
606.2 35.2 608.1 34.6 608.6 36.5 606.7 37.1 small-vehicle 0
667.3 34.9 667.6 36.8 665.7 37.1 665.4 35.2 small-vehicle 0
663.5 62.5 663.5 60.5 665.5 60.5 665.5 62.5 small-vehicle 0
810.5 138.1 856.4 135.1 862.2 224.9 816.3 227.9 large-vehicle 0
793.0 146.6 814.8 143.4 829.0 240.4 807.2 243.6 large-vehicle 0
649.1 99.2 671.9 86.8 691.9 123.8 669.1 136.2 small-vehicle 0
682.6 121.1 698.7 112.9 723.1 161.0 707.1 169.2 small-vehicle 0
708.0 132.4 733.6 127.5 743.0 176.6 717.4 181.5 small-vehicle 0
744.1 136.7 761.8 140.1 753.9 181.3 736.2 177.9 small-vehicle 0
931.0 148.9 944.0 143.8 957.9 179.2 944.9 184.3 small-vehicle 0
905.6 160.3 907.2 159.1 908.4 160.7 906.8 161.9 small-vehicle 0
835.8 146.6 865.4 141.8 870.2 171.4 840.6 176.2 small-vehicle 0
994.7 129.2 1005.5 143.6 978.3 164.0 967.5 149.6 small-vehicle 0
1011.6 165.4 1013.1 179.3 963.4 184.6 961.9 170.7 small-vehicle 0
928.7 194.9 939.7 203.6 918.5 230.2 907.6 221.5 small-vehicle 0
1025.9 232.1 1031.4 249.3 976.1 266.9 970.6 249.7 small-vehicle 0
993.6 261.7 997.9 270.7 967.2 285.3 962.9 276.3 small-vehicle 0
995.5 320.1 996.1 334.1 958.2 335.9 957.5 321.9 small-vehicle 0
554.5 662.7 566.8 655.9 618.5 748.4 606.3 755.2 large-vehicle 0
571.3 666.3 599.4 647.2 656.7 731.7 628.6 750.8 large-vehicle 0
602.6 647.9 624.6 634.1 681.1 723.8 659.1 737.6 large-vehicle 0
642.3 635.3 654.1 627.8 708.8 713.9 697.0 721.4 large-vehicle 0
668.2 629.8 679.7 621.8 735.8 702.2 724.3 710.2 large-vehicle 0
695.5 622.1 707.3 614.5 760.5 696.9 748.7 704.5 large-vehicle 0
721.7 616.6 743.4 602.3 784.3 664.0 762.6 678.3 large-vehicle 0
769.5 596.0 791.8 582.6 840.5 663.0 818.2 676.4 large-vehicle 0
802.8 582.9 818.3 573.8 868.2 658.1 852.7 667.2 large-vehicle 0
842.5 553.6 855.1 547.5 899.5 639.4 886.9 645.5 large-vehicle 0
877.1 568.5 896.4 558.0 925.9 612.5 906.6 623.0 large-vehicle 0
959.9 457.0 968.5 451.8 998.4 501.5 989.9 506.6 large-vehicle 0
800.1 426.2 815.4 416.8 849.9 473.1 834.5 482.5 large-vehicle 0
762.5 420.6 781.7 409.9 829.5 495.4 810.3 506.1 large-vehicle 0
732.4 409.0 748.9 401.9 785.8 488.4 769.2 495.4 large-vehicle 0
689.6 431.5 711.1 417.0 768.1 501.6 746.6 516.1 large-vehicle 0
664.0 448.6 693.4 431.5 740.8 512.6 711.4 529.8 large-vehicle 0
641.5 452.4 653.2 444.7 711.4 533.3 699.7 541.0 large-vehicle 0
615.8 456.1 639.9 446.4 678.2 540.9 654.1 550.6 large-vehicle 0
594.7 463.7 607.7 458.4 643.3 545.3 630.3 550.6 large-vehicle 0
559.4 482.3 582.3 470.2 624.4 549.7 601.4 561.9 large-vehicle 0
527.2 482.3 558.7 469.5 597.1 564.0 565.6 576.8 large-vehicle 0
509.0 497.6 521.0 490.5 564.5 564.7 552.5 571.8 large-vehicle 0
456.5 512.1 478.8 498.8 524.9 576.1 502.6 589.4 large-vehicle 0
427.7 505.2 439.9 498.2 494.3 593.8 482.1 600.8 large-vehicle 0
404.0 512.6 416.4 506.3 462.6 597.2 450.2 603.6 large-vehicle 0
373.2 516.0 385.4 509.1 435.8 597.7 423.6 604.6 large-vehicle 0
338.7 513.1 350.6 505.6 405.2 591.7 393.4 599.2 large-vehicle 0
311.0 519.6 323.0 512.3 380.0 606.4 368.0 613.7 large-vehicle 0
279.2 532.7 305.6 518.5 357.8 615.3 331.4 629.5 large-vehicle 0
525.8 673.4 537.9 666.4 589.2 754.6 577.1 761.6 large-vehicle 0
501.7 679.8 514.0 673.1 565.0 766.0 552.7 772.7 large-vehicle 0
465.1 695.5 494.5 678.4 545.9 766.5 516.5 783.6 large-vehicle 0
74.6 175.6 94.7 166.6 128.1 241.5 108.0 250.5 large-vehicle 0
37.2 182.3 63.1 167.1 110.6 248.3 84.7 263.4 large-vehicle 0
294.4 771.0 310.1 796.6 236.9 841.7 221.2 816.1 large-vehicle 0
331.8 764.6 358.3 750.5 400.7 829.9 374.2 844.0 large-vehicle 0
369.3 755.1 394.9 739.5 439.7 812.9 414.1 828.5 large-vehicle 0
402.4 733.3 414.4 726.1 462.6 806.7 450.6 813.9 large-vehicle 0
423.4 720.6 435.2 713.1 489.6 799.4 477.8 806.9 large-vehicle 0
451.3 714.4 463.2 707.1 510.7 783.6 498.8 790.9 large-vehicle 0
