133.4 93.0 182.9 62.8 267.3 201.0 217.8 231.3 tennis-court 0
-14.8 72.1 34.8 42.0 187.5 293.2 138.0 323.3 tennis-court 0
221.3 346.4 272.7 319.5 349.7 466.6 298.3 493.5 tennis-court 0
95.3 329.6 149.1 308.0 249.7 558.5 195.9 580.1 tennis-court 0
-11.8 385.2 41.7 362.7 130.8 574.8 77.3 597.3 tennis-court 0
602.9 -3.3 619.5 -10.3 631.1 17.3 614.5 24.3 small-vehicle 0
785.7 777.8 810.9 749.4 842.3 777.2 817.1 805.6 small-vehicle 0
928.2 571.5 953.2 542.9 984.8 570.5 959.8 599.1 small-vehicle 0
601.8 86.3 638.2 75.3 649.2 111.7 612.8 122.7 small-vehicle 0
597.0 2.6 601.3 6.9 583.0 25.4 578.7 21.1 small-vehicle 0
596.3 848.1 611.0 831.7 648.2 865.2 633.5 881.5 small-vehicle 0
742.0 772.8 754.9 760.2 843.0 850.2 830.1 862.8 small-vehicle 0
670.2 848.9 689.6 826.0 743.1 871.1 723.8 894.0 small-vehicle 0
