213.1 242.6 280.1 324.6 129.9 447.4 62.9 365.4 storage-tank 0
791.0 123.0 841.3 63.5 907.0 119.0 856.7 178.5 plane 0
206.6 594.1 264.2 678.3 176.7 738.1 119.1 653.9 plane 0
448.6 507.1 512.8 575.7 441.3 642.7 377.1 574.0 plane 0
486.1 780.5 548.3 715.5 627.9 791.5 565.7 856.5 plane 0
614.9 734.2 649.4 698.0 731.9 776.7 697.4 812.9 plane 0
954.0 307.1 1004.5 448.3 818.0 514.9 767.5 373.7 plane 0
396.3 206.4 469.9 198.4 485.7 343.6 412.1 351.6 plane 0
195.5 109.4 347.1 82.0 370.9 213.8 219.4 241.2 plane 0
156.7 168.8 189.7 194.8 99.4 309.5 66.4 283.5 storage-tank 0
117.6 53.8 183.1 126.7 74.4 224.2 8.9 151.3 storage-tank 0
