174.6 113.3 252.8 4.5 332.4 61.7 254.2 170.5 plane 0
555.3 197.6 637.1 293.4 565.7 354.4 483.9 258.6 plane 0
725.3 42.1 799.2 -16.0 874.7 79.9 800.8 138.0 plane 0
141.1 360.5 162.3 396.8 18.9 480.5 -2.3 444.2 plane 0
47.7 955.1 76.1 996.2 31.7 1026.9 3.3 985.8 plane 0
687.7 934.8 715.7 985.6 647.3 1023.2 619.4 972.4 plane 0
190.3 390.4 237.2 417.2 170.7 533.6 123.8 506.8 plane 0
225.6 400.8 325.5 365.3 378.4 514.2 278.5 549.7 plane 0
379.5 420.5 447.9 405.7 468.5 501.5 400.1 516.3 plane 0
555.9 583.8 597.3 645.1 526.1 693.2 484.7 631.9 plane 0
860.1 524.6 886.6 576.2 827.9 606.4 801.4 554.8 plane 0
1008.4 495.1 1072.8 563.6 998.5 633.4 934.1 564.9 plane 0
906.1 419.7 923.5 439.0 838.9 515.3 821.5 496.0 plane 0
