980.8 753.2 1042.1 786.9 1014.2 837.8 952.9 804.1 plane 0
403.7 559.7 453.0 510.0 468.6 525.5 419.3 575.2 plane 0
481.6 523.5 496.4 533.7 463.5 581.5 448.7 571.3 plane 0
490.5 579.5 524.9 487.8 545.5 495.5 511.1 587.2 plane 0
562.3 524.3 564.9 533.9 543.7 539.7 541.1 530.1 plane 0
562.0 517.7 572.4 508.3 606.0 545.3 595.6 554.7 plane 0
568.1 511.2 574.0 512.4 559.9 585.0 554.0 583.9 plane 0
632.2 824.5 677.7 831.4 669.6 884.8 624.1 877.9 plane 0
643.1 513.5 661.0 511.7 665.9 561.5 648.0 563.3 plane 0
674.7 514.0 692.3 510.4 706.3 579.0 688.7 582.6 plane 0
707.2 518.0 714.3 510.9 766.8 563.0 759.7 570.1 plane 0
756.6 503.2 770.5 502.1 777.4 583.8 763.5 584.9 plane 0
808.2 526.5 832.0 544.7 813.8 568.5 790.0 550.3 plane 0
629.1 595.0 683.0 633.1 644.9 687.0 591.0 648.9 plane 0
722.5 585.0 792.5 583.1 795.5 697.0 725.5 698.9 plane 0
868.4 593.1 907.7 616.9 875.6 669.9 836.3 646.1 plane 0
364.7 533.1 375.5 524.2 407.3 562.9 396.5 571.8 plane 0
838.5 423.5 869.8 436.7 853.5 475.5 822.2 462.3 plane 0
332.5 522.8 350.0 518.6 362.5 571.2 345.0 575.4 plane 0
274.0 515.9 324.0 514.2 327.0 600.1 277.0 601.8 plane 0
90.3 514.4 135.7 506.9 151.7 603.6 106.3 611.1 plane 0
162.9 541.1 188.1 547.6 177.6 588.3 152.5 581.8 plane 0
684.2 717.4 734.7 765.9 691.8 810.6 641.3 762.1 plane 0
