496.6 707.4 566.2 714.8 550.3 863.9 480.7 856.5 plane 0
595.8 92.3 617.1 71.2 669.2 123.7 647.9 144.8 plane 0
691.6 94.7 709.9 76.3 762.3 128.6 743.9 147.0 plane 0
772.9 96.7 796.0 77.5 838.1 128.3 815.0 147.5 plane 0
873.9 64.2 933.3 82.0 905.1 175.8 845.7 158.0 plane 0
916.6 180.8 976.7 108.5 1024.4 148.2 964.3 220.5 plane 0
47.5 745.2 66.3 727.3 117.5 780.8 98.7 798.7 plane 0
112.9 650.0 178.6 643.3 204.1 892.0 138.4 898.7 plane 0
243.7 714.7 312.0 729.8 288.3 837.3 220.0 822.2 plane 0
323.7 632.2 365.6 629.4 384.3 906.8 342.4 909.6 plane 0
403.1 707.1 440.5 700.3 467.9 851.9 430.5 858.7 plane 0
546.6 717.6 617.0 695.1 666.4 849.4 596.0 871.9 plane 0
417.7 66.7 442.1 49.3 501.3 132.3 476.9 149.7 plane 0
671.2 654.1 741.2 652.3 747.8 918.2 677.8 920.0 plane 0
798.9 657.6 865.2 680.0 784.0 920.7 717.6 898.3 plane 0
509.7 91.9 528.6 74.1 571.3 119.1 552.4 136.9 plane 0
342.0 88.7 358.8 68.8 403.0 106.3 386.2 126.2 plane 0
