962.8 316.1 965.3 290.2 983.2 291.9 980.7 317.8 small-vehicle 0
282.2 69.6 282.9 67.7 284.8 68.4 284.1 70.3 small-vehicle 0
14.6 59.5 16.0 58.1 17.4 59.5 16.0 60.9 small-vehicle 0
54.7 11.4 75.6 4.7 82.3 25.6 61.4 32.3 small-vehicle 0
89.7 18.6 90.9 20.2 89.3 21.4 88.1 19.8 small-vehicle 0
115.8 111.7 131.6 103.0 142.2 122.3 126.4 131.0 small-vehicle 0
131.0 63.6 136.3 50.6 153.0 57.4 147.7 70.4 small-vehicle 0
108.2 17.7 110.1 17.0 110.8 18.9 108.9 19.6 small-vehicle 0
303.9 67.8 304.2 65.9 306.1 66.2 305.8 68.1 small-vehicle 0
969.9 298.6 978.6 287.5 995.9 301.1 987.2 312.1 small-vehicle 0
327.8 66.8 328.2 68.8 326.2 69.2 325.8 67.2 small-vehicle 0
352.8 125.2 365.0 111.9 381.2 126.8 369.0 140.1 small-vehicle 0
386.5 113.0 391.9 110.2 407.4 140.5 402.1 143.2 small-vehicle 0
404.2 111.2 410.2 110.9 411.8 140.8 405.8 141.1 small-vehicle 0
405.5 118.7 417.3 111.1 433.5 136.3 421.7 143.9 small-vehicle 0
388.9 65.9 389.1 67.9 387.1 68.1 386.9 66.1 small-vehicle 0
393.2 75.2 394.8 61.2 404.7 62.3 403.2 76.3 small-vehicle 0
425.2 64.8 426.5 66.3 406.8 83.2 405.5 81.7 small-vehicle 0
418.9 70.8 425.5 63.3 439.1 75.2 432.5 82.7 small-vehicle 0
546.2 302.3 570.5 293.2 663.7 542.4 639.4 551.5 tennis-court 0
486.5 369.6 507.8 354.7 619.0 513.6 597.7 528.5 tennis-court 0
801.2 305.1 831.2 275.7 955.8 402.9 925.8 432.3 tennis-court 0
48.2 234.1 70.6 247.3 28.8 317.9 6.4 304.7 tennis-court 0
57.3 241.0 75.8 229.1 130.7 315.0 112.2 326.9 tennis-court 0
128.6 222.1 151.7 210.0 217.4 335.9 194.3 348.0 tennis-court 0
220.6 197.1 250.5 199.3 238.4 364.9 208.5 362.7 tennis-court 0
-45.2 563.7 87.2 270.2 118.2 284.2 -14.2 577.7 tennis-court 0
92.1 378.7 117.1 385.7 92.8 472.3 67.7 465.3 tennis-court 0
109.8 389.7 121.4 375.9 227.3 464.3 215.8 478.1 tennis-court 0
216.7 378.5 266.7 398.9 234.3 478.5 184.3 458.1 tennis-court 0
400.1 364.5 401.9 363.6 402.8 365.3 401.0 366.2 swimming-pool 0
585.6 212.3 606.2 196.4 702.4 321.7 681.8 337.6 tennis-court 0
635.3 201.9 654.5 184.3 755.7 295.1 736.5 312.7 tennis-court 0
731.3 187.2 752.8 172.6 807.7 253.8 786.2 268.4 tennis-court 0
787.0 163.8 810.1 152.0 854.5 239.4 831.3 251.2 tennis-court 0
661.6 386.9 683.0 372.2 738.4 453.1 717.0 467.8 tennis-court 0
700.6 339.2 723.1 326.2 802.4 462.8 779.9 475.8 tennis-court 0
760.7 300.6 782.1 285.8 892.3 445.4 870.9 460.2 tennis-court 0
439.6 72.5 441.3 71.4 442.4 73.1 440.6 74.2 small-vehicle 0
443.5 64.4 460.6 70.1 457.5 79.6 440.4 73.9 small-vehicle 0
453.7 67.4 467.7 66.6 468.3 76.6 454.3 77.4 small-vehicle 0
651.4 64.7 657.1 66.4 649.6 91.3 643.9 89.6 small-vehicle 0
669.2 79.5 670.0 77.7 671.8 78.5 671.0 80.3 small-vehicle 0
652.1 123.1 658.1 122.9 658.8 144.9 652.8 145.1 small-vehicle 0
671.1 122.4 675.8 126.0 659.9 146.6 655.2 143.0 small-vehicle 0
671.9 122.3 677.9 121.8 680.1 147.7 674.1 148.2 small-vehicle 0
683.1 120.0 689.0 119.6 690.9 145.5 684.9 146.0 small-vehicle 0
685.5 123.8 698.9 119.7 706.5 144.6 693.1 148.7 small-vehicle 0
726.6 136.4 728.1 135.1 729.4 136.6 727.9 137.9 small-vehicle 0
940.3 156.4 941.4 150.6 959.1 154.0 957.9 159.9 small-vehicle 0
960.6 159.4 962.4 165.1 945.1 170.3 943.4 164.6 small-vehicle 0
948.9 178.8 958.7 163.7 967.1 169.2 957.3 184.3 small-vehicle 0
968.0 172.4 974.3 184.8 958.3 193.0 951.9 180.6 small-vehicle 0
968.3 190.4 969.7 191.9 968.2 193.2 966.9 191.8 small-vehicle 0
980.6 191.4 984.2 196.2 966.5 209.3 962.9 204.4 small-vehicle 0
964.5 215.2 968.1 201.6 989.3 207.2 985.8 220.7 small-vehicle 0
903.4 224.1 923.6 207.7 942.6 230.9 922.4 247.3 small-vehicle 0
933.8 259.6 951.2 246.2 962.2 260.4 944.8 273.8 small-vehicle 0
954.0 270.3 960.0 269.4 962.5 287.3 956.5 288.1 small-vehicle 0
973.2 265.6 978.7 268.0 961.8 306.4 956.3 304.0 small-vehicle 0
994.3 267.5 1011.6 253.9 1027.7 274.4 1010.3 288.0 small-vehicle 0
665.3 69.4 667.1 70.3 655.7 93.6 653.9 92.7 small-vehicle 0
636.6 66.1 642.6 65.9 643.4 87.9 637.4 88.1 small-vehicle 0
469.9 65.3 475.5 67.3 472.1 76.7 466.5 74.7 small-vehicle 0
637.7 67.3 639.0 68.8 619.3 85.7 618.0 84.2 small-vehicle 0
473.7 62.5 490.8 68.2 486.3 81.5 469.2 75.8 small-vehicle 0
484.9 68.8 490.4 66.4 496.1 79.2 490.6 81.6 small-vehicle 0
500.6 74.6 501.9 73.1 503.4 74.4 502.1 75.9 small-vehicle 0
513.6 73.1 514.9 74.6 513.4 75.9 512.1 74.4 small-vehicle 0
524.0 68.4 529.4 71.2 523.0 83.6 517.6 80.8 small-vehicle 0
534.1 66.7 539.6 69.1 530.9 89.3 525.4 86.9 small-vehicle 0
541.1 78.2 542.8 77.1 543.9 78.8 542.2 79.9 small-vehicle 0
552.8 77.4 553.3 75.5 555.2 76.0 554.7 77.9 small-vehicle 0
458.1 114.4 463.0 117.9 447.9 139.0 443.0 135.5 small-vehicle 0
461.2 115.8 467.2 115.6 467.8 137.6 461.8 137.8 small-vehicle 0
474.7 118.1 480.5 119.8 475.3 137.1 469.5 135.3 small-vehicle 0
490.3 110.9 503.6 123.0 480.7 148.1 467.4 136.0 small-vehicle 0
493.9 112.9 499.9 113.2 498.1 147.1 492.1 146.8 small-vehicle 0
506.5 120.1 512.2 121.9 505.5 142.9 499.8 141.1 small-vehicle 0
515.1 119.5 521.1 120.1 518.9 142.0 512.9 141.4 small-vehicle 0
522.6 118.5 528.5 117.2 534.4 142.5 528.5 143.8 small-vehicle 0
539.2 130.3 541.0 129.4 541.8 131.2 540.0 132.1 small-vehicle 0
607.1 64.8 608.4 66.3 585.9 86.2 584.6 84.7 small-vehicle 0
595.1 69.7 606.7 62.0 618.9 80.3 607.3 88.0 small-vehicle 0
