623.5 652.5 631.6 619.4 668.5 628.5 660.4 661.6 large-vehicle 0
408.5 450.4 417.8 454.1 399.5 500.6 390.2 496.9 large-vehicle 0
485.2 381.7 491.0 380.5 503.8 445.3 498.0 446.5 large-vehicle 0
471.9 452.6 476.9 449.2 513.7 504.0 508.8 507.3 large-vehicle 0
460.9 447.8 466.5 445.7 491.1 511.2 485.5 513.3 large-vehicle 0
469.3 389.4 478.1 400.3 442.3 429.1 433.5 418.2 large-vehicle 0
433.6 459.2 437.9 455.0 489.7 507.9 485.4 512.1 large-vehicle 0
433.3 390.4 436.8 395.2 402.7 419.6 399.2 414.8 large-vehicle 0
419.5 381.1 423.7 385.4 379.5 428.9 375.3 424.6 large-vehicle 0
419.5 448.2 437.7 499.1 424.5 503.8 406.3 452.9 large-vehicle 0
364.6 494.8 395.4 445.6 407.3 453.1 376.5 502.2 large-vehicle 0
509.2 427.1 534.1 388.4 545.8 395.9 520.9 434.6 large-vehicle 0
314.5 484.8 335.3 448.3 347.5 455.2 326.7 491.7 large-vehicle 0
321.9 436.2 327.4 438.7 300.1 498.8 294.6 496.3 large-vehicle 0
270.0 441.2 275.0 437.8 317.0 498.8 312.0 502.2 large-vehicle 0
249.0 486.6 280.5 433.2 296.0 442.4 264.5 495.8 large-vehicle 0
187.9 475.3 202.2 431.6 242.1 444.7 227.8 488.4 large-vehicle 0
178.5 421.0 184.2 422.8 166.5 478.0 160.8 476.2 large-vehicle 0
140.2 421.6 149.6 418.2 171.8 480.4 162.4 483.8 large-vehicle 0
117.9 429.3 122.7 425.7 162.1 478.7 157.3 482.3 large-vehicle 0
498.9 381.2 504.7 379.7 520.1 439.8 514.3 441.3 large-vehicle 0
67.8 539.2 92.1 495.5 107.9 504.3 83.5 548.0 large-vehicle 0
322.3 371.4 327.5 368.4 361.8 429.4 356.6 432.4 large-vehicle 0
111.6 571.9 116.6 568.6 152.4 624.1 147.4 627.4 large-vehicle 0
384.8 541.2 387.6 546.5 368.2 556.8 365.4 551.5 large-vehicle 0
337.7 563.1 354.5 520.3 371.3 526.9 354.5 569.7 large-vehicle 0
299.9 598.9 321.7 572.8 366.1 610.1 344.3 636.2 large-vehicle 0
281.9 607.7 290.4 596.5 327.1 624.3 318.6 635.5 large-vehicle 0
238.3 580.7 243.0 576.9 277.1 618.8 272.4 622.6 large-vehicle 0
192.7 570.9 193.3 628.9 179.3 629.1 178.7 571.1 large-vehicle 0
150.9 569.8 160.2 566.0 185.1 627.2 175.8 631.0 large-vehicle 0
116.6 573.7 120.5 569.1 183.1 622.0 179.2 626.6 large-vehicle 0
128.6 568.3 137.0 573.7 99.4 632.7 91.0 627.3 large-vehicle 0
89.4 501.0 94.5 497.7 130.6 553.0 125.5 556.3 large-vehicle 0
82.7 572.2 92.3 569.3 109.3 624.8 99.7 627.7 large-vehicle 0
62.4 573.6 67.8 570.9 95.6 626.4 90.2 629.1 large-vehicle 0
56.5 575.7 62.5 574.8 69.5 624.3 63.5 625.2 large-vehicle 0
192.5 515.5 196.2 510.8 245.0 549.1 241.3 553.8 large-vehicle 0
180.1 515.6 184.6 511.5 228.9 560.4 224.4 564.5 large-vehicle 0
147.0 507.6 152.1 504.3 183.2 553.3 178.1 556.5 large-vehicle 0
168.1 506.2 172.3 510.5 127.9 553.8 123.7 549.5 large-vehicle 0
101.8 505.9 106.0 501.7 158.2 554.1 154.0 558.3 large-vehicle 0
339.2 363.9 387.4 420.0 376.8 429.1 328.6 373.0 large-vehicle 0
309.1 378.7 314.2 375.5 347.0 428.1 341.9 431.3 large-vehicle 0
604.0 714.9 613.6 682.3 642.4 690.8 632.8 723.4 large-vehicle 0
427.8 255.8 431.5 251.0 442.6 259.6 438.9 264.3 large-vehicle 0
197.9 285.3 203.0 282.2 237.1 338.7 232.0 341.8 large-vehicle 0
182.1 288.4 187.3 285.3 222.9 345.6 217.7 348.7 large-vehicle 0
153.8 290.1 157.9 285.8 211.7 336.5 207.6 340.9 large-vehicle 0
542.0 245.3 567.3 251.3 557.7 292.2 532.4 286.2 large-vehicle 0
504.8 241.5 509.3 237.5 556.2 289.5 551.7 293.5 large-vehicle 0
493.9 250.9 498.1 246.6 542.3 290.1 538.1 294.4 large-vehicle 0
493.0 240.1 500.2 247.1 460.0 288.9 452.8 281.9 large-vehicle 0
461.9 233.8 471.2 237.4 451.7 287.7 442.4 284.1 large-vehicle 0
398.8 245.0 403.1 240.8 449.2 288.0 444.9 292.2 large-vehicle 0
254.3 298.3 259.0 294.6 297.9 342.9 293.2 346.7 large-vehicle 0
418.6 244.3 422.5 248.9 387.4 278.7 383.5 274.1 large-vehicle 0
413.2 235.5 416.7 240.4 355.8 282.5 352.3 277.6 large-vehicle 0
373.3 234.9 376.6 239.8 318.7 279.1 315.4 274.2 large-vehicle 0
334.0 243.9 337.0 249.1 318.0 260.1 315.0 254.9 large-vehicle 0
251.4 263.4 281.3 213.7 327.6 241.6 297.7 291.3 large-vehicle 0
254.4 224.8 260.1 222.8 274.6 262.2 268.9 264.2 small-vehicle 0
240.9 226.3 246.7 224.9 256.1 261.7 250.3 263.1 small-vehicle 0
217.2 228.4 226.2 224.0 244.8 261.6 235.8 266.0 small-vehicle 0
206.5 293.9 210.3 289.2 267.5 336.1 263.7 340.8 large-vehicle 0
274.9 297.9 280.0 294.6 309.1 340.1 304.0 343.4 large-vehicle 0
290.3 385.4 294.8 381.4 309.7 397.6 305.2 401.6 large-vehicle 0
504.4 318.5 509.5 315.2 545.6 370.5 540.5 373.8 large-vehicle 0
270.8 362.6 276.5 360.7 297.2 423.4 291.5 425.3 large-vehicle 0
259.5 363.7 265.4 362.5 278.4 427.2 272.6 428.4 large-vehicle 0
220.5 361.4 225.2 357.6 276.5 421.6 271.8 425.4 large-vehicle 0
230.1 359.7 240.0 360.6 233.9 422.3 224.0 421.4 large-vehicle 0
231.7 361.4 238.6 368.6 190.8 414.1 183.9 406.9 large-vehicle 0
146.8 353.9 155.4 348.8 183.2 395.1 174.6 400.2 large-vehicle 0
130.3 348.1 139.6 344.4 162.7 401.9 153.4 405.6 large-vehicle 0
515.1 314.6 519.6 310.7 560.1 357.6 555.6 361.5 large-vehicle 0
500.3 317.4 506.1 316.1 519.7 376.6 513.8 377.9 large-vehicle 0
346.8 300.7 355.0 306.4 321.6 353.8 313.4 348.1 large-vehicle 0
497.0 329.3 502.6 337.6 477.7 354.4 472.1 346.1 large-vehicle 0
442.4 308.2 447.3 304.8 487.2 362.3 482.3 365.7 large-vehicle 0
440.0 305.3 450.0 304.1 457.0 365.7 447.0 366.9 large-vehicle 0
429.7 304.7 439.6 306.2 430.4 367.5 420.5 366.0 large-vehicle 0
402.3 302.0 408.2 301.0 419.7 366.0 413.8 367.0 large-vehicle 0
381.4 307.0 387.1 304.9 408.6 363.0 402.9 365.1 large-vehicle 0
363.3 326.4 367.3 321.9 380.8 333.8 376.8 338.3 large-vehicle 0
365.4 300.6 373.8 305.9 340.4 358.2 332.0 352.8 large-vehicle 0
395.9 520.8 401.4 518.2 429.7 577.8 424.3 580.4 large-vehicle 0
421.9 517.9 427.9 517.4 433.1 579.1 427.1 579.6 large-vehicle 0
454.3 580.4 456.1 522.4 482.1 523.3 480.3 581.2 large-vehicle 0
748.8 313.5 772.3 264.9 784.9 271.0 761.4 319.6 large-vehicle 0
129.1 643.1 133.9 639.4 174.3 691.5 169.6 695.2 large-vehicle 0
111.5 642.2 116.4 638.7 154.8 692.3 149.9 695.8 large-vehicle 0
96.7 648.4 101.5 644.7 142.1 696.7 137.4 700.4 large-vehicle 0
89.3 646.5 98.9 643.6 115.3 699.3 105.7 702.1 large-vehicle 0
59.4 660.9 62.7 655.9 111.6 687.1 108.3 692.1 large-vehicle 0
796.8 272.6 800.6 268.0 851.2 310.4 847.4 315.0 large-vehicle 0
794.2 269.1 799.9 267.2 819.8 325.9 814.1 327.8 large-vehicle 0
796.6 287.7 800.4 292.4 783.2 306.2 779.5 301.5 large-vehicle 0
730.2 318.0 750.6 259.4 763.8 264.0 743.4 322.6 large-vehicle 0
166.1 642.3 171.2 639.0 206.8 694.6 201.7 697.8 large-vehicle 0
730.4 263.7 740.1 266.2 726.7 318.5 717.0 316.0 large-vehicle 0
730.6 263.3 734.9 267.4 689.8 315.5 685.4 311.4 large-vehicle 0
674.3 266.3 683.3 261.9 708.3 314.3 699.3 318.6 large-vehicle 0
659.3 276.8 663.3 272.3 676.7 284.2 672.7 288.7 large-vehicle 0
631.3 253.8 636.4 250.7 670.7 307.2 665.6 310.3 large-vehicle 0
615.0 262.4 619.8 258.8 657.5 308.0 652.7 311.7 large-vehicle 0
604.3 268.0 613.3 263.6 636.7 312.3 627.7 316.6 large-vehicle 0
892.9 357.4 898.4 359.8 883.1 394.6 877.6 392.2 large-vehicle 0
155.8 639.9 161.4 637.8 183.6 695.7 178.0 697.8 large-vehicle 0
186.7 690.0 212.7 642.7 225.0 649.5 198.9 696.8 large-vehicle 0
519.2 525.2 533.6 577.2 493.2 588.4 478.8 536.4 large-vehicle 0
396.1 667.7 402.6 709.2 376.9 713.3 370.4 671.8 large-vehicle 0
608.2 682.7 612.6 686.8 575.8 726.3 571.4 722.2 large-vehicle 0
567.4 676.4 591.6 729.1 578.9 734.9 554.7 682.2 large-vehicle 0
538.4 626.4 558.3 604.0 592.6 634.6 572.7 657.0 large-vehicle 0
461.8 615.9 483.4 595.1 518.2 631.1 496.6 651.9 large-vehicle 0
462.6 710.5 477.4 675.4 501.4 685.5 486.6 720.6 large-vehicle 0
436.4 669.0 441.1 665.3 484.7 720.0 480.0 723.8 large-vehicle 0
426.4 670.9 431.6 667.9 464.6 725.1 459.4 728.1 large-vehicle 0
428.8 666.1 437.2 719.4 419.4 722.2 411.0 668.8 large-vehicle 0
329.0 667.4 354.5 662.3 362.7 703.5 337.2 708.6 large-vehicle 0
216.6 670.0 219.8 664.9 231.7 672.3 228.5 677.4 large-vehicle 0
309.5 664.6 314.6 661.4 345.1 710.8 340.0 713.9 large-vehicle 0
216.5 598.9 220.0 594.0 231.5 602.1 228.0 607.0 large-vehicle 0
190.7 576.9 199.9 573.0 222.7 626.3 213.5 630.2 large-vehicle 0
227.0 579.4 232.2 576.5 262.1 630.8 256.9 633.7 large-vehicle 0
295.6 678.1 300.0 674.0 328.7 704.7 324.3 708.8 large-vehicle 0
286.0 649.7 288.0 695.7 274.0 696.3 272.0 650.3 large-vehicle 0
236.3 654.7 240.3 650.2 287.0 690.9 283.1 695.4 large-vehicle 0
223.0 696.1 249.3 640.0 262.0 645.9 235.7 702.0 large-vehicle 0
859.6 350.9 865.2 349.0 882.4 400.1 876.8 402.0 large-vehicle 0
845.8 351.5 851.6 350.0 864.2 402.5 858.4 404.0 large-vehicle 0
838.8 343.7 838.8 401.7 824.8 401.7 824.8 343.7 large-vehicle 0
581.5 468.1 587.0 465.6 613.6 526.0 608.1 528.5 large-vehicle 0
768.3 480.4 773.8 477.9 802.7 541.6 797.2 544.1 large-vehicle 0
750.4 491.7 755.2 488.1 792.0 538.0 787.2 541.6 large-vehicle 0
714.3 481.0 723.0 486.0 701.9 522.3 693.3 517.3 large-vehicle 0
689.8 468.0 699.6 469.8 688.0 530.7 678.1 528.9 large-vehicle 0
665.8 469.1 675.8 468.8 677.9 530.7 668.0 531.1 large-vehicle 0
659.3 470.3 665.2 471.7 651.1 532.1 645.3 530.7 large-vehicle 0
628.3 534.6 630.4 464.6 644.4 465.0 642.3 535.0 large-vehicle 0
613.4 462.3 629.1 526.4 615.5 529.8 599.8 465.6 large-vehicle 0
754.9 590.0 768.6 558.9 796.1 571.0 782.4 602.1 large-vehicle 0
794.3 341.4 799.7 338.8 830.7 401.6 825.3 404.2 large-vehicle 0
720.6 551.3 726.1 548.8 750.2 601.5 744.7 604.0 large-vehicle 0
698.1 556.1 702.8 552.5 742.9 604.9 738.2 608.5 large-vehicle 0
684.5 552.1 715.4 605.8 696.4 616.8 665.4 563.1 large-vehicle 0
666.4 552.7 672.3 560.8 625.3 594.9 619.4 586.8 large-vehicle 0
601.2 589.4 626.1 541.5 642.0 549.8 617.1 597.7 large-vehicle 0
590.9 590.5 592.4 536.5 606.4 536.9 604.9 590.9 large-vehicle 0
587.5 530.0 593.1 532.0 570.5 594.0 564.9 592.0 large-vehicle 0
544.6 536.1 549.9 533.3 580.4 591.9 575.1 594.7 large-vehicle 0
801.7 482.7 811.7 483.6 806.3 541.3 796.3 540.4 large-vehicle 0
808.8 533.6 810.2 487.6 836.2 488.4 834.8 534.4 large-vehicle 0
599.1 398.5 604.8 396.6 622.7 451.8 617.0 453.6 large-vehicle 0
620.7 391.4 626.7 391.0 630.5 452.9 624.6 453.3 large-vehicle 0
772.3 350.8 776.9 346.9 822.5 400.1 817.9 404.0 large-vehicle 0
748.2 332.7 758.2 332.5 759.0 390.5 749.0 390.7 large-vehicle 0
723.1 335.9 728.7 333.9 750.9 396.1 745.3 398.1 large-vehicle 0
726.4 338.7 732.1 340.5 715.1 395.9 709.3 394.1 large-vehicle 0
680.5 336.3 685.7 333.1 722.5 392.7 717.3 395.9 large-vehicle 0
663.9 340.9 668.8 337.5 706.2 391.9 701.3 395.3 large-vehicle 0
638.4 378.5 672.3 331.4 683.7 339.6 649.8 386.7 large-vehicle 0
629.6 381.7 631.5 327.7 649.4 328.3 647.5 382.3 large-vehicle 0
598.6 323.3 603.8 320.4 635.9 378.1 630.7 381.0 large-vehicle 0
592.9 322.3 602.8 321.8 606.1 379.7 596.2 380.2 large-vehicle 0
780.9 418.9 786.0 415.7 818.5 468.5 813.4 471.7 large-vehicle 0
776.0 413.3 786.0 412.9 788.2 474.9 778.2 475.3 large-vehicle 0
744.9 462.6 757.6 410.1 775.1 414.4 762.4 466.9 large-vehicle 0
735.8 432.1 738.9 437.2 720.2 448.9 717.1 443.8 large-vehicle 0
723.4 423.9 726.9 428.8 692.6 453.1 689.1 448.2 large-vehicle 0
683.8 406.8 702.5 461.7 689.2 466.2 670.5 411.3 large-vehicle 0
627.6 446.4 642.9 394.6 656.4 398.6 641.1 450.4 large-vehicle 0
316.5 151.2 334.7 180.0 299.2 202.4 281.0 173.7 large-vehicle 0
