470.4 465.5 475.8 468.0 445.0 535.3 439.5 532.8 small-vehicle 0
245.8 252.2 250.2 256.3 157.7 353.3 153.3 349.2 small-vehicle 0
218.0 251.3 222.3 255.5 153.5 325.3 149.2 321.1 small-vehicle 0
155.4 292.2 192.9 265.6 198.6 273.8 161.1 300.4 small-vehicle 0
168.2 56.2 173.8 58.3 153.8 112.8 148.2 110.7 small-vehicle 0
160.0 61.7 164.5 65.7 142.2 91.3 137.7 87.4 small-vehicle 0
156.3 53.1 160.7 57.2 132.5 88.2 128.0 84.2 small-vehicle 0
143.7 48.9 148.1 52.9 125.3 78.1 120.9 74.1 small-vehicle 0
135.2 40.4 139.9 44.2 116.4 74.0 111.7 70.3 small-vehicle 0
130.3 28.2 134.9 32.1 100.1 73.4 95.5 69.5 small-vehicle 0
154.0 -16.7 199.8 12.0 173.2 54.3 127.5 25.7 small-vehicle 0
116.6 17.2 120.5 21.7 83.2 54.9 79.2 50.4 small-vehicle 0
123.3 23.9 127.7 28.0 93.4 64.4 89.1 60.3 small-vehicle 0
100.6 4.9 105.8 8.0 78.2 54.3 73.0 51.3 small-vehicle 0
551.7 215.6 686.9 297.4 667.2 329.9 532.1 248.2 tennis-court 0
335.9 59.4 836.5 551.5 809.9 578.6 309.2 86.5 tennis-court 0
284.1 50.1 818.3 653.7 789.9 678.9 255.7 75.3 tennis-court 0
391.1 300.1 634.9 491.6 611.4 521.5 367.7 330.0 tennis-court 0
356.6 289.6 380.0 278.3 415.7 352.1 392.3 363.4 tennis-court 0
58.4 49.5 803.8 466.3 785.2 499.4 39.8 82.6 tennis-court 0
179.4 -17.8 758.4 446.2 734.6 475.8 155.6 11.8 tennis-court 0
309.1 -78.6 708.5 418.8 678.9 442.6 279.4 -54.8 tennis-court 0
119.8 -78.8 654.9 230.3 635.9 263.2 100.8 -45.9 tennis-court 0
324.7 58.6 390.2 202.4 359.3 216.4 293.8 72.6 tennis-court 0
174.0 73.6 459.0 262.7 438.0 294.4 153.0 105.3 tennis-court 0
232.1 238.8 236.9 242.5 155.9 349.2 151.2 345.6 small-vehicle 0
224.9 281.6 229.9 285.0 194.6 336.0 189.6 332.6 small-vehicle 0
479.0 454.2 483.7 458.0 419.0 536.8 414.3 533.0 small-vehicle 0
241.5 287.8 245.7 292.0 198.5 338.2 194.3 334.0 small-vehicle 0
482.5 471.6 483.4 477.6 386.5 492.4 385.6 486.4 small-vehicle 0
361.0 442.1 361.3 440.1 399.0 444.9 398.7 446.9 small-vehicle 0
416.9 409.6 419.6 414.9 328.9 461.6 326.2 456.3 small-vehicle 0
299.5 430.6 377.5 378.1 385.3 389.8 307.3 442.2 small-vehicle 0
659.1 203.1 689.9 144.7 712.9 156.9 682.1 215.3 small-vehicle 0
626.9 164.4 666.3 133.6 679.9 151.0 640.4 181.7 small-vehicle 0
597.1 188.6 608.6 160.9 628.9 169.4 617.4 197.1 small-vehicle 0
574.6 162.8 596.2 148.4 606.2 163.3 584.6 177.8 small-vehicle 0
570.5 132.2 582.3 139.7 568.2 161.6 556.4 154.0 small-vehicle 0
641.7 116.9 648.9 123.9 616.6 156.7 609.4 149.7 small-vehicle 0
627.5 111.0 631.0 115.9 597.0 140.4 593.4 135.5 small-vehicle 0
618.3 100.8 622.6 105.0 590.7 138.2 586.4 134.0 small-vehicle 0
612.3 94.6 616.3 99.1 582.1 129.9 578.1 125.4 small-vehicle 0
598.3 86.0 603.3 89.3 579.7 124.0 574.7 120.7 small-vehicle 0
589.6 76.0 594.9 78.9 570.8 122.7 565.5 119.8 small-vehicle 0
293.4 411.9 349.0 376.3 356.6 388.1 301.0 423.7 small-vehicle 0
305.3 359.6 310.0 363.4 286.2 393.0 281.5 389.2 small-vehicle 0
300.7 352.9 304.8 357.2 274.3 386.1 270.2 381.8 small-vehicle 0
271.0 334.8 276.9 335.6 271.0 381.2 265.1 380.4 small-vehicle 0
277.0 315.0 281.7 318.7 236.0 377.0 231.3 373.3 small-vehicle 0
287.2 282.7 292.0 286.3 209.0 396.5 204.2 392.9 small-vehicle 0
255.7 301.4 259.8 305.8 211.3 350.6 207.2 346.2 small-vehicle 0
258.0 289.1 261.8 293.7 192.7 351.3 188.8 346.7 small-vehicle 0
180.2 147.6 378.7 278.8 357.7 310.5 159.2 179.3 tennis-court 0
