152.0 34.4 153.4 33.0 154.8 34.5 153.4 35.9 baseball-diamond 0
658.1 49.7 830.7 525.3 794.9 538.3 622.3 62.7 tennis-court 0
645.5 306.3 657.8 288.1 705.8 320.6 693.5 338.8 tennis-court 0
439.1 346.8 800.3 -18.9 835.9 16.2 474.7 381.9 tennis-court 0
490.3 43.8 709.4 530.7 674.7 546.3 455.6 59.4 tennis-court 0
534.6 264.8 555.8 270.5 530.4 365.2 509.2 359.5 tennis-court 0
413.7 109.6 498.3 473.8 461.3 482.4 376.7 118.2 tennis-court 0
347.3 305.6 358.7 286.8 425.3 327.4 413.9 346.2 tennis-court 0
525.0 117.0 562.1 109.0 581.0 197.0 543.9 205.0 tennis-court 0
329.5 158.0 344.8 167.5 181.5 431.0 166.2 421.6 tennis-court 0
135.0 111.0 160.0 104.0 276.0 518.0 251.0 525.0 tennis-court 0
214.1 142.6 225.3 151.0 6.6 444.5 -4.6 436.1 tennis-court 0
13.6 310.8 18.6 293.5 105.1 318.1 100.2 335.4 tennis-court 0
