528.7 199.4 545.6 185.2 580.3 226.6 563.4 240.8 small-vehicle 0
362.8 110.5 370.6 104.2 412.2 155.5 404.4 161.8 large-vehicle 0
304.5 268.4 312.1 262.0 354.5 312.6 346.9 319.0 large-vehicle 0
323.9 254.8 331.6 248.4 371.1 296.2 363.4 302.6 large-vehicle 0
348.1 242.4 359.1 233.7 399.9 285.6 388.9 294.3 large-vehicle 0
370.3 230.5 381.3 221.7 422.5 273.3 411.6 282.0 large-vehicle 0
393.7 218.7 404.6 209.8 446.2 261.0 435.3 269.9 large-vehicle 0
415.2 203.3 426.2 194.7 466.8 246.7 455.8 255.3 large-vehicle 0
437.3 192.7 448.2 183.9 489.7 235.3 478.8 244.1 large-vehicle 0
368.5 78.7 376.3 72.5 449.6 165.0 441.8 171.2 large-vehicle 0
319.8 100.0 327.5 93.7 410.2 194.0 402.5 200.3 large-vehicle 0
239.7 306.1 250.7 297.5 289.1 346.2 278.1 354.9 large-vehicle 0
317.2 136.4 328.2 127.8 368.9 179.7 357.9 188.4 large-vehicle 0
279.1 128.3 290.1 119.7 365.4 215.6 354.4 224.3 large-vehicle 0
272.9 163.9 283.7 155.0 325.6 206.0 314.8 214.9 large-vehicle 0
250.7 176.9 261.6 168.0 303.3 219.1 292.4 228.0 large-vehicle 0
229.8 188.9 240.7 180.2 282.0 231.6 271.1 240.4 large-vehicle 0
188.9 175.6 200.0 167.0 279.4 269.9 268.3 278.5 large-vehicle 0
165.2 189.9 176.1 181.2 255.3 279.2 244.4 288.0 large-vehicle 0
161.8 229.4 172.4 220.3 215.2 270.6 204.6 279.7 large-vehicle 0
282.4 283.2 293.2 274.2 335.6 324.8 324.8 333.8 large-vehicle 0
214.4 321.4 225.5 312.8 263.6 361.6 252.5 370.2 large-vehicle 0
440.2 191.9 503.1 153.0 561.0 246.6 498.1 285.5 small-vehicle 0
169.5 687.8 187.6 675.3 211.5 709.8 193.4 722.3 small-vehicle 0
544.7 372.7 587.0 354.7 609.7 408.0 567.4 426.1 small-vehicle 0
501.4 400.9 537.1 378.8 567.6 428.1 531.9 450.2 small-vehicle 0
152.9 828.0 175.8 815.6 190.1 842.0 167.2 854.4 small-vehicle 0
220.4 778.5 238.0 765.2 258.5 792.4 240.9 805.6 small-vehicle 0
131.4 782.6 150.1 771.0 176.6 813.4 157.9 825.0 small-vehicle 0
105.3 746.6 123.1 733.7 140.7 758.0 122.9 770.9 small-vehicle 0
86.4 709.5 106.9 693.5 125.4 717.1 104.9 733.1 small-vehicle 0
195.2 726.8 209.3 715.6 227.8 739.2 213.7 750.4 small-vehicle 0
146.5 654.1 166.2 637.1 188.5 662.9 168.8 679.9 small-vehicle 0
159.3 342.4 192.2 385.2 101.7 454.6 68.8 411.8 large-vehicle 0
57.6 658.0 80.1 644.9 105.4 688.0 82.9 701.1 small-vehicle 0
28.2 347.7 47.5 330.3 83.8 370.3 64.5 387.7 small-vehicle 0
321.1 478.4 338.8 465.4 365.9 502.6 348.2 515.6 large-vehicle 0
283.6 502.3 294.6 493.6 320.4 526.7 309.4 535.4 large-vehicle 0
233.7 483.2 244.6 474.5 323.3 572.8 312.4 581.5 large-vehicle 0
194.0 513.9 211.5 500.5 278.0 588.1 260.5 601.5 large-vehicle 0
327.7 389.4 347.2 412.2 248.3 496.6 228.8 473.8 large-vehicle 0
482.6 311.4 518.0 346.6 432.0 433.1 396.5 397.8 large-vehicle 0
127.1 229.0 137.9 220.1 215.9 314.0 205.1 322.9 large-vehicle 0
