971.7 163.3 984.7 145.5 1008.9 163.1 996.0 180.9 small-vehicle 0
478.7 736.2 483.3 740.2 458.3 768.8 453.7 764.8 large-vehicle 0
500.3 753.8 504.7 757.9 479.1 785.9 474.7 781.9 large-vehicle 0
511.4 759.4 516.1 763.1 489.8 795.9 485.1 792.1 large-vehicle 0
418.4 768.0 423.1 771.8 397.1 804.7 392.4 801.0 large-vehicle 0
431.6 776.7 436.1 780.6 408.4 812.2 403.9 808.2 large-vehicle 0
443.2 786.3 447.6 790.5 418.8 821.0 414.4 816.9 large-vehicle 0
451.7 796.0 456.1 800.1 430.3 828.0 425.9 823.9 large-vehicle 0
462.4 803.9 467.0 807.9 441.9 836.5 437.4 832.6 large-vehicle 0
473.4 811.6 478.1 815.4 454.2 844.9 449.5 841.1 large-vehicle 0
494.3 810.4 498.6 814.6 455.4 859.1 451.1 854.9 large-vehicle 0
403.6 836.0 408.1 839.9 383.5 868.9 379.0 865.0 large-vehicle 0
415.2 843.0 419.8 846.8 392.8 879.0 388.2 875.2 large-vehicle 0
426.5 850.4 431.2 854.2 404.9 887.0 400.3 883.2 large-vehicle 0
435.7 859.0 440.3 862.8 416.2 892.2 411.5 888.4 large-vehicle 0
454.3 860.0 458.9 863.9 421.0 907.9 416.4 903.9 large-vehicle 0
382.9 906.3 387.4 910.2 370.1 929.7 365.6 925.8 large-vehicle 0
490.9 743.0 495.4 747.0 467.1 778.0 462.6 774.0 large-vehicle 0
468.4 726.8 473.0 730.7 446.1 762.9 441.5 759.1 large-vehicle 0
416.1 914.6 420.3 918.9 381.2 956.3 377.1 951.9 large-vehicle 0
457.5 720.5 461.7 724.8 434.6 751.4 430.4 747.1 large-vehicle 0
525.2 589.9 529.7 593.9 480.1 648.9 475.6 644.9 large-vehicle 0
534.2 600.0 538.7 603.9 492.6 656.6 488.1 652.7 large-vehicle 0
543.4 608.4 548.1 612.2 506.6 663.5 501.9 659.7 large-vehicle 0
415.2 599.0 437.9 618.5 402.7 659.5 380.0 639.9 large-vehicle 0
473.0 652.4 477.7 656.2 451.0 688.6 446.3 684.8 large-vehicle 0
485.1 662.2 489.4 666.4 463.1 693.8 458.8 689.6 large-vehicle 0
494.9 671.4 499.5 675.3 474.4 703.9 469.9 699.9 large-vehicle 0
517.1 663.9 521.7 667.7 475.0 725.0 470.3 721.2 large-vehicle 0
527.0 673.8 531.6 677.7 486.3 731.1 481.7 727.2 large-vehicle 0
537.0 680.6 541.7 684.4 497.9 739.0 493.2 735.3 large-vehicle 0
549.5 690.2 554.0 694.3 506.9 746.1 502.5 742.0 large-vehicle 0
561.1 697.7 565.6 701.6 516.9 757.3 512.4 753.4 large-vehicle 0
572.6 716.4 575.9 721.4 527.5 753.4 524.2 748.4 large-vehicle 0
435.1 702.4 439.7 706.2 412.9 738.6 408.3 734.8 large-vehicle 0
446.0 710.5 450.5 714.4 426.0 743.5 421.5 739.6 large-vehicle 0
394.6 915.6 399.0 919.7 381.2 938.7 376.8 934.5 large-vehicle 0
741.4 295.6 745.7 299.8 702.6 344.4 698.3 340.2 large-vehicle 0
497.9 576.9 502.4 580.9 459.3 630.8 454.7 626.9 large-vehicle 0
81.7 241.0 82.5 239.2 84.3 240.0 83.5 241.8 small-vehicle 0
50.0 273.4 67.8 275.7 66.0 289.6 48.2 287.3 small-vehicle 0
104.2 307.0 115.0 292.6 132.6 305.8 121.8 320.2 small-vehicle 0
88.2 324.8 106.8 306.7 119.3 319.7 100.7 337.8 small-vehicle 0
130.8 331.2 137.9 310.3 151.2 314.8 144.1 335.7 small-vehicle 0
148.2 333.2 160.3 326.2 167.3 338.4 155.2 345.4 small-vehicle 0
119.4 343.4 132.7 331.3 147.6 347.6 134.3 359.7 small-vehicle 0
29.2 351.5 30.4 349.9 32.0 351.1 30.8 352.7 small-vehicle 0
35.9 369.6 37.4 368.3 38.7 369.8 37.3 371.1 small-vehicle 0
144.4 357.7 150.7 349.9 164.6 361.3 158.3 369.1 small-vehicle 0
185.4 321.2 194.1 326.2 165.3 376.5 156.6 371.6 small-vehicle 0
182.5 364.5 192.5 349.5 207.5 359.5 197.5 374.5 small-vehicle 0
195.9 372.0 205.1 361.5 224.6 378.7 215.4 389.2 small-vehicle 0
208.7 353.8 215.7 346.7 231.3 362.2 224.3 369.3 small-vehicle 0
236.1 367.5 238.1 367.2 238.4 369.2 236.4 369.4 small-vehicle 0
247.9 367.8 268.9 341.1 283.1 352.2 262.1 378.9 small-vehicle 0
61.5 266.2 66.6 248.9 83.9 254.0 78.8 271.3 small-vehicle 0
93.0 252.8 103.2 233.3 119.2 241.7 108.9 261.2 small-vehicle 0
749.3 302.8 753.9 306.6 716.7 351.2 712.1 347.4 large-vehicle 0
92.3 219.8 93.9 220.9 92.8 222.6 91.2 221.5 small-vehicle 0
763.3 310.5 767.8 314.4 727.2 361.2 722.7 357.3 large-vehicle 0
773.1 318.8 777.6 322.8 737.2 369.8 732.7 365.9 large-vehicle 0
785.6 330.0 789.8 334.3 748.4 375.0 744.2 370.7 large-vehicle 0
793.1 338.8 797.7 342.7 762.6 383.7 758.0 379.7 large-vehicle 0
217.5 15.8 234.4 22.0 229.5 35.2 212.6 29.0 small-vehicle 0
194.2 37.2 200.2 54.1 179.5 61.5 173.5 44.5 small-vehicle 0
170.5 57.3 188.0 61.5 184.7 75.1 167.2 70.9 small-vehicle 0
199.7 67.1 201.4 65.9 202.5 67.5 200.9 68.7 small-vehicle 0
240.0 78.4 255.3 62.6 274.0 80.6 258.7 96.4 small-vehicle 0
181.7 102.7 182.8 101.0 184.4 102.1 183.3 103.8 small-vehicle 0
140.5 132.0 142.4 132.6 141.7 134.5 139.8 133.8 small-vehicle 0
151.8 141.4 165.2 145.3 160.2 162.6 146.8 158.7 small-vehicle 0
118.2 174.7 119.7 173.5 121.0 175.0 119.4 176.3 small-vehicle 0
105.7 197.0 106.5 195.1 108.3 195.9 107.6 197.7 small-vehicle 0
105.4 229.6 110.7 221.1 125.9 230.8 120.6 239.2 small-vehicle 0
509.9 581.9 514.6 585.7 470.9 640.3 466.2 636.6 large-vehicle 0
488.6 570.0 493.0 574.1 448.5 622.8 444.1 618.8 large-vehicle 0
290.7 341.8 303.9 364.1 295.3 369.2 282.1 346.9 small-vehicle 0
244.6 776.8 249.2 780.7 214.0 821.7 209.4 817.8 large-vehicle 0
176.3 885.4 179.2 880.2 194.9 888.9 192.0 894.2 large-vehicle 0
185.6 872.6 189.6 868.1 239.4 911.4 235.4 915.9 large-vehicle 0
154.2 887.3 157.7 882.4 201.7 913.6 198.2 918.5 large-vehicle 0
209.1 949.0 233.5 925.4 282.1 975.8 257.6 999.4 large-vehicle 0
261.6 990.2 276.3 973.9 310.4 1004.8 295.7 1021.1 large-vehicle 0
318.3 938.2 338.4 910.8 385.2 945.1 365.0 972.5 large-vehicle 0
362.6 865.4 367.3 869.1 323.4 923.6 318.7 919.9 large-vehicle 0
366.6 883.9 371.0 887.9 342.8 919.0 338.3 915.0 large-vehicle 0
372.6 898.9 377.3 902.6 361.4 923.1 356.7 919.4 large-vehicle 0
263.9 794.5 295.1 822.6 258.9 862.7 227.7 834.6 large-vehicle 0
226.6 773.4 231.5 776.8 207.6 811.3 202.7 807.9 large-vehicle 0
111.2 719.3 115.1 714.7 159.5 752.1 155.6 756.7 large-vehicle 0
372.1 508.4 390.3 527.0 348.9 567.6 330.7 549.0 large-vehicle 0
274.4 526.2 279.1 530.0 239.6 577.8 234.9 574.0 large-vehicle 0
285.0 533.6 289.6 537.4 250.3 585.4 245.6 581.6 large-vehicle 0
333.9 556.4 356.7 581.6 319.5 615.1 296.8 589.8 large-vehicle 0
253.4 579.3 257.8 583.4 218.4 625.9 214.0 621.9 large-vehicle 0
235.1 579.8 239.4 584.0 215.7 608.4 211.4 604.2 large-vehicle 0
203.6 622.1 208.4 625.7 188.0 653.0 183.2 649.4 large-vehicle 0
215.1 630.1 219.7 633.9 197.9 659.9 193.3 656.1 large-vehicle 0
320.7 677.6 347.8 704.2 307.2 745.6 280.0 719.0 large-vehicle 0
263.7 713.3 286.0 739.0 245.2 774.4 222.9 748.7 large-vehicle 0
335.0 768.2 363.6 793.2 328.0 833.8 299.4 808.8 large-vehicle 0
145.5 676.3 148.8 671.4 193.5 701.7 190.2 706.6 large-vehicle 0
137.7 683.3 141.4 678.6 190.3 716.7 186.6 721.4 large-vehicle 0
128.3 697.7 134.9 690.2 178.7 728.3 172.1 735.8 large-vehicle 0
119.4 708.5 123.3 704.0 166.6 742.5 162.7 747.0 large-vehicle 0
475.0 563.0 479.6 566.9 439.7 614.4 435.1 610.5 large-vehicle 0
564.0 230.8 588.6 196.8 616.2 216.7 591.5 250.7 large-vehicle 0
617.8 232.3 621.9 228.0 664.2 267.7 660.1 272.0 large-vehicle 0
608.7 243.0 612.7 238.6 655.3 278.0 651.3 282.4 large-vehicle 0
597.1 251.8 601.2 247.3 646.9 289.2 642.8 293.7 large-vehicle 0
589.1 265.0 593.0 260.4 639.9 301.0 636.0 305.6 large-vehicle 0
582.3 277.0 586.0 272.3 631.7 308.0 628.0 312.7 large-vehicle 0
515.4 287.4 517.9 281.9 552.6 297.6 550.1 303.1 large-vehicle 0
504.5 293.3 507.8 288.4 552.5 318.7 549.2 323.6 large-vehicle 0
552.3 318.5 563.7 304.6 605.4 339.0 593.9 352.9 large-vehicle 0
565.5 298.0 569.7 293.7 610.9 334.5 606.7 338.8 large-vehicle 0
719.7 273.1 724.3 277.0 681.0 326.9 676.5 323.0 large-vehicle 0
732.1 283.2 736.4 287.3 691.3 335.4 686.9 331.3 large-vehicle 0
456.3 545.5 460.7 549.6 416.0 598.1 411.6 594.0 large-vehicle 0
469.2 553.1 473.5 557.3 425.1 607.8 420.8 603.6 large-vehicle 0
260.8 354.5 282.7 323.4 294.2 331.5 272.3 362.6 small-vehicle 0
278.6 361.5 283.0 357.4 295.4 370.5 291.0 374.6 small-vehicle 0
917.7 821.3 931.0 852.6 888.6 870.5 875.4 839.2 small-vehicle 0
777.0 534.4 792.6 543.3 781.7 562.4 766.1 553.5 small-vehicle 0
780.0 492.0 781.5 493.4 780.0 494.9 778.6 493.4 small-vehicle 0
855.0 401.3 858.4 419.0 829.0 424.7 825.6 407.0 small-vehicle 0
749.5 726.5 782.4 717.7 799.5 781.5 766.6 790.3 small-vehicle 0
807.8 742.5 809.7 742.1 810.2 744.0 808.3 744.5 small-vehicle 0
807.1 724.0 812.7 715.7 830.9 728.0 825.3 736.3 small-vehicle 0
824.6 764.4 830.3 762.6 841.7 798.9 836.0 800.7 small-vehicle 0
835.1 748.3 839.3 744.1 854.9 759.7 850.7 763.9 small-vehicle 0
792.9 724.3 894.3 792.2 888.7 800.5 787.4 732.6 small-vehicle 0
859.9 769.2 860.1 775.2 818.1 776.8 817.9 770.8 small-vehicle 0
845.7 794.6 878.5 803.5 869.6 836.3 836.8 827.5 small-vehicle 0
844.6 585.7 856.9 572.5 878.8 593.0 866.6 606.1 small-vehicle 0
945.2 247.2 966.1 231.6 979.2 249.3 958.4 264.8 small-vehicle 0
985.9 201.7 998.3 219.9 980.1 232.3 967.7 214.1 small-vehicle 0
1003.2 183.9 1014.4 198.0 997.2 211.7 986.0 197.6 small-vehicle 0
931.7 103.1 934.9 98.1 963.6 116.4 960.4 121.4 small-vehicle 0
765.1 513.6 766.9 514.6 765.9 516.4 764.1 515.4 small-vehicle 0
741.3 534.1 754.5 546.4 736.7 565.4 723.5 553.1 small-vehicle 0
947.7 76.9 949.4 76.0 965.3 106.1 963.6 107.0 small-vehicle 0
716.8 575.5 718.5 574.3 719.6 575.9 718.0 577.1 small-vehicle 0
766.8 14.0 775.1 8.3 798.9 42.9 790.7 48.5 small-vehicle 0
791.0 128.8 797.7 121.4 823.0 144.2 816.3 151.6 small-vehicle 0
802.1 111.9 808.7 104.3 834.4 126.5 827.9 134.1 small-vehicle 0
796.1 263.4 801.5 266.0 788.4 293.0 783.0 290.4 small-vehicle 0
787.7 290.3 815.4 270.6 821.2 278.8 793.5 298.5 small-vehicle 0
830.7 271.4 835.1 275.5 806.7 306.4 802.3 302.4 small-vehicle 0
822.3 282.7 824.2 282.1 833.4 310.6 831.5 311.3 small-vehicle 0
850.9 296.8 851.1 302.8 837.1 303.2 836.9 297.2 small-vehicle 0
855.6 292.3 867.7 305.6 845.4 325.7 833.3 312.4 small-vehicle 0
818.9 421.2 839.3 429.4 831.1 449.8 810.7 441.6 small-vehicle 0
608.1 683.8 664.4 657.8 671.9 674.2 615.6 700.2 small-vehicle 0
623.9 704.8 651.4 684.8 662.0 699.3 634.5 719.3 small-vehicle 0
659.6 652.2 661.4 653.2 660.4 654.9 658.6 654.0 small-vehicle 0
684.6 622.4 686.1 621.1 687.4 622.6 685.9 623.9 small-vehicle 0
704.5 595.1 705.9 596.5 704.5 597.9 703.1 596.5 small-vehicle 0
934.8 90.3 938.4 85.5 969.0 107.9 965.5 112.8 small-vehicle 0
928.2 36.6 945.1 50.7 928.5 70.7 911.6 56.6 small-vehicle 0
768.2 22.7 783.6 61.7 766.8 68.3 751.4 29.3 small-vehicle 0
931.3 911.4 937.1 913.2 919.7 968.6 913.9 966.8 small-vehicle 0
984.3 570.4 988.6 574.6 967.4 595.9 963.2 591.6 small-vehicle 0
979.9 564.5 983.8 569.0 961.1 588.5 957.2 584.0 small-vehicle 0
964.5 554.5 969.0 550.5 983.7 566.8 979.3 570.8 small-vehicle 0
976.6 546.3 981.8 543.4 992.4 562.7 987.2 565.6 small-vehicle 0
965.0 565.5 968.4 570.4 957.0 578.5 953.6 573.6 small-vehicle 0
956.4 558.6 960.3 563.1 949.8 572.4 945.8 567.8 small-vehicle 0
923.1 596.1 924.6 590.3 945.9 595.9 944.4 601.7 small-vehicle 0
967.1 599.9 998.2 571.7 1004.9 579.1 973.8 607.3 small-vehicle 0
986.2 569.8 990.5 565.5 1022.8 598.2 1018.5 602.5 small-vehicle 0
991.3 568.6 994.3 563.4 1030.7 584.4 1027.7 589.6 small-vehicle 0
962.9 600.4 983.6 616.2 958.1 649.6 937.4 633.8 small-vehicle 0
855.8 573.2 859.3 568.3 880.2 583.8 876.7 588.7 small-vehicle 0
868.9 538.9 870.9 538.6 879.1 604.1 877.1 604.4 small-vehicle 0
913.7 588.1 921.4 594.5 909.8 608.3 902.1 601.8 small-vehicle 0
925.1 911.5 950.1 904.3 962.9 948.5 937.9 955.7 small-vehicle 0
925.5 916.1 929.7 920.3 902.5 946.9 898.3 942.7 small-vehicle 0
877.5 60.0 887.2 44.9 912.5 61.0 902.8 76.1 small-vehicle 0
906.9 918.2 912.1 921.2 903.1 936.8 897.9 933.8 small-vehicle 0
1000.0 112.0 1004.1 116.4 979.4 139.8 975.3 135.4 small-vehicle 0
986.8 135.4 1003.6 121.2 1010.1 128.8 993.2 143.0 small-vehicle 0
938.1 466.9 952.9 456.6 960.9 468.1 946.1 478.4 small-vehicle 0
981.3 506.4 985.7 502.3 1021.8 542.5 1017.4 546.5 small-vehicle 0
989.2 518.7 994.9 520.6 989.4 537.7 983.7 535.9 small-vehicle 0
958.2 536.9 962.9 545.7 936.3 559.6 931.6 550.8 small-vehicle 0
927.2 568.0 934.9 574.5 918.2 594.4 910.5 588.0 small-vehicle 0
919.8 602.6 924.2 598.6 933.7 608.9 929.2 613.0 small-vehicle 0
936.3 614.5 941.2 611.1 949.2 622.5 944.3 626.0 small-vehicle 0
845.3 760.2 919.6 702.6 930.7 716.8 856.4 774.4 small-vehicle 0
930.1 689.6 951.8 685.9 956.9 715.4 935.2 719.1 small-vehicle 0
919.6 736.0 930.7 763.9 895.4 778.0 884.3 750.1 small-vehicle 0
894.0 897.8 900.5 890.2 929.4 914.9 922.9 922.5 small-vehicle 0
877.5 889.7 883.4 890.6 878.5 924.3 872.6 923.4 small-vehicle 0
880.9 900.8 894.7 902.9 889.4 936.5 875.6 934.4 small-vehicle 0
749.6 25.9 750.9 24.4 752.4 25.7 751.1 27.2 small-vehicle 0
713.8 92.9 735.3 78.3 752.2 103.1 730.7 117.7 small-vehicle 0
274.2 369.5 279.1 366.1 287.0 377.7 282.1 381.0 small-vehicle 0
89.4 862.7 100.4 877.0 76.6 895.3 65.6 881.0 small-vehicle 0
134.6 922.2 149.2 911.7 164.4 932.8 149.8 943.3 small-vehicle 0
145.4 913.0 148.2 907.7 167.6 918.0 164.8 923.3 small-vehicle 0
116.7 896.0 117.5 894.2 119.3 895.0 118.5 896.8 small-vehicle 0
118.0 938.2 122.7 934.4 138.9 954.7 134.2 958.5 small-vehicle 0
114.1 943.0 119.8 941.0 128.4 965.5 122.7 967.5 small-vehicle 0
104.0 954.2 115.3 962.5 107.0 973.8 95.7 965.5 small-vehicle 0
50.4 990.6 52.4 990.6 52.3 992.6 50.3 992.6 small-vehicle 0
44.3 975.1 49.5 978.1 40.8 993.8 35.5 990.9 small-vehicle 0
39.7 967.0 44.2 970.9 29.8 987.6 25.3 983.6 small-vehicle 0
34.2 958.7 38.5 962.9 17.3 984.1 13.0 979.9 small-vehicle 0
-0.1 964.8 11.0 950.6 22.1 959.2 11.0 973.4 small-vehicle 0
131.8 924.3 137.0 921.3 150.2 943.7 145.0 946.7 small-vehicle 0
34.4 895.1 38.9 877.7 52.4 881.2 47.9 898.6 small-vehicle 0
108.1 1018.3 117.3 1007.8 130.9 1019.7 121.7 1030.2 small-vehicle 0
26.6 874.9 28.0 873.4 29.5 874.7 28.1 876.2 small-vehicle 0
251.3 387.9 269.4 369.2 285.2 384.5 267.1 403.2 small-vehicle 0
142.2 418.1 144.6 384.2 202.5 388.4 200.0 422.3 small-vehicle 0
267.8 451.1 276.9 461.7 260.2 476.0 251.1 465.4 small-vehicle 0
282.4 423.5 297.3 433.6 280.6 458.5 265.7 448.4 small-vehicle 0
236.4 498.9 240.2 503.5 220.4 520.3 216.5 515.7 small-vehicle 0
241.6 517.7 243.3 516.6 244.4 518.3 242.7 519.4 small-vehicle 0
219.4 533.9 236.5 547.8 217.6 571.1 200.5 557.2 small-vehicle 0
191.8 554.5 195.0 532.7 208.9 534.8 205.7 556.5 small-vehicle 0
165.4 587.6 166.5 585.9 168.2 587.0 167.1 588.6 small-vehicle 0
137.8 608.2 138.0 606.2 140.0 606.5 139.8 608.4 small-vehicle 0
90.5 631.2 111.0 615.2 129.5 638.8 109.0 654.8 small-vehicle 0
97.4 675.7 99.3 675.0 100.1 676.8 98.2 677.6 small-vehicle 0
64.2 816.0 78.9 826.3 64.1 847.7 49.3 837.3 small-vehicle 0
95.6 827.6 97.4 826.6 98.4 828.4 96.6 829.4 small-vehicle 0
46.4 844.6 60.1 841.8 64.6 863.4 50.8 866.2 small-vehicle 0
117.6 1008.9 121.4 1004.2 138.4 1018.1 134.6 1022.8 small-vehicle 0
651.2 53.5 695.1 21.9 710.3 43.0 666.4 74.6 small-vehicle 0
425.2 26.2 428.3 16.7 468.3 29.4 465.2 38.9 small-vehicle 0
451.8 8.5 458.3 0.9 475.0 15.3 468.4 22.9 small-vehicle 0
477.1 41.6 485.0 21.1 513.0 31.8 505.1 52.4 small-vehicle 0
484.6 132.5 489.9 135.3 470.4 172.5 465.1 169.7 small-vehicle 0
483.1 168.1 483.5 170.1 481.5 170.4 481.1 168.5 small-vehicle 0
503.0 146.0 504.6 144.7 505.8 146.3 504.2 147.6 small-vehicle 0
285.8 155.9 334.4 167.6 326.5 200.7 277.9 188.9 small-vehicle 0
430.9 214.0 452.8 215.2 451.4 241.2 429.5 240.0 small-vehicle 0
397.4 269.9 415.5 257.4 425.7 272.2 407.6 284.7 small-vehicle 0
382.0 301.7 395.0 314.1 388.0 321.3 375.0 308.9 small-vehicle 0
363.6 337.3 365.6 337.0 365.8 339.0 363.8 339.2 small-vehicle 0
333.4 372.9 333.6 370.9 335.6 371.1 335.4 373.1 small-vehicle 0
308.6 406.2 310.3 405.1 311.4 406.8 309.7 407.9 small-vehicle 0
590.4 570.2 600.9 579.6 588.9 593.0 578.4 583.7 small-vehicle 0
576.9 726.6 591.8 710.3 613.9 730.6 599.1 746.8 small-vehicle 0
127.3 999.6 146.1 988.1 161.8 1013.6 143.1 1025.2 small-vehicle 0
192.7 959.7 199.7 943.1 220.0 951.7 212.9 968.3 small-vehicle 0
157.1 994.4 158.6 993.1 159.9 994.7 158.4 996.0 small-vehicle 0
155.6 986.0 165.7 976.4 180.9 992.3 170.8 1002.0 small-vehicle 0
200.2 989.9 202.1 989.2 202.8 991.1 200.9 991.8 small-vehicle 0
169.0 973.9 173.3 969.7 188.5 985.7 184.1 989.8 small-vehicle 0
173.5 965.3 177.3 960.7 200.5 979.7 196.7 984.3 small-vehicle 0
187.6 955.1 192.5 951.6 205.2 969.6 200.3 973.0 small-vehicle 0
354.5 497.3 362.3 508.9 317.4 538.9 309.6 527.2 large-vehicle 0
