514.1 233.2 544.0 230.9 545.9 256.8 516.0 259.1 small-vehicle 0
485.2 642.7 494.4 646.6 458.8 729.3 449.6 725.4 large-vehicle 0
173.0 563.5 178.9 562.2 193.1 630.8 187.2 632.0 large-vehicle 0
185.7 557.9 191.6 556.5 211.3 636.1 205.4 637.5 large-vehicle 0
201.6 553.5 211.3 551.4 229.4 635.5 219.7 637.6 large-vehicle 0
214.8 559.4 224.2 556.1 250.2 629.6 240.8 632.9 large-vehicle 0
226.8 556.6 232.1 553.8 271.0 625.9 265.8 628.8 large-vehicle 0
264.5 561.3 269.9 558.8 297.5 618.7 292.1 621.2 large-vehicle 0
286.9 547.3 292.8 546.2 309.1 630.7 303.2 631.8 large-vehicle 0
297.2 545.6 302.9 543.8 330.8 629.4 325.1 631.2 large-vehicle 0
329.0 553.1 338.3 549.3 366.0 617.9 356.7 621.7 large-vehicle 0
345.4 552.7 350.8 550.0 383.6 616.3 378.2 619.0 large-vehicle 0
139.2 496.8 159.7 480.9 210.0 545.7 189.5 561.6 large-vehicle 0
223.0 485.0 228.6 482.8 253.6 548.2 248.0 550.4 large-vehicle 0
234.1 481.9 239.4 479.2 273.9 549.1 268.6 551.8 large-vehicle 0
258.2 485.0 269.9 477.3 310.8 539.0 299.1 546.7 large-vehicle 0
306.9 495.4 356.1 464.6 391.1 520.6 341.9 551.4 large-vehicle 0
445.4 471.8 450.9 469.4 476.6 530.2 471.1 532.6 large-vehicle 0
464.8 469.7 474.5 467.1 491.1 531.0 481.4 533.5 large-vehicle 0
482.9 470.1 492.6 467.8 508.1 531.9 498.4 534.2 large-vehicle 0
527.1 471.3 532.5 468.7 561.1 528.1 555.7 530.7 large-vehicle 0
540.2 470.9 545.4 467.9 578.7 524.9 573.5 527.9 large-vehicle 0
414.3 109.7 419.2 106.4 464.7 174.7 459.7 178.0 large-vehicle 0
431.4 102.1 436.7 99.3 478.6 178.9 473.3 181.7 large-vehicle 0
470.6 107.0 479.6 102.6 512.4 169.0 503.4 173.4 large-vehicle 0
492.1 100.5 501.3 96.8 531.9 172.9 522.6 176.6 large-vehicle 0
509.8 95.3 519.2 91.8 550.5 176.2 541.2 179.7 large-vehicle 0
544.5 637.2 554.8 646.7 480.5 727.8 470.2 718.3 large-vehicle 0
440.8 645.6 450.8 644.6 459.6 730.2 449.7 731.2 large-vehicle 0
590.6 92.6 600.3 90.1 622.7 177.3 613.0 179.7 large-vehicle 0
421.6 646.9 431.5 645.7 441.4 731.1 431.5 732.3 large-vehicle 0
96.6 419.3 102.3 444.7 57.4 454.7 51.7 429.3 large-vehicle 0
38.2 472.7 39.2 478.6 -10.2 486.3 -11.2 480.4 large-vehicle 0
-17.9 494.5 -17.3 488.5 44.3 495.5 43.7 501.5 large-vehicle 0
38.3 507.1 38.7 517.1 -11.3 518.9 -11.7 508.9 large-vehicle 0
-10.2 539.1 -9.8 529.1 40.2 530.9 39.8 540.9 large-vehicle 0
-22.8 553.5 -21.4 543.6 51.8 554.5 50.4 564.4 large-vehicle 0
20.8 624.5 24.3 615.1 104.8 645.5 101.2 654.9 large-vehicle 0
-2.8 647.8 -2.0 641.9 107.1 656.2 106.3 662.1 large-vehicle 0
108.1 662.5 108.4 668.5 -1.5 673.5 -1.8 667.5 large-vehicle 0
107.3 664.6 109.1 670.3 -0.0 703.4 -1.8 697.7 large-vehicle 0
43.1 631.8 101.1 761.4 88.4 767.2 30.4 637.5 large-vehicle 0
4.3 687.4 9.8 679.0 105.1 741.6 99.6 749.9 large-vehicle 0
105.4 727.5 110.4 744.8 31.6 767.5 26.6 750.2 large-vehicle 0
260.3 657.6 265.5 660.7 206.7 758.4 201.5 755.3 large-vehicle 0
242.7 664.3 252.7 663.2 262.3 748.7 252.3 749.8 large-vehicle 0
259.0 657.5 268.9 655.8 285.0 752.5 275.1 754.2 large-vehicle 0
274.6 663.6 284.2 660.8 308.4 743.4 298.8 746.2 large-vehicle 0
299.6 659.2 309.3 657.1 327.9 741.0 318.2 743.2 large-vehicle 0
332.6 652.7 342.5 653.9 332.4 743.3 322.5 742.1 large-vehicle 0
335.4 654.8 345.1 652.4 367.0 739.7 357.3 742.1 large-vehicle 0
357.7 652.1 367.5 650.3 383.3 738.9 373.5 740.7 large-vehicle 0
380.3 649.8 390.2 648.5 401.6 737.8 391.7 739.1 large-vehicle 0
387.7 655.7 396.7 651.5 433.3 729.3 424.3 733.5 large-vehicle 0
555.1 104.7 563.0 98.6 615.7 166.5 607.8 172.7 large-vehicle 0
612.4 94.9 622.2 92.9 639.3 173.1 629.5 175.2 large-vehicle 0
508.4 232.9 515.6 257.9 490.6 265.1 483.4 240.1 small-vehicle 0
279.3 217.0 281.0 211.2 309.7 220.0 308.0 225.8 small-vehicle 0
308.8 212.8 310.6 207.1 339.2 216.2 337.4 221.9 small-vehicle 0
325.5 193.5 330.2 197.3 316.5 214.5 311.8 210.7 small-vehicle 0
285.5 205.1 288.0 199.7 307.9 208.9 305.4 214.3 small-vehicle 0
307.4 189.0 309.2 194.7 280.6 204.0 278.8 198.3 small-vehicle 0
295.5 166.6 304.4 171.3 288.5 201.4 279.6 196.7 small-vehicle 0
319.6 146.8 334.0 163.4 320.4 175.2 306.0 158.6 small-vehicle 0
248.2 143.7 257.8 123.9 266.8 128.3 257.2 148.1 small-vehicle 0
266.1 124.3 272.1 124.8 269.9 146.7 263.9 146.2 small-vehicle 0
291.7 124.5 292.9 126.1 265.3 146.1 264.2 144.4 small-vehicle 0
374.5 119.7 379.6 137.0 358.5 143.3 353.4 126.0 small-vehicle 0
397.3 121.2 400.7 126.1 382.7 138.8 379.3 133.9 small-vehicle 0
354.7 139.6 376.6 141.5 375.7 151.4 353.8 149.5 small-vehicle 0
350.9 163.0 374.3 144.2 380.6 152.0 357.2 170.8 small-vehicle 0
397.2 143.6 403.8 151.1 384.3 168.3 377.7 160.8 small-vehicle 0
377.8 163.0 379.5 168.8 362.2 174.0 360.5 168.2 small-vehicle 0
379.7 170.2 405.4 166.0 408.3 183.8 382.6 188.0 small-vehicle 0
357.7 191.6 358.6 185.7 384.3 189.4 383.4 195.3 small-vehicle 0
380.6 197.9 381.0 203.9 363.0 205.1 362.6 199.1 small-vehicle 0
396.3 190.5 401.1 194.1 390.3 208.5 385.5 204.9 small-vehicle 0
386.2 204.1 387.2 202.4 409.4 215.9 408.4 217.6 small-vehicle 0
378.7 207.3 381.4 212.6 365.3 220.7 362.6 215.4 small-vehicle 0
385.4 211.3 390.8 208.6 402.6 231.7 397.2 234.4 small-vehicle 0
382.6 224.0 386.3 233.3 369.5 239.9 365.8 230.6 small-vehicle 0
383.9 237.7 395.2 229.5 408.1 247.3 396.8 255.5 small-vehicle 0
451.5 240.8 471.7 232.0 480.5 252.2 460.3 261.0 small-vehicle 0
310.8 223.4 312.8 217.8 337.2 226.6 335.2 232.2 small-vehicle 0
305.9 221.5 307.8 227.2 283.1 235.5 281.2 229.8 small-vehicle 0
627.4 98.6 636.8 95.2 663.1 168.7 653.7 172.0 large-vehicle 0
308.7 236.7 308.9 242.7 282.9 243.3 282.7 237.3 small-vehicle 0
635.6 95.8 644.0 90.5 692.3 166.4 683.9 171.8 large-vehicle 0
666.2 101.4 673.4 94.5 740.8 165.6 733.6 172.5 large-vehicle 0
741.3 85.0 750.5 89.0 711.7 179.0 702.5 175.0 large-vehicle 0
723.0 86.8 732.4 83.3 766.1 175.4 756.7 178.8 large-vehicle 0
750.3 96.9 760.0 94.4 777.7 162.1 768.0 164.6 large-vehicle 0
771.6 107.3 781.2 97.1 840.9 153.4 831.3 163.6 large-vehicle 0
113.9 131.2 117.3 126.3 145.1 145.8 141.7 150.7 small-vehicle 0
152.1 124.7 156.6 128.7 136.9 151.3 132.4 147.3 small-vehicle 0
145.4 124.1 150.5 120.8 173.4 156.0 168.3 159.3 small-vehicle 0
166.3 123.3 183.9 126.8 178.2 156.2 160.5 152.8 small-vehicle 0
187.4 255.7 191.4 281.4 181.6 282.9 177.5 257.2 small-vehicle 0
197.0 255.7 202.8 257.2 196.0 282.3 190.2 280.8 small-vehicle 0
204.4 255.8 210.4 255.3 212.6 277.2 206.6 277.7 small-vehicle 0
211.9 256.7 217.3 254.2 226.2 274.4 220.7 276.8 small-vehicle 0
235.7 256.1 239.9 260.4 224.3 275.9 220.1 271.6 small-vehicle 0
226.3 250.2 242.3 235.1 265.7 259.8 249.7 274.9 small-vehicle 0
244.1 212.2 260.4 220.0 244.0 254.3 227.8 246.5 small-vehicle 0
35.4 574.6 41.0 576.6 32.3 601.1 26.7 599.1 small-vehicle 0
35.9 576.3 41.1 573.3 56.2 599.3 51.0 602.3 small-vehicle 0
46.2 570.4 51.5 567.7 68.8 601.6 63.5 604.3 small-vehicle 0
60.7 566.2 66.5 564.5 78.3 604.8 72.5 606.5 small-vehicle 0
66.2 577.1 81.9 568.2 96.7 594.3 81.1 603.2 small-vehicle 0
313.3 257.7 328.3 247.6 336.1 259.2 321.2 269.3 small-vehicle 0
383.3 248.9 384.5 258.9 358.7 262.1 357.5 252.1 small-vehicle 0
335.9 242.0 336.8 247.9 311.1 252.0 310.2 246.1 small-vehicle 0
99.1 354.8 111.0 403.4 54.6 417.1 42.8 368.6 large-vehicle 0
