790.5 662.1 801.6 653.6 861.3 731.2 850.2 739.8 large-vehicle 0
762.9 674.7 773.8 665.9 835.1 742.3 824.2 751.1 large-vehicle 0
737.4 692.8 747.8 683.3 816.6 758.6 806.2 768.1 large-vehicle 0
929.3 908.4 950.3 837.4 1055.7 868.6 1034.7 939.6 large-vehicle 0
926.1 989.0 930.3 975.6 1042.9 1011.0 1038.7 1024.4 large-vehicle 0
931.7 952.8 937.7 940.2 1044.4 990.5 1038.5 1003.2 large-vehicle 0
481.6 886.2 492.1 876.8 565.4 958.8 554.9 968.2 large-vehicle 0
395.3 960.3 405.4 950.7 475.7 1024.6 465.5 1034.2 large-vehicle 0
417.4 941.4 427.7 931.9 499.2 1010.1 488.9 1019.6 large-vehicle 0
438.0 924.5 448.2 914.9 521.0 991.9 510.9 1001.5 large-vehicle 0
458.3 899.2 468.9 890.1 545.7 979.8 535.1 988.9 large-vehicle 0
503.4 866.2 513.7 856.7 590.6 940.8 580.3 950.3 large-vehicle 0
536.2 832.8 555.4 815.2 637.8 905.2 618.6 922.8 large-vehicle 0
578.8 795.7 594.6 780.4 679.2 868.3 663.4 883.6 large-vehicle 0
609.4 751.2 620.2 742.3 702.6 842.8 691.8 851.7 large-vehicle 0
638.6 743.2 649.0 733.8 725.3 818.6 714.9 828.0 large-vehicle 0
665.0 730.6 675.5 721.4 742.6 798.2 732.0 807.4 large-vehicle 0
690.4 715.4 701.3 706.7 764.6 786.6 753.7 795.3 large-vehicle 0
217.9 359.5 243.3 382.1 210.1 419.5 184.7 396.9 small-vehicle 0
457.9 68.1 482.0 92.1 438.1 135.9 414.0 111.9 small-vehicle 0
392.3 191.5 429.5 230.6 393.2 265.1 356.0 225.9 small-vehicle 0
198.7 428.1 227.7 452.6 190.3 497.0 161.3 472.5 small-vehicle 0
219.6 611.7 248.6 629.3 220.6 675.5 191.5 657.8 small-vehicle 0
711.5 700.5 722.4 691.7 791.6 777.2 780.7 786.0 large-vehicle 0
