889.9 343.5 951.9 341.2 952.7 363.2 890.8 365.5 large-vehicle 0
890.2 365.9 955.6 374.3 952.8 396.1 887.4 387.7 large-vehicle 0
932.6 404.5 968.8 449.9 917.2 491.1 881.0 445.7 large-vehicle 0
903.3 832.5 934.7 853.9 881.7 931.5 850.3 910.1 large-vehicle 0
201.2 248.7 212.2 204.0 225.8 207.3 214.8 252.0 small-vehicle 0
98.7 154.7 108.6 144.7 121.4 157.3 111.6 167.3 small-vehicle 0
75.9 210.6 76.1 200.6 106.1 201.4 105.9 211.4 small-vehicle 0
73.7 217.3 79.3 219.5 72.6 236.2 67.0 234.0 small-vehicle 0
72.4 211.7 77.5 208.5 95.6 237.3 90.5 240.5 small-vehicle 0
91.4 217.3 96.9 214.9 102.6 227.7 97.1 230.1 small-vehicle 0
113.5 237.7 114.0 219.7 132.0 220.3 131.5 238.3 small-vehicle 0
132.0 227.1 147.7 218.2 156.6 233.9 140.9 242.8 small-vehicle 0
958.2 303.1 962.0 312.4 889.8 341.9 886.0 332.6 large-vehicle 0
946.2 276.6 952.4 284.5 887.7 335.0 881.6 327.1 large-vehicle 0
884.6 285.4 886.4 275.5 947.4 286.6 945.6 296.5 large-vehicle 0
881.7 213.1 885.5 203.8 957.6 233.6 953.8 242.8 large-vehicle 0
946.0 5.5 950.1 9.9 905.0 52.5 900.9 48.1 large-vehicle 0
952.8 35.3 956.0 44.8 901.2 63.7 898.0 54.2 large-vehicle 0
869.8 101.4 903.9 118.1 880.2 166.6 846.1 149.9 large-vehicle 0
896.1 108.5 906.1 84.6 955.9 105.5 945.9 129.4 large-vehicle 0
951.3 169.1 954.9 178.5 889.7 203.9 886.1 194.5 large-vehicle 0
954.0 198.4 954.3 208.4 888.3 210.3 888.0 200.3 large-vehicle 0
582.1 245.6 631.5 238.2 641.9 307.4 592.5 314.8 large-vehicle 0
441.9 237.4 455.8 239.0 448.1 308.6 434.2 307.0 large-vehicle 0
472.3 236.4 478.3 236.8 472.7 310.6 466.7 310.2 large-vehicle 0
484.6 235.1 490.6 235.1 490.4 313.1 484.4 313.1 large-vehicle 0
496.1 237.8 502.1 237.5 505.9 311.4 499.9 311.7 large-vehicle 0
547.1 238.2 553.0 239.4 537.9 311.8 532.0 310.6 large-vehicle 0
557.0 240.9 563.0 241.5 556.0 311.1 550.0 310.5 large-vehicle 0
384.1 782.6 421.2 790.6 409.9 843.4 372.8 835.4 large-vehicle 0
617.9 878.4 621.0 920.3 563.1 924.6 560.0 882.7 large-vehicle 0
448.1 775.7 461.9 778.2 448.9 851.0 435.1 848.6 large-vehicle 0
477.0 779.0 483.0 779.3 480.0 849.2 474.1 849.0 large-vehicle 0
495.2 781.3 501.1 782.3 490.8 847.5 484.9 846.5 large-vehicle 0
553.6 784.4 559.6 784.8 555.4 846.6 549.4 846.2 large-vehicle 0
585.6 786.6 590.6 789.9 554.5 845.1 549.4 841.8 large-vehicle 0
625.8 777.1 667.6 773.2 675.2 854.9 633.4 858.8 large-vehicle 0
395.2 903.6 406.8 871.6 461.3 891.4 449.7 923.4 large-vehicle 0
184.4 226.0 187.8 221.1 212.6 238.0 209.2 242.9 small-vehicle 0
201.8 237.4 204.4 242.8 188.2 250.6 185.6 245.2 small-vehicle 0
32.4 827.9 37.8 825.2 45.8 841.3 40.4 844.0 small-vehicle 0
55.6 824.4 61.5 823.1 66.4 844.6 60.5 845.9 small-vehicle 0
65.3 817.0 71.1 815.7 77.7 845.0 71.9 846.3 small-vehicle 0
86.5 828.8 87.5 830.5 75.5 837.7 74.5 836.0 small-vehicle 0
87.1 820.6 93.1 819.8 97.0 849.5 91.0 850.3 small-vehicle 0
95.8 823.3 101.2 820.7 114.2 847.7 108.8 850.3 small-vehicle 0
113.5 827.4 119.5 827.8 118.5 841.7 112.5 841.3 small-vehicle 0
135.5 824.7 137.0 826.0 116.5 847.9 115.0 846.5 small-vehicle 0
136.8 821.7 142.5 823.6 134.3 848.3 128.6 846.4 small-vehicle 0
148.3 821.4 161.4 833.6 143.7 852.6 130.6 840.4 small-vehicle 0
150.5 833.6 154.8 829.4 164.5 839.4 160.2 843.6 small-vehicle 0
164.2 830.0 178.1 828.2 181.3 854.0 167.4 855.8 small-vehicle 0
171.0 828.5 185.4 811.8 202.0 826.2 187.7 842.9 small-vehicle 0
34.5 888.7 39.7 875.7 56.4 882.5 51.1 895.5 small-vehicle 0
65.6 892.0 66.9 890.5 68.4 891.7 67.2 893.3 small-vehicle 0
135.0 900.8 136.1 899.1 137.8 900.2 136.7 901.9 small-vehicle 0
157.8 901.4 158.1 903.3 156.2 903.6 155.9 901.7 small-vehicle 0
174.9 906.3 176.5 905.0 177.7 906.6 176.2 907.8 small-vehicle 0
42.3 827.5 47.5 824.5 58.7 843.5 53.5 846.5 small-vehicle 0
98.2 817.2 99.3 811.3 128.8 816.8 127.7 822.7 small-vehicle 0
124.1 796.0 127.3 801.0 101.9 817.0 98.7 812.0 small-vehicle 0
178.8 454.2 179.5 460.1 165.6 461.8 164.9 455.8 small-vehicle 0
179.0 444.5 179.5 450.4 165.6 451.6 165.1 445.6 small-vehicle 0
164.3 441.5 164.7 435.6 178.7 436.5 178.3 442.4 small-vehicle 0
74.0 439.8 79.0 436.5 100.0 468.2 95.0 471.5 small-vehicle 0
119.8 445.7 121.0 447.3 103.2 460.3 102.0 458.7 small-vehicle 0
31.0 456.2 47.7 449.4 56.0 469.8 39.3 476.6 small-vehicle 0
70.2 477.9 79.6 462.5 101.8 476.1 92.4 491.5 small-vehicle 0
58.1 499.5 60.1 493.9 73.3 498.4 71.4 504.1 small-vehicle 0
68.5 506.9 80.7 479.5 104.5 490.1 92.3 517.5 small-vehicle 0
97.1 497.7 110.1 485.3 122.5 498.4 109.4 510.8 small-vehicle 0
167.8 485.8 180.6 498.5 165.2 514.2 152.4 501.5 small-vehicle 0
180.6 493.6 190.5 495.1 188.5 508.9 178.6 507.5 small-vehicle 0
41.5 505.3 48.6 498.3 66.9 516.8 59.8 523.8 small-vehicle 0
41.0 794.2 56.3 810.1 37.5 828.1 22.3 812.2 small-vehicle 0
61.2 782.9 73.7 795.9 57.8 811.1 45.3 798.1 small-vehicle 0
67.6 796.5 71.2 782.9 92.4 788.5 88.8 802.1 small-vehicle 0
110.3 782.1 115.2 785.6 97.7 809.9 92.8 806.4 small-vehicle 0
208.9 248.8 211.1 254.3 183.1 265.2 180.9 259.7 small-vehicle 0
201.0 443.7 202.6 444.8 182.6 472.3 181.0 471.1 small-vehicle 0
201.0 440.2 203.9 445.5 181.0 457.8 178.1 452.5 small-vehicle 0
202.2 436.3 202.3 442.3 180.3 442.8 180.2 436.8 small-vehicle 0
182.5 293.9 183.7 295.4 166.5 309.1 165.3 307.6 small-vehicle 0
174.8 311.8 217.1 330.0 213.2 339.2 170.9 321.0 small-vehicle 0
97.8 294.2 99.0 300.0 85.2 302.8 84.0 297.0 small-vehicle 0
85.8 310.0 86.2 304.0 100.2 305.0 99.8 311.0 small-vehicle 0
90.2 300.3 135.4 308.9 132.8 322.7 87.6 314.1 small-vehicle 0
46.2 286.9 63.6 291.7 58.8 309.1 41.4 304.3 small-vehicle 0
60.4 294.9 68.9 310.7 49.6 321.1 41.1 305.3 small-vehicle 0
79.1 325.2 80.4 307.2 102.4 308.8 101.1 326.7 small-vehicle 0
38.2 323.3 53.8 314.4 64.7 333.5 49.1 342.4 small-vehicle 0
122.2 321.8 124.8 327.2 97.8 340.1 95.2 334.7 small-vehicle 0
181.0 325.2 183.0 330.9 166.0 336.8 164.0 331.1 small-vehicle 0
170.4 338.2 215.4 329.0 217.4 338.8 172.4 348.0 small-vehicle 0
237.4 327.6 241.2 332.3 211.9 356.4 208.1 351.8 small-vehicle 0
185.5 348.5 189.9 344.3 199.5 354.5 195.1 358.7 small-vehicle 0
242.8 343.1 245.2 348.6 210.2 363.5 207.8 357.9 small-vehicle 0
170.1 366.6 209.4 352.0 212.9 361.4 173.6 376.0 small-vehicle 0
181.9 344.3 182.9 346.0 167.1 354.7 166.1 353.0 small-vehicle 0
165.6 338.7 166.5 336.9 182.4 345.3 181.5 347.1 small-vehicle 0
167.9 322.5 168.7 316.6 182.6 318.5 181.7 324.5 small-vehicle 0
191.3 306.4 192.3 312.3 158.7 317.6 157.7 311.7 small-vehicle 0
179.3 433.2 179.7 427.2 205.7 428.8 205.3 434.8 small-vehicle 0
133.6 326.1 134.4 308.1 152.4 308.9 151.6 326.9 small-vehicle 0
101.3 255.5 113.2 248.2 122.7 263.5 110.8 270.8 small-vehicle 0
102.1 255.3 103.4 261.2 81.9 265.7 80.6 259.8 small-vehicle 0
48.1 239.4 61.7 236.1 65.9 253.6 52.3 256.9 small-vehicle 0
44.8 259.9 61.6 253.3 68.2 270.1 51.4 276.7 small-vehicle 0
79.6 258.6 81.2 257.3 100.4 280.4 98.8 281.7 small-vehicle 0
47.8 270.9 61.8 270.5 62.1 280.4 48.1 280.9 small-vehicle 0
79.1 278.4 80.7 272.6 101.9 278.6 100.3 284.4 small-vehicle 0
131.9 273.6 142.6 264.6 154.1 278.4 143.4 287.4 small-vehicle 0
100.2 282.1 102.7 287.5 82.8 296.9 80.3 291.5 small-vehicle 0
103.1 280.7 126.9 291.2 117.9 311.3 94.1 300.8 small-vehicle 0
133.9 292.4 137.3 287.4 152.1 297.6 148.7 302.6 small-vehicle 0
163.9 295.7 164.1 289.7 186.1 290.3 185.9 296.3 small-vehicle 0
183.4 279.6 186.2 274.4 205.6 284.8 202.7 290.1 small-vehicle 0
180.1 271.8 181.1 265.9 210.7 271.0 209.6 276.9 small-vehicle 0
214.7 260.9 216.1 259.4 240.7 283.0 239.3 284.4 small-vehicle 0
215.3 280.0 217.8 274.5 241.5 285.1 239.0 290.6 small-vehicle 0
240.2 281.8 241.4 283.4 214.4 304.0 213.2 302.4 small-vehicle 0
132.5 356.5 143.8 348.2 154.5 362.7 143.2 371.0 small-vehicle 0
180.6 355.8 182.2 361.6 168.7 365.3 167.1 359.5 small-vehicle 0
166.3 365.7 167.5 364.2 181.7 375.3 180.5 376.8 small-vehicle 0
121.2 331.8 124.5 336.8 102.8 351.2 99.5 346.2 small-vehicle 0
35.9 402.0 57.5 406.2 55.6 416.0 34.0 411.9 small-vehicle 0
49.5 403.6 62.0 416.5 40.5 437.4 28.0 424.5 small-vehicle 0
35.9 429.3 42.5 421.8 56.1 433.7 49.5 441.2 small-vehicle 0
77.0 435.1 79.5 425.4 97.0 429.9 94.5 439.6 small-vehicle 0
118.8 407.8 120.5 408.8 100.6 441.2 98.9 440.2 small-vehicle 0
94.5 431.1 97.0 425.7 124.4 437.9 121.9 443.3 small-vehicle 0
122.8 440.0 123.5 446.0 97.7 449.0 97.0 443.1 small-vehicle 0
127.8 448.5 138.7 434.2 156.2 447.5 145.3 461.8 small-vehicle 0
150.5 418.4 192.0 411.8 193.5 421.6 152.0 428.2 small-vehicle 0
180.0 423.4 180.0 417.4 202.0 417.6 202.0 423.6 small-vehicle 0
203.3 402.9 205.3 408.5 180.7 417.1 178.7 411.5 small-vehicle 0
240.9 404.4 242.5 410.2 209.6 419.0 208.1 413.2 small-vehicle 0
207.9 416.9 210.4 411.4 245.1 427.1 242.6 432.6 small-vehicle 0
242.1 423.8 244.4 429.4 209.1 443.6 206.9 438.0 small-vehicle 0
238.3 438.3 239.9 444.1 211.0 452.2 209.4 446.4 small-vehicle 0
206.2 455.7 207.5 449.8 240.7 457.1 239.4 463.0 small-vehicle 0
177.2 423.9 179.6 429.4 166.8 435.1 164.4 429.6 small-vehicle 0
81.3 414.6 81.7 408.6 95.7 409.4 95.3 415.4 small-vehicle 0
95.2 395.3 97.5 400.8 80.8 407.7 78.5 402.2 small-vehicle 0
82.0 385.2 83.5 383.9 95.0 397.8 93.5 399.1 small-vehicle 0
120.9 406.7 122.1 408.4 98.1 426.3 96.9 424.6 small-vehicle 0
99.4 341.0 100.6 339.4 127.6 360.0 126.4 361.6 small-vehicle 0
106.6 352.6 108.3 351.5 118.4 366.4 116.7 367.5 small-vehicle 0
87.6 334.1 105.9 346.4 91.4 367.9 73.1 355.6 small-vehicle 0
99.1 374.2 123.4 383.5 119.9 392.8 95.6 383.5 small-vehicle 0
129.3 381.2 142.3 368.8 154.7 381.8 141.7 394.2 small-vehicle 0
96.9 391.8 99.5 386.3 123.1 397.2 120.5 402.7 small-vehicle 0
101.9 398.8 103.4 397.5 115.1 411.2 113.6 412.5 small-vehicle 0
126.2 406.5 138.5 388.2 156.8 400.5 144.5 418.8 small-vehicle 0
52.3 357.6 70.6 376.0 52.2 394.3 33.8 375.9 small-vehicle 0
179.0 384.8 181.1 390.4 168.0 395.2 165.9 389.6 small-vehicle 0
164.6 380.7 165.7 374.8 183.4 378.3 182.3 384.2 small-vehicle 0
196.6 372.7 208.4 386.2 188.9 403.3 177.0 389.8 small-vehicle 0
235.6 375.6 237.2 376.9 215.3 402.9 213.8 401.6 small-vehicle 0
180.4 393.4 184.1 388.7 204.6 404.6 200.9 409.3 small-vehicle 0
206.5 397.2 208.4 391.5 244.3 404.0 242.3 409.7 small-vehicle 0
178.0 394.1 179.7 395.2 172.0 406.9 170.3 405.8 small-vehicle 0
