812.9 587.7 819.5 608.6 779.5 621.4 772.8 600.4 large-vehicle 0
843.2 541.5 846.5 551.0 742.8 587.5 739.5 578.0 large-vehicle 0
311.7 46.1 313.5 36.2 382.3 48.9 380.5 58.8 large-vehicle 0
314.2 67.6 315.1 57.7 380.8 63.4 379.9 73.3 large-vehicle 0
458.1 76.4 464.1 55.2 546.9 78.6 540.9 99.7 large-vehicle 0
452.7 72.6 458.2 64.3 543.3 120.4 537.8 128.7 large-vehicle 0
451.1 91.6 456.9 83.4 533.7 137.6 527.9 145.8 large-vehicle 0
452.8 167.7 462.9 148.2 550.0 193.1 539.9 212.7 large-vehicle 0
456.9 185.2 461.3 176.2 542.1 215.9 537.7 224.8 large-vehicle 0
341.9 447.4 351.9 447.7 349.1 537.6 339.1 537.3 large-vehicle 0
351.1 450.5 361.0 449.1 372.9 534.3 363.0 535.7 large-vehicle 0
366.9 448.5 376.8 446.8 392.1 535.5 382.2 537.2 large-vehicle 0
378.6 448.1 400.3 444.8 413.4 529.7 391.7 533.1 large-vehicle 0
276.5 586.3 347.9 567.1 376.6 673.3 305.1 692.5 large-vehicle 0
380.5 601.4 433.5 591.0 445.5 651.8 392.5 662.2 large-vehicle 0
596.0 95.6 621.0 102.5 598.0 185.4 573.0 178.5 large-vehicle 0
812.7 531.8 815.9 541.3 753.3 562.2 750.1 552.7 large-vehicle 0
310.7 31.1 311.9 21.2 389.3 30.9 388.1 40.8 large-vehicle 0
383.2 -7.2 387.2 2.0 311.8 34.2 307.8 25.0 large-vehicle 0
