893.8 184.5 902.9 168.9 939.1 190.2 930.0 205.7 small-vehicle 0
870.9 251.8 882.4 233.0 918.2 254.9 906.8 273.7 small-vehicle 0
837.6 533.1 867.1 497.7 948.5 565.6 919.0 600.9 large-vehicle 0
755.8 712.0 787.5 668.3 883.1 737.6 851.4 781.3 large-vehicle 0
190.7 314.1 222.9 293.9 247.3 332.9 215.1 353.1 small-vehicle 0
92.1 386.8 108.9 416.4 75.9 435.2 59.1 405.6 small-vehicle 0
87.1 442.3 101.5 463.9 73.2 482.8 58.8 461.1 small-vehicle 0
160.4 470.7 175.5 449.5 209.7 474.0 194.6 495.1 small-vehicle 0
212.8 528.2 228.5 502.6 271.2 528.8 255.5 554.4 small-vehicle 0
134.3 522.5 148.9 500.9 183.7 524.5 169.1 546.1 small-vehicle 0
65.7 488.2 66.5 478.2 108.3 481.8 107.5 491.8 small-vehicle 0
77.2 778.1 87.8 769.0 182.8 879.9 172.2 889.0 large-vehicle 0
462.1 87.6 483.8 137.0 361.0 190.7 339.3 141.3 large-vehicle 0
322.7 372.4 334.3 349.1 440.0 401.5 428.5 424.8 large-vehicle 0
302.4 421.3 314.3 398.1 419.3 452.0 407.4 475.1 large-vehicle 0
239.5 577.5 266.0 539.9 349.5 598.5 323.0 636.1 large-vehicle 0
191.7 651.9 220.8 606.4 330.3 676.4 301.2 721.9 large-vehicle 0
127.0 651.9 137.6 642.7 230.6 750.0 220.0 759.2 large-vehicle 0
111.7 678.5 122.5 669.6 220.3 788.5 209.5 797.4 large-vehicle 0
87.8 698.8 98.5 689.8 218.2 832.2 207.5 841.2 large-vehicle 0
61.3 794.9 72.3 786.3 162.1 901.5 151.0 910.1 large-vehicle 0
54.3 836.6 65.2 827.7 152.7 934.4 141.8 943.3 large-vehicle 0
44.4 870.5 54.8 861.2 133.3 949.4 122.8 958.7 large-vehicle 0
-18.4 978.5 48.5 924.4 117.6 1009.9 50.8 1064.0 large-vehicle 0
227.0 938.2 294.0 978.1 248.0 1055.4 181.0 1015.5 large-vehicle 0
101.0 587.0 130.0 611.5 97.8 649.7 68.7 625.2 small-vehicle 0
155.2 615.5 176.2 630.8 153.8 661.5 132.8 646.2 small-vehicle 0
956.6 615.1 962.1 606.7 997.2 629.9 991.6 638.2 small-vehicle 0
764.8 868.3 773.9 844.0 813.2 858.7 804.1 883.0 small-vehicle 0
839.7 860.0 846.5 852.6 880.2 884.0 873.4 891.3 small-vehicle 0
847.1 853.8 862.0 832.6 896.4 856.7 881.4 878.0 small-vehicle 0
872.9 804.1 874.7 794.2 912.1 800.9 910.3 810.8 small-vehicle 0
882.3 776.5 887.8 768.2 922.7 791.6 917.1 799.9 small-vehicle 0
920.1 694.1 930.4 670.2 968.9 686.9 958.6 710.8 small-vehicle 0
971.6 804.5 985.4 782.4 1017.6 802.6 1003.8 824.6 small-vehicle 0
943.0 640.6 945.9 631.0 990.0 644.4 987.1 654.0 small-vehicle 0
961.7 596.7 967.2 588.4 1005.7 613.6 1000.2 622.0 small-vehicle 0
970.7 563.3 980.4 543.6 1025.3 565.7 1015.6 585.4 small-vehicle 0
728.2 436.0 761.2 461.9 730.4 501.3 697.3 475.4 small-vehicle 0
926.3 431.4 932.5 418.8 980.9 442.7 974.7 455.3 small-vehicle 0
923.7 419.0 931.9 390.1 999.3 409.0 991.1 437.9 small-vehicle 0
751.4 112.6 751.8 134.6 705.8 135.6 705.4 113.6 small-vehicle 0
699.7 38.1 711.6 56.6 659.3 89.9 647.4 71.4 small-vehicle 0
808.7 12.5 816.0 33.3 765.1 51.3 757.7 30.6 small-vehicle 0
859.8 283.5 870.1 268.7 904.5 292.9 894.2 307.6 small-vehicle 0
757.1 892.4 765.7 872.2 800.7 887.1 792.0 907.3 small-vehicle 0
549.4 432.0 557.7 437.5 536.9 469.3 528.5 463.8 small-vehicle 0
526.4 418.0 545.2 429.4 525.6 462.0 506.8 450.6 small-vehicle 0
257.3 409.2 273.3 383.8 325.7 416.8 309.7 442.2 small-vehicle 0
521.9 345.8 533.7 364.5 504.9 382.6 493.2 363.9 small-vehicle 0
553.8 357.6 571.1 371.2 547.7 401.1 530.4 387.6 small-vehicle 0
575.6 372.8 583.7 378.7 563.8 406.2 555.7 400.4 small-vehicle 0
591.6 381.4 599.9 387.1 578.4 418.4 570.2 412.8 small-vehicle 0
612.6 389.4 620.2 395.9 595.7 424.9 588.1 418.5 small-vehicle 0
87.2 103.4 89.1 102.7 89.8 104.6 87.9 105.3 small-vehicle 0
