786.0 749.9 797.5 763.8 636.0 898.1 624.5 884.2 large-vehicle 0
144.6 594.9 182.6 540.9 259.4 595.1 221.4 649.1 large-vehicle 0
256.7 490.5 295.7 527.8 258.5 566.9 219.4 529.6 large-vehicle 0
261.1 414.4 272.9 428.0 125.9 554.6 114.1 541.0 large-vehicle 0
210.7 388.0 224.7 399.2 113.3 538.0 99.3 526.8 large-vehicle 0
186.5 378.8 198.4 392.3 61.5 512.2 49.6 498.7 large-vehicle 0
138.7 358.1 152.4 369.8 52.3 486.9 38.6 475.2 large-vehicle 0
-61.2 779.8 50.1 667.7 145.2 762.2 33.9 874.3 large-vehicle 0
463.1 560.4 477.7 570.9 377.9 708.6 363.3 698.1 large-vehicle 0
727.6 738.2 742.6 754.2 627.4 862.4 612.4 846.3 large-vehicle 0
305.0 813.4 337.4 770.1 480.0 876.6 447.6 919.9 large-vehicle 0
657.2 686.5 692.5 727.3 570.0 833.3 534.7 792.5 large-vehicle 0
543.9 634.8 561.9 635.3 557.1 801.2 539.1 800.7 large-vehicle 0
576.1 630.2 588.4 643.3 461.9 762.8 449.6 749.7 large-vehicle 0
464.2 593.7 481.0 600.3 438.1 710.2 421.3 703.6 large-vehicle 0
470.8 550.8 479.8 566.4 301.2 669.2 292.2 653.6 large-vehicle 0
362.9 532.0 380.1 537.3 345.1 650.0 327.9 644.7 large-vehicle 0
