645.0 63.4 647.6 81.2 610.0 86.6 607.4 68.8 small-vehicle 0
290.5 893.6 312.7 947.2 218.5 986.4 196.3 932.8 large-vehicle 0
364.6 675.0 368.1 661.4 478.4 690.0 474.9 703.6 large-vehicle 0
310.9 682.4 312.9 692.2 158.1 723.6 156.1 713.8 large-vehicle 0
311.6 719.2 311.8 729.2 161.9 732.8 161.6 722.8 large-vehicle 0
303.1 731.3 304.8 741.1 168.9 764.7 167.2 754.9 large-vehicle 0
167.9 789.7 168.9 775.8 310.5 785.2 309.6 799.1 large-vehicle 0
304.8 794.9 307.2 808.7 175.2 832.1 172.8 818.3 large-vehicle 0
364.1 785.7 408.2 772.7 445.9 901.3 401.8 914.3 large-vehicle 0
318.6 844.4 319.4 854.3 177.7 864.7 177.0 854.7 large-vehicle 0
181.8 878.7 182.4 868.7 312.2 876.3 311.6 886.3 large-vehicle 0
483.5 946.8 486.3 992.7 364.5 1000.2 361.7 954.3 large-vehicle 0
315.4 971.3 325.4 1024.4 201.6 1047.7 191.6 994.6 large-vehicle 0
357.9 645.7 360.4 636.0 486.1 669.3 483.6 679.0 large-vehicle 0
368.7 626.5 371.3 616.9 481.3 646.5 478.7 656.1 large-vehicle 0
369.4 609.0 370.6 595.0 480.2 604.0 479.1 617.9 large-vehicle 0
500.5 499.9 501.0 557.9 375.1 559.1 374.5 501.1 large-vehicle 0
337.4 125.4 347.3 127.1 329.6 231.6 319.7 229.9 large-vehicle 0
361.7 121.8 371.6 123.4 354.2 236.0 344.3 234.5 large-vehicle 0
401.6 131.4 410.5 135.9 357.4 241.2 348.4 236.7 large-vehicle 0
375.6 134.6 388.5 129.0 429.4 222.4 416.5 228.0 large-vehicle 0
463.5 134.8 472.6 139.1 429.4 231.5 420.3 227.2 large-vehicle 0
461.5 130.8 471.5 130.3 476.5 240.2 466.5 240.7 large-vehicle 0
491.8 126.8 501.8 127.7 491.2 245.2 481.2 244.3 large-vehicle 0
195.8 185.3 204.3 174.2 285.6 235.9 277.1 247.0 large-vehicle 0
174.9 203.2 183.2 192.0 287.8 269.2 279.5 280.5 large-vehicle 0
131.2 211.6 136.4 203.1 315.8 312.4 310.6 320.9 large-vehicle 0
130.1 237.7 145.1 216.5 309.9 333.3 294.9 354.5 large-vehicle 0
162.9 319.8 168.9 311.8 283.1 396.2 277.1 404.2 large-vehicle 0
406.1 401.4 413.2 380.6 509.7 413.6 502.6 434.4 large-vehicle 0
486.4 421.4 493.8 450.5 406.6 472.6 399.2 443.5 large-vehicle 0
171.1 354.2 176.3 345.7 293.9 417.8 288.7 426.3 large-vehicle 0
181.0 387.9 189.4 376.6 287.1 449.7 278.7 461.0 large-vehicle 0
169.3 429.2 175.2 421.1 279.8 498.4 273.8 506.4 large-vehicle 0
155.7 435.0 162.5 427.6 288.3 542.0 281.5 549.4 large-vehicle 0
151.6 500.4 161.5 485.3 290.4 569.6 280.5 584.7 large-vehicle 0
437.5 76.4 440.9 50.6 494.5 57.7 491.0 83.5 small-vehicle 0
210.5 65.0 235.8 87.7 202.3 124.9 177.1 102.1 small-vehicle 0
642.6 257.4 668.5 255.1 672.5 300.9 646.6 303.2 small-vehicle 0
692.9 260.6 702.9 260.9 701.1 306.9 691.2 306.5 small-vehicle 0
708.5 258.5 734.0 263.2 726.5 304.5 701.0 299.8 small-vehicle 0
741.0 258.4 774.8 261.9 770.0 307.6 736.2 304.1 small-vehicle 0
541.1 154.6 567.3 139.9 585.9 173.0 559.8 187.7 small-vehicle 0
589.4 148.9 618.7 155.2 610.7 192.3 581.4 186.0 small-vehicle 0
655.9 145.1 665.5 147.8 652.0 195.9 642.4 193.2 small-vehicle 0
656.0 157.4 675.0 146.2 694.3 178.9 675.4 190.1 small-vehicle 0
721.9 152.0 756.2 168.3 738.3 206.3 703.9 190.0 small-vehicle 0
229.6 52.7 235.8 31.6 272.3 42.2 266.1 63.4 small-vehicle 0
70.2 753.0 92.0 755.8 81.0 841.1 59.1 838.3 small-vehicle 0
319.0 118.0 328.7 120.3 301.0 235.0 291.3 232.7 large-vehicle 0
