991.5 120.2 1015.8 111.1 1027.7 143.0 1003.3 152.0 small-vehicle 0
954.3 119.4 956.9 93.5 998.7 97.6 996.1 123.5 small-vehicle 0
114.4 246.9 124.2 236.9 202.6 314.1 192.8 324.1 large-vehicle 0
130.9 225.4 138.0 218.4 201.1 282.6 194.0 289.6 large-vehicle 0
128.0 191.4 135.2 184.5 214.0 266.9 206.7 273.8 large-vehicle 0
142.0 173.3 149.2 166.4 228.0 248.7 220.8 255.6 large-vehicle 0
153.9 153.3 161.1 146.4 229.4 216.7 222.2 223.7 large-vehicle 0
168.3 135.0 175.6 128.2 239.7 197.0 232.4 203.8 large-vehicle 0
471.8 156.4 485.5 153.9 500.2 234.6 486.5 237.1 large-vehicle 0
504.5 163.6 514.5 163.5 514.5 217.5 504.5 217.6 large-vehicle 0
539.1 145.8 548.7 148.5 523.5 239.1 513.9 236.4 large-vehicle 0
552.1 170.2 562.0 171.2 556.8 220.9 546.8 219.9 large-vehicle 0
575.6 172.0 585.5 173.6 577.4 223.0 567.5 221.4 large-vehicle 0
546.1 249.1 556.1 250.3 549.9 303.9 539.9 302.7 large-vehicle 0
560.0 248.3 586.0 249.3 583.9 299.3 558.0 298.2 large-vehicle 0
197.9 397.8 202.5 343.9 300.1 352.2 295.5 406.1 large-vehicle 0
548.1 378.3 552.6 387.2 468.3 428.9 463.9 419.9 large-vehicle 0
555.9 397.8 560.6 406.7 473.6 452.0 469.0 443.1 large-vehicle 0
387.3 470.9 395.5 476.6 339.7 557.1 331.5 551.4 large-vehicle 0
403.8 478.3 412.3 483.6 364.2 559.7 355.7 554.4 large-vehicle 0
525.7 448.5 535.8 463.4 494.5 491.4 484.4 476.5 large-vehicle 0
573.9 445.7 581.7 439.4 613.1 478.3 605.3 484.6 large-vehicle 0
572.4 408.3 580.1 401.8 648.6 482.7 640.9 489.2 large-vehicle 0
571.8 494.5 583.0 486.2 615.2 529.5 604.0 537.8 large-vehicle 0
544.9 498.3 553.1 492.6 611.1 576.6 602.8 582.3 large-vehicle 0
547.1 545.0 554.9 538.8 585.9 578.0 578.1 584.2 large-vehicle 0
517.4 501.0 523.0 509.2 478.6 540.0 473.0 531.8 large-vehicle 0
518.0 529.0 523.1 537.5 483.7 561.2 478.5 552.6 large-vehicle 0
534.9 574.5 546.0 566.0 574.1 602.5 563.0 611.0 large-vehicle 0
521.7 590.6 530.3 585.6 553.3 625.4 544.7 630.4 large-vehicle 0
498.9 594.9 507.2 589.4 528.1 621.1 519.8 626.6 large-vehicle 0
108.2 273.0 118.5 263.4 182.8 332.0 172.5 341.6 large-vehicle 0
32.6 1032.0 124.1 874.6 170.7 901.8 79.3 1059.1 large-vehicle 0
50.6 443.4 56.2 435.1 140.4 492.8 134.7 501.0 large-vehicle 0
63.4 405.7 76.2 387.9 155.6 445.3 142.8 463.1 large-vehicle 0
40.8 463.4 46.0 454.9 136.2 510.6 131.0 519.1 large-vehicle 0
28.5 498.2 33.4 485.1 132.5 522.8 127.6 535.9 large-vehicle 0
458.0 585.1 465.6 578.7 539.0 665.9 531.4 672.3 large-vehicle 0
450.6 603.0 458.7 597.2 510.7 670.7 502.6 676.5 large-vehicle 0
427.0 607.0 435.2 601.3 493.8 684.8 485.6 690.6 large-vehicle 0
739.7 165.7 745.4 167.7 731.3 207.3 725.6 205.3 small-vehicle 0
137.7 56.7 167.7 57.0 167.2 103.0 137.2 102.7 small-vehicle 0
701.6 153.3 707.6 153.9 703.4 191.7 697.4 191.1 small-vehicle 0
703.7 185.8 720.9 161.2 732.3 169.2 715.1 193.8 small-vehicle 0
759.4 172.8 764.5 176.0 741.6 211.2 736.5 208.0 small-vehicle 0
771.3 170.3 779.5 158.9 807.2 178.6 799.0 190.0 small-vehicle 0
771.6 185.3 780.9 188.9 774.4 205.7 765.1 202.1 small-vehicle 0
793.8 186.6 802.4 191.6 783.2 224.4 774.6 219.4 small-vehicle 0
816.5 194.6 820.9 198.7 797.5 223.4 793.1 219.3 small-vehicle 0
809.4 198.0 827.3 196.2 830.6 230.0 812.7 231.8 small-vehicle 0
871.0 124.3 879.3 118.8 896.0 143.7 887.7 149.2 small-vehicle 0
691.3 260.6 699.2 207.2 713.1 209.3 705.2 262.7 small-vehicle 0
718.0 222.8 727.9 224.5 721.9 258.0 712.1 256.2 small-vehicle 0
724.3 230.8 750.3 230.6 750.6 264.6 724.6 264.8 small-vehicle 0
790.2 279.7 810.5 252.4 821.7 260.8 801.4 288.1 small-vehicle 0
821.7 262.5 831.5 264.7 824.2 297.9 814.4 295.8 small-vehicle 0
838.3 252.8 863.2 260.2 845.7 319.6 820.7 312.3 small-vehicle 0
886.0 129.9 906.7 114.1 927.3 141.2 906.6 156.9 small-vehicle 0
419.3 664.2 432.8 652.3 497.7 725.8 484.2 737.7 large-vehicle 0
173.4 729.4 214.3 658.3 299.2 707.2 258.3 778.2 large-vehicle 0
402.8 793.8 421.0 806.2 363.6 890.5 345.4 878.1 large-vehicle 0
439.8 837.8 447.7 844.0 414.2 886.3 406.3 880.1 large-vehicle 0
475.8 822.2 484.2 827.8 421.2 922.8 412.8 917.2 large-vehicle 0
392.9 909.1 432.5 932.5 405.1 978.9 365.5 955.5 large-vehicle 0
130.0 994.9 157.9 953.4 226.0 999.1 198.1 1040.6 large-vehicle 0
652.1 335.9 746.0 184.6 791.9 213.1 698.0 364.4 large-vehicle 0
751.7 284.2 756.7 275.6 845.0 326.6 840.0 335.3 large-vehicle 0
675.7 313.6 682.1 301.1 730.3 325.4 723.9 337.9 large-vehicle 0
745.3 299.5 751.1 291.4 837.7 352.5 831.9 360.6 large-vehicle 0
737.8 321.8 743.2 313.4 829.2 368.2 823.8 376.6 large-vehicle 0
678.6 343.3 685.2 330.9 725.9 352.4 719.3 364.8 large-vehicle 0
665.1 364.9 671.3 352.4 712.5 372.9 706.2 385.5 large-vehicle 0
724.7 369.1 731.9 357.1 812.3 405.9 805.1 417.9 large-vehicle 0
707.4 399.4 713.6 386.9 787.2 423.2 781.0 435.7 large-vehicle 0
487.5 840.5 495.9 845.9 449.4 918.3 441.0 912.9 large-vehicle 0
398.2 88.5 416.9 16.9 515.6 42.6 496.9 114.2 large-vehicle 0
532.1 77.9 554.3 33.1 634.9 73.1 612.7 117.9 large-vehicle 0
698.5 99.8 708.8 59.0 807.7 84.1 797.4 124.8 large-vehicle 0
