344.9 414.3 345.2 408.3 375.1 409.7 374.8 415.7 large-vehicle 0
315.5 402.6 318.1 408.0 265.5 432.4 262.9 427.0 large-vehicle 0
261.9 455.3 263.1 449.4 316.1 459.7 314.9 465.6 large-vehicle 0
316.4 467.5 316.5 473.5 258.6 474.5 258.5 468.5 large-vehicle 0
322.1 470.9 323.7 476.7 256.2 495.1 254.6 489.3 large-vehicle 0
255.5 493.7 256.5 487.8 321.5 499.3 320.5 505.2 large-vehicle 0
254.9 502.4 256.9 496.7 319.1 518.6 317.1 524.3 large-vehicle 0
322.0 504.9 324.3 510.5 256.0 539.1 253.7 533.5 large-vehicle 0
258.3 535.9 259.0 530.0 316.7 536.1 316.0 542.0 large-vehicle 0
260.9 546.9 261.8 541.0 315.2 549.0 314.3 554.9 large-vehicle 0
317.9 556.3 318.1 562.3 256.1 563.7 255.9 557.7 large-vehicle 0
319.4 569.6 319.5 575.6 257.5 576.4 257.4 570.4 large-vehicle 0
260.0 588.4 260.0 582.4 314.0 582.6 314.0 588.6 large-vehicle 0
385.9 580.3 387.7 574.6 420.1 584.7 418.3 590.4 large-vehicle 0
374.6 564.0 375.7 558.1 397.3 562.0 396.3 567.9 large-vehicle 0
430.7 512.5 440.5 514.4 430.3 567.5 420.5 565.6 large-vehicle 0
441.7 520.8 451.5 519.0 460.3 568.2 450.5 570.0 large-vehicle 0
368.1 547.3 368.8 553.2 346.9 555.7 346.2 549.8 large-vehicle 0
344.9 541.7 345.1 535.7 371.1 536.3 370.9 542.3 large-vehicle 0
341.8 528.6 342.2 522.6 372.2 524.4 371.8 530.4 large-vehicle 0
345.4 517.2 345.6 511.2 371.6 511.8 371.4 517.8 large-vehicle 0
370.9 495.1 371.8 501.0 346.1 504.9 345.2 499.0 large-vehicle 0
342.8 489.2 343.3 483.2 373.2 485.8 372.7 491.8 large-vehicle 0
259.5 440.6 260.7 434.7 317.5 446.4 316.3 452.3 large-vehicle 0
317.1 399.5 317.7 405.5 263.9 410.5 263.3 404.5 large-vehicle 0
317.7 362.8 318.2 368.8 264.3 373.2 263.8 367.2 large-vehicle 0
385.7 243.8 391.7 244.3 387.3 298.2 381.3 297.7 large-vehicle 0
255.9 242.3 261.1 239.4 291.1 293.7 285.9 296.6 large-vehicle 0
290.6 240.1 296.4 241.5 283.4 293.9 277.6 292.5 large-vehicle 0
303.5 240.3 309.3 241.9 293.5 297.7 287.7 296.1 large-vehicle 0
307.0 243.9 313.0 244.1 312.0 294.1 306.0 293.9 large-vehicle 0
321.4 243.3 327.4 243.8 323.6 293.7 317.6 293.2 large-vehicle 0
333.4 240.9 339.4 241.1 337.6 299.1 331.6 298.9 large-vehicle 0
345.1 243.9 351.1 244.1 349.9 294.1 343.9 293.9 large-vehicle 0
354.1 242.6 360.0 241.8 366.9 295.4 361.0 296.2 large-vehicle 0
373.9 240.9 379.8 241.7 372.1 299.1 366.2 298.3 large-vehicle 0
398.2 244.9 404.2 245.3 400.8 295.1 394.8 294.7 large-vehicle 0
262.4 357.3 262.7 351.3 320.6 354.7 320.3 360.7 large-vehicle 0
732.6 277.8 738.6 278.6 731.4 332.2 725.4 331.4 large-vehicle 0
749.0 288.5 754.7 290.4 743.0 326.5 737.3 324.6 large-vehicle 0
767.6 279.8 785.6 280.2 784.4 330.2 766.4 329.8 large-vehicle 0
791.4 288.3 797.3 289.2 791.6 326.7 785.7 325.8 large-vehicle 0
806.5 283.3 812.4 284.2 805.5 329.7 799.6 328.8 large-vehicle 0
814.8 280.6 820.7 279.8 827.2 333.4 821.3 334.2 large-vehicle 0
830.2 281.7 836.2 281.4 838.8 331.3 832.8 331.6 large-vehicle 0
316.7 317.5 318.8 323.2 268.0 341.5 265.9 335.9 large-vehicle 0
261.5 334.0 263.7 328.4 321.5 351.0 319.3 356.6 large-vehicle 0
345.5 477.4 346.3 471.4 372.1 474.7 371.3 480.6 large-vehicle 0
372.4 456.9 373.3 462.9 343.6 467.1 342.7 461.1 large-vehicle 0
343.8 448.7 345.4 442.9 374.2 451.3 372.6 457.1 large-vehicle 0
457.4 388.9 459.4 383.3 525.6 406.1 523.6 411.7 large-vehicle 0
501.1 540.9 502.8 546.6 477.9 554.1 476.2 548.4 large-vehicle 0
500.4 529.1 501.3 535.0 475.6 538.9 474.7 533.0 large-vehicle 0
456.2 510.7 458.4 505.2 523.4 531.3 521.1 536.8 large-vehicle 0
459.8 508.0 460.2 502.0 522.0 506.2 521.6 512.1 large-vehicle 0
459.5 489.9 460.5 484.0 521.5 495.1 520.5 501.0 large-vehicle 0
514.5 443.5 516.0 449.3 467.5 461.5 466.0 455.7 large-vehicle 0
523.0 426.1 524.9 431.9 462.0 451.9 460.1 446.1 large-vehicle 0
460.5 420.4 461.8 414.6 522.2 428.6 520.8 434.5 large-vehicle 0
461.7 414.5 461.9 408.5 519.9 410.5 519.7 416.5 large-vehicle 0
460.0 382.3 461.0 376.4 526.0 387.7 525.0 393.6 large-vehicle 0
409.1 544.2 410.4 550.1 388.9 554.8 387.6 548.9 large-vehicle 0
522.3 364.7 523.1 370.7 461.7 379.3 460.9 373.3 large-vehicle 0
524.9 352.3 525.6 358.2 460.1 365.7 459.4 359.8 large-vehicle 0
459.3 334.4 461.5 328.9 526.7 354.6 524.5 360.1 large-vehicle 0
461.0 333.6 461.0 327.6 523.0 328.4 523.0 334.4 large-vehicle 0
844.6 263.4 854.5 262.2 863.4 335.6 853.5 336.8 large-vehicle 0
454.1 68.7 458.6 126.5 360.9 134.3 356.4 76.5 large-vehicle 0
314.4 371.0 316.2 376.7 268.6 392.0 266.8 386.3 large-vehicle 0
262.3 383.7 264.9 378.3 320.7 405.3 318.1 410.7 large-vehicle 0
258.9 433.9 259.2 427.9 321.1 431.1 320.8 437.1 large-vehicle 0
474.7 563.0 475.6 557.0 501.3 561.0 500.4 567.0 large-vehicle 0
408.1 531.5 409.6 537.3 388.2 542.6 386.8 536.8 large-vehicle 0
346.7 437.6 347.8 431.7 373.3 436.4 372.2 442.3 large-vehicle 0
387.8 388.0 388.4 382.0 418.2 385.0 417.6 391.0 large-vehicle 0
347.6 425.7 348.9 419.9 374.3 425.3 373.0 431.2 large-vehicle 0
345.4 402.1 345.6 396.1 375.6 396.9 375.4 402.9 large-vehicle 0
375.5 382.1 376.3 388.1 346.5 391.9 345.7 385.9 large-vehicle 0
375.6 369.9 376.2 375.8 346.4 379.1 345.8 373.2 large-vehicle 0
374.1 358.6 374.8 364.5 348.9 367.4 348.2 361.5 large-vehicle 0
348.2 351.8 349.2 345.9 374.8 350.2 373.8 356.1 large-vehicle 0
416.4 344.8 417.3 350.7 387.6 355.2 386.7 349.3 large-vehicle 0
414.0 356.1 415.3 361.9 390.0 367.9 388.7 362.1 large-vehicle 0
389.2 376.6 390.0 370.6 415.8 374.3 414.9 380.3 large-vehicle 0
387.8 397.6 389.5 391.9 418.3 400.4 416.6 406.1 large-vehicle 0
410.3 520.4 411.3 526.3 385.7 530.7 384.7 524.7 large-vehicle 0
386.2 410.6 387.7 404.8 416.8 412.4 415.3 418.2 large-vehicle 0
386.0 418.2 388.6 412.8 415.6 425.8 413.0 431.2 large-vehicle 0
412.8 431.7 413.8 437.6 388.2 442.3 387.2 436.4 large-vehicle 0
385.8 450.9 386.3 444.9 416.2 447.1 415.7 453.1 large-vehicle 0
411.0 454.9 412.8 460.6 387.9 468.3 386.2 462.6 large-vehicle 0
387.2 474.6 388.5 468.7 413.8 474.4 412.5 480.3 large-vehicle 0
385.7 485.7 387.6 480.0 412.3 488.3 410.4 494.0 large-vehicle 0
385.3 502.1 385.9 496.1 411.7 498.9 411.1 504.9 large-vehicle 0
410.7 509.9 411.2 515.9 385.3 518.1 384.8 512.1 large-vehicle 0
243.2 253.9 259.9 247.3 276.8 290.1 260.1 296.7 large-vehicle 0
