530.6 482.2 531.8 480.6 533.4 481.8 532.2 483.4 swimming-pool 0
166.9 11.6 167.9 13.4 166.1 14.4 165.1 12.6 swimming-pool 0
504.8 57.8 505.2 55.8 507.2 56.2 506.8 58.2 swimming-pool 0
586.2 134.4 588.1 133.7 588.8 135.6 586.9 136.3 swimming-pool 0
153.6 185.7 155.3 184.6 156.4 186.3 154.7 187.4 swimming-pool 0
155.1 345.4 156.6 344.1 157.9 345.6 156.4 346.9 swimming-pool 0
221.6 782.1 222.9 780.6 224.4 781.9 223.1 783.4 swimming-pool 0
259.1 810.5 260.5 809.1 261.9 810.5 260.5 811.9 swimming-pool 0
724.6 697.6 725.9 696.1 727.4 697.4 726.1 698.9 swimming-pool 0
991.1 1001.8 992.7 1000.6 993.9 1002.2 992.3 1003.4 swimming-pool 0
302.4 398.7 303.6 397.1 305.2 398.2 304.1 399.9 swimming-pool 0
8.8 440.6 10.7 441.1 10.2 443.1 8.2 442.5 swimming-pool 0
746.3 227.0 747.5 225.4 749.1 226.6 747.8 228.2 swimming-pool 0
753.6 805.4 755.2 806.7 753.9 808.3 752.4 807.0 swimming-pool 0
553.1 984.1 554.9 985.0 554.0 986.8 552.2 985.9 swimming-pool 0
