629.9 517.0 656.6 490.0 752.1 584.0 725.4 611.0 large-vehicle 0
968.8 1014.8 987.5 996.7 1011.2 1021.2 992.5 1039.3 small-vehicle 0
987.2 996.0 994.6 989.3 1028.2 1026.4 1020.8 1033.1 small-vehicle 0
527.3 1005.6 552.1 988.7 575.7 1023.4 550.9 1040.3 small-vehicle 0
637.9 983.0 655.0 969.1 689.1 1011.0 672.0 1024.9 small-vehicle 0
610.8 968.2 618.6 962.0 637.2 985.6 629.3 991.8 small-vehicle 0
566.5 961.7 587.0 945.7 637.5 1010.3 617.0 1026.3 small-vehicle 0
656.3 967.8 663.9 961.2 704.5 1008.0 697.0 1014.6 small-vehicle 0
673.1 955.2 680.7 948.8 718.1 993.1 710.5 999.5 small-vehicle 0
706.0 938.4 726.4 922.3 759.8 964.7 739.4 980.8 small-vehicle 0
520.5 553.5 528.0 546.8 563.8 587.3 556.3 593.9 small-vehicle 0
296.0 356.3 316.7 377.9 277.7 415.3 256.9 393.6 small-vehicle 0
295.3 414.5 305.2 424.3 261.7 468.5 251.8 458.7 small-vehicle 0
344.7 400.7 364.3 423.5 320.3 461.3 300.7 438.5 small-vehicle 0
362.1 424.6 380.3 448.4 327.9 488.4 309.7 464.6 small-vehicle 0
377.7 458.5 384.6 465.8 351.1 497.3 344.3 490.1 small-vehicle 0
384.6 478.8 391.2 486.4 353.4 519.2 346.8 511.6 small-vehicle 0
395.2 495.5 402.1 502.8 371.6 531.6 364.7 524.4 small-vehicle 0
506.4 566.7 514.0 560.2 543.9 595.2 536.3 601.7 small-vehicle 0
217.8 759.7 244.0 738.0 281.0 782.6 254.9 804.3 small-vehicle 0
488.2 574.8 496.0 568.6 527.3 607.5 519.5 613.8 small-vehicle 0
466.6 591.3 483.3 576.9 513.4 611.7 496.7 626.1 small-vehicle 0
422.2 614.1 452.6 591.3 489.8 640.9 459.4 663.7 small-vehicle 0
396.5 640.6 419.2 621.0 449.2 655.9 426.5 675.5 small-vehicle 0
313.8 696.3 338.2 678.8 369.6 722.8 345.2 740.2 small-vehicle 0
290.9 720.9 298.6 714.5 327.9 749.9 320.3 756.3 small-vehicle 0
273.3 723.5 281.9 718.5 309.1 765.1 300.5 770.1 small-vehicle 0
500.8 441.5 515.7 457.6 479.1 491.6 464.1 475.5 small-vehicle 0
534.2 430.1 540.3 438.0 516.6 456.4 510.5 448.5 small-vehicle 0
519.9 400.5 538.4 418.8 514.4 442.9 496.0 424.7 small-vehicle 0
482.2 412.3 488.3 420.2 442.6 455.9 436.4 448.0 small-vehicle 0
448.1 100.3 458.2 110.1 401.0 168.8 390.9 159.1 large-vehicle 0
513.2 184.6 520.2 191.8 478.8 232.4 471.8 225.2 small-vehicle 0
450.3 115.4 486.1 155.8 445.7 191.6 409.9 151.2 small-vehicle 0
522.6 202.6 529.5 209.8 496.1 241.5 489.2 234.2 small-vehicle 0
535.4 232.0 554.1 250.2 524.8 280.3 506.1 262.1 small-vehicle 0
554.7 257.0 561.1 264.7 525.9 294.3 519.5 286.6 small-vehicle 0
569.5 273.5 590.1 300.5 553.5 328.5 532.9 301.5 small-vehicle 0
590.0 298.9 597.1 306.0 558.9 344.2 551.9 337.1 small-vehicle 0
611.9 324.9 618.7 332.3 578.9 368.8 572.1 361.5 small-vehicle 0
625.9 341.5 632.6 348.9 595.8 382.7 589.0 375.4 small-vehicle 0
443.7 283.3 456.6 295.9 424.4 328.8 411.5 316.2 small-vehicle 0
472.8 333.8 491.8 357.0 456.2 386.2 437.2 363.0 small-vehicle 0
492.3 364.6 511.8 387.3 489.1 406.9 469.5 384.2 small-vehicle 0
428.9 334.3 449.1 356.5 403.3 398.3 383.1 376.1 small-vehicle 0
462.9 388.1 479.9 407.8 445.1 437.9 428.1 418.2 small-vehicle 0
250.4 737.0 258.2 730.8 291.7 773.2 283.8 779.3 small-vehicle 0
580.2 634.9 588.2 629.0 608.4 656.4 600.3 662.3 small-vehicle 0
657.9 907.3 675.2 893.7 708.6 936.1 691.3 949.7 small-vehicle 0
396.2 922.0 416.8 906.2 449.6 949.1 428.9 964.9 small-vehicle 0
560.2 824.2 567.7 817.5 587.8 839.8 580.3 846.5 small-vehicle 0
535.8 835.8 557.4 821.3 574.2 846.2 552.6 860.7 small-vehicle 0
559.7 859.6 567.4 853.2 604.5 897.8 596.8 904.2 small-vehicle 0
545.8 869.2 553.9 863.3 585.4 907.2 577.3 913.0 small-vehicle 0
518.5 883.1 539.3 867.4 576.5 917.0 555.8 932.6 small-vehicle 0
466.3 878.8 486.5 862.5 517.9 901.4 497.6 917.7 small-vehicle 0
456.0 936.9 476.8 921.2 507.0 961.1 486.2 976.8 small-vehicle 0
367.9 960.4 390.9 941.1 412.8 967.2 389.8 986.5 small-vehicle 0
560.2 652.7 581.5 637.8 598.8 662.3 577.5 677.2 small-vehicle 0
408.9 981.0 433.0 963.1 460.4 1000.0 436.3 1017.9 small-vehicle 0
744.9 871.8 752.6 865.4 771.8 888.4 764.2 894.8 small-vehicle 0
720.1 873.8 728.1 867.8 762.9 914.2 754.9 920.2 small-vehicle 0
753.3 904.3 780.9 884.5 810.0 925.1 782.4 945.0 small-vehicle 0
710.4 895.5 718.1 889.1 737.3 912.1 729.6 918.6 small-vehicle 0
726.4 923.8 733.9 917.2 769.4 957.9 761.9 964.5 small-vehicle 0
689.3 903.7 697.3 897.7 717.6 925.0 709.5 931.0 small-vehicle 0
576.3 848.6 583.7 842.0 622.2 885.4 614.7 892.1 small-vehicle 0
605.2 848.4 613.5 842.9 627.8 864.6 619.5 870.1 small-vehicle 0
620.6 840.5 627.8 833.6 645.7 852.5 638.4 859.4 small-vehicle 0
599.0 807.8 607.1 801.9 622.5 822.8 614.5 828.7 small-vehicle 0
599.2 663.5 607.2 657.4 644.7 706.8 636.7 712.9 small-vehicle 0
581.8 678.4 589.5 672.0 629.2 719.6 621.5 726.0 small-vehicle 0
575.0 698.4 583.1 692.5 601.0 716.6 592.9 722.5 small-vehicle 0
511.3 689.6 532.2 674.1 550.1 698.1 529.3 713.6 small-vehicle 0
547.6 702.0 555.2 695.5 595.7 742.4 588.1 748.9 small-vehicle 0
537.2 712.0 545.4 706.3 576.2 750.7 568.0 756.4 small-vehicle 0
513.2 723.3 520.9 716.9 560.5 764.7 552.8 771.0 small-vehicle 0
492.8 744.4 513.2 728.2 549.2 773.6 528.8 789.8 small-vehicle 0
435.2 729.3 459.5 711.6 488.9 752.0 464.7 769.7 small-vehicle 0
404.5 761.5 427.4 742.1 457.2 777.1 434.4 796.5 small-vehicle 0
650.2 761.7 679.6 737.6 698.6 760.8 669.2 784.9 small-vehicle 0
654.3 801.6 684.9 779.2 714.5 819.5 683.8 842.0 small-vehicle 0
633.6 783.4 641.5 777.2 657.5 797.7 649.6 803.9 small-vehicle 0
615.7 789.2 624.2 784.0 639.8 809.6 631.3 814.8 small-vehicle 0
629.8 819.7 637.3 813.0 673.2 853.3 665.7 860.0 small-vehicle 0
948.4 414.1 956.2 407.8 992.6 452.9 984.8 459.2 small-vehicle 0
985.6 353.7 993.5 347.5 1012.0 371.1 1004.1 377.3 small-vehicle 0
966.4 362.4 974.0 355.8 993.5 378.6 986.0 385.1 small-vehicle 0
988.4 389.7 996.6 384.0 1027.6 428.3 1019.4 434.0 small-vehicle 0
949.1 371.4 956.5 364.7 979.3 389.8 971.9 396.5 small-vehicle 0
970.9 405.2 978.7 398.9 1010.1 437.8 1002.3 444.1 small-vehicle 0
850.1 660.5 878.3 635.0 922.6 684.0 894.3 709.5 small-vehicle 0
897.7 636.7 921.7 618.8 956.3 665.3 932.3 683.2 small-vehicle 0
838.3 626.9 858.1 610.0 880.1 635.9 860.3 652.7 small-vehicle 0
859.8 607.5 867.3 600.9 900.4 638.4 892.9 645.0 small-vehicle 0
882.4 601.5 890.1 595.2 911.6 621.5 903.9 627.8 small-vehicle 0
895.2 583.0 902.8 576.4 935.3 614.4 927.8 620.9 small-vehicle 0
914.0 572.6 921.8 566.2 953.6 604.8 945.9 611.2 small-vehicle 0
935.1 563.9 943.4 558.3 966.9 593.1 958.6 598.7 small-vehicle 0
954.4 558.8 962.0 552.4 981.4 575.3 973.7 581.8 small-vehicle 0
967.8 543.0 975.6 536.8 996.8 563.3 988.9 569.6 small-vehicle 0
966.4 591.1 987.3 575.6 1019.6 618.9 998.7 634.4 small-vehicle 0
990.2 575.7 997.8 569.2 1030.5 607.0 1023.0 613.5 small-vehicle 0
936.6 386.3 945.0 380.8 961.5 405.8 953.2 411.4 small-vehicle 0
936.1 432.2 943.5 425.5 979.9 465.4 972.5 472.2 small-vehicle 0
935.4 772.8 959.2 754.5 994.7 800.3 970.9 818.7 small-vehicle 0
999.9 224.2 1007.7 217.9 1034.2 250.5 1026.4 256.8 small-vehicle 0
805.1 357.5 825.7 341.5 853.8 377.9 833.2 393.8 small-vehicle 0
830.5 334.2 839.3 329.4 857.5 362.8 848.7 367.6 small-vehicle 0
853.7 321.1 877.9 303.5 907.3 343.9 883.1 361.5 small-vehicle 0
902.8 290.2 922.0 272.8 958.2 312.8 939.0 330.2 small-vehicle 0
946.0 256.5 954.0 250.5 984.0 290.5 976.0 296.5 small-vehicle 0
959.3 243.3 967.0 237.0 998.7 275.7 991.0 282.0 small-vehicle 0
976.3 231.2 984.1 225.0 1017.5 267.5 1009.7 273.7 small-vehicle 0
920.1 399.9 928.2 393.9 945.9 418.1 937.8 424.1 small-vehicle 0
776.9 374.8 784.7 368.5 811.1 401.2 803.3 407.5 small-vehicle 0
757.5 381.4 765.4 375.2 796.3 414.4 788.5 420.6 small-vehicle 0
743.7 399.2 751.1 392.5 779.3 423.6 771.8 430.4 small-vehicle 0
723.4 404.4 731.2 398.2 764.6 440.6 756.8 446.8 small-vehicle 0
903.6 415.1 911.1 408.5 931.1 430.9 923.6 437.5 small-vehicle 0
921.0 442.7 928.8 436.4 962.7 478.4 955.0 484.7 small-vehicle 0
880.7 425.5 897.8 411.7 919.2 438.2 902.1 452.0 small-vehicle 0
900.6 453.4 908.3 447.0 948.1 494.5 940.4 500.9 small-vehicle 0
888.1 468.6 895.9 462.4 927.0 501.5 919.2 507.8 small-vehicle 0
869.2 477.1 877.0 470.8 910.9 512.8 903.1 519.1 small-vehicle 0
852.5 492.9 859.5 485.8 895.3 520.8 888.3 527.9 small-vehicle 0
838.5 461.8 846.7 456.0 864.0 480.5 855.9 486.3 small-vehicle 0
813.8 460.0 821.6 453.8 855.2 496.0 847.4 502.2 small-vehicle 0
814.8 518.9 838.2 500.1 872.1 542.0 848.8 560.9 small-vehicle 0
805.5 483.7 813.2 477.3 832.5 500.3 824.8 506.7 small-vehicle 0
779.0 487.5 786.6 481.0 824.2 525.1 816.6 531.6 small-vehicle 0
760.1 513.7 779.3 496.2 802.3 521.3 783.1 538.8 small-vehicle 0
786.5 555.9 813.9 535.9 831.6 560.1 804.1 580.1 small-vehicle 0
693.1 425.4 715.5 405.3 751.5 445.6 729.2 465.6 small-vehicle 0
973.3 746.7 994.5 731.6 1023.5 772.4 1002.3 787.5 small-vehicle 0
917.3 747.5 943.3 725.5 962.6 748.5 936.7 770.4 small-vehicle 0
965.4 701.1 984.5 683.3 1018.5 719.9 999.5 737.6 small-vehicle 0
432.9 85.5 441.7 96.3 362.7 160.8 353.9 150.0 large-vehicle 0
