429.2 -1.8 446.1 4.5 430.1 47.6 413.2 41.4 small-vehicle 0
249.0 855.5 305.7 868.0 264.8 1053.5 208.1 1041.1 tennis-court 0
188.8 356.7 250.7 359.6 240.2 585.3 178.3 582.4 tennis-court 0
333.2 357.4 393.5 371.6 340.8 595.5 280.4 581.3 tennis-court 0
490.8 275.9 547.2 289.5 493.2 513.1 436.8 499.5 tennis-court 0
603.5 279.3 660.8 288.5 623.5 519.5 566.3 510.3 tennis-court 0
724.0 286.8 781.2 296.2 744.0 523.2 686.8 513.8 tennis-court 0
856.2 828.1 912.1 854.9 817.8 1051.5 761.9 1024.6 tennis-court 0
674.9 836.5 740.8 839.5 732.1 1033.3 666.2 1030.3 tennis-court 0
558.1 814.9 622.9 827.6 580.9 1041.5 516.1 1028.8 tennis-court 0
371.5 859.4 428.0 872.6 384.0 1061.5 327.5 1048.4 tennis-court 0
129.1 845.4 189.0 861.3 137.9 1052.6 78.0 1036.7 tennis-court 0
89.6 348.8 146.3 361.3 97.4 582.0 40.8 569.5 tennis-court 0
