738.1 293.3 745.6 300.0 690.6 360.8 683.2 354.1 large-vehicle 0
572.5 726.0 582.0 693.4 618.5 704.0 609.0 736.6 large-vehicle 0
715.3 257.2 723.4 263.1 651.7 361.8 643.6 355.9 large-vehicle 0
722.3 285.0 729.7 291.7 677.6 349.7 670.2 343.0 large-vehicle 0
777.0 315.6 783.7 332.3 704.0 364.4 697.3 347.7 large-vehicle 0
702.3 469.5 708.9 423.9 726.7 426.5 720.2 472.0 large-vehicle 0
778.4 453.5 779.1 459.4 693.6 469.5 692.9 463.6 large-vehicle 0
678.6 504.6 679.4 538.6 601.4 540.4 600.6 506.4 large-vehicle 0
363.1 413.2 379.6 447.4 316.6 477.9 300.1 443.7 large-vehicle 0
320.0 587.6 328.8 534.3 390.0 544.4 381.2 597.7 large-vehicle 0
503.8 623.5 511.9 664.8 447.1 677.5 439.0 636.2 large-vehicle 0
189.7 600.1 197.5 562.9 250.4 573.9 242.6 611.1 large-vehicle 0
234.7 632.4 254.6 590.9 285.3 605.6 265.4 647.1 large-vehicle 0
384.8 659.0 390.5 667.3 329.2 708.9 323.6 700.6 large-vehicle 0
394.0 665.3 401.3 672.1 354.0 723.7 346.7 716.9 large-vehicle 0
408.6 680.3 415.6 687.5 368.4 733.7 361.4 726.5 large-vehicle 0
430.7 690.4 437.2 698.0 384.1 743.6 377.6 736.0 large-vehicle 0
449.2 707.9 454.8 716.2 393.8 758.1 388.2 749.8 large-vehicle 0
538.6 711.7 557.0 673.9 580.4 685.3 562.0 723.1 large-vehicle 0
428.8 237.8 457.3 182.8 537.2 224.2 508.7 279.2 large-vehicle 0
