301.1 530.9 307.6 523.3 348.9 558.1 342.4 565.7 small-vehicle 0
291.7 478.6 297.6 470.5 321.8 488.3 315.9 496.3 small-vehicle 0
325.7 496.4 332.2 488.8 367.3 518.6 360.8 526.2 small-vehicle 0
475.6 527.3 481.7 519.4 518.3 547.2 512.3 555.1 small-vehicle 0
313.6 513.8 320.3 506.4 354.4 537.2 347.7 544.6 small-vehicle 0
429.4 534.8 443.7 518.1 469.6 540.2 455.3 556.9 small-vehicle 0
470.9 552.4 476.2 544.0 515.1 568.6 509.8 577.0 small-vehicle 0
427.7 555.5 433.2 547.1 458.3 563.5 452.8 571.9 small-vehicle 0
335.4 480.1 346.4 465.8 376.6 488.9 365.6 503.2 small-vehicle 0
462.4 572.0 479.8 558.4 505.6 591.5 488.3 605.1 small-vehicle 0
289.9 558.8 304.3 542.1 339.1 572.2 324.7 588.9 small-vehicle 0
420.7 573.5 427.2 566.0 449.9 585.5 443.4 593.1 small-vehicle 0
449.2 588.2 455.6 580.5 493.8 612.8 487.4 620.5 small-vehicle 0
405.3 589.6 411.8 582.0 434.6 601.4 428.2 609.0 small-vehicle 0
433.2 606.6 439.5 598.8 481.8 632.4 475.5 640.2 small-vehicle 0
299.8 460.1 315.1 444.3 336.7 465.1 321.4 480.9 small-vehicle 0
493.7 495.1 519.3 491.0 527.2 540.4 501.5 544.5 small-vehicle 0
589.2 563.8 595.4 555.9 619.0 574.4 612.9 582.2 small-vehicle 0
485.7 435.6 492.2 423.2 525.9 440.7 519.5 453.1 small-vehicle 0
355.5 364.6 362.7 352.6 391.9 370.1 384.7 382.1 small-vehicle 0
413.6 390.4 414.6 388.6 416.4 389.6 415.4 391.4 small-vehicle 0
517.3 375.5 526.6 371.9 544.7 418.5 535.4 422.1 small-vehicle 0
504.9 411.4 511.1 403.5 537.9 424.5 531.7 432.4 small-vehicle 0
385.1 399.2 391.5 391.5 426.9 420.8 420.5 428.5 small-vehicle 0
322.9 399.4 334.9 381.0 380.1 410.6 368.1 429.0 small-vehicle 0
325.3 413.6 332.3 406.4 353.7 427.4 346.7 434.6 small-vehicle 0
459.6 489.9 466.5 482.6 488.4 503.1 481.5 510.4 small-vehicle 0
354.8 436.8 366.1 422.8 398.7 449.3 387.4 463.2 small-vehicle 0
310.5 438.3 320.0 423.0 345.5 438.7 336.0 454.0 small-vehicle 0
347.5 456.2 353.5 448.2 396.5 481.0 390.4 488.9 small-vehicle 0
510.7 476.9 528.0 457.5 562.3 488.1 545.0 507.5 small-vehicle 0
466.4 475.4 476.3 460.4 501.4 476.8 491.5 491.9 small-vehicle 0
500.6 488.3 506.2 480.0 541.0 503.6 535.3 511.9 small-vehicle 0
389.3 604.1 396.6 597.1 420.1 621.7 412.9 628.6 small-vehicle 0
348.9 624.4 352.3 642.0 307.1 650.6 303.7 633.0 small-vehicle 0
424.5 628.4 430.9 620.7 466.1 650.4 459.7 658.0 small-vehicle 0
536.1 436.1 550.4 419.3 585.4 449.2 571.1 465.9 small-vehicle 0
744.2 348.1 761.7 328.8 801.8 364.9 784.3 384.2 small-vehicle 0
549.4 312.7 555.4 304.7 592.0 332.6 586.0 340.5 small-vehicle 0
532.9 327.7 539.2 319.9 578.1 351.3 571.8 359.1 small-vehicle 0
561.4 375.4 576.5 354.2 614.0 380.8 598.9 402.0 small-vehicle 0
557.5 385.5 564.4 378.3 597.4 410.4 590.4 417.6 small-vehicle 0
656.1 426.8 666.5 412.1 700.9 436.2 690.5 450.9 small-vehicle 0
633.2 465.2 649.5 444.9 682.3 471.1 666.0 491.4 small-vehicle 0
371.4 624.2 376.9 615.9 408.6 636.8 403.1 645.1 small-vehicle 0
669.4 486.6 686.0 466.6 724.6 498.4 708.0 518.4 small-vehicle 0
628.9 485.7 637.2 474.4 664.6 494.6 656.3 505.9 small-vehicle 0
666.4 500.0 673.0 492.5 713.6 528.0 707.0 535.5 small-vehicle 0
744.2 578.9 754.8 564.4 788.8 589.1 778.2 603.6 small-vehicle 0
656.3 525.2 662.4 517.3 695.7 542.8 689.6 550.7 small-vehicle 0
641.4 543.8 647.3 535.7 687.6 565.2 681.7 573.3 small-vehicle 0
558.8 291.6 565.0 283.8 604.1 315.0 597.8 322.8 small-vehicle 0
716.6 310.9 727.7 291.9 767.4 315.1 756.3 334.1 small-vehicle 0
568.7 280.7 587.8 257.6 620.2 284.4 601.1 307.5 small-vehicle 0
618.5 283.7 629.2 264.5 662.4 283.2 651.6 302.3 small-vehicle 0
587.0 233.3 605.1 214.6 638.0 246.7 619.9 265.4 small-vehicle 0
535.2 772.5 541.5 760.0 561.1 769.9 554.8 782.4 small-vehicle 0
495.9 744.8 503.3 738.0 518.1 754.2 510.7 761.0 small-vehicle 0
502.4 723.8 508.8 716.1 531.8 735.3 525.4 743.0 small-vehicle 0
395.4 695.2 403.3 683.7 444.6 711.8 436.7 723.3 small-vehicle 0
336.2 679.3 344.2 663.2 399.8 690.7 391.8 706.8 small-vehicle 0
368.1 649.9 373.8 641.8 401.6 661.4 395.8 669.6 small-vehicle 0
404.1 671.3 409.1 662.6 452.5 687.4 447.5 696.1 small-vehicle 0
513.6 703.4 519.9 695.6 543.2 714.5 536.9 722.3 small-vehicle 0
521.8 683.6 527.9 675.7 551.7 694.1 545.6 702.0 small-vehicle 0
531.7 662.1 538.0 654.3 564.5 675.5 558.3 683.3 small-vehicle 0
414.7 647.5 421.1 639.8 447.2 661.5 440.9 669.2 small-vehicle 0
366.3 335.9 372.0 327.7 409.7 354.1 404.0 362.3 small-vehicle 0
520.9 375.0 533.9 357.3 558.1 375.0 545.1 392.7 small-vehicle 0
520.5 349.7 530.8 335.0 568.5 361.3 558.2 376.0 small-vehicle 0
161.0 478.9 167.6 471.4 208.2 507.1 201.6 514.6 small-vehicle 0
82.9 355.6 125.7 388.6 75.6 453.5 32.8 420.5 large-vehicle 0
192.8 420.3 198.7 412.3 235.8 439.6 229.8 447.6 small-vehicle 0
147.7 423.1 154.1 415.4 177.2 434.6 170.8 442.3 small-vehicle 0
182.1 438.5 188.8 431.1 225.8 464.8 219.0 472.2 small-vehicle 0
137.3 443.0 143.4 435.0 170.3 455.8 164.2 463.7 small-vehicle 0
170.4 457.0 176.7 449.2 221.7 485.9 215.4 493.6 small-vehicle 0
149.9 502.3 156.1 494.4 186.1 517.7 179.9 525.6 small-vehicle 0
273.2 575.0 283.2 565.2 321.1 603.6 311.2 613.4 small-vehicle 0
137.9 534.7 150.3 516.6 178.3 535.9 165.9 554.0 small-vehicle 0
267.9 526.4 280.5 508.4 305.1 525.6 292.5 543.6 small-vehicle 0
280.3 497.2 285.9 488.9 310.7 505.7 305.1 514.0 small-vehicle 0
255.4 547.6 270.3 526.4 294.9 543.6 279.9 564.9 small-vehicle 0
245.9 560.8 252.1 553.0 275.7 571.6 269.5 579.4 small-vehicle 0
230.0 574.2 237.0 567.1 264.0 593.8 256.9 600.9 small-vehicle 0
161.5 403.0 167.6 395.1 191.3 413.6 185.1 421.5 small-vehicle 0
201.8 404.2 216.4 387.8 250.7 418.5 236.1 434.9 small-vehicle 0
171.9 384.4 177.7 376.2 202.1 393.6 196.3 401.8 small-vehicle 0
211.2 387.0 221.4 372.2 259.3 398.3 249.1 413.1 small-vehicle 0
182.5 366.1 188.4 358.1 212.5 375.9 206.6 383.9 small-vehicle 0
228.8 365.3 234.8 357.4 261.9 378.0 255.8 385.9 small-vehicle 0
204.9 349.8 206.1 348.1 207.7 349.3 206.5 350.9 small-vehicle 0
232.9 339.9 239.3 332.2 277.8 364.0 271.5 371.7 small-vehicle 0
204.5 320.9 212.0 314.2 232.0 336.5 224.5 343.2 small-vehicle 0
243.6 331.6 255.0 312.7 294.4 336.4 283.1 355.3 small-vehicle 0
262.4 303.9 268.9 296.3 306.6 329.1 300.1 336.7 small-vehicle 0
272.2 301.6 275.6 279.9 309.2 285.2 305.7 306.9 small-vehicle 0
218.5 307.3 225.0 299.7 247.7 319.3 241.2 326.9 small-vehicle 0
227.2 288.0 232.7 279.6 257.8 296.1 252.3 304.5 small-vehicle 0
238.8 269.2 244.4 260.9 269.2 277.8 263.6 286.1 small-vehicle 0
240.3 241.2 246.4 233.3 282.9 261.4 276.8 269.3 small-vehicle 0
254.9 220.6 260.5 212.3 295.2 236.0 289.6 244.2 small-vehicle 0
79.3 645.1 91.8 627.0 123.1 648.6 110.6 666.7 small-vehicle 0
286.2 168.6 291.1 159.8 320.8 176.4 315.9 185.2 small-vehicle 0
412.9 345.0 416.5 335.7 463.1 354.0 459.5 363.3 small-vehicle 0
416.5 263.5 422.5 255.5 446.5 273.5 440.5 281.5 small-vehicle 0
281.9 188.8 287.8 180.7 312.1 198.2 306.2 206.3 small-vehicle 0
438.1 225.3 443.4 216.8 468.9 232.7 463.6 241.1 small-vehicle 0
469.0 245.1 482.1 227.4 519.0 254.9 505.8 272.6 small-vehicle 0
306.7 224.4 312.8 216.5 349.3 244.6 343.2 252.5 small-vehicle 0
289.4 244.7 298.0 233.7 337.6 264.3 329.0 275.3 small-vehicle 0
419.2 237.8 425.0 229.6 462.6 256.1 456.9 264.3 small-vehicle 0
439.6 284.9 455.1 264.0 498.4 296.1 482.9 317.0 small-vehicle 0
301.0 146.7 308.2 139.7 329.0 161.3 321.8 168.3 small-vehicle 0
349.1 260.1 372.2 272.1 350.9 312.9 327.8 300.9 small-vehicle 0
400.0 287.3 413.5 269.9 437.2 288.3 423.7 305.7 small-vehicle 0
437.3 298.0 443.8 290.4 482.0 322.6 475.5 330.3 small-vehicle 0
395.0 303.3 401.1 295.4 424.9 313.6 418.8 321.6 small-vehicle 0
425.1 315.7 432.1 308.6 467.8 343.6 460.8 350.7 small-vehicle 0
380.3 318.3 386.8 310.7 412.7 332.7 406.2 340.3 small-vehicle 0
314.5 204.0 320.5 196.0 360.8 225.6 354.9 233.6 small-vehicle 0
327.7 171.2 336.0 165.6 368.3 213.8 360.0 219.4 small-vehicle 0
474.6 226.8 490.7 206.4 520.6 229.8 504.5 250.2 small-vehicle 0
434.9 208.7 435.1 198.7 477.1 199.3 476.9 209.3 small-vehicle 0
441.5 166.8 449.3 160.6 477.8 196.8 469.9 203.0 small-vehicle 0
334.8 161.4 341.2 153.8 379.5 185.9 373.1 193.5 small-vehicle 0
346.9 148.9 362.4 133.2 392.3 162.7 376.8 178.4 small-vehicle 0
502.6 184.8 514.1 170.9 543.4 195.2 531.9 209.1 small-vehicle 0
462.4 167.4 476.4 150.5 499.6 169.6 485.6 186.5 small-vehicle 0
517.3 153.9 526.9 129.7 569.7 146.6 560.1 170.8 small-vehicle 0
486.5 128.2 496.4 113.2 521.5 129.8 511.6 144.8 small-vehicle 0
382.3 73.2 398.4 52.8 437.7 83.8 421.6 104.2 small-vehicle 0
377.3 93.8 380.6 84.3 420.3 98.1 417.0 107.5 small-vehicle 0
363.8 107.3 369.4 99.0 414.3 128.8 408.8 137.1 small-vehicle 0
331.7 93.8 346.9 72.7 371.3 90.2 356.1 111.3 small-vehicle 0
320.3 104.2 326.8 96.6 358.7 123.8 352.2 131.4 small-vehicle 0
313.6 130.1 319.9 122.3 343.4 140.9 337.1 148.7 small-vehicle 0
637.8 558.0 645.7 551.8 674.2 588.0 666.3 594.2 small-vehicle 0
623.4 585.4 628.6 576.9 664.6 598.6 659.4 607.1 small-vehicle 0
584.8 591.3 592.8 579.8 614.2 594.7 606.2 606.2 small-vehicle 0
954.7 820.4 960.8 812.5 997.3 840.6 991.2 848.5 small-vehicle 0
1014.6 847.2 1016.3 846.1 1017.4 847.8 1015.7 848.9 small-vehicle 0
979.4 868.0 989.9 848.6 1030.4 870.4 1020.0 889.8 small-vehicle 0
971.5 877.3 978.0 869.6 1022.2 907.2 1015.7 914.8 small-vehicle 0
962.4 900.3 968.6 892.5 1007.6 923.7 1001.4 931.5 small-vehicle 0
951.9 923.6 957.5 915.4 998.7 943.7 993.1 951.9 small-vehicle 0
967.6 797.4 973.9 789.7 1012.4 821.6 1006.1 829.3 small-vehicle 0
979.1 787.7 991.2 769.4 1026.3 792.5 1014.2 810.8 small-vehicle 0
708.7 738.8 713.5 730.0 757.3 754.2 752.5 763.0 small-vehicle 0
738.7 674.5 744.0 666.0 786.4 692.5 781.1 701.0 small-vehicle 0
688.6 697.5 695.3 690.2 717.4 710.5 710.7 717.8 small-vehicle 0
726.2 701.3 742.1 680.7 784.8 713.7 768.9 734.3 small-vehicle 0
723.3 712.2 730.4 705.1 762.7 737.8 755.6 744.9 small-vehicle 0
552.7 700.4 558.1 692.0 600.2 719.0 594.8 727.4 small-vehicle 0
674.4 717.7 680.5 709.7 707.6 730.3 701.5 738.3 small-vehicle 0
659.5 736.0 665.2 727.8 699.5 752.0 693.8 760.2 small-vehicle 0
658.9 823.3 670.0 804.3 713.1 829.7 702.0 848.7 small-vehicle 0
543.7 718.9 549.5 710.8 587.0 737.5 581.1 745.6 small-vehicle 0
652.2 760.2 657.8 751.9 682.7 768.7 677.1 777.0 small-vehicle 0
681.9 777.9 700.2 759.4 732.8 791.9 714.5 810.3 small-vehicle 0
527.1 746.3 542.6 725.4 585.9 757.7 570.4 778.6 small-vehicle 0
646.2 780.4 652.4 772.5 672.8 788.6 666.6 796.5 small-vehicle 0
678.1 799.7 682.6 790.8 712.9 806.3 708.4 815.2 small-vehicle 0
700.1 680.2 705.7 671.9 730.6 688.7 725.0 697.0 small-vehicle 0
571.4 677.2 578.9 670.5 609.6 704.8 602.1 711.5 small-vehicle 0
545.6 648.8 561.0 633.1 582.4 654.2 567.0 669.9 small-vehicle 0
577.8 661.8 584.0 654.0 623.2 685.0 617.0 692.9 small-vehicle 0
712.0 662.9 717.9 654.8 739.0 670.1 733.1 678.2 small-vehicle 0
596.1 645.3 602.4 637.5 637.9 666.7 631.6 674.5 small-vehicle 0
749.1 652.4 755.2 644.5 797.9 677.6 791.8 685.5 small-vehicle 0
715.9 648.1 725.6 628.4 752.5 641.6 742.8 661.3 small-vehicle 0
766.7 642.9 771.4 634.1 808.3 654.1 803.6 662.9 small-vehicle 0
785.9 603.8 802.1 583.5 838.0 612.1 821.8 632.5 small-vehicle 0
804.4 562.4 817.9 545.1 854.2 573.4 840.7 590.7 small-vehicle 0
779.0 619.1 785.5 611.6 817.3 639.0 810.8 646.6 small-vehicle 0
711.5 614.0 728.8 594.6 766.1 627.9 748.8 647.3 small-vehicle 0
552.1 629.3 564.2 610.9 595.9 631.7 583.8 650.1 small-vehicle 0
602.4 623.1 608.7 615.4 647.6 646.9 641.3 654.6 small-vehicle 0
616.0 597.5 623.7 591.1 653.0 626.5 645.3 632.9 small-vehicle 0
567.3 604.3 573.6 596.6 599.9 618.2 593.6 625.9 small-vehicle 0
630.4 802.3 643.6 784.7 667.6 802.7 654.4 820.3 small-vehicle 0
619.7 826.6 629.5 806.9 656.3 820.4 646.5 840.1 small-vehicle 0
857.3 463.9 873.0 443.2 909.7 471.1 894.0 491.8 small-vehicle 0
875.0 749.6 880.6 741.3 922.0 769.4 916.4 777.7 small-vehicle 0
838.0 733.0 848.8 718.6 876.0 739.0 865.2 753.4 small-vehicle 0
884.4 736.8 897.4 719.1 934.6 746.2 921.6 763.9 small-vehicle 0
911.9 697.0 921.7 681.9 953.5 702.7 943.7 717.8 small-vehicle 0
883.1 652.2 887.7 643.3 924.9 662.8 920.3 671.7 small-vehicle 0
883.4 632.3 896.0 614.3 933.6 640.7 921.0 658.7 small-vehicle 0
896.9 388.2 914.3 363.8 955.1 392.8 937.7 417.2 small-vehicle 0
657.7 838.0 663.7 830.0 690.7 850.7 684.6 858.6 small-vehicle 0
990.2 773.7 1000.7 754.4 1030.6 770.7 1020.1 790.0 small-vehicle 0
948.4 843.9 954.2 835.7 978.6 853.1 972.8 861.3 small-vehicle 0
853.9 796.0 866.7 778.1 904.1 805.0 891.3 822.9 small-vehicle 0
852.5 809.7 859.2 802.2 890.5 830.3 883.8 837.8 small-vehicle 0
832.0 797.1 837.5 830.6 807.8 835.4 802.4 801.9 small-vehicle 0
937.1 862.3 943.3 854.5 969.9 875.7 963.7 883.5 small-vehicle 0
921.5 871.4 928.6 864.3 961.1 896.9 954.0 903.9 small-vehicle 0
921.4 906.2 927.3 898.1 951.6 915.8 945.7 923.9 small-vehicle 0
939.2 940.0 945.3 932.1 981.8 960.0 975.7 967.9 small-vehicle 0
911.1 920.0 918.3 913.2 938.9 935.0 931.7 941.8 small-vehicle 0
891.2 936.9 897.6 929.2 929.8 956.1 923.4 963.8 small-vehicle 0
883.3 961.9 888.9 953.7 917.0 972.8 911.3 981.1 small-vehicle 0
904.7 999.9 930.4 972.0 964.3 1003.1 938.6 1031.0 small-vehicle 0
810.1 852.1 826.6 832.0 862.2 861.1 845.7 881.2 small-vehicle 0
804.8 868.9 810.5 860.6 854.8 891.5 849.1 899.7 small-vehicle 0
753.2 869.9 766.9 852.7 796.6 876.4 782.8 893.6 small-vehicle 0
754.2 895.3 757.4 885.8 785.9 895.3 782.7 904.8 small-vehicle 0
785.6 911.2 798.9 893.8 835.4 921.8 822.1 939.2 small-vehicle 0
273.0 204.3 280.1 197.2 301.3 218.4 294.3 225.5 small-vehicle 0
