28.9 782.6 37.8 787.2 26.1 810.4 17.2 805.8 small-vehicle 0
483.7 88.7 502.8 106.3 485.3 125.4 466.1 107.9 small-vehicle 0
351.9 51.8 359.8 57.9 332.0 94.5 324.1 88.5 small-vehicle 0
383.2 32.1 391.3 38.0 373.6 62.2 365.5 56.3 small-vehicle 0
370.9 59.0 378.8 65.1 345.7 107.8 337.8 101.7 small-vehicle 0
399.4 44.0 407.5 49.7 392.6 71.0 384.5 65.3 small-vehicle 0
383.1 78.4 390.7 84.8 373.9 104.6 366.3 98.2 small-vehicle 0
412.9 49.1 430.5 62.4 414.8 83.2 397.2 69.9 small-vehicle 0
406.4 81.3 414.4 87.3 386.9 124.1 378.9 118.1 small-vehicle 0
435.7 62.9 443.3 69.4 426.3 89.1 418.7 82.6 small-vehicle 0
423.9 86.1 431.9 92.1 404.4 129.0 396.4 123.0 small-vehicle 0
453.3 67.1 461.7 72.5 445.5 97.8 437.1 92.4 small-vehicle 0
439.4 95.0 447.6 100.7 419.2 141.8 411.0 136.1 small-vehicle 0
472.8 76.1 480.7 82.2 462.2 105.9 454.3 99.8 small-vehicle 0
457.1 102.2 471.1 113.5 437.1 155.5 423.1 144.2 small-vehicle 0
475.8 117.3 484.0 123.0 455.1 163.8 447.0 158.1 small-vehicle 0
504.4 101.1 512.8 106.6 498.7 128.4 490.3 123.0 small-vehicle 0
495.5 126.7 503.5 132.8 472.9 172.4 465.0 166.3 small-vehicle 0
523.9 111.5 532.0 117.2 517.1 138.5 509.0 132.8 small-vehicle 0
513.8 139.9 521.4 146.4 491.2 181.1 483.6 174.6 small-vehicle 0
526.4 150.4 534.5 156.3 507.6 193.6 499.5 187.7 small-vehicle 0
541.8 125.4 548.9 132.5 530.5 150.9 523.4 143.8 small-vehicle 0
558.0 131.4 566.4 136.9 552.1 158.6 543.7 153.1 small-vehicle 0
549.9 156.8 557.5 163.4 524.5 201.0 517.0 194.4 small-vehicle 0
566.6 163.9 574.9 169.5 544.4 214.1 536.1 208.5 small-vehicle 0
316.3 147.8 324.8 153.0 309.4 178.7 300.8 173.6 small-vehicle 0
355.7 166.1 357.3 171.9 305.4 186.7 303.8 181.0 small-vehicle 0
315.5 183.5 333.0 196.9 302.5 236.5 285.0 223.1 small-vehicle 0
350.5 167.7 364.2 179.3 344.8 202.2 331.1 190.5 small-vehicle 0
359.5 20.7 377.3 33.6 362.0 54.6 344.2 41.7 small-vehicle 0
328.8 49.8 335.8 56.9 317.2 75.2 310.2 68.1 small-vehicle 0
349.5 12.7 357.3 18.9 338.5 42.3 330.7 36.1 small-vehicle 0
317.5 29.2 325.1 35.6 295.5 70.8 287.9 64.4 small-vehicle 0
520.8 -0.8 528.0 6.2 507.2 27.8 500.0 20.8 small-vehicle 0
530.2 21.5 531.7 22.9 530.3 24.4 528.8 23.0 small-vehicle 0
556.7 5.8 571.4 16.1 540.3 60.2 525.6 49.9 small-vehicle 0
326.1 1.7 341.2 11.6 326.9 33.3 311.8 23.4 small-vehicle 0
336.4 199.3 344.5 205.3 314.7 245.4 306.7 239.5 small-vehicle 0
368.7 181.9 376.7 187.8 358.9 211.9 350.9 206.0 small-vehicle 0
352.7 211.5 360.9 217.2 330.2 261.6 322.0 255.9 small-vehicle 0
393.3 347.1 401.2 353.3 382.7 376.9 374.8 370.7 small-vehicle 0
379.6 377.4 387.4 383.6 356.0 422.5 348.2 416.3 small-vehicle 0
397.9 383.4 406.0 389.2 379.1 426.6 371.0 420.8 small-vehicle 0
416.3 397.7 423.8 404.3 391.2 442.1 383.6 435.6 small-vehicle 0
423.7 365.4 432.2 370.6 418.8 392.8 410.3 387.6 small-vehicle 0
442.1 371.5 458.8 385.8 439.3 408.6 422.6 394.3 small-vehicle 0
427.8 400.9 445.4 414.2 415.2 454.1 397.6 440.8 small-vehicle 0
459.5 380.9 477.2 393.9 459.5 418.1 441.8 405.1 small-vehicle 0
449.6 419.4 456.8 426.4 427.7 456.7 420.5 449.7 small-vehicle 0
484.1 393.8 491.7 400.3 472.4 423.2 464.7 416.7 small-vehicle 0
470.1 424.6 478.3 430.4 447.3 474.6 439.1 468.8 small-vehicle 0
501.4 402.9 509.8 408.3 493.4 433.5 485.0 428.1 small-vehicle 0
482.1 425.0 500.9 436.4 470.9 486.0 452.1 474.6 small-vehicle 0
524.4 403.4 532.6 409.1 508.6 443.6 500.4 437.9 small-vehicle 0
543.2 417.6 550.7 424.2 520.2 458.6 512.7 452.0 small-vehicle 0
560.7 428.2 568.6 434.2 540.8 470.9 532.8 464.8 small-vehicle 0
573.3 441.0 581.6 446.7 564.5 471.4 556.3 465.7 small-vehicle 0
536.6 464.7 555.2 476.3 530.9 515.4 512.2 503.7 small-vehicle 0
553.3 487.3 572.6 497.9 561.9 517.2 542.7 506.5 small-vehicle 0
324.4 464.3 332.9 469.6 308.6 508.7 300.1 503.4 small-vehicle 0
345.3 470.9 353.5 476.5 329.7 511.1 321.5 505.5 small-vehicle 0
365.2 477.6 373.3 483.5 346.1 520.7 338.1 514.8 small-vehicle 0
379.3 495.0 387.6 500.6 371.0 525.5 362.7 520.0 small-vehicle 0
349.1 513.1 356.8 519.5 324.9 557.9 317.2 551.5 small-vehicle 0
368.8 522.3 376.7 528.5 343.1 570.8 335.3 564.6 small-vehicle 0
396.6 508.4 404.2 514.8 387.4 534.6 379.8 528.2 small-vehicle 0
374.8 529.1 393.6 540.5 369.8 579.9 351.0 568.4 small-vehicle 0
421.8 507.9 429.7 514.1 401.1 550.2 393.3 544.0 small-vehicle 0
407.3 355.3 416.1 360.1 403.6 382.9 394.8 378.1 small-vehicle 0
379.3 332.5 387.2 338.6 363.7 368.5 355.8 362.4 small-vehicle 0
383.9 193.6 392.8 198.1 381.0 221.3 372.1 216.8 small-vehicle 0
340.4 349.2 354.8 359.9 322.5 403.2 308.1 392.4 small-vehicle 0
370.9 218.1 379.0 224.0 349.4 264.3 341.3 258.4 small-vehicle 0
404.6 201.3 413.1 206.6 399.4 228.7 390.9 223.4 small-vehicle 0
393.7 224.9 401.3 231.3 371.7 266.5 364.0 260.0 small-vehicle 0
412.5 239.5 419.6 246.5 384.7 282.2 377.5 275.2 small-vehicle 0
422.8 242.9 441.1 255.2 411.2 300.1 392.9 287.8 small-vehicle 0
422.0 210.1 430.2 215.8 415.4 237.2 407.2 231.5 small-vehicle 0
443.6 218.9 451.8 224.7 434.4 249.1 426.2 243.3 small-vehicle 0
459.8 226.5 468.4 231.7 452.8 257.3 444.3 252.1 small-vehicle 0
449.2 261.3 456.8 267.8 427.1 302.8 419.4 296.4 small-vehicle 0
478.6 235.4 486.7 241.1 469.4 265.6 461.3 259.9 small-vehicle 0
459.6 267.9 474.1 278.6 451.4 309.1 436.9 298.4 small-vehicle 0
491.8 250.9 499.9 256.7 484.7 277.8 476.6 272.0 small-vehicle 0
476.5 274.4 493.5 288.4 464.3 324.0 447.3 310.0 small-vehicle 0
512.1 258.5 520.0 264.6 501.9 288.5 494.0 282.4 small-vehicle 0
499.6 287.4 507.3 293.8 475.1 332.1 467.4 325.7 small-vehicle 0
509.2 300.6 517.8 305.6 494.8 345.4 486.2 340.4 small-vehicle 0
533.9 305.5 542.0 311.3 512.9 352.0 504.7 346.2 small-vehicle 0
524.9 275.2 532.9 281.1 517.5 302.0 509.5 296.1 small-vehicle 0
537.6 277.8 558.0 286.0 548.4 310.2 528.0 302.0 small-vehicle 0
329.4 293.8 342.5 276.0 379.6 303.2 366.5 321.0 small-vehicle 0
566.8 283.6 575.1 289.1 558.4 314.0 550.1 308.5 small-vehicle 0
549.8 322.0 556.8 329.2 535.2 350.0 528.2 342.8 small-vehicle 0
572.7 322.5 580.6 328.7 547.4 371.3 539.5 365.1 small-vehicle 0
325.7 301.7 334.0 307.2 308.3 345.4 300.0 339.8 small-vehicle 0
338.1 317.3 346.3 323.1 331.1 344.3 323.0 338.4 small-vehicle 0
320.8 340.9 337.8 354.9 305.9 393.5 289.0 379.5 small-vehicle 0
357.9 326.3 366.1 331.9 349.4 356.8 341.1 351.2 small-vehicle 0
872.5 27.1 886.8 38.0 856.5 77.9 842.2 67.0 small-vehicle 0
194.5 280.8 211.4 294.9 187.1 324.1 170.2 310.0 small-vehicle 0
232.9 134.6 241.6 139.5 216.8 183.0 208.1 178.0 small-vehicle 0
257.0 111.3 278.3 126.2 261.0 150.7 239.7 135.8 small-vehicle 0
253.7 144.2 261.3 150.7 226.0 191.6 218.4 185.1 small-vehicle 0
276.2 125.5 293.6 138.9 277.8 159.5 260.4 146.1 small-vehicle 0
266.1 152.3 281.9 167.6 249.9 200.7 234.1 185.4 small-vehicle 0
290.6 139.3 309.0 151.4 294.6 173.1 276.3 161.0 small-vehicle 0
284.0 165.2 297.6 176.9 267.5 211.7 253.9 200.0 small-vehicle 0
303.8 177.0 311.6 183.3 277.8 225.3 270.0 219.1 small-vehicle 0
52.8 149.3 71.4 161.0 53.2 189.7 34.6 178.0 small-vehicle 0
134.0 203.7 156.3 217.2 140.7 242.9 118.5 229.4 small-vehicle 0
119.0 235.2 140.6 249.6 115.0 287.8 93.4 273.4 small-vehicle 0
195.0 223.7 218.5 234.7 199.0 276.3 175.5 265.3 small-vehicle 0
175.4 227.3 190.1 237.7 166.0 272.0 151.3 261.7 small-vehicle 0
233.8 292.2 251.0 305.9 222.2 341.8 205.0 328.1 small-vehicle 0
274.1 316.4 282.0 322.7 255.9 355.6 248.0 349.3 small-vehicle 0
272.2 275.0 280.0 281.2 253.8 314.0 246.0 307.8 small-vehicle 0
287.4 286.7 294.9 293.3 277.9 312.9 270.3 306.3 small-vehicle 0
303.1 300.9 310.7 307.3 293.9 327.1 286.3 320.7 small-vehicle 0
287.6 323.3 302.5 333.4 274.4 374.7 259.5 364.6 small-vehicle 0
49.9 455.0 66.8 469.0 40.0 501.3 23.1 487.3 small-vehicle 0
235.7 409.2 253.3 422.4 230.5 452.8 212.9 439.6 small-vehicle 0
276.9 425.0 292.2 440.8 262.1 470.0 246.8 454.2 small-vehicle 0
256.3 461.2 267.7 469.3 239.0 510.2 227.6 502.2 small-vehicle 0
296.6 442.2 304.5 448.3 279.0 481.6 271.1 475.5 small-vehicle 0
290.7 485.4 302.0 493.6 277.3 527.6 266.0 519.4 small-vehicle 0
302.7 455.5 318.9 470.4 301.3 489.5 285.1 474.6 small-vehicle 0
65.6 515.1 76.0 524.4 53.4 549.9 43.0 540.6 small-vehicle 0
218.0 128.0 225.5 134.6 189.9 175.2 182.4 168.6 small-vehicle 0
245.8 110.9 253.8 117.0 237.9 137.6 230.0 131.5 small-vehicle 0
15.3 109.3 30.1 87.9 64.7 111.7 49.9 133.1 small-vehicle 0
229.1 100.7 237.4 106.2 220.9 131.3 212.6 125.8 small-vehicle 0
235.9 1.1 244.7 5.8 230.5 32.2 221.7 27.5 small-vehicle 0
257.4 2.4 271.7 13.3 248.6 43.6 234.3 32.7 small-vehicle 0
279.1 20.5 286.5 27.3 263.5 52.3 256.1 45.6 small-vehicle 0
307.8 21.1 314.2 28.8 272.9 63.5 266.5 55.9 small-vehicle 0
100.7 30.9 117.9 44.6 101.8 64.9 84.5 51.2 small-vehicle 0
79.3 69.1 90.9 77.0 80.7 91.9 69.1 84.0 small-vehicle 0
142.3 43.8 150.8 49.1 128.5 84.7 120.0 79.4 small-vehicle 0
155.5 50.3 174.3 61.8 152.5 97.7 133.7 86.2 small-vehicle 0
198.8 77.6 206.1 84.4 182.8 109.2 175.5 102.4 small-vehicle 0
207.5 86.0 225.3 98.8 203.1 129.7 185.3 116.9 small-vehicle 0
101.2 536.5 113.2 549.9 87.8 572.5 75.8 559.1 small-vehicle 0
114.0 550.5 128.3 561.5 105.0 591.5 90.7 580.5 small-vehicle 0
149.2 525.1 162.9 536.8 143.4 559.7 129.7 548.0 small-vehicle 0
249.4 729.2 257.8 734.6 241.6 759.8 233.2 754.4 small-vehicle 0
253.8 771.1 261.4 777.5 231.7 812.6 224.0 806.2 small-vehicle 0
283.3 752.1 291.9 757.2 278.8 779.6 270.2 774.6 small-vehicle 0
263.1 780.3 280.6 793.7 259.9 820.7 242.4 807.3 small-vehicle 0
300.5 764.2 308.5 770.3 292.8 791.0 284.8 784.9 small-vehicle 0
304.2 796.9 318.9 807.3 287.6 851.4 273.0 841.0 small-vehicle 0
47.9 790.9 56.5 796.0 39.1 825.3 30.5 820.1 small-vehicle 0
64.8 796.7 73.9 801.0 57.7 835.4 48.6 831.1 small-vehicle 0
92.4 805.3 99.7 812.1 65.6 848.7 58.3 841.9 small-vehicle 0
107.6 810.1 115.8 815.8 87.1 856.8 78.9 851.1 small-vehicle 0
126.9 822.5 134.8 828.6 106.8 865.1 98.9 859.0 small-vehicle 0
143.5 836.9 151.1 843.4 123.5 875.1 115.9 868.6 small-vehicle 0
159.0 846.1 167.4 851.5 146.8 883.4 138.4 878.0 small-vehicle 0
174.3 856.6 182.7 862.1 157.1 900.4 148.8 894.8 small-vehicle 0
190.5 871.4 198.7 877.1 176.8 908.2 168.6 902.5 small-vehicle 0
192.9 887.8 210.9 886.9 212.4 916.9 194.4 917.8 small-vehicle 0
265.8 743.1 273.8 749.1 258.2 769.9 250.2 763.9 small-vehicle 0
236.1 758.2 244.4 763.6 214.9 808.8 206.6 803.4 small-vehicle 0
155.9 566.0 164.2 571.6 142.7 603.0 134.4 597.3 small-vehicle 0
209.5 748.4 227.3 761.3 197.9 801.8 180.1 788.9 small-vehicle 0
191.1 543.8 202.1 552.5 183.4 576.0 172.5 567.3 small-vehicle 0
172.5 568.2 190.2 581.3 160.4 621.4 142.7 608.3 small-vehicle 0
192.8 585.4 201.0 591.1 177.2 625.6 169.0 619.9 small-vehicle 0
203.4 595.0 218.2 605.2 198.9 633.2 184.1 623.0 small-vehicle 0
249.6 566.7 257.3 573.1 230.4 605.3 222.7 598.9 small-vehicle 0
253.4 582.2 272.5 593.1 259.7 615.7 240.5 604.8 small-vehicle 0
245.7 610.4 254.0 616.0 226.0 657.5 217.7 651.9 small-vehicle 0
262.4 619.4 270.5 625.3 243.6 662.6 235.5 656.7 small-vehicle 0
281.4 632.6 288.8 639.3 260.6 670.4 253.2 663.7 small-vehicle 0
293.8 636.4 311.8 649.1 285.2 686.6 267.2 673.9 small-vehicle 0
29.7 669.9 31.3 671.1 30.1 672.7 28.5 671.5 small-vehicle 0
58.5 662.3 66.5 668.4 43.5 698.7 35.5 692.6 small-vehicle 0
72.1 673.2 85.3 685.5 62.1 710.3 48.9 698.1 small-vehicle 0
88.4 637.6 102.7 648.5 84.6 672.4 70.3 661.5 small-vehicle 0
110.0 647.0 117.8 653.3 94.0 682.9 86.2 676.6 small-vehicle 0
129.0 649.3 137.4 654.8 110.0 696.7 101.6 691.2 small-vehicle 0
106.5 687.2 120.8 698.1 90.5 737.8 76.2 726.9 small-vehicle 0
151.6 661.6 159.0 668.4 125.4 705.4 118.0 698.6 small-vehicle 0
154.2 681.0 172.0 693.9 156.8 715.0 139.0 702.1 small-vehicle 0
127.5 701.3 135.7 707.0 109.5 744.7 101.3 739.0 small-vehicle 0
146.4 707.9 154.5 713.8 127.6 751.1 119.5 745.2 small-vehicle 0
161.8 721.0 170.2 726.5 144.8 764.8 136.4 759.3 small-vehicle 0
173.7 694.0 188.1 704.9 172.3 725.6 158.0 714.7 small-vehicle 0
179.5 735.5 187.3 741.8 163.5 771.5 155.7 765.2 small-vehicle 0
197.4 741.1 205.5 747.0 178.4 784.2 170.3 778.3 small-vehicle 0
211.9 715.4 220.3 720.8 206.1 742.6 197.7 737.2 small-vehicle 0
226.6 726.2 235.1 731.5 221.5 753.6 213.0 748.4 small-vehicle 0
435.6 522.2 443.5 528.3 415.6 564.8 407.6 558.8 small-vehicle 0
451.3 534.3 459.1 540.6 442.7 560.7 434.9 554.4 small-vehicle 0
433.1 563.2 444.2 571.8 420.9 601.8 409.8 593.2 small-vehicle 0
426.3 710.1 434.2 716.1 404.2 756.0 396.2 750.0 small-vehicle 0
330.3 626.8 338.2 633.0 322.1 653.5 314.3 647.3 small-vehicle 0
348.4 633.2 356.8 638.6 340.6 663.8 332.2 658.4 small-vehicle 0
313.2 648.0 330.7 661.3 302.8 698.0 285.3 684.7 small-vehicle 0
334.0 674.6 339.6 682.9 318.0 697.4 312.4 689.1 small-vehicle 0
364.4 644.3 372.8 649.7 358.7 671.6 350.3 666.2 small-vehicle 0
357.8 672.8 365.1 679.5 331.2 716.2 323.9 709.5 small-vehicle 0
378.6 651.8 395.5 657.9 385.4 686.2 368.5 680.1 small-vehicle 0
366.6 680.8 384.2 694.0 354.2 734.0 336.6 720.8 small-vehicle 0
401.3 666.7 409.1 673.0 392.7 693.3 384.9 687.0 small-vehicle 0
386.2 699.5 393.6 706.3 370.8 731.5 363.4 724.7 small-vehicle 0
419.6 675.2 428.3 680.2 415.4 702.8 406.7 697.8 small-vehicle 0
406.4 703.4 414.9 708.8 388.3 751.1 379.8 745.8 small-vehicle 0
437.9 685.1 445.8 691.2 430.1 711.9 422.2 705.8 small-vehicle 0
455.5 690.7 463.9 696.1 447.5 721.3 439.1 715.9 small-vehicle 0
467.5 537.5 476.8 541.4 457.5 587.5 448.2 583.6 small-vehicle 0
434.3 715.3 456.4 729.1 429.8 771.4 407.8 757.6 small-vehicle 0
475.1 701.2 483.5 706.8 466.9 731.8 458.5 726.2 small-vehicle 0
463.3 728.6 474.3 737.2 441.1 779.7 430.0 771.1 small-vehicle 0
490.6 710.3 500.0 713.8 489.3 741.9 480.0 738.3 small-vehicle 0
522.5 712.8 529.5 719.9 499.5 749.3 492.5 742.1 small-vehicle 0
479.3 767.7 480.8 769.0 479.5 770.6 478.0 769.2 small-vehicle 0
322.1 772.5 330.0 778.6 311.6 802.3 303.7 796.1 small-vehicle 0
332.3 777.2 351.8 787.3 332.4 824.6 312.9 814.5 small-vehicle 0
373.7 802.3 382.0 808.0 358.3 842.7 350.0 837.0 small-vehicle 0
390.4 813.1 404.6 824.2 383.6 850.9 369.4 839.8 small-vehicle 0
289.1 793.2 297.0 799.4 266.0 838.6 258.1 832.5 small-vehicle 0
540.3 777.7 554.1 789.4 534.7 812.3 520.9 800.6 small-vehicle 0
315.6 614.2 322.9 621.0 305.3 640.1 297.9 633.3 small-vehicle 0
550.2 632.1 572.0 646.2 549.1 681.5 527.3 667.3 small-vehicle 0
545.3 619.4 553.0 625.8 520.9 664.2 513.2 657.8 small-vehicle 0
522.2 620.2 529.1 627.5 507.2 648.0 500.3 640.7 small-vehicle 0
707.1 247.2 714.7 253.7 684.9 288.8 677.3 282.3 small-vehicle 0
737.4 228.8 745.4 234.7 727.8 258.9 719.7 253.0 small-vehicle 0
753.3 230.8 771.1 243.8 753.4 268.0 735.6 255.1 small-vehicle 0
720.3 268.0 727.1 275.3 708.1 293.0 701.3 285.7 small-vehicle 0
736.1 269.8 750.9 280.1 731.4 308.0 716.7 297.7 small-vehicle 0
580.2 290.2 597.9 303.3 580.0 327.4 562.3 314.3 small-vehicle 0
604.1 303.2 612.1 309.2 594.2 333.3 586.2 327.3 small-vehicle 0
586.0 329.5 594.7 334.6 569.4 377.7 560.8 372.7 small-vehicle 0
621.0 312.2 629.1 318.0 611.7 342.4 603.5 336.6 small-vehicle 0
606.9 339.0 615.0 344.9 583.3 388.6 575.2 382.7 small-vehicle 0
619.8 361.5 627.1 368.3 609.3 387.3 602.0 380.5 small-vehicle 0
637.1 326.7 645.0 332.9 628.9 353.3 621.0 347.1 small-vehicle 0
656.5 333.1 665.1 338.3 649.5 363.9 640.9 358.7 small-vehicle 0
639.2 366.9 647.1 373.0 623.8 403.1 615.9 397.0 small-vehicle 0
672.2 350.3 679.8 356.8 662.9 376.6 655.3 370.1 small-vehicle 0
693.3 349.6 708.9 365.1 687.7 386.4 672.1 370.9 small-vehicle 0
660.5 374.5 668.2 380.9 636.5 419.5 628.8 413.1 small-vehicle 0
680.6 384.1 688.5 390.3 655.4 432.9 647.5 426.7 small-vehicle 0
739.9 423.9 774.5 447.8 721.1 525.1 686.5 501.2 large-vehicle 0
596.1 449.5 603.9 455.8 577.4 488.4 569.6 482.1 small-vehicle 0
611.7 457.9 620.2 463.1 596.2 502.4 587.7 497.2 small-vehicle 0
620.9 470.9 639.4 482.9 623.1 508.1 604.6 496.1 small-vehicle 0
609.8 507.5 626.1 522.3 597.7 553.3 581.5 538.5 small-vehicle 0
680.8 601.6 682.4 602.8 681.2 604.4 679.6 603.2 large-vehicle 0
597.4 605.8 608.6 614.1 581.3 651.1 570.1 642.8 small-vehicle 0
492.9 591.9 500.5 598.4 465.4 639.4 457.8 633.0 small-vehicle 0
499.5 601.1 517.4 613.8 495.5 644.9 477.6 632.2 small-vehicle 0
860.9 26.0 866.6 34.2 832.0 58.1 826.3 49.9 small-vehicle 0
887.1 13.1 888.9 14.1 887.9 15.9 886.1 14.9 small-vehicle 0
717.6 223.2 725.5 229.4 709.4 249.8 701.5 243.6 small-vehicle 0
687.8 232.4 696.1 238.0 670.4 276.1 662.1 270.6 small-vehicle 0
697.4 204.5 715.1 217.6 699.6 238.5 681.9 225.4 small-vehicle 0
486.4 553.5 494.5 559.4 476.6 583.5 468.5 577.6 small-vehicle 0
472.0 587.1 479.7 593.5 453.0 625.9 445.3 619.5 small-vehicle 0
497.2 561.9 515.8 573.7 501.9 595.6 483.3 583.9 small-vehicle 0
537.8 580.3 564.1 601.8 547.6 621.9 521.3 600.4 small-vehicle 0
684.2 198.2 692.7 203.5 679.0 225.5 670.5 220.2 small-vehicle 0
645.2 59.3 653.8 64.4 630.4 104.0 621.8 98.9 small-vehicle 0
667.8 65.5 676.0 71.1 647.8 112.4 639.6 106.8 small-vehicle 0
698.2 50.3 706.0 56.6 687.1 79.9 679.3 73.6 small-vehicle 0
686.5 81.6 693.7 88.6 661.5 121.4 654.3 114.4 small-vehicle 0
712.4 65.1 721.2 69.8 708.8 92.7 700.0 87.9 small-vehicle 0
702.3 86.7 710.3 92.7 680.1 132.6 672.1 126.5 small-vehicle 0
713.7 92.6 732.0 104.8 704.3 146.4 686.0 134.2 small-vehicle 0
732.1 72.1 740.9 76.9 728.4 99.7 719.7 94.9 small-vehicle 0
756.9 75.3 764.2 82.1 743.6 104.0 736.4 97.1 small-vehicle 0
730.1 131.1 731.6 132.5 730.3 134.0 728.8 132.7 small-vehicle 0
768.4 80.5 786.1 93.7 758.6 130.5 740.9 117.3 small-vehicle 0
787.0 93.5 796.2 97.4 782.9 128.7 773.7 124.7 small-vehicle 0
804.3 93.0 823.6 103.5 801.7 144.0 782.4 133.5 small-vehicle 0
822.5 105.4 844.1 119.8 818.7 158.2 797.1 143.8 small-vehicle 0
770.3 134.0 788.4 146.4 764.7 181.0 746.6 168.6 small-vehicle 0
798.0 169.9 799.5 171.2 798.2 172.7 796.7 171.4 small-vehicle 0
577.9 137.3 586.1 143.0 569.1 167.7 560.9 162.0 small-vehicle 0
586.1 175.8 593.5 182.5 556.9 222.2 549.5 215.5 small-vehicle 0
599.3 149.3 606.5 156.2 585.7 177.8 578.5 170.9 small-vehicle 0
613.7 159.3 622.0 164.8 605.3 189.7 597.0 184.2 small-vehicle 0
626.7 160.5 645.6 171.7 630.3 197.5 611.4 186.3 small-vehicle 0
600.7 185.8 608.9 191.5 578.0 235.8 569.8 230.1 small-vehicle 0
618.2 192.9 626.5 198.5 598.8 240.1 590.5 234.5 small-vehicle 0
651.1 176.4 658.7 182.9 641.9 202.6 634.3 196.1 small-vehicle 0
632.5 197.5 650.5 210.3 623.9 247.8 605.9 235.1 small-vehicle 0
665.3 191.6 673.3 197.6 657.7 218.4 649.7 212.4 small-vehicle 0
656.3 216.7 663.9 223.2 633.8 258.1 626.3 251.5 small-vehicle 0
674.3 222.4 682.1 228.7 650.9 267.8 643.1 261.5 small-vehicle 0
679.7 41.9 687.3 48.4 670.3 68.1 662.7 61.6 small-vehicle 0
659.3 34.2 668.1 38.9 655.7 61.8 646.9 57.1 small-vehicle 0
634.3 51.0 641.8 57.6 606.1 98.1 598.6 91.5 small-vehicle 0
796.8 -8.3 812.8 6.8 789.4 31.5 773.4 16.4 small-vehicle 0
814.7 -1.4 829.5 9.0 805.3 43.4 790.5 33.0 small-vehicle 0
844.1 1.3 852.2 7.2 815.7 57.3 807.6 51.5 small-vehicle 0
605.4 1.2 618.5 13.5 600.8 32.5 587.6 20.2 small-vehicle 0
578.5 20.5 586.2 26.8 554.5 65.5 546.8 59.2 small-vehicle 0
591.9 26.4 600.7 31.1 579.1 71.6 570.3 66.9 small-vehicle 0
618.8 8.0 637.6 19.3 624.2 41.6 605.4 30.3 small-vehicle 0
605.8 38.4 623.7 51.1 597.1 88.6 579.1 75.8 small-vehicle 0
644.3 20.8 652.1 27.2 633.1 50.4 625.4 44.1 small-vehicle 0
