442.3 398.4 455.9 381.1 485.7 404.6 472.1 421.9 small-vehicle 0
546.0 436.6 578.3 393.3 676.0 466.4 643.7 509.7 large-vehicle 0
330.3 888.3 343.7 866.0 379.7 887.7 366.3 910.0 small-vehicle 0
268.3 814.5 274.3 806.5 298.2 824.7 292.1 832.7 small-vehicle 0
209.8 806.3 216.0 798.4 252.2 826.7 246.0 834.6 small-vehicle 0
208.8 835.6 214.5 827.4 239.2 844.4 233.5 852.6 small-vehicle 0
188.1 856.2 201.5 838.8 237.9 866.8 224.5 884.2 small-vehicle 0
236.9 863.7 252.1 842.7 286.1 867.3 270.9 888.3 small-vehicle 0
323.8 912.5 335.6 893.9 364.3 912.1 352.6 930.7 small-vehicle 0
491.3 922.8 503.5 904.4 538.4 927.7 526.2 946.0 small-vehicle 0
270.9 793.1 279.4 782.0 309.6 805.1 301.1 816.2 small-vehicle 0
347.2 862.3 353.6 854.6 385.7 881.7 379.3 889.3 small-vehicle 0
497.3 900.9 511.2 883.9 546.7 913.1 532.8 930.1 small-vehicle 0
513.5 884.8 529.5 864.3 562.5 890.2 546.5 910.7 small-vehicle 0
511.4 846.6 517.8 838.9 574.6 886.4 568.2 894.1 small-vehicle 0
405.4 848.6 420.1 832.3 454.3 863.1 439.5 879.4 small-vehicle 0
357.5 838.8 364.1 831.3 395.5 859.2 388.9 866.7 small-vehicle 0
222.6 789.6 228.4 781.4 259.4 803.4 253.6 811.6 small-vehicle 0
239.1 773.1 245.4 765.3 268.7 784.2 262.5 791.9 small-vehicle 0
283.6 694.7 289.8 686.8 313.4 705.3 307.2 713.2 small-vehicle 0
137.0 640.6 142.9 632.5 167.0 650.4 161.1 658.5 small-vehicle 0
168.3 655.5 179.3 641.3 215.7 669.5 204.7 683.7 small-vehicle 0
158.8 676.1 164.2 667.6 203.0 692.4 197.6 700.8 small-vehicle 0
150.2 695.6 156.4 687.7 195.5 718.9 189.3 726.7 small-vehicle 0
305.8 654.7 311.4 646.5 336.2 663.3 330.6 671.5 small-vehicle 0
287.6 665.2 294.1 657.6 332.4 689.8 325.9 697.4 small-vehicle 0
311.7 715.9 325.6 698.8 358.3 725.1 344.4 742.2 small-vehicle 0
277.6 773.5 290.5 755.7 324.4 780.5 311.5 798.3 small-vehicle 0
136.6 714.4 142.7 706.5 185.4 739.6 179.3 747.5 small-vehicle 0
130.0 738.6 136.1 730.7 172.6 758.7 166.5 766.7 small-vehicle 0
264.5 714.3 280.5 693.8 313.5 719.7 297.5 740.2 small-vehicle 0
259.0 734.0 265.0 726.0 289.0 744.0 283.0 752.0 small-vehicle 0
289.5 752.7 304.2 736.3 335.5 764.3 320.8 780.7 small-vehicle 0
241.7 747.0 248.1 739.3 274.3 761.0 267.9 768.7 small-vehicle 0
376.9 829.7 383.0 821.8 406.7 840.1 400.6 848.0 small-vehicle 0
416.5 827.5 421.9 819.1 460.8 843.5 455.5 852.0 small-vehicle 0
381.9 811.0 395.6 793.8 419.1 812.4 405.4 829.7 small-vehicle 0
486.1 632.0 492.5 624.3 515.7 643.4 509.3 651.1 small-vehicle 0
589.1 761.7 595.4 754.0 618.7 772.9 612.4 780.7 small-vehicle 0
590.8 735.3 597.1 727.5 636.1 758.7 629.8 766.5 small-vehicle 0
495.2 685.9 501.7 678.3 536.8 708.1 530.3 715.7 small-vehicle 0
470.6 656.5 481.7 637.5 507.6 652.7 496.5 671.6 small-vehicle 0
509.5 665.0 516.1 657.4 550.8 687.6 544.2 695.2 small-vehicle 0
376.5 642.4 386.7 627.6 411.4 644.5 401.2 659.4 small-vehicle 0
527.9 628.0 533.9 620.1 567.4 645.4 561.3 653.4 small-vehicle 0
425.8 809.2 440.2 792.6 471.9 820.1 457.5 836.7 small-vehicle 0
521.9 647.9 528.1 640.1 561.1 666.1 554.9 673.9 small-vehicle 0
620.8 777.4 626.7 769.3 667.2 798.6 661.3 806.7 small-vehicle 0
634.3 763.0 639.0 754.2 676.0 774.1 671.2 782.9 small-vehicle 0
764.9 699.4 776.9 717.8 751.8 734.3 739.8 715.9 small-vehicle 0
610.5 503.9 624.3 486.8 653.8 510.8 640.0 527.8 small-vehicle 0
661.8 709.3 674.5 691.3 712.2 717.7 699.5 735.7 small-vehicle 0
600.9 805.0 616.9 784.6 653.1 813.0 637.1 833.4 small-vehicle 0
562.8 782.5 579.6 762.6 605.6 784.5 588.9 804.4 small-vehicle 0
336.4 675.0 349.3 657.1 386.6 684.0 373.7 701.9 small-vehicle 0
475.3 704.4 486.8 690.5 525.3 722.4 513.8 736.2 small-vehicle 0
471.6 727.3 477.2 719.0 518.7 746.9 513.2 755.2 small-vehicle 0
442.8 711.6 451.2 700.4 475.2 718.4 466.8 729.6 small-vehicle 0
415.9 743.4 425.1 732.8 447.8 752.4 438.6 763.0 small-vehicle 0
464.5 749.2 469.9 740.8 508.5 765.8 503.1 774.2 small-vehicle 0
450.8 761.2 457.1 753.4 493.0 782.1 486.8 789.9 small-vehicle 0
441.7 778.0 448.1 770.4 483.3 800.0 476.9 807.6 small-vehicle 0
403.5 766.9 409.6 758.9 433.4 777.1 427.4 785.1 small-vehicle 0
395.9 785.2 401.8 777.1 426.1 794.8 420.2 802.9 small-vehicle 0
552.6 796.1 558.1 787.8 599.7 815.5 594.1 823.9 small-vehicle 0
551.0 820.1 556.9 812.0 581.0 829.9 575.1 838.0 small-vehicle 0
583.2 841.4 590.5 829.5 629.8 853.6 622.5 865.5 small-vehicle 0
568.4 865.7 584.3 845.1 620.6 873.3 604.7 893.9 small-vehicle 0
542.6 845.5 547.8 836.9 573.4 852.5 568.2 861.1 small-vehicle 0
142.4 610.5 149.0 603.0 189.6 638.5 183.0 646.0 small-vehicle 0
160.3 598.3 166.0 590.1 197.1 611.9 191.4 620.1 small-vehicle 0
318.6 611.0 328.8 596.2 363.4 620.0 353.2 634.8 small-vehicle 0
206.6 598.6 215.2 587.6 248.4 613.4 239.8 624.4 small-vehicle 0
35.1 279.0 51.8 259.0 83.9 286.0 67.2 306.0 small-vehicle 0
53.0 570.0 67.7 553.6 96.0 579.0 81.3 595.4 small-vehicle 0
10.9 545.2 21.9 531.0 55.1 556.8 44.1 571.0 small-vehicle 0
65.0 549.6 70.4 541.1 106.0 563.4 100.6 571.9 small-vehicle 0
88.1 510.5 99.0 496.2 129.3 519.2 118.4 533.5 small-vehicle 0
56.5 469.3 69.2 451.4 103.5 475.7 90.8 493.6 small-vehicle 0
61.3 441.0 67.1 432.9 107.7 462.0 101.9 470.1 small-vehicle 0
75.7 202.6 91.0 181.5 128.3 208.4 113.0 229.5 small-vehicle 0
173.3 256.9 189.5 236.6 222.3 262.9 206.1 283.2 small-vehicle 0
219.0 254.9 254.2 208.9 309.8 251.4 274.6 297.5 large-vehicle 0
250.5 521.4 260.5 506.4 295.5 529.6 285.5 544.6 small-vehicle 0
239.6 543.7 249.6 528.8 284.4 552.3 274.4 567.2 small-vehicle 0
171.6 553.3 179.9 542.0 220.2 571.6 211.9 582.9 small-vehicle 0
165.0 577.5 170.9 569.5 207.8 596.9 201.9 604.9 small-vehicle 0
124.6 658.3 130.7 650.4 154.4 668.7 148.3 676.6 small-vehicle 0
32.6 611.1 42.7 596.2 77.4 619.9 67.3 634.8 small-vehicle 0
30.7 629.4 36.4 621.2 64.3 640.6 58.6 648.8 small-vehicle 0
113.0 677.4 119.2 669.6 146.0 690.6 139.8 698.4 small-vehicle 0
100.6 693.3 106.4 685.1 134.0 705.0 128.2 713.1 small-vehicle 0
92.7 726.1 109.5 706.4 132.3 725.9 115.5 745.6 small-vehicle 0
111.7 759.3 125.4 742.1 161.3 770.7 147.6 787.9 small-vehicle 0
85.7 738.4 91.2 730.1 116.3 746.6 110.8 754.9 small-vehicle 0
67.2 751.8 73.7 744.1 105.8 771.2 99.3 778.9 small-vehicle 0
53.1 782.7 67.5 761.0 99.1 782.1 84.7 803.7 small-vehicle 0
83.5 818.0 103.4 790.4 137.5 815.0 117.6 842.6 small-vehicle 0
-13.6 670.0 5.3 646.7 37.9 673.1 19.1 696.5 small-vehicle 0
