410.0 395.5 421.1 381.4 454.0 407.5 442.9 421.6 small-vehicle 0
525.0 431.5 545.7 404.5 633.0 471.5 612.3 498.5 large-vehicle 0
304.2 882.2 309.5 873.7 341.8 893.8 336.5 902.3 small-vehicle 0
230.4 817.0 240.1 801.8 272.1 822.2 262.4 837.4 small-vehicle 0
177.0 808.2 182.4 799.8 221.0 824.8 215.6 833.2 small-vehicle 0
170.5 826.2 177.5 819.0 213.5 853.8 206.5 861.0 small-vehicle 0
153.0 853.3 166.7 836.1 209.0 869.7 195.3 886.9 small-vehicle 0
209.8 868.1 224.1 846.4 249.2 862.9 234.9 884.6 small-vehicle 0
291.0 920.5 301.3 892.4 333.2 904.1 322.9 932.3 small-vehicle 0
459.5 921.0 473.0 903.7 506.2 929.4 492.7 946.8 small-vehicle 0
243.8 792.7 250.5 785.3 272.7 805.5 265.9 812.9 small-vehicle 0
313.6 861.0 320.0 853.4 355.3 882.9 348.9 890.6 small-vehicle 0
472.5 894.4 480.0 887.8 507.5 919.6 500.0 926.2 small-vehicle 0
485.3 876.3 491.8 868.7 526.7 898.7 520.2 906.3 small-vehicle 0
489.8 852.3 496.9 845.2 532.2 880.7 525.1 887.8 small-vehicle 0
379.3 853.9 394.2 837.6 416.3 857.9 401.5 874.1 small-vehicle 0
323.8 837.7 330.4 830.2 365.2 860.3 358.6 867.8 small-vehicle 0
188.8 788.9 194.4 780.6 229.2 804.1 223.6 812.4 small-vehicle 0
201.0 764.1 208.2 757.1 242.8 793.2 235.6 800.1 small-vehicle 0
245.2 690.0 251.2 682.1 287.8 710.0 281.8 717.9 small-vehicle 0
97.2 634.0 103.4 626.1 142.8 657.0 136.6 664.9 small-vehicle 0
143.6 660.1 151.4 648.4 176.4 664.9 168.6 676.6 small-vehicle 0
134.0 678.8 140.3 671.0 163.8 689.6 157.5 697.5 small-vehicle 0
124.7 699.9 131.2 692.4 157.0 714.5 150.5 722.1 small-vehicle 0
266.8 651.1 272.1 642.6 311.2 666.9 305.9 675.4 small-vehicle 0
251.9 669.6 266.2 652.9 304.1 685.4 289.8 702.1 small-vehicle 0
283.2 719.8 300.9 700.8 322.8 721.2 305.1 740.2 small-vehicle 0
254.2 771.6 260.4 763.7 283.8 782.4 277.6 790.3 small-vehicle 0
112.1 721.7 117.6 713.4 145.9 732.3 140.4 740.6 small-vehicle 0
104.9 742.0 111.8 734.7 133.7 755.3 126.8 762.6 small-vehicle 0
236.0 706.5 242.2 698.7 278.0 727.5 271.8 735.3 small-vehicle 0
219.4 727.3 225.6 719.5 264.6 750.7 258.4 758.5 small-vehicle 0
265.1 749.7 272.3 742.8 295.9 767.3 288.7 774.2 small-vehicle 0
204.5 740.3 211.4 733.1 247.5 767.7 240.6 774.9 small-vehicle 0
340.9 824.4 347.7 817.0 378.7 845.3 372.0 852.7 small-vehicle 0
391.5 831.1 397.2 822.9 421.9 839.9 416.2 848.2 small-vehicle 0
342.1 810.6 355.9 788.5 394.9 812.9 381.1 834.9 small-vehicle 0
446.6 625.4 453.0 617.7 491.2 650.0 484.8 657.7 small-vehicle 0
549.5 755.2 555.9 747.5 594.3 779.5 587.9 787.2 small-vehicle 0
560.6 729.1 568.4 722.8 602.3 764.9 594.5 771.2 small-vehicle 0
458.1 691.8 475.1 672.1 509.9 702.2 492.9 721.9 small-vehicle 0
432.7 650.8 441.7 635.3 481.5 658.3 472.5 673.9 small-vehicle 0
483.7 670.0 490.4 662.5 512.7 682.6 506.0 690.1 small-vehicle 0
340.0 643.9 350.7 624.6 383.9 643.0 373.3 662.3 small-vehicle 0
496.2 627.3 502.5 619.6 535.0 646.1 528.7 653.9 small-vehicle 0
402.8 807.4 409.9 800.4 430.9 821.8 423.8 828.8 small-vehicle 0
494.3 652.5 500.1 644.3 524.7 661.5 518.9 669.7 small-vehicle 0
596.7 783.8 602.3 775.5 627.3 792.2 621.7 800.5 small-vehicle 0
608.0 763.8 613.9 755.7 638.2 773.3 632.4 781.4 small-vehicle 0
734.6 692.7 750.3 708.1 718.1 741.0 702.4 725.6 small-vehicle 0
575.7 500.1 590.4 483.8 624.6 514.6 609.8 530.9 small-vehicle 0
631.7 709.1 645.3 691.9 678.3 717.9 664.7 735.1 small-vehicle 0
575.2 809.0 592.2 789.4 614.8 809.0 597.8 828.6 small-vehicle 0
531.6 772.1 538.1 764.6 572.8 794.8 566.3 802.4 small-vehicle 0
310.9 680.3 323.2 662.0 348.1 678.7 335.8 697.0 small-vehicle 0
466.9 713.4 468.2 712.0 469.7 713.3 468.3 714.8 small-vehicle 0
447.9 733.0 453.4 724.7 478.5 741.2 473.0 749.6 small-vehicle 0
407.0 711.8 421.8 695.4 447.0 718.2 432.2 734.6 small-vehicle 0
377.4 734.8 387.5 725.1 422.3 760.9 412.3 770.7 small-vehicle 0
434.0 750.6 439.3 742.1 475.0 764.4 469.7 772.9 small-vehicle 0
425.2 765.9 431.6 758.2 454.7 777.4 448.3 785.1 small-vehicle 0
415.9 782.9 422.5 775.4 445.1 795.1 438.5 802.6 small-vehicle 0
362.1 759.3 368.3 751.4 410.8 784.7 404.7 792.6 small-vehicle 0
357.2 781.1 362.9 772.9 400.8 798.9 395.1 807.1 small-vehicle 0
522.7 796.0 528.7 788.0 565.5 815.6 559.6 823.6 small-vehicle 0
509.7 812.1 515.9 804.3 558.3 837.9 552.1 845.7 small-vehicle 0
558.1 845.3 565.7 833.5 590.9 849.7 583.3 861.5 small-vehicle 0
542.7 870.7 558.5 850.1 582.3 868.3 566.5 888.9 small-vehicle 0
504.1 840.4 509.6 832.1 547.9 857.6 542.4 865.9 small-vehicle 0
112.0 611.5 118.7 604.1 156.0 637.5 149.3 644.9 small-vehicle 0
126.7 597.0 132.5 588.8 166.7 613.2 160.9 621.4 small-vehicle 0
283.3 612.9 303.1 590.4 334.7 618.1 314.9 640.6 small-vehicle 0
176.9 605.2 190.7 588.0 214.1 606.8 200.3 624.0 small-vehicle 0
5.0 277.6 23.9 259.8 50.0 287.4 31.1 305.2 small-vehicle 0
22.5 571.2 37.3 554.9 62.5 577.8 47.7 594.1 small-vehicle 0
32.5 545.8 38.9 538.1 74.5 567.2 68.1 574.9 small-vehicle 0
53.5 509.8 67.7 492.9 99.9 519.9 85.7 536.8 small-vehicle 0
24.4 469.9 36.7 451.6 71.6 475.1 59.3 493.4 small-vehicle 0
32.3 439.5 39.1 432.2 72.7 463.5 65.9 470.8 small-vehicle 0
42.1 201.8 57.0 180.5 97.9 209.2 83.0 230.5 small-vehicle 0
141.2 258.3 156.2 237.1 190.4 261.5 175.4 282.7 small-vehicle 0
201.7 249.6 219.3 225.2 263.1 256.8 245.5 281.1 large-vehicle 0
218.3 517.5 226.7 506.2 263.7 533.5 255.3 544.8 small-vehicle 0
205.3 546.9 220.0 525.4 254.7 549.1 240.0 570.6 small-vehicle 0
139.6 548.7 149.4 538.7 188.2 576.2 178.5 586.3 small-vehicle 0
133.0 577.5 138.9 569.5 175.8 596.9 169.9 604.9 small-vehicle 0
86.5 652.8 92.9 645.1 128.5 674.2 122.1 681.9 small-vehicle 0
1.3 606.4 7.0 598.2 44.7 624.6 39.0 632.8 small-vehicle 0
3.4 634.2 8.2 625.4 27.6 635.8 22.8 644.6 small-vehicle 0
76.3 673.8 82.4 665.9 118.7 694.2 112.6 702.1 small-vehicle 0
62.6 687.5 68.8 679.7 108.0 710.7 101.8 718.6 small-vehicle 0
59.9 711.0 67.2 704.3 101.1 741.0 93.8 747.7 small-vehicle 0
85.9 764.4 99.5 747.1 123.1 765.6 109.5 782.9 small-vehicle 0
45.6 732.4 51.3 724.2 92.4 752.6 86.7 760.8 small-vehicle 0
35.6 751.1 42.3 743.7 73.4 771.9 66.7 779.3 small-vehicle 0
17.8 769.2 23.8 761.1 70.4 795.6 64.5 803.6 small-vehicle 0
51.5 817.1 72.2 790.2 105.5 815.9 84.8 842.8 small-vehicle 0
