159.8 104.4 185.8 71.5 206.2 87.6 180.2 120.5 small-vehicle 0
358.6 678.0 371.7 690.3 348.4 715.0 335.3 702.7 large-vehicle 0
324.2 719.6 328.4 724.0 303.8 747.4 299.6 743.0 large-vehicle 0
381.3 763.5 385.4 767.8 346.7 805.5 342.6 801.2 large-vehicle 0
391.1 773.3 395.3 777.6 353.6 817.9 349.4 813.6 large-vehicle 0
402.2 780.4 406.8 784.3 366.8 831.6 362.2 827.7 large-vehicle 0
406.4 786.5 419.7 798.6 380.6 841.5 367.3 829.4 large-vehicle 0
430.9 753.8 435.1 758.1 411.1 782.2 406.9 777.9 large-vehicle 0
436.1 759.6 448.9 772.3 424.9 796.4 412.1 783.7 large-vehicle 0
468.8 722.0 487.4 740.1 463.7 764.5 445.1 746.4 large-vehicle 0
522.7 683.2 544.8 703.4 505.8 746.3 483.6 726.1 large-vehicle 0
550.7 654.0 575.0 677.7 551.3 702.0 527.0 678.3 large-vehicle 0
505.7 763.3 515.0 752.8 564.3 796.7 555.0 807.2 large-vehicle 0
489.8 781.9 499.0 771.4 542.7 809.6 533.5 820.1 large-vehicle 0
464.4 807.4 468.5 803.0 511.2 842.2 507.1 846.6 large-vehicle 0
458.2 815.6 462.6 811.5 499.9 850.5 495.6 854.6 large-vehicle 0
439.2 832.0 443.7 828.1 479.4 868.6 474.9 872.5 large-vehicle 0
427.1 837.8 431.5 833.7 470.9 876.2 466.5 880.3 large-vehicle 0
419.9 854.6 423.4 849.7 467.1 881.4 463.6 886.3 large-vehicle 0
411.7 860.3 415.6 855.7 459.8 893.2 455.9 897.8 large-vehicle 0
405.9 868.8 410.2 864.6 448.1 903.2 443.8 907.4 large-vehicle 0
374.8 890.4 428.5 912.2 420.2 932.6 366.5 910.8 large-vehicle 0
280.6 819.7 301.0 797.8 343.4 837.3 323.0 859.2 large-vehicle 0
324.5 699.2 328.8 703.4 285.5 747.8 281.2 743.6 large-vehicle 0
353.0 674.8 357.0 679.2 332.0 702.2 328.0 697.8 large-vehicle 0
338.8 929.2 342.7 924.6 387.2 961.8 383.3 966.4 large-vehicle 0
350.6 655.4 355.2 659.3 340.9 676.1 336.3 672.2 large-vehicle 0
645.0 199.6 649.8 203.2 638.9 217.5 634.1 213.9 large-vehicle 0
581.2 117.3 728.3 237.6 716.9 251.5 569.8 131.3 large-vehicle 0
625.2 90.8 654.7 120.7 624.8 150.2 595.3 120.3 large-vehicle 0
563.1 129.8 682.7 250.6 669.9 263.2 550.3 142.4 large-vehicle 0
557.6 165.2 670.3 264.3 658.4 277.8 545.7 178.7 large-vehicle 0
514.7 186.7 642.1 316.7 629.3 329.3 501.9 199.3 large-vehicle 0
567.6 272.1 576.5 283.0 559.4 296.9 550.5 286.0 large-vehicle 0
552.6 305.2 562.3 315.3 549.4 327.8 539.7 317.7 large-vehicle 0
482.9 344.8 503.0 361.3 489.0 378.3 468.9 361.8 large-vehicle 0
527.6 313.9 532.3 317.7 518.6 334.9 513.9 331.1 large-vehicle 0
503.5 322.7 508.5 331.3 489.5 342.3 484.5 333.7 large-vehicle 0
537.6 287.7 541.7 292.1 528.4 304.3 524.3 299.9 large-vehicle 0
545.4 260.9 549.7 265.0 531.8 283.9 527.5 279.7 large-vehicle 0
505.3 299.1 509.7 303.1 492.2 322.4 487.8 318.4 large-vehicle 0
473.7 323.5 483.7 333.3 448.8 369.0 438.8 359.2 large-vehicle 0
570.6 144.1 596.7 171.6 557.6 208.8 531.4 181.3 large-vehicle 0
514.7 203.3 539.0 227.1 501.3 265.7 477.0 241.9 large-vehicle 0
468.1 255.3 486.1 274.1 449.9 308.7 431.9 289.9 large-vehicle 0
477.6 569.0 503.3 597.0 466.5 630.8 440.8 602.8 large-vehicle 0
383.0 642.3 387.5 646.2 373.0 662.7 368.5 658.8 large-vehicle 0
408.4 637.6 412.6 641.8 368.6 685.4 364.4 681.2 large-vehicle 0
349.3 919.1 353.5 914.8 392.2 952.4 388.0 956.7 large-vehicle 0
325.7 931.4 329.8 926.9 387.3 979.6 383.2 984.1 large-vehicle 0
606.3 255.5 610.6 259.8 592.1 278.1 587.9 273.8 large-vehicle 0
237.7 795.3 242.1 791.2 268.3 818.7 263.9 822.8 large-vehicle 0
253.0 781.2 265.5 768.2 290.0 791.8 277.5 804.8 large-vehicle 0
104.0 850.4 108.3 846.2 132.0 870.6 127.7 874.8 large-vehicle 0
113.3 843.0 117.2 838.5 142.7 861.0 138.8 865.5 large-vehicle 0
120.0 830.6 124.1 826.2 149.0 849.4 144.9 853.8 large-vehicle 0
131.0 806.7 141.3 797.2 180.5 839.8 170.2 849.3 large-vehicle 0
143.7 791.6 165.8 771.3 207.8 816.9 185.7 837.2 large-vehicle 0
195.8 758.3 205.3 748.0 233.2 773.7 223.7 784.0 large-vehicle 0
212.9 745.3 234.9 724.8 258.1 749.7 236.1 770.2 large-vehicle 0
50.1 812.8 54.4 808.7 93.9 851.2 89.6 855.3 large-vehicle 0
69.1 812.3 73.5 808.3 96.5 833.3 92.1 837.4 large-vehicle 0
84.8 796.1 95.3 786.9 117.7 812.4 107.2 821.7 large-vehicle 0
106.1 774.9 110.3 770.6 134.4 794.6 130.2 798.9 large-vehicle 0
115.0 765.0 119.2 760.7 143.5 784.5 139.3 788.8 large-vehicle 0
127.1 755.9 131.3 751.6 155.9 775.1 151.7 779.4 large-vehicle 0
125.2 736.5 129.4 732.2 174.3 775.0 170.1 779.3 large-vehicle 0
132.4 731.9 145.3 719.4 185.6 761.1 172.7 773.6 large-vehicle 0
110.7 680.8 115.1 676.7 154.4 719.3 150.0 723.4 large-vehicle 0
108.4 698.2 112.9 694.3 135.0 720.1 130.4 724.0 large-vehicle 0
87.0 722.1 97.6 712.9 119.8 738.7 109.2 747.8 large-vehicle 0
32.8 774.0 37.2 770.0 60.2 795.0 55.8 799.0 large-vehicle 0
20.8 784.0 25.2 779.9 48.2 805.0 43.8 809.1 large-vehicle 0
247.3 786.9 251.3 782.4 276.7 805.1 272.7 809.6 large-vehicle 0
157.9 870.5 161.8 865.9 187.6 888.0 183.7 892.6 large-vehicle 0
314.0 936.2 318.3 932.0 378.5 993.3 374.2 997.5 large-vehicle 0
152.3 879.4 156.9 875.6 178.2 902.1 173.6 905.9 large-vehicle 0
326.6 965.0 331.2 961.2 347.7 981.3 343.0 985.1 large-vehicle 0
327.7 1003.5 337.2 988.2 376.3 1012.5 366.8 1027.8 large-vehicle 0
209.2 882.4 228.7 859.6 269.8 894.6 250.3 917.4 large-vehicle 0
258.1 1000.1 263.0 996.6 287.6 1030.6 282.7 1034.1 large-vehicle 0
244.5 1010.3 248.3 1005.7 274.4 1027.5 270.5 1032.1 large-vehicle 0
267.8 829.9 277.6 819.9 316.0 857.9 306.1 867.9 large-vehicle 0
269.2 897.2 281.5 890.5 299.8 923.8 287.5 930.5 large-vehicle 0
161.9 927.4 166.4 923.4 205.1 966.6 200.6 970.6 large-vehicle 0
170.8 919.4 175.1 915.2 215.9 956.4 211.6 960.6 large-vehicle 0
189.4 899.0 193.6 894.8 237.4 938.7 233.1 942.9 large-vehicle 0
199.3 891.9 203.4 887.5 242.9 924.3 238.8 928.7 large-vehicle 0
132.5 904.5 136.0 899.6 163.5 919.5 160.0 924.4 large-vehicle 0
138.2 886.9 142.3 882.5 166.8 906.1 162.7 910.5 large-vehicle 0
592.7 238.5 597.5 234.9 613.0 255.8 608.2 259.3 large-vehicle 0
666.0 197.4 670.3 201.5 644.4 229.3 640.0 225.2 large-vehicle 0
54.0 151.5 55.6 145.7 73.0 150.5 71.4 156.3 small-vehicle 0
36.7 935.6 38.4 934.7 39.3 936.4 37.6 937.3 small-vehicle 0
8.6 873.7 9.0 875.7 7.1 876.0 6.7 874.1 small-vehicle 0
602.3 520.4 606.4 524.9 593.2 537.1 589.1 532.6 large-vehicle 0
608.9 492.6 651.3 532.2 639.1 545.4 596.7 505.8 large-vehicle 0
640.3 480.4 644.6 484.7 629.0 500.3 624.8 496.0 large-vehicle 0
636.8 464.9 641.1 469.2 614.2 496.1 610.0 491.8 large-vehicle 0
627.9 454.7 632.4 458.7 606.7 486.7 602.3 482.7 large-vehicle 0
601.0 505.0 605.1 509.4 577.5 535.5 573.4 531.1 large-vehicle 0
589.9 496.9 594.2 501.1 570.1 525.1 565.8 520.9 large-vehicle 0
720.9 24.1 722.4 25.5 721.0 27.0 719.5 25.6 large-vehicle 0
762.8 42.7 773.0 52.3 755.2 71.3 745.0 61.7 large-vehicle 0
793.6 50.6 803.5 60.5 768.1 95.8 758.2 85.9 large-vehicle 0
747.9 81.0 752.6 84.8 736.1 105.0 731.4 101.2 large-vehicle 0
728.0 112.5 732.8 103.8 752.0 114.5 747.2 123.2 large-vehicle 0
769.0 91.9 782.0 104.4 764.0 123.1 751.0 110.6 large-vehicle 0
793.9 124.7 853.9 180.6 841.6 193.8 781.6 137.9 large-vehicle 0
868.7 97.1 876.6 103.3 858.2 127.0 850.3 120.8 large-vehicle 0
887.4 97.6 895.7 103.3 876.6 131.4 868.3 125.7 large-vehicle 0
913.1 107.0 917.0 111.6 869.9 152.0 866.0 147.4 large-vehicle 0
862.1 152.4 868.1 160.4 844.1 178.4 838.1 170.4 large-vehicle 0
58.7 145.7 67.8 130.2 83.3 139.3 74.2 154.8 small-vehicle 0
78.1 99.4 82.2 95.0 95.3 107.4 91.2 111.8 small-vehicle 0
109.5 110.2 111.1 124.1 93.3 126.2 91.6 112.3 small-vehicle 0
54.5 27.4 63.9 37.9 47.5 52.6 38.1 42.1 small-vehicle 0
34.8 39.8 48.2 51.8 28.2 74.2 14.8 62.2 small-vehicle 0
19.5 66.2 25.9 73.8 12.1 85.4 5.7 77.7 small-vehicle 0
88.6 94.5 97.8 83.9 105.4 90.5 96.2 101.1 small-vehicle 0
2.1 984.4 4.1 984.6 3.9 986.6 1.9 986.4 small-vehicle 0
920.1 116.7 924.4 120.8 883.9 162.3 879.6 158.2 large-vehicle 0
851.8 139.9 856.1 144.1 840.6 159.7 836.3 155.5 large-vehicle 0
682.0 155.5 691.7 153.4 695.6 170.9 685.8 173.1 large-vehicle 0
661.0 314.8 667.9 322.1 643.2 345.5 636.3 338.2 large-vehicle 0
590.0 321.4 594.5 325.4 571.9 350.8 567.4 346.8 large-vehicle 0
601.6 329.0 605.8 333.3 581.4 357.0 577.2 352.7 large-vehicle 0
608.7 339.2 612.6 343.7 587.1 366.1 583.1 361.6 large-vehicle 0
616.2 348.0 620.2 352.5 594.8 375.0 590.8 370.5 large-vehicle 0
615.3 367.6 618.6 372.6 593.7 389.4 590.4 384.4 large-vehicle 0
635.6 362.5 639.8 366.8 592.8 413.1 588.5 408.8 large-vehicle 0
596.8 406.5 603.1 414.3 545.7 460.9 539.4 453.2 large-vehicle 0
581.6 404.4 584.4 409.7 554.4 425.6 551.6 420.3 large-vehicle 0
579.1 388.0 582.0 393.3 555.9 408.0 553.0 402.7 large-vehicle 0
569.6 377.9 573.4 382.5 553.4 399.1 549.6 394.5 large-vehicle 0
562.9 364.5 567.3 368.6 544.1 393.5 539.7 389.4 large-vehicle 0
552.2 357.7 556.7 361.7 534.1 387.1 529.6 383.1 large-vehicle 0
519.8 396.2 535.3 411.8 511.2 435.8 495.7 420.2 large-vehicle 0
644.3 36.8 779.3 170.5 766.6 183.3 631.6 49.6 large-vehicle 0
677.8 52.5 690.9 64.8 662.2 95.5 649.1 83.2 large-vehicle 0
697.3 127.9 705.6 133.5 695.4 148.4 687.2 142.8 large-vehicle 0
625.9 271.5 629.8 276.0 607.1 295.5 603.2 291.0 large-vehicle 0
674.2 216.1 682.2 222.0 666.8 242.9 658.8 237.0 large-vehicle 0
735.7 163.7 739.7 168.1 714.6 191.0 710.6 186.6 large-vehicle 0
729.3 153.7 733.4 158.1 705.8 184.2 701.7 179.8 large-vehicle 0
720.4 144.1 724.7 148.3 698.6 175.9 694.3 171.7 large-vehicle 0
694.0 329.9 706.7 342.7 679.7 369.4 667.0 356.6 large-vehicle 0
648.0 303.7 651.9 308.3 626.0 330.3 622.1 325.7 large-vehicle 0
821.3 173.2 825.1 177.9 801.8 196.8 798.0 192.1 large-vehicle 0
639.9 291.5 644.3 295.6 621.1 320.5 616.7 316.4 large-vehicle 0
792.8 161.3 797.0 165.7 781.0 180.8 776.9 176.5 large-vehicle 0
797.9 136.9 802.0 141.3 757.1 184.1 753.0 179.7 large-vehicle 0
741.0 175.9 745.2 180.2 720.5 203.6 716.3 199.3 large-vehicle 0
751.8 182.3 756.1 186.5 732.2 210.7 727.9 206.5 large-vehicle 0
761.0 194.1 765.3 198.2 742.0 222.9 737.7 218.8 large-vehicle 0
775.8 195.4 780.6 199.0 762.7 223.1 757.9 219.5 large-vehicle 0
864.4 170.7 868.7 174.9 847.6 196.3 843.3 192.1 large-vehicle 0
824.8 190.7 828.3 195.6 803.7 212.8 800.2 207.9 large-vehicle 0
786.8 208.9 790.9 213.4 768.7 233.6 764.6 229.1 large-vehicle 0
741.1 158.7 886.8 286.8 874.9 300.3 729.2 172.2 large-vehicle 0
699.8 209.6 707.8 215.7 687.0 242.6 679.1 236.5 large-vehicle 0
717.4 220.9 721.6 225.1 697.7 249.2 693.4 245.0 large-vehicle 0
725.9 231.5 730.2 235.7 706.5 260.1 702.2 255.9 large-vehicle 0
785.0 251.8 788.9 256.4 745.0 294.2 741.1 289.6 large-vehicle 0
749.5 265.2 753.8 269.4 735.5 287.8 731.2 283.6 large-vehicle 0
726.8 292.4 744.6 311.3 725.7 329.1 707.9 310.2 large-vehicle 0
700.1 276.1 706.6 283.6 680.9 305.9 674.4 298.4 large-vehicle 0
684.9 263.4 689.2 267.6 665.1 291.6 660.8 287.4 large-vehicle 0
675.9 254.6 680.4 258.6 657.6 283.9 653.1 279.9 large-vehicle 0
660.8 250.5 665.7 253.9 651.2 275.5 646.3 272.1 large-vehicle 0
629.2 286.0 633.3 290.4 608.3 313.5 604.2 309.1 large-vehicle 0
9.4 727.6 10.4 729.4 8.6 730.4 7.6 728.6 large-vehicle 0
