301.8 730.7 520.1 844.2 478.6 924.0 260.3 810.6 large-vehicle 0
161.1 563.4 162.6 562.1 163.9 563.6 162.4 564.9 baseball-diamond 0
350.1 860.1 384.7 532.0 414.5 535.1 379.9 863.3 tennis-court 0
168.2 1042.2 475.4 305.7 506.8 318.8 199.6 1055.3 tennis-court 0
439.1 543.2 455.9 557.5 407.9 613.8 391.1 599.5 tennis-court 0
394.6 530.6 410.1 546.1 360.7 595.7 345.1 580.2 tennis-court 0
498.5 326.9 522.9 335.9 481.9 446.6 457.6 437.6 tennis-court 0
421.4 345.6 437.8 338.1 463.6 394.4 447.2 401.9 tennis-court 0
380.7 328.0 402.6 326.2 406.9 380.1 385.0 381.8 tennis-court 0
538.7 233.2 542.3 246.7 312.3 307.8 308.7 294.3 tennis-court 0
547.1 221.0 548.3 234.9 327.2 254.2 326.0 240.2 tennis-court 0
372.3 175.7 380.4 159.7 524.8 233.2 516.6 249.2 tennis-court 0
322.9 145.3 327.4 127.9 596.5 197.5 592.0 214.9 tennis-court 0
137.1 83.4 138.6 82.1 139.9 83.6 138.4 84.9 baseball-diamond 0
