386.6 861.9 407.5 868.7 395.8 904.9 374.9 898.1 large-vehicle 0
162.1 619.8 163.2 618.1 164.9 619.2 163.8 620.9 baseball-diamond 0
370.0 717.4 391.9 716.0 396.7 789.8 374.7 791.3 tennis-court 0
354.2 701.2 370.9 715.6 322.8 771.8 306.1 757.4 tennis-court 0
438.6 598.6 455.9 612.1 410.4 670.4 393.1 656.9 tennis-court 0
394.9 584.1 411.4 598.7 362.3 654.1 345.9 639.5 tennis-court 0
531.1 395.3 545.2 412.2 451.4 490.2 437.3 473.3 tennis-court 0
508.6 330.6 525.5 344.7 378.4 521.4 361.5 507.3 tennis-court 0
401.2 380.7 421.7 396.7 388.4 439.3 368.0 423.3 tennis-court 0
329.4 318.3 332.6 300.6 523.6 334.7 520.4 352.4 tennis-court 0
376.5 265.8 386.1 250.5 499.7 321.4 490.2 336.7 tennis-court 0
386.5 242.0 393.9 225.6 512.5 278.9 505.1 295.3 tennis-court 0
319.9 200.7 324.4 183.2 601.5 254.1 597.0 271.6 tennis-court 0
138.1 139.4 139.6 138.1 140.9 139.6 139.4 140.9 baseball-diamond 0
