257.3 917.2 259.3 916.8 259.7 918.8 257.7 919.2 bridge 0
431.4 558.6 445.2 556.1 452.6 597.4 438.8 599.9 tennis-court 0
406.2 553.6 420.2 552.5 423.8 598.4 409.8 599.5 tennis-court 0
381.9 551.4 395.4 555.1 384.1 595.6 370.6 591.9 tennis-court 0
355.7 548.0 369.2 551.6 357.3 596.1 343.8 592.5 tennis-court 0
481.2 491.9 489.6 497.4 464.8 536.1 456.4 530.6 tennis-court 0
446.9 489.9 460.4 493.6 449.1 534.1 435.6 530.4 tennis-court 0
415.1 491.0 422.3 498.0 392.9 528.0 385.7 521.0 tennis-court 0
377.4 487.7 390.5 492.8 376.7 528.2 363.7 523.2 tennis-court 0
724.6 259.5 726.0 258.1 727.4 259.5 726.0 260.9 baseball-diamond 0
683.5 160.0 685.1 161.2 683.9 162.8 682.3 161.6 baseball-diamond 0
