404.5 213.9 819.5 163.5 825.5 213.1 410.5 263.5 soccer-ball-field 0
68.9 69.1 69.9 70.9 68.1 71.9 67.1 70.1 swimming-pool 0
41.1 184.1 42.4 185.6 40.9 186.9 39.6 185.4 swimming-pool 0
38.7 283.7 39.3 281.7 41.3 282.3 40.7 284.3 swimming-pool 0
65.6 651.2 67.3 650.1 68.4 651.8 66.7 652.9 swimming-pool 0
62.3 554.6 63.4 556.3 61.7 557.4 60.6 555.7 swimming-pool 0
467.1 161.1 468.9 160.1 469.9 161.9 468.1 162.9 baseball-diamond 0
472.4 -58.6 517.0 5.5 262.6 182.6 218.0 118.5 soccer-ball-field 0
554.5 20.0 573.1 1.8 658.5 89.0 639.9 107.2 soccer-ball-field 0
551.3 99.9 568.7 80.6 677.3 178.1 659.9 197.5 soccer-ball-field 0
681.2 477.7 682.3 479.3 588.8 544.5 587.7 542.9 soccer-ball-field 0
773.7 526.4 939.4 516.2 958.3 825.6 792.6 835.8 ground-track-field 0
415.2 224.9 416.1 682.9 222.1 683.3 221.2 225.3 soccer-ball-field 0
431.5 771.7 475.1 733.5 595.2 870.3 551.6 908.5 soccer-ball-field 0
466.7 377.1 601.1 802.4 496.2 835.5 361.8 410.3 soccer-ball-field 0
330.5 665.3 371.4 694.1 126.5 1042.7 85.6 1013.9 soccer-ball-field 0
302.7 488.9 322.1 846.4 168.3 854.8 148.9 497.3 soccer-ball-field 0
464.1 401.6 466.0 401.1 466.5 403.0 464.6 403.5 baseball-diamond 0
780.5 556.0 800.7 547.4 831.5 619.0 811.3 627.7 tennis-court 0
856.5 546.1 877.6 552.3 854.5 630.9 833.4 624.7 tennis-court 0
922.5 546.6 940.3 559.5 887.4 632.4 869.6 619.5 tennis-court 0
705.7 9.1 787.4 -28.6 917.3 252.9 835.6 290.6 soccer-ball-field 0
798.5 679.6 824.1 684.3 808.5 768.9 782.9 764.2 tennis-court 0
849.3 680.7 874.7 686.1 856.8 770.3 831.4 764.8 tennis-court 0
896.8 683.7 922.5 687.7 910.2 768.7 884.5 764.8 tennis-court 0
