715.4 98.5 727.8 85.5 746.6 103.5 734.2 116.5 small-vehicle 0
244.6 9.3 246.5 10.0 245.8 11.8 243.9 11.1 small-vehicle 0
265.0 15.0 267.0 15.0 267.0 17.0 265.0 17.0 small-vehicle 0
215.0 18.1 222.9 12.0 231.5 23.1 223.5 29.2 small-vehicle 0
226.7 32.1 227.7 26.2 249.3 29.9 248.3 35.8 small-vehicle 0
227.5 44.5 231.1 31.0 252.4 36.5 248.8 50.1 small-vehicle 0
266.2 43.2 267.6 49.0 250.0 53.1 248.7 47.3 small-vehicle 0
254.9 69.9 255.1 51.9 277.1 52.1 276.9 70.1 small-vehicle 0
281.7 69.3 281.8 67.3 283.8 67.4 283.7 69.4 small-vehicle 0
686.5 334.6 929.3 374.0 879.6 680.0 636.7 640.6 soccer-ball-field 0
345.3 148.2 353.2 159.8 96.7 333.8 88.8 322.2 basketball-court 0
266.7 114.1 315.7 363.3 282.3 369.9 233.3 120.7 basketball-court 0
320.9 113.5 379.1 364.9 342.1 373.5 283.9 122.1 basketball-court 0
368.9 112.2 445.4 362.8 409.1 373.8 332.6 123.3 basketball-court 0
745.3 293.4 990.1 456.2 818.5 714.3 573.7 551.5 ground-track-field 0
