3.3 235.8 5.3 235.9 5.2 237.9 3.2 237.8 ship 0
110.0 357.5 112.0 357.5 112.0 359.5 110.0 359.5 ship 0
225.8 85.4 244.5 67.3 268.2 91.6 249.5 109.7 storage-tank 0
76.4 401.6 78.4 401.4 78.6 403.4 76.6 403.6 bridge 0
998.8 401.5 1011.0 408.3 1004.2 420.5 992.0 413.7 large-vehicle 0
369.3 933.0 369.4 935.0 367.4 935.1 367.3 933.1 baseball-diamond 0
291.8 816.4 293.6 815.4 294.6 817.1 292.8 818.1 baseball-diamond 0
28.9 363.4 30.7 362.7 31.5 364.5 29.7 365.3 ship 0
108.9 319.0 120.8 326.4 109.1 345.0 97.2 337.6 ship 0
37.3 602.5 41.9 598.6 58.9 618.3 54.3 622.2 ship 0
33.9 616.1 43.0 611.9 52.1 631.9 43.0 636.1 ship 0
11.3 637.9 15.1 633.3 38.1 652.6 34.3 657.2 ship 0
4.3 646.6 8.8 642.6 26.1 662.0 21.6 666.0 ship 0
1.0 650.4 6.6 648.2 18.9 679.9 13.3 682.1 ship 0
105.9 279.0 125.0 290.0 110.1 316.0 91.0 305.0 ship 0
85.9 559.1 87.4 560.4 86.1 561.9 84.6 560.6 ship 0
103.3 516.8 117.0 534.0 96.7 550.2 83.0 533.0 ship 0
99.2 490.8 117.0 493.4 113.8 515.2 96.0 512.6 ship 0
100.0 465.5 117.8 462.7 120.0 476.5 102.2 479.3 ship 0
98.3 193.1 120.2 195.0 117.7 224.9 95.8 223.0 ship 0
109.2 214.8 124.8 223.8 107.8 253.2 92.2 244.2 ship 0
105.1 251.8 121.5 259.1 110.9 282.8 94.5 275.5 ship 0
