654.9 23.8 706.8 -17.0 737.7 22.4 685.8 63.1 plane 0
528.8 50.9 582.3 57.9 576.3 103.5 522.7 96.5 plane 0
648.2 82.5 670.9 95.0 646.8 138.8 624.1 126.3 plane 0
702.7 102.4 720.7 115.0 689.7 159.2 671.7 146.6 plane 0
738.4 117.8 763.0 126.1 745.6 177.2 721.0 168.9 plane 0
715.1 44.8 750.3 15.3 769.6 38.3 734.4 67.8 plane 0
777.7 -3.1 791.1 1.1 778.3 41.1 764.9 36.9 plane 0
102.7 15.8 116.3 27.6 80.9 68.4 67.3 56.6 plane 0
99.4 -8.9 105.1 8.2 42.6 29.2 36.8 12.2 plane 0
206.2 225.2 206.8 199.2 232.8 199.8 232.2 225.8 large-vehicle 0
192.3 61.7 204.2 69.1 194.7 84.3 182.8 76.9 large-vehicle 0
