107.1 461.0 123.7 453.9 145.0 503.5 128.5 510.6 large-vehicle 0
143.5 458.0 151.5 451.9 181.7 491.7 173.8 497.8 large-vehicle 0
277.8 30.4 284.5 37.8 232.6 84.8 225.9 77.4 large-vehicle 0
291.5 63.9 294.0 69.4 237.5 95.1 235.0 89.6 large-vehicle 0
297.6 71.5 300.8 76.6 238.4 116.4 235.2 111.3 large-vehicle 0
307.7 78.0 310.9 83.1 238.4 129.3 235.2 124.2 large-vehicle 0
299.1 95.0 302.9 99.7 254.8 138.7 251.0 134.0 large-vehicle 0
221.4 231.4 240.9 221.3 262.1 262.1 242.6 272.2 large-vehicle 0
200.6 235.8 209.0 230.4 236.4 272.2 228.0 277.7 large-vehicle 0
168.9 270.0 170.7 269.0 171.7 270.7 169.9 271.7 large-vehicle 0
136.3 243.3 141.4 240.2 183.4 310.7 178.2 313.8 large-vehicle 0
122.8 241.2 128.1 238.3 168.2 309.8 162.9 312.7 large-vehicle 0
107.8 254.0 112.5 250.3 161.0 311.4 156.3 315.2 large-vehicle 0
97.3 256.0 102.1 252.5 147.7 315.8 142.8 319.3 large-vehicle 0
85.9 257.6 90.9 254.3 136.0 322.8 131.0 326.1 large-vehicle 0
92.1 243.2 98.1 242.9 103.9 344.8 97.9 345.1 large-vehicle 0
53.5 256.3 58.5 252.8 116.5 336.7 111.5 340.2 large-vehicle 0
38.3 263.6 43.0 259.9 111.6 345.9 106.9 349.6 large-vehicle 0
38.7 256.8 44.3 254.5 86.3 356.2 80.7 358.5 large-vehicle 0
6.4 258.6 11.1 254.9 93.6 360.4 88.9 364.1 large-vehicle 0
249.8 322.3 251.8 322.8 251.2 324.8 249.3 324.2 large-vehicle 0
308.7 372.4 314.7 372.1 319.4 462.0 313.5 462.3 large-vehicle 0
318.4 385.2 324.3 384.1 335.8 449.1 329.9 450.2 large-vehicle 0
262.8 395.3 274.5 387.7 319.0 456.6 307.3 464.2 large-vehicle 0
255.3 425.9 257.0 416.1 274.7 419.1 273.0 428.9 large-vehicle 0
227.3 409.4 236.2 404.9 265.8 463.9 256.9 468.4 large-vehicle 0
149.4 443.6 155.4 435.6 211.6 477.4 205.6 485.4 large-vehicle 0
286.9 2.1 296.0 22.2 210.3 60.8 201.2 40.8 large-vehicle 0
