176.7 588.3 178.7 587.7 179.3 589.7 177.3 590.3 roundabout 0
237.7 505.9 242.4 519.1 195.3 535.9 190.6 522.8 tennis-court 0
244.9 508.7 256.7 501.1 290.1 553.3 278.3 560.9 tennis-court 0
272.6 497.2 284.2 489.3 321.4 543.8 309.8 551.7 tennis-court 0
293.0 470.7 302.2 460.1 379.0 527.3 369.8 537.9 tennis-court 0
448.6 363.0 456.8 368.7 283.8 616.2 275.6 610.5 tennis-court 0
383.5 378.2 402.8 401.2 309.5 479.8 290.2 456.8 tennis-court 0
287.2 397.5 296.6 417.4 247.8 440.5 238.4 420.6 tennis-court 0
51.4 567.2 318.1 322.5 343.8 350.5 77.1 595.2 tennis-court 0
109.8 272.7 111.7 273.2 111.2 275.1 109.3 274.7 swimming-pool 0
669.0 6.9 669.2 8.9 667.2 9.1 667.0 7.1 bridge 0
741.9 48.7 742.8 46.9 744.6 47.8 743.7 49.6 bridge 0
719.9 87.9 721.7 88.6 721.0 90.5 719.1 89.8 bridge 0
