130.5 148.1 158.7 158.5 147.0 190.4 118.8 180.0 large-vehicle 0
770.0 685.2 796.0 657.4 835.5 694.3 809.5 722.1 plane 0
930.5 502.7 967.1 536.8 927.5 579.3 890.9 545.2 plane 0
788.7 326.1 798.6 328.0 782.9 408.5 773.1 406.6 plane 0
769.6 402.4 772.2 388.7 837.0 401.3 834.3 415.0 plane 0
868.4 425.3 880.7 438.5 835.4 480.8 823.1 467.7 plane 0
798.8 404.4 844.4 477.3 798.7 506.0 753.0 433.1 plane 0
1016.1 369.6 1044.4 410.8 999.9 441.4 971.6 400.2 plane 0
714.7 286.1 757.8 324.9 700.3 388.9 657.2 350.1 plane 0
852.6 190.0 860.9 201.3 775.6 264.1 767.2 252.9 plane 0
848.4 138.4 860.7 151.5 777.6 229.6 765.3 216.5 plane 0
873.6 187.8 888.6 197.7 834.3 279.3 819.3 269.3 plane 0
858.8 284.7 907.8 246.6 926.2 270.3 877.2 308.4 plane 0
947.4 268.1 964.0 282.6 907.3 347.3 890.8 332.8 plane 0
982.1 540.3 1024.9 590.5 965.6 641.2 922.8 591.0 plane 0
759.9 619.6 796.2 640.8 773.0 680.5 736.7 659.4 plane 0
700.0 611.9 722.1 581.0 753.0 603.1 730.9 634.0 plane 0
144.1 994.2 151.0 1001.5 137.9 1013.8 131.0 1006.5 large-vehicle 0
392.3 946.3 441.9 1006.5 378.7 1058.7 329.1 998.5 plane 0
568.2 831.4 593.3 865.1 505.0 930.7 479.9 897.0 plane 0
638.0 903.1 643.6 964.9 565.9 971.8 560.4 910.1 plane 0
665.2 699.4 712.1 756.7 654.8 803.6 607.9 746.3 plane 0
263.4 228.2 285.7 241.5 266.3 274.1 243.9 260.9 large-vehicle 0
603.0 466.7 637.9 490.0 614.5 524.9 579.6 501.6 plane 0
623.2 533.4 645.4 497.7 684.4 522.0 662.2 557.7 plane 0
