185.0 682.6 187.0 682.4 187.1 684.4 185.1 684.6 small-vehicle 0
203.3 573.5 256.7 496.2 320.9 540.5 267.5 617.9 plane 0
409.5 -15.6 486.7 -4.7 478.1 56.7 400.8 45.8 plane 0
418.9 353.3 422.3 307.4 480.1 311.7 476.7 357.6 plane 0
455.1 428.9 459.0 470.7 389.3 477.1 385.4 435.3 plane 0
415.8 401.3 430.2 384.6 480.2 427.7 465.8 444.4 plane 0
447.8 458.6 484.3 424.5 507.5 449.4 471.0 483.5 plane 0
341.6 522.8 401.4 538.9 385.4 598.8 325.5 582.7 plane 0
205.7 681.3 207.4 680.4 208.4 682.2 206.6 683.1 small-vehicle 0
454.9 580.8 463.2 592.1 396.9 640.3 388.6 629.0 plane 0
442.1 634.6 478.0 599.8 498.9 621.4 463.0 656.2 plane 0
403.1 625.9 439.6 660.1 421.9 679.1 385.4 644.9 plane 0
407.1 750.8 415.0 709.6 475.9 721.2 468.0 762.4 plane 0
403.1 779.2 448.1 800.9 429.9 838.7 384.9 817.0 plane 0
269.3 643.3 271.0 642.3 272.0 644.0 270.3 645.0 small-vehicle 0
247.2 651.4 249.1 650.7 249.8 652.6 247.9 653.3 small-vehicle 0
235.7 654.4 237.6 653.7 238.3 655.6 236.4 656.3 small-vehicle 0
236.6 607.9 237.9 609.4 236.3 610.7 235.1 609.1 small-vehicle 0
225.9 606.2 227.8 605.9 228.1 607.8 226.2 608.1 small-vehicle 0
214.5 605.6 216.4 605.5 216.5 607.4 214.6 607.5 small-vehicle 0
203.3 605.3 205.2 605.8 204.7 607.7 202.8 607.2 small-vehicle 0
263.2 686.9 268.1 678.2 276.8 683.1 271.9 691.8 small-vehicle 0
249.8 684.8 251.4 686.0 250.2 687.6 248.6 686.4 small-vehicle 0
