65.4 871.2 80.0 914.8 32.6 930.8 18.0 887.2 plane 0
89.7 850.1 113.1 889.7 87.3 904.9 63.9 865.3 plane 0
476.6 855.2 523.9 838.9 541.4 890.0 494.1 906.2 plane 0
283.3 715.8 320.1 755.3 280.7 792.1 243.8 752.7 plane 0
363.4 607.0 402.0 638.7 367.7 680.4 329.1 648.6 plane 0
403.6 535.3 439.6 570.1 418.7 591.6 382.8 556.9 plane 0
435.6 494.0 470.1 524.5 437.0 561.9 402.5 531.5 plane 0
305.9 443.0 341.5 472.2 325.0 492.3 289.4 463.1 plane 0
295.7 483.4 329.9 514.3 312.4 533.6 278.3 502.7 plane 0
271.8 526.4 303.7 553.8 284.2 576.6 252.3 549.2 plane 0
259.8 557.9 295.5 586.9 261.4 628.8 225.7 599.8 plane 0
348.9 110.9 515.3 75.9 523.1 113.1 356.7 148.1 plane 0
504.8 15.2 547.7 32.0 526.6 86.0 483.7 69.2 plane 0
459.4 45.8 550.7 120.5 529.2 146.9 437.8 72.2 plane 0
629.2 132.8 670.2 161.4 650.8 189.2 609.8 160.6 plane 0
648.4 87.2 691.7 112.3 674.6 141.8 631.3 116.7 plane 0
681.5 37.1 718.1 64.8 685.5 107.9 648.9 80.2 plane 0
117.8 826.0 154.1 866.0 131.8 886.1 95.6 846.1 plane 0
157.9 805.1 193.5 840.3 172.4 861.6 136.8 826.4 plane 0
449.8 -14.5 486.4 13.3 398.1 129.5 361.5 101.7 plane 0
