333.5 944.7 334.3 946.5 332.5 947.3 331.7 945.5 swimming-pool 0
348.5 866.6 349.9 868.0 348.5 869.4 347.1 868.0 swimming-pool 0
902.1 573.9 903.2 575.5 901.6 576.7 900.4 575.0 swimming-pool 0
363.0 279.3 776.9 267.7 779.0 341.7 365.1 353.3 tennis-court 0
683.3 324.8 695.9 330.9 670.7 383.2 658.1 377.1 tennis-court 0
520.7 114.1 531.9 105.7 896.3 594.9 885.1 603.3 tennis-court 0
602.6 403.0 610.2 396.6 663.4 459.0 655.8 465.4 tennis-court 0
598.9 391.9 612.8 393.7 603.1 467.1 589.2 465.3 tennis-court 0
456.9 275.2 484.6 263.6 618.1 582.8 590.4 594.4 tennis-court 0
644.2 234.6 645.4 236.2 643.8 237.4 642.6 235.8 swimming-pool 0
