194.6 566.5 201.7 513.0 235.4 517.5 228.3 571.0 plane 0
60.3 624.2 72.6 617.5 83.1 636.9 70.7 643.5 plane 0
135.7 606.4 144.5 617.3 56.3 689.5 47.5 678.6 plane 0
163.0 615.2 175.1 628.5 123.6 675.9 111.4 662.6 plane 0
167.1 575.4 195.6 566.1 217.4 632.6 188.9 642.0 plane 0
282.1 653.9 355.1 681.5 326.0 758.2 253.0 730.5 plane 0
342.1 730.5 380.8 705.5 407.9 747.5 369.2 772.5 plane 0
124.8 513.4 148.8 503.2 176.2 567.6 152.2 577.8 plane 0
59.7 534.9 88.8 504.6 139.3 553.1 110.2 583.3 plane 0
40.6 512.5 66.0 517.8 52.6 582.5 27.1 577.2 plane 0
8.6 389.2 92.5 356.5 119.3 425.4 35.5 458.1 plane 0
33.5 647.4 41.4 635.9 69.5 655.0 61.6 666.6 plane 0
-7.8 594.7 191.6 770.8 171.8 793.3 -27.6 617.2 plane 0
677.0 432.5 682.5 403.0 712.0 408.5 706.5 438.0 plane 0
952.0 428.9 960.7 387.8 990.0 394.1 981.3 435.2 plane 0
902.7 424.6 918.6 385.7 946.4 397.1 930.4 435.9 plane 0
811.1 435.8 819.7 390.6 849.2 396.3 840.5 441.4 plane 0
768.5 433.4 777.2 392.3 806.5 398.6 797.8 439.7 plane 0
716.0 405.7 724.7 394.7 767.0 428.3 758.3 439.3 plane 0
576.1 428.9 587.6 392.6 642.9 410.1 631.4 446.4 plane 0
55.1 727.7 219.1 631.8 232.2 654.2 68.2 750.2 plane 0
573.9 396.0 574.6 442.0 512.6 443.0 511.9 397.0 plane 0
443.2 446.3 448.8 396.7 510.4 403.7 504.8 453.3 plane 0
575.4 535.9 586.4 491.2 646.6 506.1 635.6 550.8 plane 0
488.9 538.3 495.7 492.8 549.1 500.7 542.3 546.2 plane 0
159.7 750.0 188.2 660.4 266.4 685.3 237.8 774.9 plane 0
667.2 523.8 687.5 487.1 734.8 513.2 714.5 549.9 plane 0
280.7 514.5 292.7 528.0 246.3 569.1 234.4 555.7 plane 0
198.2 402.9 234.8 467.3 215.7 478.1 179.1 413.8 plane 0
150.2 398.9 158.7 393.5 200.8 459.1 192.3 464.5 plane 0
490.4 501.8 490.9 547.8 461.0 548.2 460.4 502.2 plane 0
433.6 495.2 456.1 544.3 428.8 556.8 406.3 507.7 plane 0
814.4 531.5 825.5 486.8 854.6 494.1 843.5 538.7 plane 0
753.1 524.5 773.0 483.1 821.7 506.4 801.8 547.9 plane 0
890.9 486.9 896.8 532.5 867.1 536.3 861.2 490.7 plane 0
995.2 592.2 1033.1 588.8 1036.9 630.6 999.0 634.1 plane 0
892.9 594.7 906.6 583.1 944.1 627.3 930.4 638.9 plane 0
247.2 385.7 256.4 389.7 223.6 464.8 214.5 460.8 plane 0
772.1 590.0 817.9 594.2 814.1 636.0 768.3 631.8 plane 0
797.7 670.7 874.4 684.8 858.8 769.4 782.1 755.3 plane 0
961.5 621.7 977.7 673.2 926.2 689.4 910.0 637.9 plane 0
933.0 619.3 955.2 574.5 1000.0 596.7 977.8 641.5 plane 0
843.7 601.3 851.4 589.7 899.8 621.6 892.1 633.3 plane 0
729.5 634.6 746.0 587.4 770.5 596.0 754.0 643.2 plane 0
685.6 635.4 692.8 589.9 722.4 594.6 715.2 640.1 plane 0
955.1 536.2 957.9 478.3 987.9 479.8 985.1 537.7 plane 0
909.7 534.5 914.4 484.7 944.3 487.5 939.6 537.3 plane 0
