174.4 775.4 175.9 776.7 174.6 778.2 173.1 776.9 swimming-pool 0
280.5 886.5 281.8 888.0 280.3 889.3 279.0 887.8 swimming-pool 0
340.2 921.2 341.7 919.8 343.0 921.3 341.5 922.7 swimming-pool 0
392.9 914.7 394.8 915.4 394.1 917.3 392.2 916.6 swimming-pool 0
462.6 938.3 464.2 937.1 465.4 938.7 463.8 939.9 swimming-pool 0
548.1 938.8 549.7 937.6 550.9 939.2 549.3 940.4 swimming-pool 0
717.7 630.1 719.4 631.2 718.3 632.9 716.6 631.8 swimming-pool 0
651.2 670.4 652.9 669.3 653.9 671.0 652.2 672.1 swimming-pool 0
601.4 708.3 603.0 709.6 601.7 711.1 600.2 709.9 swimming-pool 0
564.5 753.7 566.3 754.5 565.5 756.3 563.7 755.5 swimming-pool 0
715.8 168.0 717.4 169.1 716.3 170.8 714.6 169.6 swimming-pool 0
534.0 250.8 534.5 248.9 536.4 249.4 535.9 251.3 swimming-pool 0
777.8 227.5 778.7 229.2 777.0 230.2 776.0 228.4 swimming-pool 0
794.1 54.2 794.9 56.0 793.1 56.9 792.3 55.1 swimming-pool 0
289.5 44.5 291.5 44.5 291.5 46.5 289.5 46.5 swimming-pool 0
