882.7 443.0 888.9 430.4 908.6 440.1 902.5 452.7 plane 0
965.5 412.0 974.5 422.8 874.5 505.9 865.5 495.1 plane 0
992.4 422.9 1004.2 436.6 942.1 490.2 930.4 476.6 plane 0
963.5 300.0 989.5 301.1 985.5 403.0 959.5 401.9 plane 0
842.1 448.6 846.6 457.5 819.9 471.2 815.4 462.3 plane 0
892.0 332.7 909.2 319.1 955.0 377.2 937.7 390.8 plane 0
849.7 323.1 875.2 317.6 891.4 393.9 866.0 399.4 plane 0
814.6 321.9 827.7 386.6 798.3 392.5 785.2 327.8 plane 0
726.5 347.3 733.7 335.3 793.5 371.7 786.3 383.7 plane 0
853.6 188.4 879.7 173.5 922.3 248.2 896.3 263.1 plane 0
794.5 222.5 816.4 202.0 872.4 261.9 850.5 282.4 plane 0
858.9 454.3 869.3 444.9 892.1 470.2 881.7 479.5 plane 0
815.8 395.6 1017.2 593.0 996.2 614.4 794.8 417.0 plane 0
751.9 440.1 761.6 430.0 817.9 484.0 808.2 494.1 plane 0
861.6 531.3 1061.8 445.1 1073.7 472.7 873.4 558.8 plane 0
738.5 216.4 762.1 205.6 789.8 265.5 766.2 276.4 plane 0
723.5 487.9 725.7 429.9 755.7 431.1 753.5 489.0 plane 0
137.7 351.7 201.3 369.4 193.3 398.3 129.7 380.6 plane 0
137.9 316.1 187.8 312.2 190.1 342.2 140.3 346.0 plane 0
48.0 416.0 112.4 401.7 119.0 431.0 54.6 445.3 plane 0
65.4 366.4 74.6 362.5 86.5 390.0 77.4 394.0 plane 0
54.1 323.8 103.2 314.4 108.9 343.8 59.8 353.3 plane 0
41.0 267.0 92.5 250.8 110.0 306.1 58.5 322.4 plane 0
141.3 465.2 188.5 439.0 201.1 461.8 153.9 488.0 plane 0
139.6 416.6 188.3 393.1 201.3 420.1 152.7 443.6 plane 0
229.6 368.8 275.4 348.7 287.4 376.2 241.6 396.3 plane 0
694.9 434.1 721.7 481.0 699.1 493.9 672.3 447.0 plane 0
503.0 458.8 552.7 453.4 556.0 483.2 506.3 488.6 plane 0
632.8 491.5 642.7 434.4 672.2 439.5 662.3 496.6 plane 0
717.7 518.5 757.0 566.5 709.0 605.8 669.8 557.8 plane 0
643.9 553.2 711.8 599.2 692.8 627.3 624.9 581.4 plane 0
643.9 380.0 661.8 333.3 689.8 344.0 672.0 390.7 plane 0
627.9 334.5 642.9 344.4 613.1 389.5 598.1 379.6 plane 0
543.7 380.0 556.5 407.1 482.3 442.1 469.6 414.9 plane 0
406.8 444.9 446.1 421.0 474.2 467.1 434.9 491.0 plane 0
230.5 399.5 240.6 389.8 283.5 434.5 273.4 444.2 plane 0
412.2 387.8 423.3 379.2 461.4 428.1 450.3 436.7 plane 0
412.1 334.6 453.5 327.8 462.9 385.1 421.4 391.8 plane 0
321.7 448.1 371.2 441.2 375.3 470.9 325.8 477.8 plane 0
312.0 411.9 365.8 390.1 377.0 417.9 323.3 439.7 plane 0
193.3 293.1 204.5 220.0 285.5 232.3 274.4 305.5 plane 0
232.1 457.5 274.8 440.5 286.0 468.4 243.2 485.4 plane 0
709.9 229.7 737.0 281.0 714.0 293.1 687.0 241.9 plane 0
950.6 215.6 1004.8 185.6 1048.4 264.4 994.2 294.4 plane 0
745.4 329.9 753.2 341.5 681.6 389.1 673.8 377.5 plane 0
494.8 299.2 544.0 290.7 555.2 355.8 506.0 364.3 plane 0
646.3 247.5 660.9 236.9 692.7 280.5 678.1 291.1 plane 0
504.7 511.9 546.1 492.0 559.1 519.1 517.6 539.0 plane 0
402.1 497.8 454.6 473.1 480.9 529.2 428.4 553.9 plane 0
311.7 371.7 370.6 342.0 382.3 365.3 323.4 395.0 plane 0
317.6 314.6 370.6 304.2 376.4 333.7 323.4 344.1 plane 0
