686.8 381.7 697.0 391.4 654.2 436.3 644.0 426.6 plane 0
362.5 607.2 434.1 625.8 417.5 689.7 345.9 671.1 plane 0
805.7 162.5 858.5 214.4 812.3 261.5 759.5 209.6 large-vehicle 0
818.8 275.4 829.1 294.8 753.2 335.2 742.9 315.8 plane 0
985.8 683.2 1048.6 735.9 990.8 804.9 928.0 752.2 plane 0
433.5 606.7 469.2 584.5 529.3 681.3 493.7 703.5 plane 0
420.4 494.6 478.3 552.7 411.8 619.1 353.9 561.0 plane 0
346.4 582.0 366.4 604.3 290.6 672.5 270.5 650.2 plane 0
119.8 818.9 160.0 789.0 189.8 829.1 149.7 859.0 plane 0
648.8 464.3 688.4 487.7 677.2 506.7 637.6 483.3 plane 0
751.6 202.2 788.5 236.0 752.0 275.8 715.2 242.0 plane 0
646.2 580.3 688.2 599.1 675.9 626.5 633.9 607.7 plane 0
732.1 469.1 777.9 465.0 780.9 498.9 735.1 502.9 plane 0
777.0 509.4 786.6 524.6 741.0 553.6 731.4 538.4 plane 0
769.0 547.6 777.2 553.3 746.0 597.4 737.8 591.7 plane 0
729.0 614.2 777.0 600.1 785.5 628.8 737.5 643.0 plane 0
777.1 645.5 786.7 660.8 740.9 689.5 731.3 674.2 plane 0
756.3 813.1 798.3 812.9 798.7 890.9 756.7 891.1 plane 0
674.6 879.0 752.0 924.9 716.3 985.1 638.9 939.2 plane 0
875.3 595.0 886.2 603.8 849.7 649.0 838.8 640.2 plane 0
873.1 511.9 881.1 517.8 848.9 561.1 840.9 555.2 plane 0
841.0 483.9 882.9 487.1 881.0 513.1 839.1 509.9 plane 0
836.8 642.6 874.7 640.1 878.2 694.0 840.3 696.5 plane 0
669.4 626.3 679.3 636.2 646.7 668.7 636.8 658.7 plane 0
637.4 497.9 697.9 524.3 687.6 548.1 627.1 521.7 plane 0
686.7 427.5 694.5 439.2 646.3 471.5 638.5 459.8 plane 0
841.8 389.0 887.8 389.0 887.8 447.0 841.8 447.0 plane 0
763.4 336.8 789.9 369.4 747.9 403.5 721.5 370.9 plane 0
336.6 458.0 368.1 538.1 276.9 574.0 245.4 494.0 plane 0
