680.9 797.3 698.9 798.7 698.1 808.7 680.1 807.3 small-vehicle 0
122.8 -3.2 146.4 7.6 92.4 125.8 68.7 115.0 plane 0
181.8 655.2 196.9 645.4 217.5 677.3 202.4 687.1 plane 0
143.5 663.4 159.6 655.3 174.9 685.6 158.8 693.7 plane 0
135.3 701.9 150.8 536.6 176.7 539.1 161.2 704.4 plane 0
128.7 597.6 137.4 608.5 107.8 632.3 99.0 621.4 plane 0
174.1 544.6 186.4 562.9 134.9 597.5 122.6 579.2 plane 0
118.1 445.0 195.7 453.5 188.9 515.1 111.4 506.7 plane 0
126.7 276.5 166.9 264.4 174.4 289.3 134.1 301.4 plane 0
140.5 133.0 178.9 149.9 168.5 173.7 130.0 156.8 plane 0
55.9 33.0 74.4 44.8 30.4 114.0 11.8 102.2 plane 0
679.3 790.0 686.9 783.4 698.7 797.0 691.1 803.6 small-vehicle 0
324.1 94.1 359.4 -31.0 523.0 15.2 487.7 140.3 plane 0
152.1 725.5 266.2 663.1 295.9 717.5 181.8 779.9 plane 0
549.9 315.2 597.8 371.7 529.1 429.8 481.2 373.3 plane 0
539.1 -3.0 668.1 88.3 606.8 174.8 477.9 83.5 plane 0
431.2 355.2 432.5 345.3 450.4 347.7 449.0 357.7 small-vehicle 0
401.9 122.8 403.6 96.9 453.5 100.2 451.8 126.1 large-vehicle 0
319.4 214.1 333.2 192.0 358.6 207.9 344.8 230.0 small-vehicle 0
794.9 344.0 806.3 335.8 861.2 412.0 849.8 420.2 plane 0
680.5 662.1 732.3 646.9 746.4 694.9 694.6 710.1 plane 0
477.2 587.3 509.3 598.3 486.7 664.5 454.6 653.5 plane 0
129.7 228.8 171.4 223.4 175.3 253.2 133.6 258.6 plane 0
130.2 185.8 171.2 176.6 177.8 205.9 136.8 215.1 plane 0
746.9 614.9 754.4 621.4 732.1 647.1 724.6 640.6 plane 0
719.6 597.2 731.9 603.8 700.4 661.8 688.1 655.2 plane 0
720.3 390.9 797.1 404.3 783.7 481.1 706.9 467.7 plane 0
753.0 347.3 763.3 337.9 813.0 392.7 802.7 402.1 plane 0
712.6 333.0 733.4 326.0 754.4 388.5 733.6 395.5 plane 0
