831.0 364.7 844.7 353.0 884.8 400.4 871.0 412.0 plane 0
756.5 350.3 758.9 340.6 826.8 357.7 824.4 367.4 plane 0
397.1 741.0 429.1 708.0 467.9 745.5 435.9 778.6 plane 0
403.1 793.2 451.5 780.6 465.1 832.9 416.7 845.4 plane 0
324.1 809.9 374.1 830.1 353.9 880.1 303.9 859.9 plane 0
519.2 899.3 595.5 947.0 583.8 965.7 507.5 918.0 plane 0
521.9 939.2 531.4 942.4 523.1 967.0 513.6 963.8 plane 0
404.4 855.8 450.0 849.2 457.7 902.7 412.1 909.2 plane 0
267.7 966.5 317.7 966.9 317.3 1024.9 267.3 1024.5 plane 0
73.9 971.2 119.2 963.3 124.4 992.8 79.1 1000.7 plane 0
77.1 925.8 123.0 923.0 124.8 953.0 78.9 955.7 plane 0
74.7 898.2 82.3 877.5 129.2 894.6 121.7 915.3 plane 0
71.4 856.8 77.1 835.6 121.5 847.6 115.8 868.8 plane 0
82.5 787.6 127.2 810.1 115.5 833.4 70.8 810.9 plane 0
235.8 516.2 248.4 529.1 209.7 566.8 197.1 553.9 plane 0
157.4 461.3 184.4 517.1 135.8 540.6 108.8 484.8 plane 0
191.4 494.1 244.0 469.7 256.6 496.9 204.0 521.3 plane 0
195.6 742.7 206.7 751.1 164.5 806.9 153.3 798.5 plane 0
171.3 801.3 189.2 799.8 191.3 825.7 173.4 827.2 plane 0
212.1 775.5 240.0 839.7 219.9 848.5 192.0 784.3 plane 0
164.2 527.2 181.7 586.7 133.8 600.8 116.3 541.3 plane 0
496.4 984.1 545.8 976.2 550.6 1005.9 501.2 1013.8 plane 0
683.3 948.6 695.4 941.5 732.7 1005.4 720.6 1012.5 plane 0
404.9 925.5 446.7 921.7 451.1 971.5 409.3 975.3 plane 0
341.6 960.7 390.6 950.7 401.4 1003.7 352.4 1013.6 plane 0
343.6 896.5 389.0 889.1 396.4 934.5 351.0 941.9 plane 0
308.6 758.2 361.2 746.1 372.4 794.8 319.8 806.9 plane 0
289.9 600.0 298.3 620.4 152.1 680.4 143.8 660.1 plane 0
294.4 561.4 299.5 582.8 153.6 617.6 148.5 596.2 plane 0
113.5 343.3 118.1 330.0 146.5 339.7 141.9 353.0 plane 0
204.5 842.0 222.4 840.2 225.5 870.0 207.6 871.8 plane 0
167.2 845.6 184.5 840.6 192.8 869.4 175.5 874.4 plane 0
154.0 888.5 195.8 884.6 198.6 914.5 156.8 918.4 plane 0
175.6 904.3 204.9 980.8 184.4 988.7 155.1 912.2 plane 0
222.6 854.4 230.3 1040.2 204.3 1041.3 196.7 855.4 plane 0
207.3 850.1 243.1 945.6 218.7 954.7 183.0 859.2 plane 0
725.6 897.3 736.2 906.4 690.8 959.6 680.1 950.5 plane 0
668.8 861.4 718.8 862.3 718.2 896.3 668.2 895.4 plane 0
682.6 618.2 736.1 625.6 725.4 702.8 671.9 695.4 plane 0
-2.2 349.3 39.8 351.7 37.2 397.7 -4.8 395.3 plane 0
4.9 202.7 21.7 196.2 37.1 235.3 20.3 241.8 plane 0
220.3 351.4 230.7 366.0 173.7 406.6 163.3 392.0 plane 0
88.8 314.4 226.4 414.3 211.1 435.3 73.5 335.5 plane 0
160.5 342.4 174.6 331.2 190.7 351.5 176.7 362.7 plane 0
11.7 394.9 189.0 326.8 198.3 351.1 21.0 419.2 plane 0
62.0 356.0 78.4 317.4 106.0 329.0 89.6 367.7 plane 0
-48.3 337.3 176.8 384.6 172.3 406.1 -52.8 358.8 plane 0
91.0 200.8 112.2 195.0 125.4 243.2 104.1 249.0 plane 0
44.7 195.5 61.8 190.0 78.3 241.5 61.2 247.0 plane 0
159.8 190.8 188.1 221.7 151.3 255.5 122.9 224.5 plane 0
467.1 500.9 474.3 488.9 530.9 522.9 523.7 534.9 plane 0
551.7 363.9 557.0 376.8 536.6 385.1 531.3 372.1 plane 0
626.9 476.4 665.9 507.7 637.1 543.6 598.1 512.3 plane 0
539.3 483.6 556.5 489.0 542.6 532.9 525.5 527.4 plane 0
824.5 357.6 837.7 369.9 803.5 406.4 790.3 394.1 plane 0
656.0 354.3 711.1 382.8 701.0 402.3 645.9 373.8 plane 0
702.9 327.1 718.8 370.3 698.1 377.9 682.2 334.7 plane 0
405.2 330.1 515.1 391.8 504.3 410.9 394.4 349.3 plane 0
504.1 335.3 513.9 337.4 497.9 409.7 488.1 407.6 plane 0
590.5 345.3 603.8 349.5 585.0 408.6 571.7 404.4 plane 0
339.2 201.1 361.1 203.1 356.8 248.9 334.9 246.9 plane 0
537.4 379.5 579.9 304.7 599.0 315.6 556.5 390.3 plane 0
511.2 345.7 522.3 337.2 535.7 354.7 524.6 363.2 plane 0
461.3 349.3 465.0 335.8 493.9 343.7 490.2 357.2 plane 0
446.3 334.9 448.8 348.7 419.3 354.0 416.8 340.3 plane 0
368.4 340.3 387.8 350.7 364.1 394.7 344.8 384.3 plane 0
472.7 203.3 494.6 206.1 488.8 251.7 467.0 249.0 plane 0
433.7 203.2 454.6 210.0 440.3 253.8 419.4 247.0 plane 0
375.6 209.0 393.1 205.0 402.4 246.0 384.9 250.0 plane 0
