596.4 525.4 606.1 557.9 573.6 567.6 563.9 535.1 storage-tank 0
498.1 387.4 532.3 363.1 558.9 400.6 524.7 424.9 storage-tank 0
465.8 472.2 497.8 433.8 536.2 465.8 504.2 504.2 storage-tank 0
541.7 485.2 575.5 448.3 615.3 484.8 581.5 521.7 storage-tank 0
620.5 511.2 646.0 477.8 682.5 505.8 657.0 539.2 storage-tank 0
510.4 516.9 520.6 507.4 554.6 544.1 544.4 553.6 storage-tank 0
605.1 578.1 614.3 520.8 639.9 524.9 630.7 582.2 storage-tank 0
522.3 116.0 554.2 77.5 595.7 112.0 563.8 150.5 storage-tank 0
561.2 411.0 586.0 372.2 624.8 397.0 600.0 435.8 storage-tank 0
473.6 126.1 488.4 91.1 523.4 105.9 508.6 140.9 storage-tank 0
320.0 294.2 342.4 268.6 377.0 298.8 354.6 324.4 storage-tank 0
306.7 378.6 317.2 369.2 353.3 409.4 342.8 418.8 storage-tank 0
251.2 368.9 291.1 356.0 302.8 392.1 262.9 405.0 storage-tank 0
239.0 354.6 259.1 371.1 235.0 400.4 214.9 383.9 storage-tank 0
228.2 317.3 260.2 328.7 248.8 360.7 216.8 349.3 storage-tank 0
631.4 402.7 661.7 373.6 704.6 418.3 674.3 447.4 storage-tank 0
508.5 313.6 537.3 277.7 579.5 311.4 550.7 347.3 storage-tank 0
555.1 819.6 566.4 827.8 555.9 842.4 544.6 834.2 ship 0
591.2 326.9 614.9 292.2 652.8 318.1 629.1 352.8 storage-tank 0
526.6 237.3 561.1 201.0 594.4 232.7 559.9 269.0 storage-tank 0
597.4 218.9 631.4 220.2 630.6 242.1 596.6 240.8 storage-tank 0
587.2 252.4 606.6 235.2 639.8 272.6 620.4 289.8 storage-tank 0
264.9 328.6 277.6 315.9 310.1 348.4 297.4 361.1 storage-tank 0
368.8 54.4 403.6 18.5 448.2 61.6 413.4 97.5 storage-tank 0
731.7 844.3 746.3 860.7 661.3 936.7 646.7 920.3 harbor 0
305.7 27.2 339.1 -10.0 373.3 20.8 339.9 58.0 storage-tank 0
258.8 804.0 259.4 802.0 261.3 802.6 260.8 804.5 ship 0
405.1 903.4 406.6 902.1 407.9 903.6 406.4 904.9 ship 0
526.1 958.3 528.0 957.9 528.5 959.8 526.5 960.3 ship 0
511.4 910.5 519.5 904.6 525.4 912.7 517.3 918.6 ship 0
371.6 868.1 372.9 866.6 374.4 867.9 373.1 869.4 ship 0
427.6 831.9 429.2 830.6 430.4 832.2 428.8 833.4 ship 0
234.0 221.0 275.6 193.1 299.0 228.0 257.4 255.9 storage-tank 0
358.9 130.4 402.0 200.1 356.1 228.6 313.0 158.9 storage-tank 0
353.8 158.7 369.3 102.8 425.2 118.3 409.7 174.2 storage-tank 0
279.3 109.3 310.8 70.6 352.7 104.7 321.2 143.4 storage-tank 0
