392.1 733.7 394.5 747.5 372.9 751.3 370.5 737.5 ship 0
343.2 630.0 353.5 639.4 338.6 655.6 328.3 646.2 ship 0
333.2 626.3 338.3 629.4 328.8 644.7 323.7 641.6 ship 0
338.9 862.1 340.4 863.4 339.1 864.9 337.6 863.6 ship 0
324.0 822.7 324.5 820.7 326.4 821.3 325.9 823.2 ship 0
342.2 832.6 343.9 833.7 342.7 835.4 341.1 834.2 ship 0
384.0 625.1 391.4 631.7 368.8 657.1 361.4 650.5 ship 0
581.8 579.3 583.7 578.8 584.2 580.7 582.3 581.2 ship 0
545.8 576.6 547.4 577.8 546.2 579.4 544.6 578.2 ship 0
403.3 379.9 460.1 413.5 436.7 453.1 379.9 419.5 ship 0
955.7 825.6 978.3 805.8 1003.3 834.4 980.7 854.2 storage-tank 0
931.3 738.9 966.1 762.3 942.7 797.1 907.9 773.7 storage-tank 0
916.0 807.9 932.0 842.4 894.0 860.1 878.0 825.6 storage-tank 0
799.0 775.0 819.8 743.1 855.0 766.0 834.2 797.9 storage-tank 0
710.3 905.0 727.4 880.3 758.7 902.0 741.6 926.7 storage-tank 0
607.7 881.2 623.1 855.4 652.3 872.8 636.9 898.6 storage-tank 0
