322.2 54.3 330.0 83.3 192.8 119.9 185.0 90.9 ship 0
68.1 924.9 91.9 935.3 71.9 981.1 48.1 970.7 ship 0
260.7 879.0 280.3 896.1 242.1 939.8 222.5 922.6 ship 0
171.0 987.8 186.8 1003.2 177.0 1013.2 161.2 997.8 ship 0
158.7 994.2 164.5 995.4 158.3 1024.8 152.5 1023.6 ship 0
261.6 876.3 288.6 897.0 175.6 1044.7 148.6 1024.0 harbor 0
389.9 792.3 411.2 765.9 459.5 804.8 438.1 831.3 harbor 0
824.1 56.0 824.8 82.0 718.9 85.0 718.2 59.0 ship 0
352.6 947.2 357.1 943.3 448.4 1046.8 443.9 1050.7 storage-tank 0
385.5 1001.5 390.2 997.7 396.5 1005.5 391.8 1009.3 storage-tank 0
383.7 1006.3 386.8 1011.4 378.3 1016.7 375.2 1011.6 storage-tank 0
400.9 1019.8 401.0 1021.8 375.1 1023.2 375.0 1021.2 storage-tank 0
391.7 1013.4 395.3 1008.6 403.3 1014.6 399.7 1019.4 storage-tank 0
340.8 952.3 354.7 951.1 364.2 1060.7 350.3 1061.9 storage-tank 0
312.5 1074.4 423.3 896.1 438.5 905.6 327.7 1083.9 storage-tank 0
