86.4 145.6 107.7 130.8 136.3 171.8 114.9 186.7 ship 0
212.7 145.5 228.7 130.4 249.3 152.3 233.3 167.4 ship 0
282.8 192.5 297.3 175.9 322.9 198.2 308.5 214.8 ship 0
161.7 214.0 181.2 176.8 211.3 192.5 191.8 229.7 ship 0
93.8 182.4 117.0 201.3 88.0 237.0 64.7 218.0 ship 0
-5.6 270.4 18.4 260.6 29.8 288.4 5.7 298.2 ship 0
189.9 282.7 213.7 301.0 185.7 337.5 161.9 319.2 ship 0
80.1 311.9 114.0 310.2 115.9 348.1 82.0 349.8 ship 0
305.5 375.7 323.2 394.7 292.5 423.3 274.8 404.3 ship 0
94.9 778.8 108.9 795.7 79.6 820.0 65.6 803.1 ship 0
170.2 398.6 192.9 373.3 212.3 390.7 189.6 416.0 ship 0
38.1 540.0 70.3 550.9 52.9 602.0 20.7 591.1 ship 0
219.6 553.6 237.6 572.3 207.4 601.4 189.4 582.7 ship 0
286.4 435.9 301.0 471.0 269.6 484.1 255.0 449.0 ship 0
340.2 314.5 364.8 306.2 380.8 353.5 356.2 361.8 ship 0
342.3 497.2 368.7 511.4 350.7 544.8 324.3 530.6 ship 0
16.1 137.4 37.6 142.2 31.9 167.6 10.4 162.8 ship 0
139.8 90.3 159.8 73.7 179.0 96.7 159.0 113.4 ship 0
300.6 91.5 319.2 73.3 354.2 109.0 335.6 127.2 ship 0
271.3 614.0 297.1 617.2 292.4 654.9 266.6 651.7 ship 0
285.0 815.8 334.5 822.9 324.0 896.2 274.5 889.1 ship 0
200.7 666.2 222.7 666.0 222.9 692.0 200.9 692.2 ship 0
166.3 948.2 187.5 927.0 245.5 985.0 224.3 1006.2 ship 0
859.6 850.6 863.8 846.3 899.7 881.1 895.5 885.5 ship 0
449.3 511.5 472.3 499.4 486.2 526.0 463.2 538.1 ship 0
536.9 389.8 564.5 369.9 582.1 394.2 554.5 414.1 ship 0
374.5 264.7 386.4 232.8 414.5 243.3 402.6 275.2 ship 0
410.7 190.8 428.5 193.4 425.3 215.2 407.5 212.6 ship 0
472.6 444.0 487.5 427.8 521.4 459.0 506.5 475.2 ship 0
594.0 499.7 654.2 422.4 681.0 443.3 620.8 520.6 harbor 0
849.2 860.6 853.3 856.2 889.8 890.3 885.7 894.7 ship 0
690.5 769.7 696.4 761.5 743.5 795.3 737.6 803.5 ship 0
679.3 785.1 685.3 777.1 731.7 811.9 725.7 819.9 ship 0
260.7 978.0 281.4 962.3 314.0 1005.4 293.3 1021.1 ship 0
664.5 800.9 682.5 782.1 724.5 822.1 706.5 840.9 ship 0
773.5 900.4 777.2 895.7 816.5 926.6 812.8 931.3 ship 0
776.6 884.2 780.1 879.4 823.6 911.4 820.1 916.2 ship 0
779.1 871.1 784.2 862.4 827.3 887.7 822.3 896.3 ship 0
