207.5 537.2 230.8 525.5 242.5 548.8 219.2 560.5 ship 0
149.9 340.0 161.3 331.9 211.1 402.0 199.7 410.1 ship 0
200.4 316.2 212.3 308.8 257.6 381.8 245.7 389.2 ship 0
321.6 279.4 346.2 262.2 386.2 319.7 361.5 336.8 ship 0
358.7 256.1 385.6 235.4 445.4 313.0 418.5 333.8 ship 0
388.3 217.7 449.8 225.5 445.6 259.2 384.1 251.5 ship 0
313.3 27.8 345.9 -4.7 389.7 39.2 357.1 71.7 ship 0
233.8 33.8 258.9 17.5 305.8 89.6 280.6 105.9 ship 0
180.8 62.5 207.5 41.5 265.7 115.3 239.0 136.3 ship 0
130.8 76.9 158.6 57.4 210.2 131.1 182.4 150.6 ship 0
95.3 94.1 106.5 85.7 155.5 151.4 144.3 159.8 ship 0
61.4 104.0 68.8 97.3 134.6 170.0 127.2 176.7 ship 0
32.1 109.7 61.3 92.2 105.5 166.0 76.4 183.5 ship 0
20.8 58.9 40.0 41.3 71.2 75.1 52.0 92.7 ship 0
65.6 24.5 91.2 9.0 125.4 65.5 99.8 81.0 ship 0
137.2 12.6 167.7 -10.0 199.8 33.4 169.3 56.0 ship 0
351.3 641.7 351.8 639.7 353.7 640.2 353.3 642.1 harbor 0
211.5 298.3 226.3 328.9 152.5 364.7 137.7 334.1 harbor 0
174.4 323.3 182.5 317.4 233.3 386.8 225.2 392.7 ship 0
124.9 346.8 136.3 338.6 186.3 408.6 174.9 416.8 ship 0
202.9 583.5 217.7 573.3 232.5 594.7 217.7 604.9 ship 0
94.6 354.5 105.6 345.9 165.4 423.5 154.4 432.1 ship 0
214.4 566.2 219.5 563.1 241.6 598.8 236.5 601.9 ship 0
224.5 556.8 229.3 553.2 258.9 593.5 254.1 597.1 ship 0
242.3 542.9 251.3 538.5 274.7 587.1 265.7 591.5 ship 0
258.0 542.4 262.8 538.9 290.1 575.9 285.3 579.4 ship 0
364.4 492.8 386.2 478.7 422.0 534.2 400.1 548.3 ship 0
333.9 191.5 346.1 184.5 373.0 231.2 360.9 238.2 ship 0
304.3 191.0 312.5 185.3 359.2 252.7 351.0 258.4 ship 0
288.7 203.9 297.4 198.9 336.6 266.3 328.0 271.3 ship 0
273.3 216.7 293.9 209.1 309.7 252.3 289.1 259.9 ship 0
225.0 233.3 236.3 224.9 275.7 277.8 264.5 286.2 ship 0
178.3 219.7 203.5 203.4 276.0 316.1 250.8 332.4 ship 0
169.3 265.4 177.5 259.7 203.7 297.6 195.5 303.3 ship 0
140.4 266.5 152.0 258.6 182.5 303.2 170.9 311.1 ship 0
123.8 285.2 131.6 279.0 160.1 315.2 152.2 321.4 ship 0
99.9 290.8 123.0 278.8 146.1 323.2 123.0 335.2 ship 0
30.3 302.1 38.1 295.9 86.7 356.9 78.9 363.1 ship 0
14.1 321.4 32.9 309.9 58.9 352.6 40.1 364.1 ship 0
-12.0 331.4 9.2 316.4 47.3 370.2 26.1 385.3 ship 0
28.6 398.4 51.9 379.5 88.4 424.6 65.1 443.5 ship 0
74.6 385.4 101.5 364.7 141.9 416.9 114.9 437.7 ship 0
