624.2 10.7 1031.7 386.1 1016.8 402.3 609.3 26.9 tennis-court 0
777.4 -52.1 790.9 -55.6 923.6 445.1 910.1 448.6 tennis-court 0
808.0 64.2 820.5 57.8 950.0 312.8 937.5 319.2 tennis-court 0
800.2 7.3 1032.8 340.1 1014.8 352.7 782.2 19.9 tennis-court 0
252.9 394.0 254.2 392.5 490.8 592.8 489.5 594.3 ground-track-field 0
169.3 426.5 512.8 552.7 503.9 577.1 160.3 450.9 basketball-court 0
376.3 467.6 377.3 469.3 355.0 482.6 353.9 480.8 basketball-court 0
467.2 475.1 467.9 477.0 286.4 545.3 285.6 543.5 basketball-court 0
742.5 359.6 744.5 359.3 744.8 361.3 742.8 361.6 tennis-court 0
730.9 317.8 750.5 334.9 633.7 469.3 614.1 452.2 basketball-court 0
528.2 506.1 853.2 376.3 870.3 419.0 545.3 548.8 basketball-court 0
711.6 179.9 724.8 184.5 622.4 477.1 609.2 472.5 basketball-court 0
654.1 244.4 667.7 248.0 650.9 311.8 637.4 308.3 basketball-court 0
472.3 298.3 482.8 322.1 385.7 364.7 375.2 340.9 tennis-court 0
493.9 305.6 500.0 313.6 377.1 406.4 371.0 398.4 tennis-court 0
543.2 356.3 794.4 130.2 1001.8 360.7 750.6 586.8 ground-track-field 0
