551.0 471.7 552.6 473.0 362.0 717.5 360.5 716.3 soccer-ball-field 0
227.9 844.9 385.0 610.8 433.1 643.1 276.0 877.2 tennis-court 0
213.5 574.6 239.9 509.8 312.1 539.2 285.7 604.0 ground-track-field 0
318.5 326.7 339.4 792.2 225.5 797.3 204.6 331.8 soccer-ball-field 0
382.6 601.0 456.1 763.1 436.0 772.2 362.5 610.1 tennis-court 0
419.2 654.9 461.1 651.4 465.6 705.2 423.7 708.7 tennis-court 0
485.9 633.0 499.5 636.3 480.1 716.0 466.5 712.7 tennis-court 0
457.3 644.3 461.9 635.5 573.4 694.1 568.8 702.9 tennis-court 0
436.0 750.6 442.0 758.6 408.5 783.9 402.5 775.9 tennis-court 0
424.7 743.9 434.0 733.4 489.1 782.9 479.7 793.3 tennis-court 0
498.7 733.2 511.9 737.9 496.2 781.2 483.0 776.4 tennis-court 0
511.3 735.0 522.9 727.2 550.7 768.8 539.1 776.6 tennis-court 0
