716.6 654.4 758.4 614.1 795.9 653.0 754.1 693.3 plane 0
778.7 659.0 825.4 641.2 843.2 688.0 796.4 705.7 plane 0
837.9 611.1 857.9 602.0 878.7 647.5 858.6 656.6 plane 0
869.7 588.2 904.2 546.7 948.8 583.7 914.4 625.3 plane 0
937.3 526.3 952.4 516.5 981.9 561.7 966.8 571.5 plane 0
930.4 461.6 946.0 452.6 971.1 495.9 955.5 504.9 plane 0
881.8 505.2 897.3 496.1 924.7 542.7 909.2 551.8 plane 0
856.8 526.8 890.5 574.0 846.5 605.3 812.9 558.1 plane 0
761.0 612.6 806.9 565.1 848.6 605.4 802.7 652.9 plane 0
723.6 669.6 736.2 692.4 685.4 720.4 672.8 697.6 plane 0
763.3 679.4 801.4 723.2 760.7 758.6 722.6 714.8 plane 0
346.6 870.4 400.9 820.1 467.6 891.9 413.3 942.2 plane 0
514.7 719.1 581.3 658.5 655.3 739.9 588.7 800.5 plane 0
638.5 661.9 675.2 627.9 698.3 652.9 661.6 686.8 plane 0
697.1 601.9 741.6 571.3 763.1 602.6 718.7 633.2 plane 0
750.9 546.6 791.9 511.4 827.1 552.4 786.1 587.6 plane 0
812.1 484.8 852.8 455.7 888.9 506.2 848.2 535.3 plane 0
871.7 442.2 882.4 433.2 922.3 480.8 911.5 489.8 plane 0
298.7 572.7 347.7 528.5 405.3 592.3 356.3 636.5 plane 0
450.7 451.5 486.3 422.3 528.1 473.3 492.6 502.5 plane 0
