297.1 920.1 310.7 867.9 363.0 881.4 349.4 933.7 small-vehicle 0
194.7 914.1 196.3 868.1 246.3 869.9 244.7 915.9 small-vehicle 0
96.0 836.6 123.8 900.8 77.9 920.7 50.1 856.4 small-vehicle 0
828.9 318.7 894.3 353.2 736.5 652.1 671.1 617.6 tennis-court 0
587.2 327.8 665.2 328.1 663.8 606.1 585.8 605.7 tennis-court 0
291.1 693.6 557.8 158.4 641.9 200.4 375.2 735.6 tennis-court 0
320.9 224.5 396.6 243.4 299.1 633.5 223.4 614.6 tennis-court 0
117.5 257.2 199.3 262.7 173.5 647.8 91.7 642.3 tennis-court 0
822.2 58.5 889.9 88.3 819.8 247.5 752.1 217.7 tennis-court 0
675.4 30.5 742.2 62.4 658.6 237.5 591.8 205.6 tennis-court 0
450.4 28.3 526.9 13.3 564.4 203.6 487.9 218.7 tennis-court 0
291.3 10.9 367.8 -4.4 405.9 185.8 329.5 201.1 tennis-court 0
185.7 61.4 256.6 155.7 178.3 214.6 107.4 120.3 tennis-court 0
