166.0 1042.7 183.3 983.1 215.9 992.6 198.7 1052.1 small-vehicle 0
61.0 1006.5 75.8 980.4 108.8 999.2 94.0 1025.3 small-vehicle 0
809.2 535.8 869.1 508.0 964.3 713.0 904.4 740.8 tennis-court 0
695.0 414.1 773.0 415.9 764.0 797.8 686.1 796.0 tennis-court 0
641.2 528.1 659.7 565.8 499.8 643.9 481.3 606.2 tennis-court 0
379.4 479.2 457.3 483.0 448.6 656.8 370.7 653.0 tennis-court 0
225.2 489.8 302.4 501.3 273.8 693.2 196.6 681.7 tennis-court 0
897.6 185.3 975.1 193.9 952.4 398.7 874.9 390.1 tennis-court 0
692.6 187.8 751.9 158.8 849.4 358.2 790.1 387.2 tennis-court 0
553.6 171.0 625.6 154.0 669.2 339.0 597.1 355.9 tennis-court 0
454.3 131.0 526.4 160.7 450.9 343.7 378.8 314.0 tennis-court 0
303.4 184.4 357.2 215.2 268.6 369.6 214.8 338.8 tennis-court 0
