105.7 135.5 232.3 40.9 276.6 100.1 150.0 194.7 large-vehicle 0
767.4 353.1 784.6 348.0 798.7 396.0 781.5 401.1 small-vehicle 0
227.7 83.1 244.1 68.5 269.4 96.9 252.9 111.5 small-vehicle 0
182.3 94.2 226.8 71.5 244.1 105.3 199.6 128.1 small-vehicle 0
469.7 53.8 478.3 82.6 434.2 95.7 425.6 67.0 small-vehicle 0
391.5 92.0 406.3 70.7 431.0 87.8 416.1 109.2 small-vehicle 0
143.4 177.9 158.5 208.4 88.6 243.1 73.5 212.6 small-vehicle 0
32.8 140.1 41.7 135.5 68.3 187.1 59.4 191.6 small-vehicle 0
72.0 135.6 80.0 129.6 107.5 166.4 99.5 172.4 small-vehicle 0
87.3 121.3 95.6 115.8 125.7 160.7 117.4 166.2 small-vehicle 0
108.0 114.9 116.9 110.3 142.0 158.1 133.1 162.7 small-vehicle 0
126.4 109.3 134.7 103.8 164.6 148.7 156.3 154.2 small-vehicle 0
145.1 99.8 154.2 95.8 175.9 145.2 166.8 149.2 small-vehicle 0
61.3 138.7 71.2 137.6 75.7 179.3 65.8 180.4 small-vehicle 0
707.3 174.6 727.0 164.7 747.6 205.8 728.0 215.7 small-vehicle 0
245.4 62.8 253.0 56.3 285.6 94.2 278.0 100.7 small-vehicle 0
267.3 57.6 275.7 52.1 296.5 84.0 288.1 89.4 small-vehicle 0
766.4 974.9 787.7 980.2 778.6 1017.1 757.3 1011.8 small-vehicle 0
856.7 896.8 857.2 882.8 907.2 884.6 906.7 898.6 small-vehicle 0
