146.8 986.2 155.1 1006.6 127.3 1017.8 119.0 997.4 large-vehicle 0
190.2 915.5 217.0 902.1 235.8 939.6 209.0 953.0 large-vehicle 0
531.6 552.1 546.2 578.3 492.1 608.5 477.5 582.4 large-vehicle 0
10.1 729.9 37.4 742.3 18.4 784.2 -8.9 771.8 small-vehicle 0
184.8 689.6 207.5 702.3 181.2 749.4 158.5 736.7 small-vehicle 0
209.7 691.2 219.1 694.6 203.3 737.8 193.9 734.4 small-vehicle 0
232.1 692.9 241.4 696.6 222.9 743.1 213.6 739.4 small-vehicle 0
251.5 683.7 261.2 686.3 248.1 734.5 238.4 731.9 small-vehicle 0
281.9 677.2 291.0 681.4 265.1 737.8 256.0 733.6 small-vehicle 0
300.4 672.1 310.2 674.4 297.6 726.9 287.8 724.6 small-vehicle 0
445.6 635.8 469.1 647.1 447.4 692.2 423.9 680.9 small-vehicle 0
484.3 632.4 492.7 637.8 454.7 696.6 446.3 691.2 small-vehicle 0
528.6 610.0 581.5 642.4 555.4 685.0 502.5 652.6 small-vehicle 0
664.1 530.4 674.4 549.8 640.9 567.6 630.6 548.2 small-vehicle 0
