666.4 362.2 669.3 344.5 714.7 351.9 711.8 369.7 large-vehicle 0
150.6 583.1 180.6 585.1 176.4 646.9 146.4 644.9 large-vehicle 0
607.3 493.3 607.6 491.3 609.6 491.7 609.2 493.6 large-vehicle 0
565.1 566.5 591.1 567.0 589.8 629.0 563.8 628.4 large-vehicle 0
164.4 43.5 182.4 43.5 182.6 81.5 164.6 81.5 small-vehicle 0
277.2 192.8 298.9 196.5 291.8 237.9 270.1 234.2 small-vehicle 0
513.1 154.2 520.5 160.9 508.4 174.3 501.0 167.6 small-vehicle 0
886.1 305.0 886.8 291.0 924.8 293.1 924.0 307.1 small-vehicle 0
907.1 247.5 908.5 246.1 909.9 247.5 908.5 248.9 small-vehicle 0
885.9 278.8 893.5 258.1 929.1 271.2 921.5 291.9 small-vehicle 0
875.6 326.7 884.2 306.4 926.5 324.5 917.9 344.7 small-vehicle 0
529.7 163.4 539.6 173.3 518.3 194.6 508.4 184.7 small-vehicle 0
505.1 570.2 522.8 573.6 514.9 614.8 497.2 611.4 small-vehicle 0
549.3 200.9 551.0 201.9 550.0 203.7 548.3 202.7 small-vehicle 0
598.2 215.4 610.5 228.6 582.7 254.5 570.4 241.3 small-vehicle 0
464.7 298.3 466.7 298.7 466.3 300.7 464.3 300.3 small-vehicle 0
266.4 310.1 288.4 309.9 288.6 343.9 266.6 344.1 small-vehicle 0
162.7 355.4 176.6 354.1 180.3 391.9 166.4 393.3 small-vehicle 0
432.1 448.3 436.9 465.6 411.8 472.5 407.1 455.2 small-vehicle 0
517.9 487.8 518.2 489.8 516.2 490.1 515.9 488.1 small-vehicle 0
265.9 499.2 283.9 498.7 285.0 540.7 267.0 541.2 small-vehicle 0
44.1 568.9 62.0 567.3 66.9 625.1 49.0 626.7 small-vehicle 0
539.0 567.3 560.1 573.6 547.0 617.7 525.9 611.4 small-vehicle 0
267.3 628.0 289.0 631.5 281.7 677.0 260.0 673.5 small-vehicle 0
297.9 801.9 302.9 784.5 347.1 797.1 342.2 814.5 small-vehicle 0
266.1 859.4 279.1 854.3 291.7 885.8 278.7 891.0 small-vehicle 0
134.6 916.7 156.6 917.4 155.4 955.3 133.4 954.6 small-vehicle 0
