579.5 259.7 591.2 267.5 558.9 315.7 547.2 307.9 large-vehicle 0
582.9 265.8 588.8 266.0 585.4 352.0 579.4 351.7 large-vehicle 0
566.5 241.5 576.1 251.7 531.1 294.3 521.5 284.1 large-vehicle 0
509.7 271.6 537.6 220.7 553.3 229.4 525.4 280.3 large-vehicle 0
192.4 528.1 228.2 563.0 176.6 615.9 140.8 581.0 small-vehicle 0
871.1 135.0 873.1 113.1 926.9 118.0 924.9 139.9 small-vehicle 0
780.0 102.0 794.0 75.5 841.7 100.9 827.7 127.4 small-vehicle 0
782.6 8.2 799.2 15.4 785.7 46.6 769.2 39.5 small-vehicle 0
978.9 51.8 994.6 60.6 968.2 107.7 952.5 98.9 small-vehicle 0
986.6 12.5 1002.6 20.7 985.4 54.5 969.4 46.3 small-vehicle 0
512.4 193.6 537.3 216.8 508.6 247.4 483.7 224.2 small-vehicle 0
636.4 340.8 658.7 354.1 631.1 400.5 608.7 387.2 small-vehicle 0
632.0 318.2 647.5 333.8 603.4 377.5 587.9 361.8 small-vehicle 0
95.5 460.3 111.5 475.3 91.0 497.2 75.0 482.2 small-vehicle 0
78.1 445.5 92.7 456.0 75.2 480.3 60.6 469.8 small-vehicle 0
48.2 424.7 49.9 425.7 48.8 427.4 47.1 426.3 small-vehicle 0
18.2 397.8 20.2 398.2 19.8 400.2 17.8 399.8 small-vehicle 0
612.8 299.8 629.9 313.7 590.7 361.7 573.6 347.8 small-vehicle 0
12.4 252.3 12.7 250.4 14.6 250.7 14.3 252.6 small-vehicle 0
34.8 254.6 42.0 261.6 18.4 286.1 11.2 279.1 small-vehicle 0
57.1 294.6 58.4 296.1 56.9 297.4 55.6 295.9 small-vehicle 0
53.6 263.0 60.5 270.3 33.0 296.5 26.1 289.3 small-vehicle 0
553.1 443.6 553.8 441.8 555.7 442.6 554.9 444.4 small-vehicle 0
119.6 488.7 144.3 505.6 127.4 530.3 102.7 513.4 small-vehicle 0
98.7 320.9 114.2 336.5 84.3 366.1 68.8 350.5 small-vehicle 0
118.0 354.6 125.2 371.0 90.4 386.3 83.2 369.9 small-vehicle 0
-0.8 38.0 20.8 33.6 26.7 63.0 5.1 67.4 small-vehicle 0
95.6 101.1 102.1 108.7 61.2 143.9 54.6 136.3 small-vehicle 0
4.7 83.7 22.3 70.6 47.3 104.3 29.7 117.4 small-vehicle 0
136.9 149.8 143.9 157.0 111.1 189.2 104.1 182.0 small-vehicle 0
147.0 166.0 154.8 172.3 131.0 202.0 123.2 195.7 small-vehicle 0
158.6 175.0 177.7 192.6 143.9 229.4 124.7 211.8 small-vehicle 0
103.8 114.1 116.8 126.5 85.2 159.9 72.2 147.5 small-vehicle 0
12.7 188.1 14.4 189.2 13.3 190.9 11.6 189.8 small-vehicle 0
52.8 209.2 58.6 217.3 30.9 237.1 25.1 228.9 small-vehicle 0
55.0 229.4 67.5 242.3 60.3 249.3 47.8 236.3 small-vehicle 0
152.2 385.4 162.9 404.6 126.2 425.1 115.5 405.8 small-vehicle 0
