6.4 195.6 52.6 176.4 62.6 200.4 16.4 219.6 small-vehicle 0
240.1 145.8 265.2 122.9 304.3 165.7 279.2 188.6 small-vehicle 0
223.2 171.6 238.9 156.3 279.3 197.9 263.6 213.2 small-vehicle 0
222.3 194.4 229.1 187.1 254.1 210.1 247.4 217.4 small-vehicle 0
203.2 218.5 210.9 206.7 239.4 225.3 231.7 237.1 small-vehicle 0
195.8 239.8 201.3 231.5 229.6 250.4 224.0 258.7 small-vehicle 0
177.9 258.2 182.5 249.3 234.1 275.8 229.5 284.7 small-vehicle 0
290.3 183.4 309.1 165.4 329.8 187.1 311.0 205.1 small-vehicle 0
274.1 118.3 286.8 112.4 311.1 165.1 298.4 171.0 small-vehicle 0
276.2 220.8 283.0 213.5 302.0 231.3 295.1 238.6 small-vehicle 0
272.0 183.9 278.9 176.6 321.1 216.3 314.3 223.6 small-vehicle 0
243.7 260.4 261.3 241.3 283.3 261.6 265.7 280.7 small-vehicle 0
742.5 331.3 783.8 338.7 771.4 407.6 730.1 400.2 large-vehicle 0
258.2 235.0 265.2 227.8 283.8 246.0 276.8 253.2 small-vehicle 0
332.7 202.9 342.7 203.8 336.6 269.6 326.7 268.6 small-vehicle 0
286.6 253.2 312.8 238.5 325.5 261.2 299.3 275.9 small-vehicle 0
500.1 242.6 536.2 230.8 557.9 297.4 521.8 309.2 large-vehicle 0
649.5 377.0 689.6 364.2 697.5 389.0 657.4 401.8 small-vehicle 0
334.1 295.0 363.6 289.4 369.1 318.9 339.7 324.5 small-vehicle 0
279.3 284.8 285.4 276.9 306.0 292.7 300.0 300.6 small-vehicle 0
250.6 280.6 251.6 278.9 253.3 279.9 252.3 281.6 small-vehicle 0
268.4 300.1 274.4 292.1 298.5 310.0 292.5 318.0 small-vehicle 0
255.5 324.7 263.4 313.1 291.5 332.3 283.6 343.9 small-vehicle 0
211.5 281.4 220.0 286.5 202.5 315.6 194.0 310.5 small-vehicle 0
253.6 322.5 261.6 334.1 220.4 362.5 212.5 350.9 small-vehicle 0
191.5 318.5 193.0 312.7 249.3 326.8 247.8 332.6 small-vehicle 0
285.9 345.7 302.4 365.8 276.1 387.3 259.6 367.2 small-vehicle 0
327.5 337.9 368.5 347.2 361.0 380.3 320.0 371.1 small-vehicle 0
316.0 258.9 388.0 228.7 394.9 245.3 323.0 275.5 small-vehicle 0
398.0 207.4 404.6 214.9 382.0 234.6 375.4 227.1 small-vehicle 0
400.7 237.2 403.4 246.8 378.3 253.8 375.6 244.2 small-vehicle 0
402.5 255.7 407.0 264.6 376.7 279.9 372.2 271.0 small-vehicle 0
394.2 282.5 399.2 291.1 376.7 304.2 371.7 295.6 small-vehicle 0
396.5 307.7 401.2 316.5 371.0 332.3 366.4 323.4 small-vehicle 0
392.1 340.0 392.8 349.9 366.9 352.0 366.1 342.0 small-vehicle 0
397.3 347.4 403.8 355.0 359.7 392.6 353.2 385.0 small-vehicle 0
