965.5 548.8 982.9 535.4 1037.9 606.6 1020.5 620.1 large-vehicle 0
1034.6 282.1 1037.7 291.7 986.2 308.0 983.2 298.5 large-vehicle 0
992.6 231.7 1009.1 239.0 962.9 343.2 946.5 336.0 large-vehicle 0
946.9 225.2 964.5 229.0 941.1 336.5 923.5 332.7 large-vehicle 0
839.3 268.4 874.2 238.5 919.7 291.6 884.8 321.5 large-vehicle 0
665.3 311.9 672.7 300.0 837.7 402.1 830.3 414.0 large-vehicle 0
670.2 294.4 840.1 332.1 835.3 353.6 665.4 315.9 large-vehicle 0
657.8 665.8 700.9 649.7 773.1 842.6 730.1 858.7 large-vehicle 0
957.6 649.9 959.2 648.7 960.4 650.3 958.9 651.5 large-vehicle 0
944.5 604.3 970.2 582.0 1045.0 668.1 1019.3 690.4 large-vehicle 0
401.7 526.1 408.1 538.6 374.3 555.9 367.9 543.5 large-vehicle 0
475.1 533.8 481.4 521.3 518.9 540.2 512.6 552.7 large-vehicle 0
260.8 614.2 508.5 506.6 517.3 526.8 269.6 634.3 large-vehicle 0
466.4 544.3 473.0 536.9 531.4 588.6 524.7 596.1 large-vehicle 0
446.4 583.9 450.6 601.4 347.6 626.1 343.4 608.6 large-vehicle 0
466.9 402.9 536.8 406.1 535.1 444.1 465.2 440.9 large-vehicle 0
489.1 411.0 496.8 556.8 474.9 558.0 467.2 412.2 large-vehicle 0
491.0 546.1 508.2 409.2 530.1 411.9 512.9 548.8 large-vehicle 0
553.2 465.6 558.3 474.2 539.4 485.4 534.3 476.8 large-vehicle 0
553.3 462.3 561.0 455.9 597.7 500.8 590.0 507.1 large-vehicle 0
350.2 439.6 359.8 442.6 325.8 551.4 316.2 548.4 large-vehicle 0
435.0 475.0 442.8 468.7 469.2 501.3 461.4 507.6 large-vehicle 0
434.1 473.0 440.4 480.8 410.9 504.7 404.6 497.0 large-vehicle 0
357.6 476.6 360.5 471.4 425.2 507.3 422.3 512.5 large-vehicle 0
348.0 483.7 355.9 477.5 376.9 504.3 369.0 510.5 large-vehicle 0
322.8 124.9 358.3 175.7 209.2 280.1 173.7 229.3 large-vehicle 0
