16.1 1002.6 17.9 1003.6 16.9 1005.4 15.1 1004.4 large-vehicle 0
68.9 967.1 86.9 965.3 94.1 1034.9 76.1 1036.7 large-vehicle 0
91.3 966.2 104.1 960.5 135.7 1031.8 122.9 1037.5 large-vehicle 0
125.4 966.2 142.0 959.4 171.6 1031.5 155.0 1038.4 large-vehicle 0
209.6 966.8 277.8 951.1 294.4 1023.2 226.2 1038.9 large-vehicle 0
961.5 562.3 995.4 461.9 1065.5 485.7 1031.6 586.1 large-vehicle 0
451.6 66.0 507.9 52.3 544.3 201.9 487.9 215.6 large-vehicle 0
581.9 29.7 647.9 30.3 646.1 228.3 580.1 227.7 large-vehicle 0
325.5 960.6 358.0 950.8 380.5 1025.4 348.0 1035.2 large-vehicle 0
413.5 952.7 427.5 953.0 425.5 1043.0 411.5 1042.6 large-vehicle 0
426.7 954.0 439.7 948.9 471.3 1028.9 458.3 1034.0 large-vehicle 0
466.2 947.1 492.1 948.7 486.9 1034.5 460.9 1032.9 large-vehicle 0
482.5 954.8 516.0 948.8 530.5 1029.5 497.0 1035.5 large-vehicle 0
657.9 941.9 709.3 925.4 736.7 1011.2 685.2 1027.6 large-vehicle 0
797.6 935.6 815.6 935.4 816.4 1013.4 798.4 1013.6 large-vehicle 0
838.2 979.2 839.3 977.6 841.0 978.8 839.8 980.4 large-vehicle 0
864.9 929.1 886.9 927.3 895.1 1024.9 873.1 1026.7 large-vehicle 0
938.2 926.3 967.2 934.2 942.7 1024.9 913.8 1017.1 large-vehicle 0
