627.6 461.9 635.3 468.4 603.0 506.6 595.4 500.1 small-vehicle 0
129.8 721.1 139.8 730.9 71.2 800.9 61.2 791.1 small-vehicle 0
207.3 864.3 218.3 872.9 194.7 902.7 183.7 894.1 large-vehicle 0
262.9 801.0 272.6 811.1 216.3 865.0 206.6 854.9 large-vehicle 0
229.7 794.1 237.3 800.6 194.6 850.9 187.0 844.4 large-vehicle 0
180.7 858.9 188.2 865.5 165.7 891.0 158.2 884.4 large-vehicle 0
152.6 850.0 161.9 853.5 148.4 889.0 139.1 885.5 large-vehicle 0
201.7 806.7 204.6 812.0 171.3 830.3 168.4 825.0 large-vehicle 0
188.8 765.9 198.9 775.5 148.0 829.2 137.8 819.6 large-vehicle 0
181.9 735.3 192.0 745.0 149.1 789.7 139.0 780.0 large-vehicle 0
-65.1 651.2 352.2 930.2 331.1 961.8 -86.2 682.8 large-vehicle 0
146.0 814.4 164.0 833.2 125.0 870.6 107.0 851.8 small-vehicle 0
160.0 724.5 170.1 734.2 94.0 813.5 83.9 803.8 small-vehicle 0
102.9 794.4 113.1 804.0 87.1 831.6 76.9 822.0 large-vehicle 0
108.2 674.7 146.4 706.9 103.8 757.3 65.6 725.1 large-vehicle 0
267.4 831.8 277.1 841.9 249.9 868.3 240.1 858.3 large-vehicle 0
-63.0 601.9 234.4 889.8 208.0 917.1 -89.4 629.2 large-vehicle 0
27.3 827.3 104.5 854.9 91.7 890.7 14.5 863.1 large-vehicle 0
23.0 822.3 54.2 835.9 39.0 870.7 7.8 857.1 small-vehicle 0
84.0 778.1 93.9 788.0 55.7 826.2 45.8 816.3 large-vehicle 0
232.0 880.8 242.9 889.7 219.0 919.2 208.1 910.3 large-vehicle 0
286.8 846.4 297.3 855.7 272.1 884.1 261.6 874.9 large-vehicle 0
456.6 962.4 467.3 971.4 412.4 1037.6 401.7 1028.6 large-vehicle 0
447.4 937.1 457.2 947.1 375.2 1026.4 365.5 1016.3 large-vehicle 0
279.2 995.0 285.9 1002.4 257.8 1028.0 251.1 1020.6 large-vehicle 0
324.5 841.3 335.1 850.4 284.5 909.7 273.9 900.6 large-vehicle 0
261.4 980.0 268.7 986.9 242.6 1014.5 235.3 1007.6 large-vehicle 0
242.4 962.1 251.9 972.4 220.9 1000.8 211.4 990.5 large-vehicle 0
312.5 945.2 322.9 954.6 297.5 982.8 287.1 973.4 large-vehicle 0
296.0 924.3 306.9 933.1 283.0 962.7 272.1 953.9 large-vehicle 0
274.3 911.2 285.3 919.9 261.7 949.7 250.8 941.0 large-vehicle 0
253.6 895.7 264.7 904.3 241.4 934.3 230.3 925.7 large-vehicle 0
218.1 947.2 228.5 956.7 202.9 984.8 192.5 975.3 large-vehicle 0
199.6 929.6 207.0 936.4 181.4 964.4 174.0 957.6 large-vehicle 0
173.0 920.5 181.7 925.4 163.0 958.5 154.3 953.6 large-vehicle 0
149.0 904.5 159.9 913.3 136.1 942.9 125.2 934.1 large-vehicle 0
362.6 881.3 372.6 891.0 324.0 941.4 313.9 931.6 large-vehicle 0
374.0 905.3 384.6 914.4 341.5 964.4 330.9 955.3 large-vehicle 0
641.6 468.3 659.0 481.8 623.4 527.7 606.0 514.2 small-vehicle 0
928.8 842.6 929.4 840.7 931.3 841.3 930.7 843.2 small-vehicle 0
839.0 538.3 846.8 544.6 815.3 583.4 807.5 577.1 small-vehicle 0
852.3 547.5 872.2 564.3 834.7 608.5 814.8 591.7 small-vehicle 0
766.3 446.8 1009.3 693.1 962.3 739.5 719.3 493.2 large-vehicle 0
911.8 600.5 918.8 607.7 880.2 645.5 873.2 638.3 small-vehicle 0
920.1 614.9 935.8 630.2 900.9 666.1 885.2 650.7 small-vehicle 0
944.8 632.5 955.4 641.6 920.2 682.5 909.6 673.4 small-vehicle 0
950.2 649.9 966.4 657.8 942.6 706.3 926.5 698.4 small-vehicle 0
700.2 614.7 706.9 607.2 767.8 662.2 761.1 669.6 large-vehicle 0
649.8 596.7 656.7 589.5 788.2 715.3 781.3 722.5 large-vehicle 0
932.9 768.7 940.2 761.9 979.8 804.3 972.5 811.1 small-vehicle 0
917.0 790.1 931.8 773.8 977.7 815.4 962.9 831.7 small-vehicle 0
909.3 805.7 918.2 794.8 969.4 836.5 960.5 847.4 small-vehicle 0
846.6 937.0 857.9 945.4 823.3 992.0 812.1 983.6 large-vehicle 0
788.7 500.0 796.3 506.4 771.9 535.5 764.3 529.1 small-vehicle 0
784.1 922.7 803.5 950.7 713.2 1013.4 693.8 985.5 large-vehicle 0
16.3 715.1 17.9 716.3 16.7 717.9 15.1 716.7 small-vehicle 0
38.2 757.7 58.6 725.6 73.8 735.3 53.4 767.4 small-vehicle 0
7.3 766.6 8.9 767.8 7.7 769.4 6.1 768.2 small-vehicle 0
25.0 779.6 26.4 781.0 25.0 782.4 23.6 781.0 small-vehicle 0
636.9 247.7 659.9 222.7 729.1 286.3 706.1 311.3 large-vehicle 0
425.6 360.7 443.9 372.9 416.2 414.5 397.9 402.3 small-vehicle 0
603.7 444.2 615.0 452.5 585.3 492.8 574.0 484.5 small-vehicle 0
819.0 525.6 826.7 532.0 800.0 564.4 792.3 558.0 small-vehicle 0
774.0 484.1 781.7 490.5 755.0 522.9 747.3 516.5 small-vehicle 0
319.4 258.7 325.0 256.5 347.6 314.3 342.0 316.5 small-vehicle 0
-8.7 559.6 24.2 521.9 110.0 597.0 77.1 634.6 large-vehicle 0
74.9 211.9 113.6 243.5 59.1 310.1 20.4 278.5 large-vehicle 0
354.7 21.1 379.7 -7.5 447.3 51.9 422.3 80.5 large-vehicle 0
511.8 21.9 526.7 5.7 563.6 39.4 548.8 55.6 small-vehicle 0
286.4 122.6 294.4 128.7 266.6 165.4 258.6 159.3 small-vehicle 0
302.2 136.3 310.2 142.2 285.3 176.0 277.2 170.1 small-vehicle 0
310.6 148.3 325.8 169.4 304.7 184.6 289.5 163.5 small-vehicle 0
330.9 178.7 340.2 174.9 353.1 206.3 343.8 210.1 small-vehicle 0
402.2 215.3 408.1 223.4 380.8 243.7 374.9 235.6 small-vehicle 0
419.6 219.3 427.7 225.0 399.0 265.9 390.8 260.2 small-vehicle 0
359.9 272.6 368.0 278.6 343.1 312.4 335.0 306.4 small-vehicle 0
283.2 222.0 314.2 250.2 291.3 275.4 260.3 247.1 small-vehicle 0
470.1 252.1 477.8 258.5 440.7 303.2 433.0 296.8 small-vehicle 0
759.5 469.4 766.9 476.2 738.2 506.9 730.9 500.1 small-vehicle 0
481.8 266.5 490.3 271.7 466.8 311.2 458.2 306.0 small-vehicle 0
500.0 280.4 507.9 286.6 482.0 319.6 474.1 313.4 small-vehicle 0
517.6 291.1 525.6 297.1 495.4 336.9 487.4 330.9 small-vehicle 0
538.5 302.6 546.2 309.0 511.5 350.4 503.8 344.0 small-vehicle 0
554.1 318.3 562.4 323.9 538.9 358.7 530.6 353.1 small-vehicle 0
571.6 331.5 579.6 337.6 554.1 371.0 546.1 364.9 small-vehicle 0
591.9 339.9 599.7 346.1 571.1 382.1 563.3 375.9 small-vehicle 0
606.0 349.5 622.2 364.4 590.9 398.2 574.8 383.2 small-vehicle 0
623.2 364.0 631.6 369.4 608.7 404.6 600.3 399.2 small-vehicle 0
642.2 379.5 650.0 385.7 624.0 418.7 616.2 412.5 small-vehicle 0
658.7 399.4 684.9 414.2 668.1 443.8 642.0 429.0 small-vehicle 0
743.7 451.2 751.5 457.6 722.3 493.2 714.6 486.8 small-vehicle 0
