974.9 67.9 976.9 85.8 931.1 90.8 929.2 72.9 small-vehicle 0
439.0 526.8 441.0 526.9 440.8 528.9 438.8 528.8 small-vehicle 0
215.7 210.5 222.4 217.9 185.3 251.5 178.6 244.1 small-vehicle 0
130.3 346.6 147.6 351.6 133.7 399.6 116.4 394.6 small-vehicle 0
225.9 346.3 244.8 357.7 223.1 393.7 204.2 382.3 small-vehicle 0
261.2 344.6 269.1 350.6 238.8 390.4 230.9 384.4 small-vehicle 0
278.3 343.1 287.1 347.8 267.5 384.9 258.6 380.2 small-vehicle 0
304.8 336.3 313.8 340.6 292.1 385.7 283.1 381.3 small-vehicle 0
324.7 339.1 333.9 343.0 316.1 385.4 306.9 381.6 small-vehicle 0
351.1 336.6 360.1 341.0 339.9 382.4 330.9 378.0 small-vehicle 0
368.4 340.5 377.8 343.9 363.6 383.4 354.2 380.0 small-vehicle 0
399.7 330.1 415.5 338.7 391.7 382.7 375.9 374.1 small-vehicle 0
269.2 399.3 305.4 387.6 342.8 503.7 306.6 515.4 large-vehicle 0
366.8 520.6 388.6 517.4 394.1 555.0 372.4 558.2 small-vehicle 0
400.1 538.0 402.1 538.0 402.1 540.0 400.1 540.0 small-vehicle 0
409.6 516.4 419.0 513.0 434.3 556.4 424.9 559.7 small-vehicle 0
465.8 519.4 482.4 505.0 494.2 518.6 477.6 533.0 small-vehicle 0
219.8 151.7 223.7 169.2 159.2 183.3 155.3 165.8 small-vehicle 0
485.9 504.9 493.1 498.0 522.1 528.4 514.9 535.3 small-vehicle 0
529.9 508.9 530.5 507.0 532.4 507.7 531.8 509.6 small-vehicle 0
531.0 494.1 545.5 477.5 580.1 507.8 565.6 524.3 small-vehicle 0
421.6 425.1 442.3 440.7 414.6 477.5 393.9 461.8 small-vehicle 0
444.7 437.0 453.3 442.2 431.3 478.0 422.7 472.8 small-vehicle 0
416.7 413.2 440.9 403.5 450.5 427.7 426.4 437.3 small-vehicle 0
482.6 427.8 503.9 433.4 494.4 470.2 473.1 464.6 small-vehicle 0
582.2 403.4 587.3 429.0 550.0 436.3 544.9 410.8 small-vehicle 0
579.6 363.0 587.6 383.5 548.5 398.8 540.5 378.3 small-vehicle 0
448.1 324.0 467.0 335.4 441.2 378.2 422.3 366.9 small-vehicle 0
492.0 323.1 515.1 335.1 495.6 372.3 472.6 360.3 small-vehicle 0
525.5 319.5 534.4 324.1 511.5 368.5 502.6 363.9 small-vehicle 0
326.1 205.9 338.7 199.9 382.3 292.1 369.7 298.1 large-vehicle 0
377.9 198.3 391.9 198.3 392.1 292.3 378.1 292.3 large-vehicle 0
221.5 174.6 223.7 192.4 158.2 200.4 156.0 182.5 small-vehicle 0
205.8 130.3 211.7 147.3 164.5 163.8 158.6 146.8 small-vehicle 0
937.1 43.8 938.9 25.8 972.7 29.1 971.0 47.0 small-vehicle 0
192.1 107.8 202.4 127.2 168.9 145.2 158.6 125.8 small-vehicle 0
329.8 953.5 343.4 950.5 365.5 1050.1 351.8 1053.1 large-vehicle 0
348.7 960.6 361.1 954.1 412.3 1051.4 399.9 1057.9 large-vehicle 0
461.5 948.5 479.2 945.6 496.5 1050.2 478.7 1053.1 large-vehicle 0
511.9 940.1 525.7 942.5 508.7 1039.0 494.9 1036.6 large-vehicle 0
522.4 939.8 535.8 935.6 566.3 1033.0 552.9 1037.2 large-vehicle 0
543.0 936.2 555.5 929.9 607.1 1031.6 594.6 1037.9 large-vehicle 0
626.8 973.2 648.0 967.4 660.2 1011.7 639.0 1017.6 small-vehicle 0
711.6 906.5 718.1 898.9 768.3 941.7 761.8 949.3 large-vehicle 0
702.0 924.5 708.2 916.7 768.9 965.8 762.6 973.6 large-vehicle 0
707.7 958.5 713.4 950.2 771.3 989.5 765.6 997.8 large-vehicle 0
53.2 81.5 63.9 72.4 83.4 95.1 72.8 104.2 small-vehicle 0
106.5 135.1 117.1 126.0 139.2 151.8 128.6 160.9 small-vehicle 0
100.9 204.3 122.4 199.9 130.1 237.1 108.5 241.5 small-vehicle 0
432.8 194.6 450.4 191.1 468.2 283.4 450.6 286.9 large-vehicle 0
468.0 193.9 485.8 190.9 500.9 279.6 483.1 282.6 large-vehicle 0
483.6 184.8 495.8 177.9 549.6 273.9 537.4 280.7 large-vehicle 0
862.4 373.8 863.5 395.8 813.6 398.2 812.5 376.2 small-vehicle 0
789.1 883.9 793.8 901.3 764.8 909.1 760.1 891.7 small-vehicle 0
788.8 901.6 794.5 918.6 762.2 929.4 756.5 912.4 small-vehicle 0
793.9 926.3 795.9 944.2 766.1 947.7 764.1 929.8 small-vehicle 0
935.2 853.3 936.6 871.2 890.8 874.8 889.4 856.8 small-vehicle 0
888.5 813.1 891.1 834.9 841.5 840.9 838.9 819.1 small-vehicle 0
969.6 801.8 996.2 815.8 971.0 863.6 944.5 849.6 small-vehicle 0
1018.5 755.5 1028.5 779.5 993.4 794.1 983.4 770.0 small-vehicle 0
1018.4 748.0 1020.1 757.8 990.6 763.0 988.9 753.2 small-vehicle 0
1013.1 715.9 1022.2 740.3 990.3 752.2 981.2 727.8 small-vehicle 0
1015.6 694.1 1024.9 718.3 989.4 731.9 980.1 707.7 small-vehicle 0
1008.1 636.4 1013.0 657.9 975.9 666.3 971.0 644.9 small-vehicle 0
1005.4 597.6 1012.4 614.2 981.1 627.4 974.1 610.8 small-vehicle 0
1008.5 558.3 1012.2 575.9 971.1 584.6 967.4 567.0 small-vehicle 0
960.0 389.0 961.1 375.1 987.0 377.1 985.9 391.1 small-vehicle 0
859.7 395.2 861.8 409.0 816.3 415.8 814.2 402.0 small-vehicle 0
527.8 190.3 545.0 184.9 573.3 274.5 556.1 279.9 large-vehicle 0
855.7 436.3 859.7 457.9 822.3 464.7 818.3 443.1 small-vehicle 0
874.2 498.5 875.8 512.4 818.2 519.2 816.6 505.3 small-vehicle 0
875.7 533.4 875.8 515.4 917.8 515.6 917.7 533.6 small-vehicle 0
872.4 551.2 873.9 537.3 923.6 542.5 922.1 556.4 small-vehicle 0
871.2 575.2 872.8 557.3 922.6 561.7 921.0 579.7 small-vehicle 0
917.7 582.6 922.1 600.1 881.3 610.4 876.9 592.9 small-vehicle 0
877.2 637.4 883.6 620.6 922.8 635.6 916.4 652.4 small-vehicle 0
872.0 633.8 872.9 647.8 823.0 651.2 822.1 637.2 small-vehicle 0
893.0 657.6 900.1 674.2 865.1 689.0 858.1 672.5 small-vehicle 0
968.8 47.4 970.0 57.3 932.2 61.7 931.1 51.7 small-vehicle 0
755.8 875.2 758.0 865.4 791.2 872.8 789.0 882.6 small-vehicle 0
790.4 841.8 792.0 863.7 758.1 866.1 756.5 844.2 small-vehicle 0
798.2 812.1 804.1 829.1 741.7 850.7 735.8 833.7 small-vehicle 0
784.8 780.0 788.6 793.5 748.2 805.0 744.4 791.5 small-vehicle 0
558.8 185.4 575.8 179.5 605.2 264.6 588.2 270.5 large-vehicle 0
590.2 182.4 603.4 177.7 638.1 273.5 625.0 278.3 large-vehicle 0
219.3 55.8 262.1 38.9 287.8 104.0 245.0 120.9 large-vehicle 0
280.0 43.4 340.4 16.7 380.0 106.4 319.6 133.0 large-vehicle 0
512.5 37.0 543.5 15.0 584.1 72.1 553.1 94.1 large-vehicle 0
628.8 179.9 646.0 174.7 673.3 264.7 656.1 269.9 large-vehicle 0
649.9 170.8 658.1 165.1 721.1 255.2 712.9 260.9 large-vehicle 0
693.4 169.6 706.8 165.6 735.4 263.6 722.0 267.5 large-vehicle 0
744.8 169.4 758.6 171.7 745.2 252.6 731.4 250.3 large-vehicle 0
704.0 18.6 733.8 2.2 767.6 63.4 737.9 79.9 large-vehicle 0
777.2 10.2 806.9 -6.3 844.8 61.9 815.0 78.4 large-vehicle 0
750.3 336.1 757.0 352.8 721.7 366.9 715.0 350.2 small-vehicle 0
722.6 359.9 726.7 381.5 685.4 389.2 681.3 367.6 small-vehicle 0
763.5 382.4 763.7 400.4 729.8 400.9 729.5 382.9 small-vehicle 0
765.7 399.0 768.9 420.8 727.3 427.0 724.1 405.2 small-vehicle 0
726.3 443.2 727.7 421.3 765.6 423.7 764.2 445.7 small-vehicle 0
767.1 438.9 771.1 460.6 729.8 468.1 725.8 446.5 small-vehicle 0
762.0 462.9 763.0 484.8 733.0 486.1 732.0 464.2 small-vehicle 0
760.3 482.4 767.7 503.1 735.6 514.5 728.3 493.7 small-vehicle 0
700.0 527.6 702.3 505.7 748.0 510.4 745.8 532.3 small-vehicle 0
775.2 526.0 777.3 531.6 741.8 545.0 739.7 539.4 small-vehicle 0
759.8 540.5 766.0 565.8 725.2 575.7 719.0 550.4 small-vehicle 0
769.1 563.4 773.7 580.8 740.9 589.5 736.3 572.1 small-vehicle 0
753.8 612.8 758.2 634.4 709.2 644.2 704.8 622.6 small-vehicle 0
812.7 527.9 828.9 542.8 795.0 579.6 778.8 564.6 small-vehicle 0
791.2 692.6 794.7 710.3 733.8 722.4 730.3 704.7 small-vehicle 0
743.8 737.5 744.3 719.5 782.2 720.5 781.7 738.5 small-vehicle 0
782.9 735.4 789.4 756.4 753.1 767.6 746.6 746.6 small-vehicle 0
782.5 760.6 783.1 782.6 753.1 783.4 752.6 761.4 small-vehicle 0
