432.9 845.3 455.4 819.8 519.9 876.6 497.5 902.1 large-vehicle 0
417.4 861.0 426.4 850.2 492.6 905.0 483.6 915.8 large-vehicle 0
396.4 880.7 406.0 870.6 471.6 932.3 462.0 942.4 large-vehicle 0
313.1 976.2 322.3 965.7 392.9 1027.8 383.7 1038.3 large-vehicle 0
330.6 952.8 339.4 942.0 412.4 1001.2 403.6 1012.0 large-vehicle 0
348.0 929.2 357.5 918.9 430.0 984.8 420.5 995.1 large-vehicle 0
999.2 187.5 1025.0 220.7 991.8 246.5 966.0 213.3 large-vehicle 0
530.6 749.2 540.5 739.4 606.8 806.1 596.8 815.9 large-vehicle 0
940.2 217.6 968.8 253.6 939.1 277.2 910.4 241.2 large-vehicle 0
895.9 255.9 920.6 289.9 889.8 312.2 865.2 278.2 large-vehicle 0
845.7 289.0 871.1 322.4 840.8 345.4 815.4 311.9 large-vehicle 0
790.8 319.4 821.7 363.7 784.0 390.0 753.1 345.7 large-vehicle 0
728.5 362.0 762.4 398.9 728.5 430.0 694.6 393.1 large-vehicle 0
670.5 402.2 706.8 442.2 672.7 473.1 636.5 433.1 large-vehicle 0
612.6 447.8 654.3 488.1 622.4 521.2 580.7 480.9 large-vehicle 0
545.6 523.3 570.8 551.7 539.4 579.7 514.2 551.3 large-vehicle 0
489.9 560.7 524.2 597.0 493.6 625.8 459.3 589.5 large-vehicle 0
448.1 610.1 475.4 636.6 448.9 663.9 421.6 637.4 large-vehicle 0
407.5 650.7 435.8 676.0 410.5 704.3 382.2 679.0 large-vehicle 0
369.9 686.5 398.9 716.9 371.4 743.2 342.4 712.8 large-vehicle 0
326.7 725.8 360.3 751.0 337.5 781.4 303.9 756.2 large-vehicle 0
505.7 769.1 515.3 759.0 583.3 823.9 573.7 834.0 large-vehicle 0
546.9 721.9 556.8 712.0 623.4 778.3 613.5 788.2 large-vehicle 0
986.7 893.0 992.3 905.8 946.6 926.0 940.9 913.2 large-vehicle 0
1031.4 942.0 1038.5 958.6 970.4 987.7 963.3 971.2 large-vehicle 0
1013.7 903.8 1024.6 918.1 962.4 965.2 951.5 950.9 large-vehicle 0
720.7 941.5 735.1 930.6 789.3 1002.5 774.9 1013.4 large-vehicle 0
565.0 698.7 574.7 688.6 642.5 753.8 632.7 763.9 large-vehicle 0
699.0 969.7 709.5 960.5 766.0 1025.3 755.5 1034.5 large-vehicle 0
669.7 983.3 679.7 973.6 731.1 1026.9 721.0 1036.6 large-vehicle 0
822.0 775.9 832.0 785.7 769.0 850.1 759.0 840.3 large-vehicle 0
809.8 752.0 818.7 762.8 749.2 820.0 740.3 809.2 large-vehicle 0
814.6 706.0 823.6 716.7 709.4 814.0 700.4 803.3 large-vehicle 0
771.9 700.3 781.2 710.7 714.1 770.7 704.8 760.3 large-vehicle 0
755.8 675.7 765.2 686.1 698.2 746.3 688.8 735.9 large-vehicle 0
677.9 602.7 715.0 610.7 696.0 698.7 658.9 690.7 large-vehicle 0
582.2 687.1 605.5 662.4 673.8 726.9 650.5 751.6 large-vehicle 0
291.4 764.9 324.8 796.5 298.6 824.1 265.2 792.5 large-vehicle 0
262.1 803.3 292.9 837.4 243.9 881.7 213.1 847.6 large-vehicle 0
203.3 877.5 234.7 905.4 180.3 966.8 148.9 938.9 large-vehicle 0
771.4 22.9 792.5 1.6 850.9 59.2 829.8 80.5 large-vehicle 0
672.0 241.9 675.7 228.4 716.2 239.6 712.4 253.1 large-vehicle 0
735.8 260.5 743.0 244.0 774.2 257.5 767.0 274.0 large-vehicle 0
698.1 225.2 711.1 193.8 742.5 206.7 729.6 238.1 large-vehicle 0
761.5 231.0 769.7 215.0 807.1 234.1 798.9 250.1 large-vehicle 0
801.3 208.3 809.5 192.2 839.7 207.7 831.5 223.8 large-vehicle 0
730.2 257.1 811.4 63.4 842.7 76.6 761.5 270.2 large-vehicle 0
827.3 183.7 835.7 167.8 876.4 189.2 868.0 205.2 large-vehicle 0
813.6 144.9 822.5 129.3 862.4 152.1 853.5 167.7 large-vehicle 0
879.9 169.5 883.3 155.9 927.9 166.8 924.6 180.4 large-vehicle 0
831.3 125.6 850.8 92.9 886.9 114.5 867.4 147.1 large-vehicle 0
900.9 140.2 909.5 124.4 950.0 146.4 941.4 162.2 large-vehicle 0
878.2 97.9 896.6 69.4 968.8 116.1 950.4 144.6 large-vehicle 0
944.6 79.8 945.8 78.2 947.4 79.4 946.2 81.0 large-vehicle 0
694.7 101.2 706.0 92.9 740.4 139.7 729.1 148.0 large-vehicle 0
144.1 970.8 165.9 991.5 114.9 1045.2 93.1 1024.5 large-vehicle 0
661.0 120.4 687.8 99.5 731.0 154.6 704.2 175.5 large-vehicle 0
587.8 -19.1 613.5 8.9 547.3 69.9 521.6 41.9 large-vehicle 0
42.3 936.7 71.3 954.5 53.4 983.5 24.5 965.6 large-vehicle 0
52.4 885.9 78.8 900.2 62.6 930.1 36.2 915.8 large-vehicle 0
89.2 809.1 111.6 829.1 67.6 878.3 45.2 858.3 large-vehicle 0
108.3 747.1 128.5 769.3 88.4 805.6 68.3 783.3 large-vehicle 0
114.5 685.6 142.7 704.5 119.2 739.4 91.0 720.4 large-vehicle 0
131.6 624.4 158.5 645.2 135.2 675.2 108.3 654.4 large-vehicle 0
156.9 551.4 179.8 570.7 139.9 618.1 116.9 598.8 large-vehicle 0
179.1 477.2 201.7 496.8 166.3 537.6 143.7 517.9 large-vehicle 0
226.0 333.4 251.1 349.8 212.8 408.4 187.7 392.0 large-vehicle 0
696.4 278.7 704.1 262.4 745.6 282.2 737.9 298.4 large-vehicle 0
615.2 257.3 623.7 241.4 681.8 272.7 673.3 288.6 large-vehicle 0
663.0 308.8 665.2 294.9 710.7 302.0 708.5 315.8 large-vehicle 0
600.2 294.5 606.1 277.5 638.3 288.6 632.3 305.6 large-vehicle 0
213.9 735.0 240.1 762.5 209.7 791.5 183.5 763.9 large-vehicle 0
144.2 773.0 193.8 794.3 178.8 829.2 129.2 807.9 large-vehicle 0
175.2 712.4 195.1 721.6 175.9 763.4 155.9 754.2 large-vehicle 0
254.3 686.1 278.8 709.6 249.7 739.9 225.2 716.4 large-vehicle 0
204.5 631.6 209.1 614.2 284.5 634.4 279.9 651.8 large-vehicle 0
330.4 630.3 332.3 644.1 290.6 649.6 288.8 635.7 large-vehicle 0
249.2 608.4 254.0 591.0 286.8 599.9 282.1 617.3 large-vehicle 0
358.0 600.2 359.5 614.1 313.7 618.8 312.3 604.9 large-vehicle 0
256.2 576.4 271.5 546.0 330.5 575.6 315.2 606.0 large-vehicle 0
343.8 584.7 350.2 567.9 378.3 578.4 371.9 595.3 large-vehicle 0
310.9 550.8 316.1 533.5 344.8 542.2 339.6 559.4 large-vehicle 0
368.9 557.3 370.3 543.4 412.1 547.7 410.7 561.6 large-vehicle 0
331.9 519.3 334.7 501.5 376.2 508.1 373.4 525.9 large-vehicle 0
395.6 521.7 402.9 505.3 441.3 522.3 434.0 538.7 large-vehicle 0
349.5 481.7 354.6 464.5 437.1 488.6 432.0 505.9 large-vehicle 0
393.6 459.7 399.5 442.7 435.4 455.3 429.5 472.3 large-vehicle 0
473.6 478.3 477.7 503.9 448.0 508.6 444.0 482.9 large-vehicle 0
537.7 459.2 549.9 472.5 498.3 519.8 486.1 506.5 large-vehicle 0
477.6 470.7 481.0 457.1 502.4 462.3 499.0 475.9 large-vehicle 0
514.7 380.6 625.9 498.4 598.3 524.4 487.1 406.6 large-vehicle 0
495.5 420.0 504.5 430.8 481.5 450.0 472.5 439.2 large-vehicle 0
547.9 395.0 549.1 408.9 487.3 413.9 486.1 400.0 large-vehicle 0
638.7 368.4 656.3 392.7 593.1 438.4 575.5 414.1 large-vehicle 0
523.5 369.8 535.0 355.9 570.5 385.2 559.0 399.1 large-vehicle 0
544.9 344.9 551.9 328.3 620.1 357.1 613.1 373.7 large-vehicle 0
566.0 317.3 572.2 300.4 615.4 316.4 609.1 333.2 large-vehicle 0
681.9 324.3 683.3 338.2 637.5 342.8 636.1 328.8 large-vehicle 0
852.3 933.0 878.8 905.8 948.9 974.3 922.3 1001.5 large-vehicle 0
238.1 284.5 263.7 306.9 238.6 335.4 213.1 313.0 large-vehicle 0
