404.9 367.3 405.1 341.3 443.1 341.7 442.9 367.7 small-vehicle 0
697.2 941.3 715.1 939.8 718.9 985.6 701.0 987.1 small-vehicle 0
611.0 932.5 658.5 948.0 643.0 995.5 595.5 980.0 small-vehicle 0
436.8 806.6 457.9 812.9 441.4 868.5 420.3 862.2 small-vehicle 0
452.5 819.0 478.3 822.3 473.5 860.0 447.7 856.7 small-vehicle 0
552.0 827.5 576.0 817.6 587.4 845.4 563.3 855.3 small-vehicle 0
616.3 821.8 633.8 826.3 625.2 859.2 607.8 854.7 small-vehicle 0
669.4 824.6 689.9 832.6 677.5 864.3 657.0 856.3 small-vehicle 0
670.8 768.4 688.8 769.5 686.1 811.4 668.1 810.3 small-vehicle 0
621.6 769.8 635.5 771.5 631.4 805.2 617.5 803.5 small-vehicle 0
581.7 757.6 611.6 754.7 617.3 812.4 587.4 815.3 small-vehicle 0
563.2 754.7 581.2 755.3 579.2 821.2 561.2 820.7 small-vehicle 0
475.5 737.1 501.4 735.2 508.4 829.0 482.4 830.9 small-vehicle 0
438.4 738.1 461.6 749.7 437.4 798.0 414.2 786.3 small-vehicle 0
436.8 367.3 441.1 388.9 411.7 394.7 407.4 373.1 small-vehicle 0
439.8 278.1 452.9 295.8 419.2 320.9 406.1 303.2 small-vehicle 0
751.9 941.3 773.9 942.8 770.1 996.7 748.1 995.2 small-vehicle 0
409.0 258.8 410.3 236.8 448.3 239.2 446.9 261.1 small-vehicle 0
92.6 855.5 114.6 854.1 117.3 900.1 95.4 901.4 small-vehicle 0
104.8 805.9 122.8 804.3 127.2 854.1 109.2 855.7 small-vehicle 0
300.1 925.7 326.0 928.1 321.9 973.9 296.0 971.5 small-vehicle 0
355.0 923.7 373.0 924.3 371.0 982.3 353.0 981.7 small-vehicle 0
250.7 800.2 252.4 778.3 298.3 781.8 296.6 803.7 small-vehicle 0
295.3 750.5 299.1 764.0 254.8 776.5 251.0 763.0 small-vehicle 0
286.1 660.4 287.1 658.6 288.9 659.6 287.9 661.4 small-vehicle 0
298.4 536.3 314.4 561.7 285.6 579.7 269.6 554.3 small-vehicle 0
276.4 414.2 281.3 384.6 330.6 392.8 325.7 422.4 small-vehicle 0
315.9 335.4 323.7 360.2 287.4 371.6 279.7 346.8 small-vehicle 0
315.3 289.2 317.6 311.1 291.7 313.8 289.4 291.9 small-vehicle 0
287.3 248.8 302.5 227.7 326.9 245.1 311.8 266.3 small-vehicle 0
318.5 178.2 330.4 196.8 308.5 210.8 296.6 192.2 small-vehicle 0
719.4 946.1 745.3 945.8 745.9 987.8 719.9 988.1 small-vehicle 0
773.6 946.2 783.4 944.0 794.4 992.8 784.6 995.0 small-vehicle 0
1001.2 843.5 1023.1 840.8 1026.8 870.5 1004.9 873.2 small-vehicle 0
931.7 611.6 936.7 590.2 989.3 602.4 984.3 623.8 small-vehicle 0
1014.3 562.5 1014.8 560.6 1016.8 561.1 1016.3 563.0 small-vehicle 0
904.3 962.9 922.1 960.4 926.7 994.1 908.9 996.6 small-vehicle 0
964.7 977.5 966.7 977.5 966.7 979.5 964.7 979.5 small-vehicle 0
994.5 956.4 1011.3 962.8 999.2 994.6 982.4 988.1 small-vehicle 0
925.5 841.2 947.5 841.8 946.5 875.8 924.5 875.2 small-vehicle 0
974.0 838.4 1000.0 837.6 1001.0 871.6 975.0 872.4 small-vehicle 0
800.2 944.9 814.1 943.4 819.8 997.1 805.9 998.6 small-vehicle 0
949.1 842.6 975.1 844.3 972.8 878.2 946.9 876.5 small-vehicle 0
1015.6 792.4 1028.2 798.6 1015.1 825.5 1002.5 819.4 small-vehicle 0
982.2 776.3 1004.2 776.7 1003.1 838.7 981.1 838.3 small-vehicle 0
951.1 779.4 977.1 779.5 976.9 837.5 950.9 837.4 small-vehicle 0
925.5 776.5 951.5 776.5 951.5 842.5 925.5 842.5 small-vehicle 0
903.3 772.5 913.2 771.7 918.7 837.5 908.8 838.3 small-vehicle 0
878.2 770.5 900.1 771.6 896.8 833.5 874.9 832.4 small-vehicle 0
877.2 834.7 890.8 838.0 882.7 871.1 869.1 867.7 small-vehicle 0
853.8 826.9 863.6 828.9 854.6 874.0 844.7 872.0 small-vehicle 0
819.8 830.8 841.7 830.2 843.2 880.2 821.3 880.8 small-vehicle 0
772.9 829.5 790.9 830.5 789.1 860.5 771.1 859.5 small-vehicle 0
790.6 779.9 816.4 777.5 821.4 831.2 795.5 833.6 small-vehicle 0
779.7 783.8 792.2 790.0 784.3 806.2 771.8 800.0 small-vehicle 0
698.7 816.6 720.1 821.7 710.4 862.6 689.0 857.5 small-vehicle 0
326.3 160.8 326.7 178.8 304.7 179.2 304.3 161.2 small-vehicle 0
