962.9 1016.4 963.1 1014.4 965.1 1014.6 964.9 1016.6 storage-tank 0
328.1 697.1 329.9 696.1 330.9 697.9 329.1 698.9 large-vehicle 0
615.6 585.5 642.7 553.5 653.4 562.5 626.3 594.5 storage-tank 0
663.4 571.4 665.8 576.9 645.6 585.6 643.2 580.1 storage-tank 0
798.2 487.9 801.7 492.7 551.8 676.1 548.3 671.3 storage-tank 0
669.7 560.9 673.6 556.4 687.3 568.1 683.4 572.6 storage-tank 0
649.2 557.9 653.1 553.3 666.8 565.1 662.9 569.7 storage-tank 0
651.3 544.6 655.2 535.4 671.7 542.4 667.8 551.6 storage-tank 0
659.4 531.5 709.1 552.6 703.6 565.5 653.9 544.4 storage-tank 0
870.9 618.1 870.9 616.1 872.9 616.1 872.9 618.1 large-vehicle 0
542.2 601.6 543.4 603.2 541.8 604.4 540.6 602.8 large-vehicle 0
863.9 601.5 870.0 593.5 887.5 607.0 881.3 614.9 large-vehicle 0
986.8 38.5 988.3 37.2 989.6 38.7 988.1 40.0 large-vehicle 0
832.5 998.0 833.9 996.6 835.3 998.0 833.9 999.5 large-vehicle 0
874.6 929.4 875.9 927.9 877.4 929.3 876.1 930.7 large-vehicle 0
952.9 893.1 954.9 893.1 954.9 895.1 952.9 895.1 large-vehicle 0
340.9 747.5 342.4 748.9 341.0 750.3 339.5 749.0 large-vehicle 0
408.6 689.1 409.9 687.6 411.4 688.9 410.1 690.4 large-vehicle 0
480.6 762.8 481.8 761.2 483.4 762.5 482.2 764.0 large-vehicle 0
413.8 764.0 415.4 762.8 416.6 764.4 415.0 765.6 large-vehicle 0
282.9 762.9 284.5 764.2 283.2 765.8 281.6 764.5 large-vehicle 0
429.1 731.7 430.6 733.1 429.2 734.5 427.8 733.2 large-vehicle 0
476.7 735.4 478.3 736.6 477.1 738.2 475.5 737.0 large-vehicle 0
446.9 718.8 448.3 717.4 449.7 718.8 448.3 720.2 large-vehicle 0
