98.2 926.3 103.2 923.0 113.3 937.8 108.3 941.2 small-vehicle 0
43.9 992.0 55.7 1005.6 39.1 1020.0 27.3 1006.4 small-vehicle 0
6.9 1024.6 7.6 1002.7 33.6 1003.4 32.9 1025.4 small-vehicle 0
33.4 939.0 48.4 955.1 20.6 981.0 5.6 964.9 small-vehicle 0
75.2 985.4 88.3 997.8 75.9 1010.9 62.8 998.5 small-vehicle 0
27.5 919.6 36.4 930.5 10.0 951.9 1.1 941.0 small-vehicle 0
128.9 876.7 149.3 892.9 133.1 913.3 112.7 897.1 small-vehicle 0
58.2 939.4 79.1 932.5 84.8 949.6 63.9 956.5 small-vehicle 0
114.0 895.5 119.1 904.0 83.0 925.5 77.9 917.0 small-vehicle 0
132.6 966.6 143.1 975.9 133.8 986.4 123.3 977.1 small-vehicle 0
86.9 928.1 92.8 926.8 96.9 944.3 91.1 945.7 small-vehicle 0
102.2 860.1 136.8 911.5 25.7 986.5 -8.9 935.1 storage-tank 0
90.6 995.3 91.2 981.3 109.2 982.1 108.6 996.1 small-vehicle 0
686.3 874.3 861.3 562.0 1124.7 709.7 949.7 1022.0 storage-tank 0
