61.3 290.2 61.6 288.3 63.6 288.6 63.2 290.6 ship 0
926.7 869.3 931.6 898.9 878.3 907.7 873.4 878.1 storage-tank 0
341.2 768.9 343.0 768.0 343.9 769.7 342.1 770.7 large-vehicle 0
349.0 630.2 364.9 621.6 381.0 651.6 365.1 660.1 large-vehicle 0
322.7 447.5 323.5 445.7 325.3 446.5 324.5 448.3 large-vehicle 0
292.8 442.3 293.2 440.3 295.2 440.7 294.8 442.7 large-vehicle 0
450.2 634.3 451.9 635.3 450.9 637.1 449.2 636.1 large-vehicle 0
372.0 543.1 389.4 538.5 395.0 559.8 377.6 564.4 large-vehicle 0
399.1 524.9 400.1 523.1 401.9 524.1 400.9 525.9 large-vehicle 0
149.1 849.4 174.6 844.4 181.2 877.7 155.7 882.8 large-vehicle 0
469.3 961.8 475.0 963.4 466.7 992.2 461.0 990.6 large-vehicle 0
464.8 965.3 466.2 963.9 496.0 993.5 494.6 994.9 large-vehicle 0
522.3 968.4 528.1 981.2 489.8 998.5 484.1 985.7 large-vehicle 0
517.7 978.0 525.1 984.8 512.9 998.0 505.6 991.3 large-vehicle 0
467.7 937.9 469.2 936.6 470.5 938.1 468.9 939.4 large-vehicle 0
