139.7 1016.1 141.4 1015.2 142.3 1016.9 140.6 1017.8 storage-tank 0
220.3 939.2 275.3 975.8 238.7 1030.8 183.7 994.2 storage-tank 0
658.3 482.9 658.5 460.9 704.5 461.3 704.3 483.3 harbor 0
975.6 529.5 976.7 531.2 975.0 532.3 973.9 530.6 harbor 0
329.6 967.5 331.0 966.1 332.4 967.5 331.0 968.9 storage-tank 0
435.1 917.3 526.1 971.5 475.9 1055.7 384.9 1001.5 storage-tank 0
622.1 942.1 623.4 940.6 624.9 941.9 623.6 943.4 storage-tank 0
724.1 962.5 752.5 953.1 761.9 981.5 733.5 990.9 storage-tank 0
619.9 867.6 663.9 823.9 716.1 876.4 672.1 920.1 storage-tank 0
810.5 736.6 887.9 803.0 821.5 880.4 744.1 814.0 storage-tank 0
719.7 742.6 721.4 743.7 720.3 745.4 718.6 744.3 storage-tank 0
871.0 722.2 872.8 723.0 872.0 724.8 870.2 724.0 storage-tank 0
936.7 624.6 943.2 637.0 927.3 645.4 920.8 633.0 storage-tank 0
849.6 577.2 851.3 576.1 852.4 577.8 850.7 578.9 storage-tank 0
784.2 565.0 786.0 564.2 786.8 566.0 785.0 566.8 storage-tank 0
714.6 555.8 715.7 554.1 717.4 555.2 716.3 556.9 storage-tank 0
666.6 636.2 668.3 635.1 669.4 636.8 667.7 637.9 storage-tank 0
749.1 651.5 750.5 650.1 751.9 651.5 750.5 652.9 storage-tank 0
585.6 679.7 586.8 678.1 588.4 679.3 587.2 680.9 storage-tank 0
619.3 683.5 623.6 674.5 650.7 687.5 646.4 696.5 storage-tank 0
596.4 652.6 596.6 646.6 630.6 647.4 630.4 653.4 storage-tank 0
608.5 603.0 623.6 619.1 572.5 667.0 557.4 650.9 storage-tank 0
326.9 514.8 548.6 689.1 488.1 766.2 266.4 591.9 storage-tank 0
363.4 513.0 433.3 450.2 501.6 526.0 431.7 588.8 storage-tank 0
698.6 450.9 699.3 452.8 697.4 453.5 696.7 451.6 ship 0
876.2 938.0 877.5 936.5 879.0 937.8 877.7 939.3 harbor 0
930.1 906.5 945.5 922.2 926.9 940.5 911.5 924.8 harbor 0
879.4 73.3 884.3 47.8 925.6 55.7 920.7 81.2 storage-tank 0
47.5 618.2 48.8 616.7 50.3 618.1 48.9 619.6 large-vehicle 0
34.4 599.3 37.1 593.9 71.0 611.2 68.3 616.5 large-vehicle 0
151.9 34.5 167.5 25.6 178.4 44.7 162.8 53.6 large-vehicle 0
470.6 139.9 476.0 142.3 465.4 166.1 460.0 163.7 large-vehicle 0
462.9 168.1 490.3 136.2 497.9 142.7 470.5 174.6 large-vehicle 0
524.3 140.1 532.4 156.2 487.9 178.8 479.7 162.7 large-vehicle 0
534.1 139.2 538.5 143.3 496.5 188.9 492.1 184.8 large-vehicle 0
467.7 113.9 469.2 112.6 470.5 114.2 468.9 115.4 large-vehicle 0
9.9 1000.0 9.9 998.0 11.9 998.0 11.9 1000.0 large-vehicle 0
400.1 195.5 401.5 194.1 402.9 195.5 401.5 196.9 storage-tank 0
51.6 930.5 52.8 928.9 54.4 930.1 53.2 931.7 large-vehicle 0
130.8 879.3 145.7 889.4 131.1 910.9 116.2 900.8 large-vehicle 0
