295.8 202.6 372.1 276.3 340.2 309.4 263.9 235.7 storage-tank 0
612.4 147.2 613.3 148.9 611.6 149.8 610.7 148.1 storage-tank 0
670.9 294.9 671.1 292.9 673.1 293.1 672.9 295.1 storage-tank 0
725.1 954.3 726.7 953.1 727.9 954.7 726.3 955.9 ship 0
344.1 652.0 346.3 657.5 325.9 665.7 323.6 660.2 small-vehicle 0
334.5 636.0 343.4 646.8 326.4 660.8 317.5 650.0 small-vehicle 0
323.3 623.0 323.8 624.9 321.9 625.4 321.4 623.4 small-vehicle 0
327.6 602.7 332.8 615.6 312.4 623.9 307.2 610.9 small-vehicle 0
318.8 601.4 319.1 603.3 317.2 603.6 316.9 601.7 small-vehicle 0
145.3 465.7 170.4 472.5 167.8 482.1 142.7 475.3 small-vehicle 0
171.2 481.8 171.7 487.8 145.8 490.2 145.3 484.2 small-vehicle 0
176.0 482.9 180.3 487.1 156.4 511.3 152.1 507.1 small-vehicle 0
155.3 523.4 180.6 500.7 192.6 514.1 167.3 536.8 small-vehicle 0
190.4 520.0 193.3 525.3 163.4 541.5 160.5 536.2 small-vehicle 0
191.4 530.5 194.6 535.5 169.4 551.8 166.2 546.8 small-vehicle 0
195.1 544.4 197.0 550.1 172.4 558.4 170.4 552.7 small-vehicle 0
197.9 553.8 201.0 558.9 178.8 572.5 175.7 567.3 small-vehicle 0
197.0 558.3 209.7 571.0 188.6 592.2 175.8 579.5 small-vehicle 0
182.9 596.4 187.5 583.2 219.6 594.5 215.0 607.7 small-vehicle 0
211.2 593.7 221.3 603.3 200.7 625.1 190.5 615.5 small-vehicle 0
196.5 641.1 197.9 623.2 223.8 625.3 222.4 643.2 small-vehicle 0
219.2 626.3 232.4 638.5 214.8 657.7 201.6 645.5 small-vehicle 0
228.8 642.7 232.6 647.4 212.5 663.8 208.7 659.2 small-vehicle 0
234.6 650.0 239.0 654.0 213.4 682.0 209.0 678.0 small-vehicle 0
210.7 684.9 231.7 669.7 249.3 694.0 228.2 709.2 small-vehicle 0
297.4 590.1 302.5 607.4 277.6 614.9 272.5 597.6 small-vehicle 0
298.3 605.9 300.9 611.3 284.7 619.1 282.1 613.7 small-vehicle 0
302.6 614.5 306.4 619.2 292.5 630.6 288.7 625.9 small-vehicle 0
307.2 624.8 310.9 629.4 293.8 643.2 290.1 638.6 small-vehicle 0
313.2 636.5 316.1 641.8 296.8 652.5 293.9 647.2 small-vehicle 0
298.8 662.1 298.8 656.1 316.8 656.1 316.8 662.1 small-vehicle 0
316.8 579.3 323.1 587.0 306.1 601.0 299.8 593.3 small-vehicle 0
627.5 818.4 630.7 796.6 644.5 798.6 641.3 820.4 small-vehicle 0
608.0 807.2 611.6 802.4 635.8 820.1 632.2 824.9 small-vehicle 0
619.3 802.7 620.9 803.8 599.7 835.3 598.1 834.2 small-vehicle 0
445.9 707.3 459.1 719.6 444.1 735.7 430.9 723.4 small-vehicle 0
602.1 814.8 603.4 816.3 589.9 828.2 588.6 826.7 small-vehicle 0
390.7 546.3 403.2 559.2 390.3 571.7 377.8 558.8 small-vehicle 0
408.7 563.5 411.2 568.9 391.2 578.1 388.7 572.6 small-vehicle 0
353.8 518.5 364.0 528.1 351.7 541.2 341.5 531.6 small-vehicle 0
335.2 514.7 336.0 512.9 359.8 523.3 359.0 525.1 small-vehicle 0
359.8 500.4 361.0 506.3 331.6 512.0 330.4 506.2 small-vehicle 0
320.6 486.0 327.3 469.3 351.4 479.0 344.7 495.7 small-vehicle 0
318.2 471.6 319.1 465.6 344.8 469.4 343.9 475.4 small-vehicle 0
334.6 447.2 338.3 451.9 321.0 465.6 317.3 460.9 small-vehicle 0
541.3 829.7 549.8 824.3 563.7 846.3 555.2 851.7 small-vehicle 0
564.1 828.2 565.8 827.1 566.9 828.8 565.2 829.9 small-vehicle 0
