244.7 372.2 284.6 335.9 326.3 381.8 286.4 418.1 storage-tank 0
244.1 300.2 286.0 260.1 328.9 304.8 287.0 344.9 storage-tank 0
946.2 214.2 949.6 252.0 907.8 255.8 904.4 218.0 storage-tank 0
865.4 212.0 871.2 253.6 825.6 260.0 819.8 218.4 storage-tank 0
789.3 194.6 809.1 261.8 749.7 279.4 729.9 212.2 storage-tank 0
701.9 194.9 735.2 251.9 685.1 281.1 651.8 224.1 storage-tank 0
572.8 272.4 578.4 198.6 644.2 203.6 638.6 277.4 storage-tank 0
533.1 211.9 547.0 251.5 499.9 268.1 486.0 228.5 storage-tank 0
904.6 152.4 921.1 118.1 955.4 134.6 938.9 168.9 storage-tank 0
825.3 150.2 842.3 120.8 871.7 137.8 854.7 167.2 storage-tank 0
742.4 149.8 757.5 119.3 791.6 136.2 776.5 166.7 storage-tank 0
704.7 122.4 714.0 159.3 673.3 169.6 664.0 132.7 storage-tank 0
601.4 88.8 658.6 121.8 611.6 203.2 554.4 170.2 storage-tank 0
490.8 94.7 563.2 110.2 545.2 194.3 472.8 178.8 storage-tank 0
