594.5 20.7 616.1 24.7 600.5 109.3 578.9 105.3 small-vehicle 0
714.6 205.4 732.3 218.5 702.4 258.6 684.7 245.5 small-vehicle 0
723.8 292.7 746.0 306.3 728.2 335.3 706.0 321.7 small-vehicle 0
710.8 328.5 734.6 346.8 704.2 386.5 680.4 368.2 small-vehicle 0
684.6 383.3 706.5 397.3 677.4 442.7 655.5 428.7 small-vehicle 0
894.0 426.7 901.0 433.8 865.4 468.9 858.4 461.8 small-vehicle 0
882.1 410.2 889.3 417.1 863.1 444.5 855.9 437.6 small-vehicle 0
879.5 394.4 884.1 403.3 843.1 424.1 838.5 415.2 small-vehicle 0
823.3 396.3 824.8 366.3 874.7 368.7 873.2 398.7 small-vehicle 0
859.6 494.6 870.2 509.1 829.8 538.5 819.2 524.0 small-vehicle 0
