156.4 580.4 170.5 569.1 184.3 586.3 170.2 597.6 small-vehicle 0
707.1 118.6 708.9 119.6 707.9 121.4 706.1 120.4 small-vehicle 0
739.2 83.7 742.8 88.5 725.3 101.8 721.7 97.0 small-vehicle 0
738.8 68.7 742.2 73.7 717.5 90.7 714.1 85.7 small-vehicle 0
728.6 55.8 733.5 59.2 718.8 80.6 713.8 77.2 small-vehicle 0
716.4 41.3 729.5 46.2 718.8 74.3 705.7 69.3 small-vehicle 0
702.5 26.7 704.0 25.3 716.5 38.3 715.0 39.7 small-vehicle 0
693.2 9.5 694.6 8.0 721.8 34.5 720.4 36.0 small-vehicle 0
692.6 3.3 718.2 7.8 716.4 17.7 690.8 13.2 small-vehicle 0
766.9 36.2 774.5 24.5 789.6 34.3 782.0 46.0 small-vehicle 0
788.5 20.9 788.8 26.9 766.8 28.1 766.5 22.1 small-vehicle 0
763.3 9.0 777.0 6.3 779.7 20.0 766.0 22.7 small-vehicle 0
736.8 98.7 745.9 114.2 737.2 119.3 728.1 103.8 small-vehicle 0
708.7 181.9 723.1 192.7 712.3 207.1 697.9 196.3 small-vehicle 0
205.4 563.9 220.5 554.2 234.6 576.1 219.5 585.8 small-vehicle 0
292.4 967.1 308.6 959.3 323.3 990.0 307.1 997.8 small-vehicle 0
259.2 950.0 275.6 935.3 295.6 957.6 279.2 972.3 small-vehicle 0
28.3 154.5 51.5 166.3 39.7 189.5 16.5 177.7 small-vehicle 0
1026.8 191.8 1084.3 250.3 960.2 372.2 902.7 313.7 storage-tank 0
887.6 18.9 930.6 35.1 886.4 153.1 843.4 136.9 storage-tank 0
946.7 41.2 975.6 0.4 1052.3 54.8 1023.4 95.6 storage-tank 0
77.4 411.9 97.4 402.9 140.9 499.6 120.9 508.6 large-vehicle 0
82.4 356.0 91.5 351.7 147.6 469.0 138.5 473.3 large-vehicle 0
-32.0 190.3 37.2 154.3 76.9 230.5 7.8 266.6 large-vehicle 0
56.9 344.3 77.6 336.8 89.1 368.7 68.4 376.2 small-vehicle 0
51.0 263.6 65.3 252.7 81.0 273.4 66.7 284.3 small-vehicle 0
95.2 172.2 111.8 179.2 104.8 195.8 88.2 188.8 small-vehicle 0
