324.3 340.3 335.0 331.2 406.7 414.7 396.0 423.8 storage-tank 0
358.6 356.9 379.6 330.1 406.4 351.1 385.4 377.9 storage-tank 0
660.3 583.9 689.3 566.2 721.7 619.1 692.7 636.8 storage-tank 0
388.7 670.2 391.8 656.6 448.3 669.8 445.2 683.4 storage-tank 0
468.8 634.0 470.0 648.0 408.2 653.0 407.0 639.0 storage-tank 0
598.1 36.1 621.4 11.4 654.9 42.9 631.6 67.6 storage-tank 0
641.8 72.0 676.7 42.0 709.2 80.0 674.3 110.0 storage-tank 0
708.7 128.8 737.2 92.7 773.3 121.2 744.8 157.3 storage-tank 0
758.9 163.3 783.6 129.3 824.1 158.7 799.4 192.7 storage-tank 0
824.7 202.7 856.2 174.9 889.3 212.3 857.8 240.1 storage-tank 0
872.7 254.8 894.0 214.0 938.3 237.2 917.0 278.0 storage-tank 0
838.4 538.0 846.5 571.0 809.6 580.0 801.5 547.0 storage-tank 0
799.3 635.3 831.7 624.9 845.7 668.7 813.3 679.1 storage-tank 0
847.2 597.4 868.7 623.8 857.8 632.6 836.3 606.2 storage-tank 0
799.9 626.9 800.5 620.9 886.1 629.1 885.5 635.1 storage-tank 0
