721.9 945.8 725.7 941.1 746.1 957.2 742.3 961.9 storage-tank 0
689.8 988.2 723.2 904.6 736.2 909.8 702.8 993.4 storage-tank 0
460.8 103.1 464.8 107.5 389.2 175.9 385.2 171.5 storage-tank 0
636.4 924.2 639.4 919.0 748.6 981.8 745.6 987.0 storage-tank 0
686.7 945.2 687.4 939.3 701.3 940.8 700.6 946.7 storage-tank 0
647.5 916.2 652.6 913.0 715.5 1012.8 710.4 1016.0 storage-tank 0
654.2 920.8 660.0 919.0 685.8 1005.2 680.0 1007.0 storage-tank 0
395.3 102.7 405.2 100.8 420.7 181.3 410.8 183.2 storage-tank 0
240.4 118.6 262.6 98.4 293.6 132.4 271.4 152.6 storage-tank 0
97.3 539.5 120.2 509.2 153.7 534.5 130.8 564.8 storage-tank 0
93.2 581.8 105.1 563.3 143.8 588.2 131.9 606.7 storage-tank 0
317.9 -32.9 379.3 32.8 331.1 77.9 269.7 12.2 storage-tank 0
322.1 67.0 328.7 59.6 374.9 101.0 368.3 108.4 storage-tank 0
315.7 93.2 321.8 85.3 339.3 98.8 333.2 106.7 storage-tank 0
242.2 154.5 347.4 -3.7 365.8 8.5 260.6 166.7 storage-tank 0
293.0 51.3 295.4 65.1 258.0 71.7 255.6 57.9 storage-tank 0
365.2 20.0 372.6 13.2 411.8 56.0 404.4 62.8 storage-tank 0
359.2 -15.0 366.3 -22.1 418.8 30.0 411.7 37.1 storage-tank 0
222.6 -11.3 251.4 -2.8 238.4 41.3 209.6 32.8 storage-tank 0
166.0 97.2 216.1 42.7 250.0 73.8 199.9 128.3 storage-tank 0
370.5 585.0 378.7 579.1 391.5 597.0 383.3 602.9 storage-tank 0
315.9 616.2 359.1 541.8 378.1 552.8 334.9 627.2 storage-tank 0
361.2 551.1 368.1 543.9 386.8 561.9 379.9 569.1 storage-tank 0
321.2 544.4 378.1 485.5 396.8 503.6 339.9 562.5 storage-tank 0
