992.1 141.0 993.5 139.6 994.9 141.0 993.5 142.4 storage-tank 0
331.5 394.0 332.9 395.4 331.5 396.8 330.1 395.4 large-vehicle 0
192.7 975.7 198.4 988.5 167.3 1002.3 161.6 989.5 roundabout 0
285.7 565.4 304.4 553.8 332.9 599.7 314.2 611.3 large-vehicle 0
856.4 89.1 858.4 88.9 858.6 90.9 856.6 91.1 storage-tank 0
690.6 179.7 700.5 169.8 730.4 199.3 720.5 209.2 storage-tank 0
648.4 179.3 661.1 161.3 685.6 178.7 672.9 196.7 storage-tank 0
424.2 53.2 429.5 44.7 461.8 64.8 456.5 73.3 storage-tank 0
453.9 21.7 460.1 34.3 433.1 47.3 426.9 34.7 storage-tank 0
434.2 1.4 447.7 -2.6 452.8 14.6 439.3 18.6 storage-tank 0
