480.6 604.3 482.0 605.7 480.6 607.1 479.2 605.7 large-vehicle 0
907.4 116.5 909.2 117.3 908.5 119.1 906.6 118.4 harbor 0
445.5 931.9 450.3 935.5 406.5 995.1 401.7 991.5 storage-tank 0
462.3 356.7 463.8 355.5 472.7 366.3 471.2 367.5 storage-tank 0
495.2 346.7 503.2 352.8 489.8 370.3 481.8 364.2 storage-tank 0
428.9 339.2 437.9 343.5 430.1 359.8 421.1 355.5 storage-tank 0
497.3 306.4 507.0 308.6 497.7 349.6 488.0 347.4 storage-tank 0
474.5 315.5 484.5 316.6 482.5 334.5 472.5 333.4 storage-tank 0
451.7 314.8 461.5 312.6 465.3 330.2 455.5 332.4 storage-tank 0
424.6 312.6 433.2 307.5 444.4 326.4 435.8 331.5 storage-tank 0
507.5 285.8 511.9 289.8 494.5 309.2 490.1 305.2 storage-tank 0
480.8 282.6 490.5 285.0 485.2 306.4 475.5 304.0 storage-tank 0
457.6 281.2 467.6 280.8 468.4 302.8 458.4 303.2 storage-tank 0
433.0 277.0 442.9 276.1 445.0 298.0 435.1 298.9 storage-tank 0
370.6 226.4 372.1 225.1 373.4 226.6 371.9 227.9 storage-tank 0
435.8 592.7 441.8 593.4 440.2 607.3 434.2 606.6 storage-tank 0
261.1 559.1 438.9 597.9 429.9 638.9 252.1 600.1 storage-tank 0
426.2 591.7 432.2 592.3 430.8 606.3 424.8 605.7 storage-tank 0
470.7 604.5 471.8 610.4 395.3 625.5 394.2 619.6 storage-tank 0
278.0 629.2 303.5 613.3 347.0 682.8 321.5 698.7 storage-tank 0
456.5 375.2 461.7 378.3 452.5 393.8 447.3 390.7 storage-tank 0
418.1 364.1 473.4 392.0 468.9 400.9 413.6 373.0 storage-tank 0
447.2 343.3 448.5 341.9 455.8 348.7 454.5 350.1 storage-tank 0
428.2 374.9 429.8 376.1 423.8 384.1 422.2 382.9 storage-tank 0
435.7 375.2 437.4 376.2 432.3 384.8 430.6 383.8 storage-tank 0
430.2 366.8 431.8 365.5 440.8 376.2 439.2 377.5 storage-tank 0
460.3 339.0 466.1 340.5 462.7 354.0 456.9 352.5 storage-tank 0
422.1 368.0 423.4 366.5 430.9 373.0 429.6 374.5 storage-tank 0
441.0 372.6 441.7 370.7 451.0 374.4 450.3 376.3 storage-tank 0
451.7 362.7 453.6 362.0 457.3 371.3 455.4 372.0 storage-tank 0
440.8 363.0 442.1 361.4 453.2 370.0 451.9 371.6 storage-tank 0
428.3 332.7 491.6 378.2 485.7 386.3 422.4 340.8 storage-tank 0
444.5 355.3 446.2 354.2 451.5 362.7 449.8 363.8 storage-tank 0
468.3 343.1 474.3 342.9 474.7 352.9 468.7 353.1 storage-tank 0
249.0 589.0 288.6 631.4 182.0 731.0 142.4 688.6 storage-tank 0
409.2 936.6 419.1 938.4 408.8 995.4 398.9 993.6 storage-tank 0
259.4 928.3 277.4 928.7 276.6 970.7 258.6 970.3 storage-tank 0
108.8 515.2 118.6 517.0 116.2 530.8 106.4 529.0 storage-tank 0
92.7 513.5 101.6 518.0 95.3 530.5 86.4 526.0 storage-tank 0
50.3 574.1 54.9 578.1 32.7 603.9 28.1 599.9 storage-tank 0
43.9 571.5 47.4 576.4 13.1 600.5 9.6 595.6 storage-tank 0
-60.2 631.7 83.3 587.9 100.2 643.3 -43.3 687.1 storage-tank 0
29.0 625.1 142.2 448.3 154.0 455.9 40.8 632.7 storage-tank 0
101.2 538.9 105.1 534.4 118.8 546.1 114.9 550.6 storage-tank 0
85.2 450.4 107.7 667.2 93.8 668.6 71.3 451.8 storage-tank 0
304.6 798.3 373.4 868.0 346.4 894.7 277.6 825.0 storage-tank 0
345.3 891.0 366.5 912.3 353.7 925.0 332.5 903.7 storage-tank 0
308.3 890.0 360.6 936.5 348.7 950.0 296.4 903.5 storage-tank 0
314.3 887.5 323.8 897.9 295.7 923.5 286.2 913.1 storage-tank 0
300.0 847.9 319.8 875.5 253.0 923.1 233.2 895.5 storage-tank 0
289.5 822.5 495.5 880.3 489.5 901.5 283.5 843.7 storage-tank 0
358.4 804.9 365.7 798.1 421.6 858.1 414.3 864.9 storage-tank 0
163.2 843.5 268.1 781.2 299.8 834.5 194.9 896.8 storage-tank 0
222.3 862.8 257.6 908.8 195.7 956.2 160.4 910.2 storage-tank 0
69.2 651.3 130.5 467.3 143.8 471.7 82.5 655.7 storage-tank 0
104.8 590.1 113.9 594.2 103.2 617.9 94.1 613.8 storage-tank 0
34.9 544.5 39.5 540.8 131.1 654.5 126.5 658.2 storage-tank 0
75.5 575.7 82.3 568.4 98.5 583.3 91.7 590.6 storage-tank 0
