454.4 267.9 461.4 234.6 486.9 240.0 479.8 273.3 ship 0
256.2 285.7 281.2 145.9 322.5 153.3 297.6 293.1 ship 0
239.7 194.5 265.5 209.7 246.3 242.5 220.5 227.3 ship 0
470.6 133.9 489.6 62.4 526.4 72.1 507.4 143.6 ship 0
394.9 75.5 411.5 68.4 426.3 103.4 409.8 110.4 ship 0
308.0 71.3 331.9 61.1 353.0 110.7 329.1 120.9 ship 0
275.3 67.1 304.1 75.6 292.2 115.8 263.5 107.4 ship 0
230.8 57.5 256.8 59.1 252.7 129.0 226.7 127.4 ship 0
150.3 175.8 168.3 176.2 166.7 258.2 148.7 257.8 ship 0
95.9 169.4 129.9 167.7 134.1 249.6 100.1 251.3 ship 0
46.0 215.3 54.1 203.9 95.0 232.7 86.9 244.1 ship 0
-7.4 238.6 24.9 185.7 57.3 205.4 25.0 258.4 ship 0
181.3 81.6 195.3 70.3 216.6 96.8 202.6 108.1 ship 0
130.6 77.9 151.5 71.0 167.3 118.4 146.4 125.4 ship 0
103.9 66.0 121.8 65.1 125.3 131.0 107.3 131.9 ship 0
46.8 72.7 70.6 62.2 89.2 104.3 65.4 114.8 ship 0
6.5 57.4 28.3 54.4 38.5 127.6 16.7 130.7 ship 0
60.3 550.5 83.3 538.3 106.7 582.5 83.7 594.7 ship 0
6.0 706.8 37.2 673.0 71.0 704.2 39.8 738.0 ship 0
100.5 680.7 111.5 695.0 81.5 718.3 70.5 704.0 ship 0
