47.0 167.5 64.7 170.5 57.7 211.9 40.0 208.9 small-vehicle 0
24.0 157.1 49.0 164.4 36.1 208.5 11.1 201.2 small-vehicle 0
45.6 299.7 63.5 301.5 58.4 351.3 40.5 349.5 small-vehicle 0
69.3 57.8 82.1 63.5 66.7 98.2 53.9 92.5 small-vehicle 0
45.3 54.0 55.2 55.8 46.7 101.0 36.8 99.2 small-vehicle 0
22.2 51.2 43.0 58.4 27.8 101.8 7.0 94.6 small-vehicle 0
3.9 68.6 5.9 68.4 6.1 70.4 4.1 70.6 small-vehicle 0
217.9 607.2 245.2 587.0 270.1 620.8 242.8 641.0 small-vehicle 0
180.5 502.1 192.3 515.7 160.6 543.2 148.8 529.6 small-vehicle 0
221.9 216.5 235.8 233.6 200.1 262.5 186.2 245.4 small-vehicle 0
225.8 194.9 234.1 206.2 200.2 231.1 191.9 219.8 small-vehicle 0
230.1 166.0 236.4 173.7 200.9 203.0 194.6 195.3 small-vehicle 0
238.8 135.9 245.1 143.7 206.2 175.1 199.9 167.3 small-vehicle 0
288.1 163.5 294.4 155.8 326.8 182.5 320.5 190.3 small-vehicle 0
290.1 142.3 305.6 126.7 335.4 156.3 319.9 171.9 small-vehicle 0
295.5 123.5 309.8 106.8 338.6 131.5 324.3 148.2 small-vehicle 0
228.7 109.1 242.4 126.4 206.3 154.9 192.6 137.6 small-vehicle 0
76.8 141.7 89.3 118.9 119.1 135.2 106.6 158.0 small-vehicle 0
88.6 62.0 102.0 66.1 87.4 114.0 74.0 109.9 small-vehicle 0
397.7 27.5 400.0 49.3 350.3 54.5 348.0 32.7 small-vehicle 0
394.3 3.2 399.1 20.5 358.7 31.8 353.9 14.5 small-vehicle 0
10.0 214.3 10.3 212.3 12.3 212.6 12.0 214.6 small-vehicle 0
219.4 245.4 230.2 259.8 190.2 289.9 179.4 275.5 small-vehicle 0
275.2 274.9 287.2 261.4 312.5 284.1 300.6 297.5 small-vehicle 0
196.7 394.6 202.4 402.8 161.3 431.4 155.6 423.2 small-vehicle 0
189.5 466.7 205.3 487.3 162.5 520.3 146.7 499.7 small-vehicle 0
184.0 447.0 196.8 464.9 166.0 487.0 153.2 469.1 small-vehicle 0
242.0 480.7 260.4 462.4 287.2 489.4 268.8 507.7 small-vehicle 0
257.7 448.6 262.5 445.0 280.5 469.0 275.7 472.6 small-vehicle 0
270.1 435.1 271.9 434.1 272.9 435.9 271.1 436.9 small-vehicle 0
191.4 417.5 204.5 435.1 167.6 462.5 154.5 444.9 small-vehicle 0
201.2 363.8 209.6 375.0 179.3 397.9 170.8 386.7 small-vehicle 0
266.8 295.5 282.3 279.9 312.2 309.5 296.7 325.1 small-vehicle 0
250.8 399.9 266.1 384.1 299.2 416.1 283.9 431.9 small-vehicle 0
255.1 370.0 271.8 355.6 299.3 387.3 282.7 401.7 small-vehicle 0
202.4 337.1 212.1 352.3 176.6 374.9 166.9 359.7 small-vehicle 0
267.2 342.7 274.7 336.0 302.7 367.4 295.2 374.0 small-vehicle 0
260.0 314.6 273.0 302.1 304.9 335.3 291.9 347.8 small-vehicle 0
206.8 306.6 217.3 321.1 183.2 345.7 172.7 331.1 small-vehicle 0
236.6 538.4 244.7 532.4 274.3 572.7 266.2 578.6 large-vehicle 0
229.2 566.7 236.8 560.2 272.0 601.2 264.4 607.7 large-vehicle 0
975.3 560.0 1000.7 554.5 1014.7 619.0 989.3 624.5 ship 0
972.3 377.3 996.3 359.4 1023.9 396.2 999.8 414.2 ship 0
944.3 23.1 969.7 17.3 990.7 108.9 965.3 114.7 ship 0
856.7 30.1 882.7 29.0 887.3 146.9 861.3 148.0 ship 0
804.9 15.2 822.1 20.4 811.1 56.8 793.9 51.6 ship 0
668.3 64.0 698.0 67.5 689.7 137.0 660.0 133.5 ship 0
566.6 87.1 595.9 104.4 556.2 171.5 526.9 154.2 ship 0
952.2 726.7 957.8 748.0 905.6 761.8 899.9 740.5 ship 0
732.0 621.1 753.7 624.5 746.0 673.9 724.3 670.5 ship 0
539.8 591.0 565.7 592.1 562.5 670.0 536.5 669.0 ship 0
904.7 394.1 932.0 381.7 954.3 430.9 927.0 443.3 ship 0
810.2 393.5 835.0 385.6 858.8 459.8 834.1 467.8 ship 0
675.0 408.6 691.1 400.5 717.0 452.4 700.9 460.5 ship 0
597.0 420.6 618.6 425.0 603.7 497.5 582.2 493.1 ship 0
519.4 358.7 544.9 363.8 529.6 440.3 504.1 435.2 ship 0
