168.9 894.4 169.4 872.4 267.3 874.4 266.9 896.4 harbor 0
153.3 774.1 160.6 745.0 255.7 768.9 248.4 798.0 harbor 0
97.6 105.5 104.5 150.9 27.4 162.5 20.5 117.1 harbor 0
79.1 1.6 91.1 46.1 19.6 65.2 7.7 20.8 harbor 0
261.6 4.8 302.7 119.7 259.4 135.2 218.3 20.3 ship 0
377.8 482.4 412.0 538.9 376.1 560.6 341.9 504.2 large-vehicle 0
457.9 790.0 470.2 812.9 398.1 852.0 385.8 829.1 ship 0
170.7 501.1 237.8 521.0 189.4 684.0 122.3 664.0 large-vehicle 0
145.9 585.8 163.1 580.5 173.2 613.0 156.0 618.3 small-vehicle 0
195.5 579.8 213.1 575.9 219.5 605.2 201.9 609.1 small-vehicle 0
522.2 991.6 525.9 1000.9 486.8 1016.3 483.2 1007.0 small-vehicle 0
515.8 975.6 519.1 985.1 483.2 997.4 479.9 987.9 small-vehicle 0
338.8 263.7 353.9 284.9 339.2 295.3 324.1 274.1 small-vehicle 0
548.3 224.0 566.1 221.4 571.5 259.0 553.7 261.6 small-vehicle 0
533.7 99.5 546.7 94.3 556.3 118.5 543.3 123.7 small-vehicle 0
538.2 62.0 540.0 61.2 540.8 63.0 539.0 63.8 small-vehicle 0
517.2 19.7 534.0 5.5 550.8 25.3 534.0 39.5 small-vehicle 0
269.4 978.9 273.5 996.4 193.7 1015.2 189.5 997.7 harbor 0
