438.5 33.4 455.1 40.2 440.6 75.3 424.0 68.5 small-vehicle 0
503.4 155.7 512.8 159.1 502.6 187.4 493.2 184.0 small-vehicle 0
425.5 295.1 442.4 301.2 429.5 336.9 412.6 330.8 small-vehicle 0
523.0 436.0 529.0 414.9 554.0 421.9 548.0 443.1 small-vehicle 0
639.0 445.2 640.0 459.2 618.0 460.8 617.0 446.8 small-vehicle 0
531.5 468.7 533.3 469.5 532.5 471.3 530.7 470.5 small-vehicle 0
526.9 496.6 528.2 478.7 542.2 479.7 540.9 497.6 small-vehicle 0
521.9 522.3 525.4 500.6 551.1 504.7 547.6 526.4 small-vehicle 0
574.7 565.9 591.9 571.2 584.3 596.1 567.1 590.8 large-vehicle 0
639.2 588.7 649.2 588.4 649.8 610.3 639.8 610.6 small-vehicle 0
707.4 705.0 722.0 694.4 732.6 709.0 718.0 719.6 small-vehicle 0
734.5 734.7 747.0 741.1 731.5 771.3 719.0 764.9 small-vehicle 0
717.7 724.5 727.2 727.6 714.3 767.5 704.8 764.4 small-vehicle 0
694.9 720.4 714.6 730.2 699.4 760.6 679.7 750.8 small-vehicle 0
676.0 714.6 695.5 724.8 679.8 754.9 660.3 744.8 small-vehicle 0
661.7 711.5 671.1 714.9 659.4 746.8 650.0 743.4 small-vehicle 0
639.2 705.9 659.7 713.9 647.3 745.6 626.8 737.6 small-vehicle 0
560.2 631.0 567.5 619.1 599.8 639.0 592.5 650.9 small-vehicle 0
430.0 789.5 435.5 776.6 463.0 788.5 457.5 801.4 small-vehicle 0
410.4 827.5 414.8 810.1 451.6 819.5 447.2 836.9 small-vehicle 0
426.4 841.9 427.4 840.2 429.1 841.2 428.1 842.9 small-vehicle 0
417.1 878.4 418.1 876.6 419.9 877.6 418.9 879.4 small-vehicle 0
567.2 37.2 567.7 59.2 533.7 59.8 533.2 37.8 small-vehicle 0
583.3 105.7 585.3 123.6 555.5 126.9 553.5 109.0 small-vehicle 0
528.2 81.1 537.4 85.0 533.5 94.2 524.3 90.3 small-vehicle 0
612.7 74.5 624.1 82.6 611.3 100.5 599.9 92.4 small-vehicle 0
646.6 83.2 660.2 79.8 668.4 112.8 654.8 116.2 small-vehicle 0
229.2 529.7 246.8 533.2 237.8 578.3 220.2 574.8 small-vehicle 0
87.2 939.1 93.8 926.8 109.6 935.3 103.0 947.6 small-vehicle 0
298.1 949.9 318.4 972.0 305.1 984.2 284.8 962.1 small-vehicle 0
293.1 940.7 297.5 936.6 320.9 961.3 316.5 965.4 small-vehicle 0
331.5 877.3 332.8 878.8 331.3 880.1 330.0 878.6 small-vehicle 0
353.9 760.1 362.5 749.1 386.2 767.5 377.6 778.6 small-vehicle 0
237.7 486.9 256.4 498.5 238.5 527.4 219.8 515.9 small-vehicle 0
331.7 357.9 351.6 367.2 337.3 398.1 317.4 388.8 small-vehicle 0
359.5 268.8 373.0 272.5 368.3 289.8 354.8 286.1 large-vehicle 0
132.9 116.8 146.7 128.4 135.1 142.2 121.3 130.6 small-vehicle 0
865.4 561.7 866.7 563.2 865.1 564.5 863.8 562.9 small-vehicle 0
906.5 656.0 909.6 669.7 892.0 673.6 888.9 660.0 small-vehicle 0
850.8 644.7 851.4 634.7 877.3 636.3 876.7 646.3 small-vehicle 0
755.9 663.8 758.4 646.0 788.1 650.2 785.6 668.0 small-vehicle 0
761.4 636.5 773.9 623.5 792.6 641.5 780.1 654.5 small-vehicle 0
729.9 617.8 733.5 613.0 751.1 626.2 747.5 631.0 small-vehicle 0
724.0 602.6 728.8 585.3 761.6 594.4 756.8 611.7 small-vehicle 0
900.8 588.0 901.5 586.2 903.4 586.9 902.7 588.7 small-vehicle 0
969.5 634.7 970.6 620.8 1000.5 623.3 999.4 637.2 small-vehicle 0
743.5 577.2 744.1 579.1 742.2 579.7 741.6 577.8 small-vehicle 0
773.3 568.5 777.1 550.9 794.7 554.7 790.9 572.3 small-vehicle 0
774.4 545.7 778.3 532.3 791.7 536.2 787.8 549.7 small-vehicle 0
877.6 515.2 880.1 528.9 858.4 532.8 855.9 519.1 small-vehicle 0
995.9 549.5 996.8 547.7 998.6 548.5 997.8 550.3 small-vehicle 0
742.1 500.3 743.2 498.6 744.9 499.7 743.8 501.4 small-vehicle 0
762.6 463.0 764.0 461.6 765.4 463.0 764.0 464.4 small-vehicle 0
1003.6 428.6 1005.4 429.6 1004.4 431.4 1002.6 430.4 small-vehicle 0
1008.2 353.3 1010.2 353.7 1009.8 355.7 1007.8 355.3 small-vehicle 0
782.8 248.4 788.6 231.3 813.2 239.6 807.4 256.7 small-vehicle 0
970.3 670.7 975.5 653.5 1004.2 662.3 999.0 679.5 small-vehicle 0
1016.6 836.7 1018.5 837.5 1017.7 839.3 1015.9 838.6 small-vehicle 0
982.9 685.9 983.1 683.9 985.1 684.1 984.9 686.1 small-vehicle 0
997.4 819.6 1007.1 822.2 999.3 851.2 989.7 848.6 small-vehicle 0
976.7 812.5 993.6 818.8 981.8 850.7 964.9 844.4 small-vehicle 0
934.4 807.2 948.3 805.8 950.9 831.7 937.0 833.1 small-vehicle 0
920.9 793.8 944.3 805.2 931.1 832.2 907.7 820.8 small-vehicle 0
906.0 793.2 920.8 803.5 906.0 824.8 891.2 814.5 small-vehicle 0
816.8 763.2 824.5 751.5 846.2 765.8 838.5 777.5 large-vehicle 0
750.5 739.8 766.9 747.3 754.4 774.5 738.0 767.0 small-vehicle 0
745.9 630.7 748.0 648.6 734.1 650.3 732.0 632.4 small-vehicle 0
842.7 663.8 852.2 648.5 874.3 662.2 864.8 677.5 small-vehicle 0
904.3 687.3 907.5 709.1 881.7 712.8 878.6 691.0 small-vehicle 0
967.4 729.2 972.8 712.0 997.6 719.8 992.2 737.0 small-vehicle 0
975.2 701.1 979.5 696.9 994.8 712.7 990.5 716.9 small-vehicle 0
