611.6 815.7 613.3 814.6 614.4 816.3 612.7 817.4 bridge 0
387.8 49.7 772.6 384.4 569.2 618.3 184.4 283.6 soccer-ball-field 0
732.1 802.1 733.4 803.6 731.9 804.9 730.6 803.4 ship 0
717.6 784.6 718.9 786.1 717.4 787.4 716.1 785.9 ship 0
709.5 768.6 710.9 770.0 709.5 771.4 708.1 770.0 ship 0
699.9 756.1 701.4 757.4 700.1 758.9 698.6 757.6 ship 0
577.1 219.5 578.7 220.7 380.0 458.7 378.5 457.4 ground-track-field 0
206.7 779.0 207.5 777.2 209.3 778.0 208.5 779.8 ship 0
239.8 779.8 241.7 779.3 242.2 781.2 240.3 781.7 ship 0
168.1 1012.4 170.1 1012.6 169.9 1014.6 167.9 1014.4 harbor 0
