402.3 145.1 403.0 143.2 404.9 143.9 404.2 145.8 bridge 0
286.7 855.8 288.2 857.0 287.0 858.6 285.4 857.4 ship 0
-16.5 750.6 27.8 701.7 91.5 759.4 47.2 808.3 storage-tank 0
179.7 619.1 194.1 608.3 207.3 625.9 192.9 636.7 ship 0
227.0 586.9 250.3 611.7 222.7 637.7 199.4 613.0 ship 0
706.9 158.5 708.5 159.6 707.3 161.3 705.7 160.1 ship 0
671.7 591.6 673.4 592.7 672.3 594.4 670.6 593.3 ship 0
692.6 145.6 693.9 147.1 692.4 148.4 691.1 146.9 ship 0
575.8 322.1 577.4 323.3 576.2 324.9 574.6 323.7 ship 0
542.4 330.7 544.4 330.3 544.7 332.3 542.8 332.6 ship 0
558.8 288.2 560.3 289.6 559.0 291.0 557.5 289.7 ship 0
667.1 245.1 668.4 246.6 666.9 247.9 665.6 246.4 ship 0
643.0 226.9 644.6 228.1 643.4 229.7 641.8 228.5 ship 0
620.9 214.3 622.2 215.9 620.6 217.2 619.3 215.6 ship 0
756.4 77.3 758.0 78.4 756.8 80.1 755.2 78.9 ship 0
735.9 25.5 746.0 15.9 772.1 43.5 762.0 53.1 ship 0
