638.6 638.8 640.2 637.6 641.4 639.2 639.8 640.4 harbor 0
683.5 508.5 695.5 526.9 673.7 541.1 661.7 522.7 ship 0
781.8 930.4 807.0 964.0 690.2 1051.6 665.0 1018.0 storage-tank 0
677.0 898.2 710.3 923.8 675.0 969.8 641.7 944.2 storage-tank 0
799.1 411.8 800.7 410.6 801.9 412.2 800.3 413.4 ship 0
761.1 396.0 788.8 427.6 763.2 450.0 735.6 418.4 ship 0
724.5 444.7 745.8 465.9 710.6 501.4 689.3 480.3 ship 0
577.1 949.9 682.5 993.3 655.9 1058.1 550.5 1014.7 storage-tank 0
912.4 222.4 913.8 223.8 912.4 225.2 911.0 223.8 ship 0
691.6 576.0 693.0 574.6 694.4 576.0 693.0 577.4 harbor 0
325.9 153.1 327.4 154.4 326.1 155.9 324.6 154.6 ship 0
338.8 163.8 340.3 165.0 339.0 166.6 337.5 165.3 ship 0
353.2 169.6 354.9 170.7 353.8 172.4 352.1 171.3 ship 0
368.8 176.1 370.4 177.3 369.2 178.9 367.6 177.7 ship 0
