109.3 581.3 111.0 582.3 109.9 584.0 108.2 582.9 ship 0
174.8 969.7 176.8 969.3 177.2 971.3 175.2 971.7 ship 0
164.3 970.4 166.0 971.4 165.0 973.1 163.3 972.1 ship 0
808.7 479.4 820.8 472.4 839.9 505.2 827.8 512.2 ship 0
611.5 732.3 632.9 737.2 627.1 762.5 605.7 757.7 ship 0
207.1 790.4 216.9 788.3 223.9 821.6 214.1 823.7 ship 0
517.6 935.3 519.2 934.1 520.4 935.7 518.8 936.9 ship 0
486.8 936.6 502.7 928.2 516.7 954.7 500.8 963.1 ship 0
388.7 383.9 390.6 383.2 391.3 385.1 389.4 385.8 ship 0
409.5 379.0 411.3 378.0 412.2 379.7 410.5 380.7 ship 0
430.1 378.7 431.8 377.6 432.9 379.3 431.2 380.4 ship 0
450.6 369.4 452.6 369.6 452.4 371.6 450.4 371.4 ship 0
472.6 373.4 474.6 373.6 474.4 375.6 472.4 375.4 ship 0
493.8 371.9 495.8 371.6 496.1 373.6 494.1 373.9 ship 0
515.3 370.0 517.3 369.7 517.6 371.7 515.7 372.0 ship 0
429.2 544.4 430.9 543.3 431.9 545.1 430.2 546.1 ship 0
453.2 539.5 455.0 538.7 455.8 540.5 454.0 541.3 ship 0
456.0 697.3 457.8 698.2 456.9 700.0 455.1 699.1 ship 0
480.1 697.8 481.7 696.6 482.9 698.2 481.3 699.4 ship 0
502.2 688.7 504.1 688.0 504.8 689.9 502.9 690.6 ship 0
522.2 685.9 524.0 685.0 524.9 686.8 523.1 687.7 ship 0
542.6 681.6 544.4 680.6 545.4 682.4 543.6 683.4 ship 0
560.1 670.5 561.5 669.1 562.9 670.5 561.5 671.9 ship 0
577.6 662.1 579.4 661.1 580.4 662.9 578.6 663.9 ship 0
