112.4 257.6 135.7 276.5 83.9 340.1 60.7 321.2 ship 0
64.5 207.9 77.5 195.4 95.5 214.1 82.5 226.6 ship 0
257.0 339.6 276.6 356.7 228.0 412.4 208.4 395.3 ship 0
201.3 344.7 224.6 363.5 175.7 424.3 152.4 405.5 ship 0
187.3 332.1 197.0 342.3 137.7 398.9 128.0 388.7 ship 0
167.8 306.0 177.8 315.8 117.8 377.4 107.8 367.6 ship 0
138.5 285.2 160.5 305.6 107.5 362.8 85.5 342.4 ship 0
143.4 417.7 155.6 457.9 130.7 465.4 118.5 425.2 ship 0
174.2 199.1 183.0 178.9 228.8 198.9 220.0 219.1 ship 0
129.5 413.8 138.6 424.5 72.8 479.9 63.8 469.2 ship 0
98.7 387.1 118.3 404.2 67.0 463.0 47.4 445.9 ship 0
50.2 339.3 65.7 354.9 18.9 401.5 3.4 385.9 ship 0
16.4 330.5 32.9 337.8 17.4 372.6 1.0 365.3 ship 0
96.1 193.9 105.1 183.2 124.9 200.1 115.9 210.8 ship 0
146.0 149.8 152.9 142.5 177.5 166.0 170.5 173.2 ship 0
66.7 386.8 67.2 388.8 65.2 389.2 64.8 387.3 harbor 0
217.4 83.8 227.9 64.5 271.8 88.3 261.4 107.6 ship 0
243.0 23.4 250.7 2.8 290.0 17.6 282.3 38.2 ship 0
176.6 7.6 189.7 -10.1 236.4 24.4 223.3 42.1 ship 0
232.8 42.5 243.4 23.2 280.2 43.5 269.6 62.8 ship 0
181.3 54.2 190.8 38.9 219.7 56.8 210.2 72.1 ship 0
233.2 59.6 238.1 50.9 267.8 67.4 262.9 76.1 ship 0
168.9 63.1 174.2 54.6 216.6 81.1 211.3 89.5 ship 0
213.7 102.1 217.5 92.8 263.6 112.2 259.8 121.4 ship 0
151.4 139.8 154.1 130.1 194.6 141.2 191.9 150.9 ship 0
166.5 82.7 171.9 74.3 210.5 99.3 205.1 107.7 ship 0
211.0 131.0 220.9 111.4 262.0 132.0 252.1 151.6 ship 0
202.9 148.0 206.7 138.8 256.6 159.5 252.8 168.7 ship 0
200.5 170.2 205.0 161.3 253.2 185.7 248.6 194.6 ship 0
160.9 98.5 166.7 90.4 201.1 114.5 195.3 122.6 ship 0
151.8 117.6 154.2 112.0 196.4 130.1 194.1 135.6 ship 0
733.0 271.3 749.4 286.0 713.4 326.2 697.0 311.5 ship 0
441.0 919.5 442.7 918.6 443.6 920.4 441.8 921.3 harbor 0
706.4 400.0 730.9 391.4 740.8 419.8 716.3 428.3 ship 0
646.2 268.4 647.7 269.7 646.4 271.2 644.9 269.9 ship 0
772.1 345.0 790.9 363.0 750.9 405.0 732.1 387.0 ship 0
758.7 290.3 781.0 310.3 731.7 365.5 709.3 345.4 ship 0
445.6 226.5 457.1 212.7 489.4 239.5 477.9 253.3 ship 0
378.6 122.6 394.2 101.7 450.4 143.4 434.8 164.3 ship 0
447.0 209.8 449.9 200.2 501.5 216.0 498.6 225.6 ship 0
456.4 188.3 459.7 178.8 503.2 193.8 499.9 203.2 ship 0
358.8 233.6 372.8 211.7 435.2 251.4 421.2 273.3 ship 0
366.7 205.6 378.7 187.2 427.4 218.7 415.4 237.2 ship 0
363.6 181.7 371.9 161.3 440.4 189.3 432.1 209.7 ship 0
380.2 144.6 385.6 136.2 440.8 172.4 435.4 180.8 ship 0
458.9 163.5 471.0 145.1 506.1 168.2 494.0 186.6 ship 0
474.2 120.5 477.0 110.9 517.3 122.7 514.5 132.3 ship 0
427.4 85.3 442.5 106.5 418.1 123.9 403.0 102.8 ship 0
507.7 10.4 514.6 -6.2 542.3 5.3 535.4 21.9 ship 0
495.6 58.9 505.1 39.1 542.9 57.4 533.3 77.2 ship 0
496.5 35.0 501.8 9.5 539.0 17.3 533.7 42.8 ship 0
445.4 21.9 446.1 23.8 444.3 24.5 443.5 22.6 ship 0
402.3 51.4 411.8 27.2 477.0 52.7 467.5 76.9 ship 0
485.7 77.2 497.0 58.3 533.1 79.7 521.9 98.6 ship 0
404.7 74.7 417.7 52.2 471.3 83.3 458.3 105.8 ship 0
477.6 104.0 485.9 83.6 517.4 96.3 509.1 116.7 ship 0
