731.5 520.4 898.7 368.3 913.5 384.6 746.3 536.7 storage-tank 0
838.8 437.5 849.9 429.0 863.2 446.5 852.1 455.0 storage-tank 0
845.8 363.8 853.2 461.5 831.2 463.2 823.8 365.5 storage-tank 0
220.5 742.4 234.0 738.9 251.5 806.6 238.0 810.1 storage-tank 0
94.0 942.1 95.0 943.8 93.2 944.8 92.3 943.1 ship 0
336.5 147.6 352.3 139.0 401.5 228.4 385.7 237.0 storage-tank 0
328.4 88.0 496.9 238.6 479.6 258.0 311.1 107.4 storage-tank 0
360.3 666.1 372.7 653.0 423.7 700.9 411.3 714.0 storage-tank 0
389.5 631.7 403.6 620.5 464.5 697.3 450.4 708.5 storage-tank 0
398.5 577.0 412.8 566.1 525.5 714.0 511.2 724.9 storage-tank 0
472.4 610.7 485.9 598.8 521.6 639.3 508.1 651.2 storage-tank 0
180.3 772.3 189.9 762.2 237.7 807.7 228.1 817.8 storage-tank 0
141.3 786.1 149.2 780.0 184.7 825.9 176.8 832.0 storage-tank 0
813.9 412.7 824.1 422.3 809.1 438.3 798.9 428.7 storage-tank 0
127.1 781.0 168.5 837.4 153.9 848.0 112.5 791.6 storage-tank 0
167.0 826.6 171.4 839.9 143.0 849.4 138.6 836.1 storage-tank 0
60.2 854.6 111.6 780.7 142.8 802.4 91.4 876.3 storage-tank 0
26.5 862.6 205.5 829.8 209.5 851.4 30.5 884.2 storage-tank 0
47.9 813.2 64.2 805.6 99.1 879.8 82.8 887.4 storage-tank 0
26.7 865.1 39.0 858.5 49.3 877.9 37.0 884.5 storage-tank 0
32.7 926.2 63.2 858.8 83.3 867.8 52.8 935.2 storage-tank 0
13.3 865.5 23.1 867.3 14.7 912.5 4.9 910.7 storage-tank 0
46.4 900.2 51.6 913.1 12.6 928.8 7.4 915.9 storage-tank 0
