212.5 556.7 361.3 646.9 337.5 686.3 188.7 596.1 storage-tank 0
215.5 645.5 276.5 670.7 260.5 709.5 199.5 684.3 storage-tank 0
281.7 495.1 297.4 479.7 321.3 503.9 305.6 519.3 storage-tank 0
324.5 521.1 340.9 506.5 363.5 531.9 347.1 546.5 storage-tank 0
308.9 453.5 325.0 438.6 348.1 463.5 332.0 478.4 storage-tank 0
335.6 477.3 350.8 456.2 404.4 494.7 389.2 515.8 storage-tank 0
272.7 314.7 460.6 491.5 437.3 516.3 249.4 339.5 storage-tank 0
431.3 423.6 436.4 440.9 361.7 463.4 356.6 446.1 storage-tank 0
384.5 352.7 403.6 370.4 380.5 395.3 361.4 377.6 storage-tank 0
367.3 482.9 424.3 301.7 479.7 319.1 422.7 500.3 storage-tank 0
379.2 268.5 462.7 378.3 438.8 396.5 355.3 286.7 storage-tank 0
402.7 302.7 519.7 390.0 499.3 417.3 382.3 330.0 storage-tank 0
801.8 41.2 803.1 39.7 804.6 41.0 803.3 42.5 ship 0
793.1 59.8 794.2 58.1 795.9 59.2 794.8 60.9 ship 0
688.4 10.9 688.6 8.9 690.6 9.1 690.4 11.1 ship 0
945.6 135.6 946.9 134.1 948.4 135.4 947.1 136.9 ship 0
198.1 552.2 223.6 547.2 237.9 619.8 212.4 624.8 storage-tank 0
164.4 624.7 181.0 617.8 198.6 660.3 182.0 667.2 storage-tank 0
256.1 182.9 398.8 412.1 369.9 430.1 227.2 200.9 storage-tank 0
162.7 261.2 169.5 244.5 197.3 255.8 190.5 272.5 storage-tank 0
-33.8 244.5 180.8 473.7 161.8 491.5 -52.8 262.3 storage-tank 0
70.2 319.7 83.3 314.8 96.8 350.3 83.7 355.2 storage-tank 0
82.4 384.2 96.7 373.2 112.6 393.8 98.3 404.8 storage-tank 0
101.2 354.9 112.0 340.5 132.8 356.1 122.0 370.5 storage-tank 0
54.0 223.5 173.9 365.7 154.0 382.5 34.1 240.3 storage-tank 0
121.7 324.9 131.1 309.6 153.3 323.1 143.9 338.4 storage-tank 0
67.9 195.0 200.4 325.5 182.1 344.0 49.6 213.5 storage-tank 0
173.9 278.2 178.3 287.2 144.1 303.8 139.7 294.8 storage-tank 0
130.6 239.3 137.1 222.5 161.4 231.7 154.9 248.5 storage-tank 0
118.5 137.2 234.6 250.2 216.5 268.8 100.4 155.8 storage-tank 0
268.7 256.6 289.6 272.1 269.3 299.4 248.4 283.9 storage-tank 0
184.7 225.3 194.6 210.3 216.3 224.7 206.4 239.7 storage-tank 0
173.9 434.0 183.0 454.0 141.1 473.0 132.0 453.0 storage-tank 0
205.1 392.8 211.2 409.8 167.9 425.2 161.8 408.2 storage-tank 0
243.0 349.1 247.2 366.7 183.0 381.9 178.8 364.3 storage-tank 0
111.9 558.5 266.6 383.0 292.1 405.5 137.4 581.0 storage-tank 0
209.1 438.5 223.9 417.1 251.9 436.5 237.1 457.9 storage-tank 0
236.4 390.7 255.7 373.2 278.6 398.3 259.3 415.8 storage-tank 0
199.9 254.9 305.8 366.8 281.1 390.1 175.2 278.2 storage-tank 0
263.7 352.2 277.3 330.0 306.3 347.8 292.7 370.0 storage-tank 0
