-11.1 303.6 4.5 256.1 33.1 265.4 17.5 312.9 storage-tank 0
136.8 349.1 141.5 352.8 130.2 366.9 125.5 363.2 storage-tank 0
83.7 525.3 87.0 530.3 38.3 561.7 35.0 556.7 storage-tank 0
62.2 516.1 66.9 519.8 35.8 558.9 31.1 555.2 storage-tank 0
50.6 512.7 54.9 516.8 23.4 550.3 19.1 546.2 storage-tank 0
124.2 376.4 129.7 374.0 136.8 390.6 131.3 393.0 storage-tank 0
158.9 360.0 159.8 365.9 134.1 370.0 133.2 364.1 storage-tank 0
155.9 334.0 161.5 336.1 155.1 353.0 149.5 350.9 storage-tank 0
145.1 328.4 150.0 331.7 139.9 346.6 135.0 343.3 storage-tank 0
49.4 497.6 162.2 311.1 177.6 320.4 64.8 506.9 storage-tank 0
118.3 364.9 124.3 372.9 106.7 386.1 100.7 378.1 storage-tank 0
124.2 343.1 128.9 346.8 117.8 360.9 113.1 357.2 storage-tank 0
131.4 322.0 136.3 325.6 125.6 340.0 120.7 336.4 storage-tank 0
111.8 336.1 116.5 339.9 105.2 353.9 100.5 350.1 storage-tank 0
117.2 314.8 122.3 318.0 112.8 333.2 107.7 330.0 storage-tank 0
96.3 386.5 103.6 393.3 88.7 409.5 81.4 402.7 storage-tank 0
487.9 481.8 500.5 468.8 542.1 509.2 529.5 522.2 storage-tank 0
935.7 793.2 937.3 794.3 936.3 796.0 934.6 794.9 large-vehicle 0
995.7 676.4 997.6 676.7 997.3 678.6 995.4 678.3 large-vehicle 0
959.1 747.7 961.0 747.2 961.5 749.1 959.6 749.6 large-vehicle 0
474.1 543.8 491.7 505.7 518.9 518.2 501.3 556.3 storage-tank 0
622.4 433.4 622.5 439.4 552.6 440.6 552.5 434.6 storage-tank 0
609.7 418.7 610.1 424.7 520.3 430.3 519.9 424.3 storage-tank 0
521.0 420.0 531.0 391.7 563.0 403.0 553.0 431.3 storage-tank 0
535.5 513.7 545.4 498.7 570.5 515.3 560.6 530.3 storage-tank 0
511.2 559.1 535.3 524.7 559.8 541.9 535.7 576.3 storage-tank 0
551.8 481.9 560.8 461.8 588.2 474.1 579.2 494.2 storage-tank 0
504.1 450.7 514.3 435.8 558.9 466.3 548.7 481.2 storage-tank 0
90.5 357.7 100.5 358.3 99.5 376.3 89.5 375.7 storage-tank 0
95.7 329.5 101.2 331.8 94.3 348.5 88.8 346.2 storage-tank 0
102.4 308.5 108.2 310.1 103.6 327.5 97.8 325.9 storage-tank 0
84.8 324.9 89.7 328.4 79.2 343.1 74.3 339.6 storage-tank 0
61.8 376.5 71.2 373.2 81.2 401.5 71.8 404.8 storage-tank 0
81.0 348.8 87.6 356.3 74.0 368.2 67.4 360.7 storage-tank 0
92.1 303.0 96.8 306.6 85.9 321.0 81.2 317.4 storage-tank 0
68.6 362.2 73.6 370.8 30.4 395.8 25.4 387.2 storage-tank 0
55.2 341.4 65.2 341.6 64.8 359.6 54.8 359.4 storage-tank 0
71.8 319.6 76.5 323.4 65.2 337.4 60.5 333.6 storage-tank 0
78.6 296.7 83.1 300.6 71.4 314.3 66.9 310.4 storage-tank 0
8.9 336.4 45.9 250.0 66.1 258.6 29.1 345.0 storage-tank 0
37.5 321.3 50.2 327.0 39.5 350.7 26.8 345.0 storage-tank 0
