910.2 70.5 912.0 69.7 912.8 71.5 911.0 72.3 ship 0
213.7 899.7 219.0 908.2 183.3 930.3 178.0 921.8 storage-tank 0
192.5 959.1 204.5 945.7 253.5 989.9 241.5 1003.3 storage-tank 0
165.6 910.1 213.9 981.3 192.4 995.9 144.1 924.7 storage-tank 0
136.1 682.1 280.2 513.2 293.9 524.9 149.8 693.8 storage-tank 0
151.1 621.1 224.3 550.0 236.9 562.9 163.7 634.0 storage-tank 0
137.1 614.8 188.9 536.3 203.9 546.2 152.1 624.7 storage-tank 0
164.5 677.6 222.2 584.0 237.5 593.4 179.8 687.0 storage-tank 0
122.0 700.7 221.6 538.9 237.0 548.3 137.4 710.1 storage-tank 0
125.4 651.8 170.7 564.9 186.6 573.2 141.3 660.1 storage-tank 0
93.9 779.7 203.4 649.7 217.1 661.3 107.6 791.3 storage-tank 0
258.7 924.0 262.6 937.4 222.3 949.0 218.4 935.6 storage-tank 0
201.5 871.4 215.9 854.9 238.5 874.6 224.1 891.1 storage-tank 0
247.3 905.2 247.7 883.2 277.7 883.8 277.3 905.8 storage-tank 0
139.6 987.3 319.1 659.3 345.4 673.7 165.9 1001.7 storage-tank 0
387.2 657.6 399.4 693.6 355.8 708.4 343.6 672.4 storage-tank 0
353.2 652.6 354.6 666.5 304.8 671.4 303.4 657.5 storage-tank 0
361.4 701.2 375.3 718.2 336.6 749.8 322.7 732.8 storage-tank 0
321.8 696.1 322.2 714.1 292.2 714.9 291.8 696.9 storage-tank 0
406.1 711.3 500.1 775.7 480.9 803.7 386.9 739.3 storage-tank 0
346.9 757.9 348.7 771.8 307.1 777.1 305.3 763.2 storage-tank 0
265.1 721.0 281.7 713.9 305.9 771.0 289.3 778.1 storage-tank 0
324.4 797.4 327.1 815.2 285.6 821.6 282.9 803.8 storage-tank 0
421.9 773.4 462.1 803.1 430.1 846.6 389.9 816.9 storage-tank 0
392.0 807.8 460.0 860.4 427.0 903.2 359.0 850.6 storage-tank 0
288.3 1018.5 299.1 990.5 345.7 1008.5 334.9 1036.5 storage-tank 0
238.9 853.5 259.4 717.0 289.1 721.5 268.6 858.0 storage-tank 0
176.1 1075.9 364.1 614.7 391.9 626.1 203.9 1087.3 storage-tank 0
85.6 777.0 166.7 632.2 182.4 641.0 101.3 785.8 storage-tank 0
127.7 793.8 193.2 585.8 210.3 591.2 144.8 799.2 storage-tank 0
66.1 758.0 216.7 594.8 229.9 607.0 79.3 770.2 storage-tank 0
77.8 736.7 128.6 648.3 144.2 657.3 93.4 745.7 storage-tank 0
82.2 699.7 155.2 628.5 167.8 641.3 94.8 712.5 storage-tank 0
59.8 732.4 81.7 632.8 103.2 637.6 81.3 737.2 storage-tank 0
13.0 714.2 168.6 579.2 183.0 595.8 27.4 730.8 storage-tank 0
51.2 639.9 60.6 624.5 82.8 638.1 73.4 653.5 storage-tank 0
35.5 674.0 40.5 656.7 65.5 664.0 60.5 681.3 storage-tank 0
107.7 817.2 119.2 831.0 99.3 847.8 87.8 834.0 storage-tank 0
116.4 778.3 134.2 781.1 129.6 810.7 111.8 807.9 storage-tank 0
-61.9 888.7 183.1 718.9 197.9 740.3 -47.1 910.1 storage-tank 0
50.3 895.7 98.1 650.3 123.7 655.3 75.9 900.7 storage-tank 0
10.5 783.7 71.8 712.4 91.5 729.3 30.2 800.6 storage-tank 0
40.6 725.9 43.9 739.5 -8.6 752.1 -11.9 738.5 storage-tank 0
43.6 778.1 53.3 793.2 21.4 813.9 11.7 798.8 storage-tank 0
97.1 898.4 97.9 916.4 23.9 919.6 23.1 901.6 storage-tank 0
80.0 917.2 85.2 925.7 5.0 974.8 -0.2 966.3 storage-tank 0
42.4 861.4 53.2 875.8 0.6 915.6 -10.2 901.2 storage-tank 0
