663.9 300.1 665.4 301.4 664.1 302.9 662.6 301.6 large-vehicle 0
594.4 308.7 596.3 309.4 595.6 311.3 593.7 310.6 large-vehicle 0
398.5 426.2 400.3 427.0 399.5 428.8 397.7 428.0 storage-tank 0
552.9 304.4 554.7 305.4 553.8 307.1 552.0 306.2 large-vehicle 0
655.5 240.1 656.9 241.5 655.5 242.9 654.1 241.5 large-vehicle 0
869.3 89.7 870.6 88.2 872.1 89.5 870.8 91.0 large-vehicle 0
794.7 55.3 796.0 56.9 794.4 58.2 793.1 56.6 large-vehicle 0
771.2 121.1 772.9 122.2 771.8 123.9 770.1 122.8 large-vehicle 0
732.2 175.6 733.4 177.2 731.8 178.4 730.6 176.8 large-vehicle 0
524.6 252.6 525.8 254.3 524.2 255.4 523.0 253.8 large-vehicle 0
612.7 756.4 614.5 755.5 615.4 757.3 613.6 758.2 large-vehicle 0
519.2 241.2 519.9 243.1 518.0 243.8 517.3 241.9 large-vehicle 0
526.3 219.5 527.5 221.1 525.9 222.3 524.7 220.7 large-vehicle 0
520.3 200.3 527.0 207.7 513.7 219.7 507.0 212.3 large-vehicle 0
510.2 197.6 511.4 199.2 509.8 200.4 508.6 198.8 large-vehicle 0
509.1 175.6 509.9 177.5 508.0 178.2 507.3 176.4 large-vehicle 0
507.4 161.6 507.5 163.6 505.5 163.8 505.4 161.8 large-vehicle 0
537.6 135.2 538.8 133.6 540.4 134.8 539.2 136.4 large-vehicle 0
580.2 116.8 580.6 114.8 582.6 115.3 582.1 117.2 large-vehicle 0
612.1 122.2 613.8 121.1 614.9 122.8 613.2 123.9 large-vehicle 0
615.6 228.6 616.9 230.1 615.4 231.4 614.1 229.9 large-vehicle 0
508.9 599.0 509.1 597.0 511.0 597.1 510.9 599.1 large-vehicle 0
554.3 379.6 555.9 380.9 554.6 382.4 553.0 381.1 large-vehicle 0
520.2 449.0 522.2 449.0 522.2 451.0 520.2 451.0 large-vehicle 0
678.3 1003.9 680.2 1004.4 679.7 1006.3 677.8 1005.8 large-vehicle 0
