36.7 27.3 42.3 52.7 1.3 61.7 -4.3 36.3 storage-tank 0
28.3 106.5 83.3 45.7 99.7 60.5 44.7 121.3 storage-tank 0
74.9 35.4 76.0 45.3 46.1 48.6 45.0 38.7 storage-tank 0
45.4 76.6 110.0 26.1 123.6 43.4 59.0 93.9 storage-tank 0
115.1 24.3 129.3 -6.6 192.9 22.7 178.7 53.6 storage-tank 0
317.4 154.4 350.8 191.6 310.6 227.6 277.2 190.4 storage-tank 0
262.4 268.6 274.9 286.6 230.6 317.4 218.1 299.4 storage-tank 0
105.4 217.0 191.5 263.9 144.6 350.0 58.5 303.1 storage-tank 0
180.1 389.6 181.4 391.1 179.9 392.4 178.6 390.9 storage-tank 0
167.7 116.3 256.5 147.0 219.3 254.7 130.5 224.0 storage-tank 0
241.7 41.3 296.2 85.2 252.3 139.7 197.8 95.8 storage-tank 0
31.4 2.5 58.7 22.8 45.6 40.5 18.3 20.2 storage-tank 0
22.9 66.1 25.9 52.5 59.1 59.9 56.1 73.5 storage-tank 0
73.4 148.7 73.6 162.7 23.6 163.3 23.4 149.3 storage-tank 0
6.3 184.2 23.5 170.5 39.7 190.8 22.5 204.5 storage-tank 0
-0.7 136.9 4.8 115.6 37.7 124.1 32.2 145.4 storage-tank 0
