109.0 732.2 309.2 551.0 681.0 961.8 480.8 1143.0 ground-track-field 0
206.6 850.9 328.3 670.0 585.4 843.1 463.7 1024.0 soccer-ball-field 0
377.6 104.2 404.2 5.7 703.4 86.8 676.8 185.3 ground-track-field 0
693.2 41.4 697.5 139.3 387.8 152.6 383.5 54.7 soccer-ball-field 0
804.2 735.0 806.0 734.2 806.8 736.0 805.0 736.8 bridge 0
506.1 476.6 751.5 268.2 1055.9 626.4 810.5 834.8 ground-track-field 0
707.4 363.0 954.8 449.3 852.6 742.0 605.2 655.7 soccer-ball-field 0
865.1 462.2 866.3 460.6 867.9 461.8 866.7 463.4 bridge 0
864.4 472.4 864.6 470.4 866.6 470.6 866.4 472.6 bridge 0
864.8 483.8 865.2 485.8 863.2 486.2 862.8 484.2 bridge 0
863.9 478.4 864.1 476.4 866.1 476.6 865.8 478.6 bridge 0
892.1 179.7 892.8 181.6 890.9 182.2 890.2 180.3 bridge 0
