-89.9 720.3 -31.7 668.4 203.9 932.7 145.7 984.6 ground-track-field 0
-104.6 728.5 -47.6 669.5 218.6 926.5 161.6 985.5 soccer-ball-field 0
88.1 767.9 186.2 911.7 -40.1 1066.1 -138.2 922.3 ground-track-field 0
122.1 777.4 193.6 944.8 -73.1 1058.6 -144.6 891.2 soccer-ball-field 0
429.0 45.2 610.2 404.0 80.0 671.8 -101.2 313.0 ground-track-field 0
426.0 42.2 611.4 403.4 83.0 674.8 -102.4 313.6 soccer-ball-field 0
542.9 722.7 607.7 901.3 391.5 979.7 326.7 801.1 ground-track-field 0
185.8 716.2 455.3 539.9 747.5 986.9 478.0 1163.1 soccer-ball-field 0
851.6 223.1 1056.7 540.7 796.4 708.9 591.3 391.3 ground-track-field 0
569.0 603.2 773.7 180.1 1078.0 327.3 873.3 750.4 soccer-ball-field 0
