533.1 108.5 534.0 106.7 535.8 107.7 534.8 109.4 ship 0
518.9 130.8 520.5 129.6 521.7 131.1 520.1 132.4 ship 0
527.6 122.0 529.0 120.6 530.4 122.0 529.0 123.4 ship 0
503.2 134.5 504.9 133.5 506.0 135.2 504.3 136.2 ship 0
384.9 199.6 386.9 199.4 387.1 201.4 385.1 201.6 ship 0
303.3 226.3 305.2 225.8 305.7 227.7 303.8 228.2 ship 0
319.2 246.8 321.2 247.2 320.8 249.2 318.8 248.8 ship 0
322.6 223.9 324.1 222.6 325.4 224.1 323.9 225.4 ship 0
332.2 212.6 332.9 210.7 334.8 211.4 334.1 213.3 ship 0
348.8 215.2 350.8 214.8 351.2 216.8 349.2 217.2 ship 0
363.1 216.5 365.1 216.0 365.6 218.0 363.6 218.5 ship 0
369.4 194.6 371.3 195.1 370.9 197.0 368.9 196.6 ship 0
397.1 193.6 398.9 192.8 399.7 194.6 397.9 195.4 ship 0
490.1 141.2 491.8 140.1 492.9 141.8 491.2 142.9 ship 0
404.2 173.1 405.0 174.9 403.2 175.7 402.4 173.9 ship 0
420.6 184.4 422.1 183.1 423.4 184.6 421.9 185.9 ship 0
431.8 178.1 433.5 177.0 434.6 178.7 432.9 179.8 ship 0
443.6 171.4 445.1 170.1 446.4 171.6 444.9 172.9 ship 0
452.7 157.3 454.4 156.2 455.5 157.9 453.8 159.0 ship 0
467.8 155.9 469.5 154.8 470.5 156.5 468.9 157.6 ship 0
477.1 147.9 478.6 146.6 479.9 148.1 478.4 149.4 ship 0
274.5 268.3 276.2 267.3 277.2 269.1 275.5 270.0 ship 0
292.7 241.1 293.9 239.5 295.5 240.8 294.3 242.3 ship 0
262.1 274.7 263.8 273.6 264.9 275.3 263.2 276.4 ship 0
246.7 273.9 248.6 273.2 249.3 275.1 247.4 275.8 ship 0
239.6 467.4 241.6 467.6 241.4 469.6 239.4 469.4 ship 0
234.7 631.4 236.6 631.7 236.3 633.7 234.3 633.4 ship 0
251.6 633.6 253.4 634.6 252.4 636.4 250.6 635.4 ship 0
270.9 634.6 272.9 634.4 273.1 636.4 271.1 636.6 ship 0
288.9 639.2 290.8 639.9 290.1 641.8 288.2 641.1 ship 0
212.1 536.9 214.1 537.1 213.9 539.1 211.9 538.9 ship 0
208.1 462.8 209.8 463.7 208.9 465.5 207.1 464.6 ship 0
223.7 465.8 225.7 466.2 225.3 468.2 223.3 467.8 ship 0
254.7 467.8 256.7 468.2 256.3 470.2 254.3 469.8 ship 0
234.5 713.5 236.5 713.4 236.6 715.4 234.6 715.5 ship 0
206.4 397.7 208.3 398.4 207.6 400.3 205.7 399.6 ship 0
221.8 400.3 223.7 400.8 223.2 402.7 221.3 402.2 ship 0
202.4 328.2 204.3 327.9 204.6 329.8 202.7 330.1 ship 0
217.9 326.7 219.8 326.4 220.1 328.3 218.2 328.6 ship 0
234.6 327.1 236.6 327.3 236.4 329.3 234.4 329.1 ship 0
256.9 230.6 257.9 232.4 256.1 233.3 255.2 231.6 ship 0
234.7 279.9 236.6 279.2 237.3 281.1 235.4 281.8 ship 0
215.4 626.6 217.0 627.8 215.8 629.4 214.2 628.2 ship 0
216.6 716.7 218.3 715.6 219.4 717.3 217.7 718.4 ship 0
222.0 787.1 223.8 787.7 223.2 789.6 221.3 788.9 ship 0
262.7 924.4 264.7 924.2 264.9 926.2 262.9 926.4 ship 0
279.8 915.9 281.4 914.6 282.6 916.2 281.1 917.5 ship 0
232.3 852.3 234.2 851.8 234.7 853.7 232.8 854.2 ship 0
1015.8 634.0 1016.9 632.4 1018.6 633.5 1017.4 635.1 ship 0
622.1 724.0 623.4 725.6 621.8 726.8 620.6 725.2 ship 0
566.3 641.9 567.4 643.6 565.7 644.7 564.7 643.0 ship 0
572.4 655.9 573.5 657.6 571.9 658.7 570.8 657.0 ship 0
578.8 667.8 580.2 669.2 578.7 670.6 577.4 669.1 ship 0
588.9 676.6 590.4 677.9 589.1 679.4 587.6 678.1 ship 0
600.5 685.1 601.9 686.5 600.5 687.9 599.1 686.5 ship 0
610.5 697.1 611.9 698.6 610.4 699.9 609.0 698.5 ship 0
615.7 711.6 616.9 713.2 615.3 714.4 614.1 712.8 ship 0
629.2 737.9 631.1 738.2 630.8 740.1 628.9 739.8 ship 0
652.8 590.7 653.0 588.7 655.0 588.9 654.8 590.9 ship 0
656.1 603.7 656.6 605.6 654.7 606.1 654.1 604.2 ship 0
656.5 570.4 657.4 572.2 655.5 573.1 654.7 571.2 ship 0
567.6 477.6 568.9 479.1 567.4 480.4 566.1 478.9 ship 0
647.6 559.6 648.9 561.1 647.4 562.4 646.1 560.9 ship 0
578.4 489.6 579.9 490.9 578.6 492.4 577.1 491.1 ship 0
589.3 500.4 590.7 501.8 589.4 503.2 587.9 501.8 ship 0
601.9 505.6 603.4 506.9 602.1 508.4 600.6 507.1 ship 0
615.9 513.1 617.4 514.4 616.1 515.9 614.6 514.6 ship 0
624.6 525.6 625.9 527.1 624.4 528.4 623.1 526.9 ship 0
631.8 537.9 633.0 539.5 631.5 540.7 630.2 539.2 ship 0
639.5 549.2 640.9 550.6 639.5 552.0 638.1 550.6 ship 0
928.8 805.1 938.8 814.8 923.5 830.6 913.4 820.9 ship 0
952.4 964.6 953.9 965.9 952.6 967.4 951.1 966.1 ship 0
967.8 971.6 969.3 972.9 968.0 974.4 966.5 973.1 ship 0
980.5 982.6 981.9 984.0 980.5 985.4 979.1 984.0 ship 0
997.4 909.6 998.9 910.9 997.5 912.4 996.0 911.0 ship 0
956.9 856.1 958.4 857.4 957.1 858.9 955.6 857.6 ship 0
944.0 843.6 945.4 845.0 944.0 846.4 942.6 845.0 ship 0
933.7 831.8 935.1 833.2 933.7 834.6 932.3 833.1 ship 0
1002.9 803.1 1004.4 804.4 1003.1 805.9 1001.6 804.6 ship 0
874.0 881.3 875.3 882.9 873.7 884.1 872.5 882.6 ship 0
988.6 794.0 990.2 795.3 988.9 796.8 987.3 795.5 ship 0
974.2 782.7 975.7 784.0 974.4 785.6 972.9 784.3 ship 0
766.8 735.9 768.7 735.3 769.2 737.3 767.3 737.8 ship 0
689.9 786.4 691.3 787.8 689.9 789.2 688.5 787.8 ship 0
636.6 820.2 637.8 818.6 639.4 819.8 638.2 821.4 ship 0
737.4 725.8 738.9 727.2 737.5 728.6 736.1 727.3 ship 0
777.0 669.6 778.4 671.0 777.0 672.4 775.6 671.0 ship 0
864.1 868.1 865.4 869.6 863.9 870.9 862.6 869.4 ship 0
883.2 895.1 884.4 896.7 882.8 897.9 881.6 896.3 ship 0
892.1 909.1 893.4 910.6 891.9 911.9 890.6 910.4 ship 0
847.4 984.6 848.9 985.9 847.6 987.4 846.1 986.1 ship 0
903.3 921.7 904.4 923.3 902.7 924.4 901.6 922.8 ship 0
693.6 664.8 694.9 666.2 693.5 667.6 692.1 666.1 ship 0
821.0 606.1 822.4 607.5 821.0 608.9 819.6 607.5 ship 0
834.3 615.6 835.9 616.8 834.7 618.4 833.1 617.2 ship 0
973.9 570.3 974.7 568.4 976.5 569.2 975.7 571.1 ship 0
977.3 590.7 977.8 588.8 979.7 589.3 979.2 591.2 ship 0
968.3 605.1 969.6 603.6 971.1 604.9 969.8 606.4 ship 0
848.3 621.6 849.9 622.8 848.7 624.4 847.1 623.2 ship 0
977.9 554.5 979.1 552.9 980.7 554.1 979.4 555.7 ship 0
986.3 541.3 987.6 539.8 989.1 541.1 987.7 542.6 ship 0
1013.3 716.1 1014.9 717.3 1013.7 718.9 1012.1 717.7 ship 0
1000.9 710.0 1002.3 711.4 1001.0 712.8 999.5 711.5 ship 0
861.3 631.0 862.8 632.3 861.5 633.8 860.0 632.5 ship 0
875.1 639.9 876.6 641.2 875.2 642.7 873.7 641.4 ship 0
886.5 651.1 887.9 652.5 886.5 653.9 885.1 652.5 ship 0
900.4 664.6 901.9 665.9 900.6 667.4 899.1 666.1 ship 0
881.4 516.0 883.0 517.1 881.8 518.7 880.2 517.6 ship 0
896.9 527.1 898.4 528.4 897.1 529.9 895.6 528.6 ship 0
910.1 542.1 911.4 543.6 909.9 544.9 908.6 543.4 ship 0
918.5 560.1 919.9 561.5 918.5 562.9 917.1 561.5 ship 0
932.9 567.4 934.5 568.7 933.2 570.2 931.7 568.9 ship 0
680.2 655.0 681.6 656.4 680.1 657.8 678.7 656.3 ship 0
669.5 640.2 670.9 641.6 669.5 643.0 668.1 641.5 ship 0
662.2 627.6 663.4 629.2 661.8 630.4 660.6 628.8 ship 0
658.7 616.3 659.2 618.2 657.3 618.7 656.8 616.8 ship 0
978.4 689.1 979.9 690.4 978.6 691.9 977.1 690.6 ship 0
992.0 698.1 993.4 699.6 991.9 700.9 990.6 699.5 ship 0
