87.4 674.6 88.9 675.9 87.6 677.4 86.1 676.1 ship 0
158.4 759.2 159.9 760.5 158.5 762.0 157.1 760.6 ship 0
192.0 689.4 199.4 696.1 187.3 709.5 179.9 702.7 ship 0
201.6 708.6 202.9 710.1 201.4 711.4 200.1 709.9 ship 0
208.0 722.6 209.4 724.0 208.0 725.4 206.6 724.0 ship 0
216.1 733.1 217.4 734.6 215.9 735.9 214.6 734.4 ship 0
110.1 696.6 111.4 698.1 109.9 699.4 108.6 697.9 ship 0
102.5 684.6 103.9 686.0 102.5 687.4 101.1 686.0 ship 0
73.8 666.6 75.4 667.8 74.2 669.4 72.6 668.2 ship 0
107.3 796.1 108.9 797.3 107.7 798.9 106.1 797.7 ship 0
85.2 636.6 93.1 620.4 127.3 636.9 119.4 653.1 ship 0
55.6 590.9 57.1 589.6 58.4 591.1 56.9 592.4 ship 0
46.6 604.6 47.9 603.1 49.4 604.4 48.1 605.9 ship 0
22.7 603.2 27.2 599.2 55.4 630.3 51.0 634.3 ship 0
31.2 633.7 33.2 633.8 33.1 635.8 31.1 635.7 ship 0
145.8 750.0 147.4 751.3 146.1 752.8 144.6 751.6 ship 0
102.2 875.1 103.9 876.2 102.8 877.9 101.1 876.8 ship 0
98.0 845.0 109.0 853.7 78.0 893.0 67.0 884.3 ship 0
40.0 729.1 41.4 730.5 40.0 731.9 38.6 730.5 ship 0
51.4 739.6 52.9 740.9 51.6 742.4 50.1 741.1 ship 0
62.6 750.0 64.0 751.5 62.5 752.8 61.1 751.4 ship 0
74.8 825.8 89.6 842.0 52.8 875.8 37.9 859.6 ship 0
90.1 841.1 94.6 845.0 61.9 882.9 57.4 879.0 ship 0
479.1 952.5 502.0 964.9 464.9 1033.5 442.0 1021.1 ship 0
12.5 910.6 13.9 912.0 12.4 913.4 11.0 911.9 ship 0
17.9 804.1 19.4 805.4 18.1 806.9 16.6 805.6 ship 0
28.4 717.1 29.9 718.4 28.6 719.9 27.1 718.6 ship 0
15.8 711.0 17.3 712.3 16.0 713.8 14.5 712.6 ship 0
7.2 699.1 8.4 700.7 6.8 701.9 5.6 700.3 ship 0
