322.9 791.3 323.4 789.3 333.1 791.7 332.6 793.7 storage-tank 0
316.9 763.1 352.0 777.7 348.1 786.9 313.0 772.3 storage-tank 0
322.7 778.3 324.0 776.9 331.3 783.7 330.0 785.1 storage-tank 0
318.4 783.0 319.9 781.6 326.6 789.0 325.1 790.4 storage-tank 0
307.0 809.1 323.5 770.5 329.0 772.9 312.5 811.5 storage-tank 0
326.2 792.0 327.3 793.6 318.8 799.0 317.7 797.4 storage-tank 0
328.9 782.9 330.4 781.6 337.1 789.1 335.6 790.4 storage-tank 0
327.1 757.7 357.8 797.2 349.9 803.3 319.2 763.8 storage-tank 0
330.7 795.6 332.0 797.1 324.3 803.4 323.0 801.9 storage-tank 0
321.3 831.1 336.9 775.3 342.7 776.9 327.1 832.7 storage-tank 0
153.3 488.6 786.8 835.0 553.7 1261.4 -79.8 915.0 ground-track-field 0
258.4 448.0 788.8 913.9 449.6 1300.0 -80.8 834.1 soccer-ball-field 0
131.2 518.5 132.4 520.1 130.8 521.3 129.6 519.7 bridge 0
452.6 422.1 454.4 423.1 453.4 424.9 451.6 423.9 bridge 0
