691.7 98.5 692.5 96.7 694.3 97.5 693.5 99.3 ship 0
756.8 162.3 756.9 164.3 754.9 164.4 754.8 162.4 ship 0
843.9 844.8 845.6 845.8 844.6 847.6 842.9 846.5 ship 0
789.4 886.7 791.3 887.4 790.6 889.3 788.7 888.6 ship 0
711.5 931.8 720.0 942.9 632.7 1009.8 624.2 998.7 ship 0
746.5 255.1 747.9 256.5 746.5 257.9 745.1 256.5 ship 0
600.1 305.9 601.6 307.2 600.2 308.7 598.7 307.4 ship 0
512.8 390.7 528.3 406.3 487.2 447.3 471.7 431.7 ship 0
279.0 663.5 295.6 683.5 208.0 756.5 191.4 736.5 ship 0
128.8 838.9 138.0 858.8 92.7 879.8 83.4 859.9 ship 0
621.5 25.2 623.3 26.0 622.5 27.8 620.7 27.0 ship 0
901.5 800.5 903.0 801.8 901.7 803.3 900.2 802.0 ship 0
