435.6 991.0 437.0 989.6 438.4 991.0 437.0 992.4 storage-tank 0
614.5 865.4 630.5 880.5 527.5 989.6 511.5 974.5 storage-tank 0
583.9 960.2 598.9 970.0 578.1 1001.8 563.1 992.0 storage-tank 0
620.1 997.6 631.5 983.7 663.9 1010.4 652.5 1024.3 storage-tank 0
693.9 943.8 743.5 950.2 728.1 1071.2 678.5 1064.8 storage-tank 0
608.4 948.1 620.1 929.5 655.6 951.9 643.9 970.5 storage-tank 0
882.8 292.3 884.1 293.8 882.6 295.1 881.3 293.6 ship 0
887.2 296.9 888.7 298.2 887.5 299.8 885.9 298.5 ship 0
987.8 295.3 989.7 294.5 990.4 296.4 988.6 297.1 ship 0
964.6 393.5 966.2 394.7 965.0 396.3 963.4 395.1 ship 0
970.2 397.6 971.9 398.7 970.8 400.4 969.1 399.3 ship 0
1001.7 354.8 1003.3 356.0 1002.1 357.6 1000.5 356.4 ship 0
1007.0 356.7 1008.8 357.5 1008.0 359.3 1006.2 358.5 ship 0
1013.6 358.1 1015.4 359.1 1014.4 360.9 1012.6 359.9 ship 0
1018.9 360.1 1020.9 360.2 1020.9 362.2 1018.9 362.1 ship 0
364.1 887.9 374.1 878.1 489.9 997.1 479.9 1006.9 storage-tank 0
