963.2 568.2 970.7 556.4 999.4 574.6 991.9 586.4 ship 0
669.5 944.8 690.3 960.5 638.5 1029.2 617.7 1013.5 storage-tank 0
619.9 935.3 635.9 950.3 566.1 1024.7 550.1 1009.7 storage-tank 0
568.2 104.0 578.4 89.2 622.8 120.0 612.6 134.8 ship 0
954.9 261.4 955.7 259.6 957.6 260.3 956.8 262.2 ship 0
729.4 170.6 730.5 168.9 732.2 170.0 731.1 171.7 ship 0
561.6 888.7 585.0 900.1 508.4 1056.3 485.0 1044.9 storage-tank 0
372.2 920.1 386.3 908.9 414.8 944.9 400.7 956.1 storage-tank 0
257.1 938.3 266.9 948.3 236.9 977.7 227.1 967.7 storage-tank 0
260.8 893.5 270.8 903.3 244.2 930.5 234.2 920.7 storage-tank 0
131.2 978.5 138.6 957.8 249.8 997.5 242.4 1018.2 storage-tank 0
135.6 898.8 270.1 955.6 258.4 983.2 123.9 926.4 storage-tank 0
224.4 855.9 235.1 864.9 177.6 934.1 166.9 925.1 storage-tank 0
410.0 47.9 418.6 27.7 468.3 48.9 459.6 69.2 ship 0
35.7 623.3 128.1 741.5 -2.7 843.7 -95.1 725.5 storage-tank 0
33.8 949.6 68.1 980.2 8.2 1047.4 -26.1 1016.8 storage-tank 0
360.1 956.2 367.4 968.2 334.9 987.8 327.6 975.8 storage-tank 0
383.8 950.1 401.1 955.1 386.2 1006.9 368.9 1001.9 storage-tank 0
400.7 906.3 413.9 894.0 483.3 968.7 470.1 981.0 storage-tank 0
404.7 964.7 417.2 951.8 470.3 1003.3 457.8 1016.2 storage-tank 0
