654.6 39.7 674.1 16.9 727.4 62.3 707.9 85.1 storage-tank 0
722.4 57.6 761.4 4.4 814.6 43.4 775.6 96.6 storage-tank 0
822.3 492.5 822.8 494.5 707.7 520.5 707.2 518.5 basketball-court 0
1101.6 463.5 1104.8 468.5 843.4 635.1 840.2 630.0 basketball-court 0
1104.4 472.8 1107.8 477.7 853.6 655.2 850.2 650.3 basketball-court 0
1105.2 482.0 1111.2 489.9 864.8 678.0 858.8 670.1 basketball-court 0
477.4 437.7 860.4 217.2 979.2 423.4 596.1 644.0 tennis-court 0
851.1 -2.3 873.2 38.0 839.9 56.3 817.8 16.0 storage-tank 0
900.4 6.5 905.8 14.9 853.6 48.5 848.2 40.1 storage-tank 0
639.5 138.2 677.6 74.7 744.5 114.8 706.4 178.3 storage-tank 0
696.6 115.6 814.1 70.1 839.4 135.4 721.9 180.9 storage-tank 0
565.3 109.9 575.3 100.2 629.7 156.1 619.7 165.8 storage-tank 0
575.7 29.2 586.5 20.3 618.3 58.8 607.5 67.7 storage-tank 0
614.2 65.8 624.4 80.6 579.8 111.2 569.6 96.4 storage-tank 0
554.3 322.2 556.3 321.8 556.7 323.8 554.7 324.2 bridge 0
