349.3 825.2 350.7 823.8 352.1 825.1 350.7 826.6 ship 0
502.2 280.1 514.6 267.1 542.1 293.2 529.7 306.3 ship 0
455.7 333.5 465.2 323.2 496.1 351.7 486.6 362.0 ship 0
426.4 355.4 438.7 342.3 483.9 384.8 471.5 397.9 ship 0
403.9 389.2 415.5 375.4 453.8 407.5 442.3 421.3 ship 0
400.8 250.2 402.2 248.8 403.6 250.1 402.3 251.6 ship 0
383.1 272.9 384.5 271.5 385.9 272.9 384.5 274.3 ship 0
239.2 978.3 240.6 979.7 239.2 981.1 237.8 979.7 ship 0
461.3 923.7 467.7 916.0 515.7 955.3 509.3 963.0 ship 0
229.6 739.0 231.0 737.6 232.4 739.0 231.0 740.4 ship 0
291.3 528.0 303.8 515.0 348.6 557.9 336.1 570.9 ship 0
232.6 621.7 244.9 608.5 284.4 645.3 272.1 658.5 ship 0
311.6 374.6 313.0 373.1 314.4 374.5 313.1 375.9 ship 0
294.9 394.7 296.3 393.3 297.8 394.7 296.3 396.1 ship 0
254.6 449.6 255.9 448.1 257.4 449.4 256.1 450.9 ship 0
237.1 471.7 238.4 470.2 240.0 471.5 238.6 473.0 ship 0
214.6 498.1 215.9 496.6 217.4 497.9 216.1 499.4 ship 0
159.6 574.0 161.0 572.6 162.4 574.0 161.0 575.4 ship 0
548.4 260.3 549.7 258.8 551.2 260.1 549.9 261.6 ship 0
551.1 224.2 560.7 214.1 585.4 237.4 575.8 247.6 ship 0
567.9 191.1 580.8 178.6 612.7 211.8 599.8 224.2 ship 0
591.0 169.9 603.5 156.9 631.0 183.1 618.5 196.1 ship 0
887.4 1005.5 889.0 1006.7 887.8 1008.3 886.2 1007.1 ship 0
530.5 267.1 531.9 268.5 530.6 269.9 529.1 268.6 harbor 0
576.9 211.1 578.4 212.4 577.1 213.9 575.6 212.6 harbor 0
485.6 322.1 486.9 323.6 485.4 324.9 484.1 323.4 harbor 0
438.2 380.8 439.6 382.2 438.2 383.7 436.8 382.3 harbor 0
481.1 507.9 482.6 506.6 483.9 508.1 482.4 509.4 harbor 0
346.3 495.2 347.6 493.6 349.1 494.9 347.9 496.4 harbor 0
302.2 552.1 303.9 553.2 302.8 554.9 301.1 553.8 harbor 0
262.6 610.1 264.0 611.6 262.6 613.0 261.2 611.5 harbor 0
217.2 671.1 219.1 670.6 219.7 672.5 217.7 673.1 harbor 0
603.6 1000.6 604.9 999.1 606.4 1000.4 605.1 1001.9 ship 0
143.1 599.0 144.5 597.6 145.9 599.0 144.5 600.4 ship 0
