621.4 18.4 624.8 23.3 583.6 51.6 580.2 46.7 storage-tank 0
582.0 20.9 591.7 23.6 588.0 37.1 578.3 34.4 storage-tank 0
-7.2 105.4 10.6 102.9 14.2 128.6 -3.6 131.1 storage-tank 0
15.3 94.8 45.3 96.2 43.7 130.2 13.7 128.8 storage-tank 0
41.5 45.3 64.9 75.2 47.5 88.7 24.1 58.8 storage-tank 0
77.3 35.3 80.6 73.1 62.7 74.7 59.4 36.9 storage-tank 0
102.5 19.3 121.0 47.8 102.5 59.7 84.0 31.2 storage-tank 0
131.0 9.4 145.6 31.0 124.0 45.6 109.4 24.0 storage-tank 0
66.8 79.3 88.9 110.2 74.2 120.7 52.1 89.8 storage-tank 0
75.6 73.8 87.5 66.4 109.4 102.2 97.5 109.6 storage-tank 0
123.3 56.4 143.8 78.3 130.7 90.6 110.2 68.7 storage-tank 0
126.5 59.4 142.9 39.2 175.5 65.6 159.1 85.8 storage-tank 0
203.3 23.3 203.7 69.3 169.7 69.7 169.3 23.7 storage-tank 0
206.5 13.5 232.0 35.9 217.5 52.5 192.0 30.1 storage-tank 0
551.0 -4.8 558.3 2.0 535.0 26.8 527.7 20.0 storage-tank 0
569.4 -1.2 577.0 5.3 549.6 37.2 542.0 30.7 storage-tank 0
581.5 21.8 586.8 -3.7 600.5 -0.8 595.2 24.7 storage-tank 0
593.3 -0.2 632.2 24.4 624.7 36.2 585.8 11.6 storage-tank 0
