688.2 501.3 688.7 503.2 686.8 503.7 686.3 501.8 ship 0
680.2 469.6 680.9 467.7 682.8 468.4 682.1 470.3 ship 0
647.6 417.4 649.1 416.1 650.4 417.6 648.9 418.9 ship 0
658.9 379.9 659.7 378.1 661.5 378.9 660.7 380.7 ship 0
614.7 342.7 624.4 323.0 651.3 336.3 641.6 356.0 ship 0
563.0 562.0 568.6 540.8 628.5 556.8 622.8 578.1 ship 0
586.3 582.8 586.7 580.8 588.7 581.2 588.3 583.2 ship 0
549.2 686.7 551.2 687.2 550.7 689.2 548.8 688.7 ship 0
511.0 692.7 512.4 694.1 510.9 695.5 509.5 694.1 ship 0
603.8 912.6 605.8 912.3 606.1 914.3 604.1 914.6 ship 0
527.6 857.7 530.1 879.6 488.4 884.3 485.9 862.4 ship 0
599.5 893.2 603.7 879.9 647.5 893.8 643.3 907.1 ship 0
578.7 945.9 579.1 947.9 577.1 948.2 576.7 946.3 ship 0
556.1 1015.7 558.0 1016.4 557.3 1018.3 555.4 1017.6 ship 0
466.8 1009.1 468.7 1009.7 468.2 1011.6 466.3 1011.0 ship 0
455.0 999.5 460.7 1001.4 455.0 1018.5 449.3 1016.6 ship 0
421.6 991.3 433.2 983.4 461.4 1024.7 449.8 1032.6 ship 0
387.9 914.6 389.4 915.9 388.1 917.4 386.6 916.1 ship 0
351.1 992.8 368.2 987.3 374.9 1008.2 357.8 1013.7 ship 0
335.5 992.9 337.3 993.9 336.3 995.7 334.6 994.7 ship 0
317.4 982.1 318.9 983.4 317.6 984.9 316.1 983.6 ship 0
300.3 983.2 302.3 982.8 302.7 984.8 300.7 985.2 ship 0
312.2 893.9 314.1 893.2 314.8 895.1 312.9 895.8 ship 0
