685.2 46.1 685.9 44.2 687.8 44.9 687.1 46.8 ship 0
679.5 11.0 681.5 11.0 681.5 13.0 679.5 13.0 ship 0
324.9 666.6 325.1 668.6 323.1 668.7 322.9 666.7 ship 0
347.9 655.6 357.1 659.5 342.1 694.4 332.9 690.5 ship 0
386.5 685.7 388.3 686.6 387.5 688.4 385.7 687.5 ship 0
366.8 660.0 382.1 669.5 366.2 695.0 350.9 685.5 ship 0
593.4 102.8 594.3 101.1 596.1 102.0 595.2 103.8 ship 0
585.1 125.3 586.2 123.6 587.9 124.7 586.8 126.4 ship 0
547.9 230.0 549.9 229.9 550.0 231.9 548.0 232.0 ship 0
510.0 235.7 511.4 237.2 509.9 238.5 508.5 237.1 ship 0
602.5 456.5 603.9 455.0 605.4 456.4 604.0 457.9 ship 0
514.7 405.6 517.1 419.4 499.3 422.4 496.9 408.6 ship 0
621.3 437.3 621.7 435.3 623.7 435.7 623.3 437.7 ship 0
577.8 489.0 578.0 491.0 576.0 491.2 575.8 489.2 ship 0
546.4 671.3 550.3 662.1 570.6 670.7 566.7 679.9 ship 0
558.4 656.0 559.2 654.2 561.0 655.0 560.2 656.8 ship 0
562.4 640.7 563.0 638.8 564.9 639.3 564.3 641.3 ship 0
556.9 623.8 557.2 621.8 559.1 622.0 558.9 624.0 ship 0
558.8 603.6 559.9 605.3 558.2 606.4 557.1 604.7 ship 0
554.0 582.2 554.5 584.1 552.6 584.7 552.1 582.8 ship 0
554.3 560.2 555.5 558.6 557.1 559.8 555.9 561.4 ship 0
466.5 551.9 467.9 553.4 466.5 554.8 465.1 553.3 ship 0
461.8 536.1 469.2 542.8 446.2 567.9 438.8 561.2 ship 0
425.1 528.6 430.4 525.8 455.9 573.4 450.6 576.2 ship 0
422.6 556.3 424.2 555.1 425.4 556.7 423.8 557.9 ship 0
387.0 457.6 388.4 459.0 387.0 460.4 385.6 459.0 ship 0
506.5 747.3 507.7 745.8 509.3 747.0 508.1 748.6 ship 0
357.8 534.1 372.2 544.9 366.2 552.9 351.8 542.1 ship 0
333.8 538.1 334.1 536.2 336.1 536.5 335.8 538.4 ship 0
316.2 525.1 317.9 526.2 316.8 527.9 315.1 526.8 ship 0
299.8 525.8 301.7 526.3 301.2 528.2 299.3 527.7 ship 0
311.1 437.2 312.8 436.1 313.9 437.8 312.2 438.9 ship 0
