12.6 117.2 26.4 119.4 22.3 145.1 8.5 142.9 ship 0
104.2 392.9 105.8 391.7 107.0 393.4 105.3 394.5 ship 0
5.1 463.9 7.1 463.8 7.2 465.8 5.2 465.9 ship 0
96.0 515.4 108.5 509.2 120.0 532.6 107.5 538.8 ship 0
29.4 378.3 41.5 371.2 52.6 390.1 40.6 397.2 ship 0
100.0 349.4 104.8 362.6 91.6 367.4 86.8 354.3 ship 0
86.1 241.5 104.8 230.0 116.3 248.8 97.6 260.3 ship 0
67.3 111.6 78.2 102.8 92.0 119.9 81.2 128.7 ship 0
98.3 56.5 114.1 47.8 126.7 70.5 110.9 79.2 ship 0
33.1 266.8 34.7 265.6 35.9 267.2 34.3 268.4 ship 0
17.7 216.9 18.8 215.2 20.5 216.4 19.3 218.0 ship 0
34.2 308.4 45.2 299.7 56.3 313.9 45.3 322.5 ship 0
4.2 332.4 14.5 317.6 32.6 330.2 22.3 345.0 ship 0
62.0 317.5 78.3 309.9 89.3 333.4 73.0 341.0 ship 0
41.8 549.8 43.7 549.3 44.2 551.2 42.3 551.7 ship 0
-6.0 677.6 8.8 667.4 44.0 718.4 29.2 728.6 ship 0
14.6 666.3 23.4 661.5 53.4 715.7 44.6 720.5 ship 0
59.9 456.7 61.5 457.9 60.4 459.5 58.7 458.4 ship 0
603.6 318.0 616.1 299.9 634.2 312.4 621.7 330.5 ship 0
935.1 121.1 936.4 119.6 937.9 120.9 936.6 122.4 large-vehicle 0
669.0 566.9 670.7 568.1 669.5 569.7 667.9 568.6 harbor 0
651.6 626.2 653.0 627.7 651.5 629.0 650.2 627.5 ship 0
667.5 579.3 676.4 590.1 628.5 629.5 619.6 618.7 ship 0
615.3 561.1 616.4 562.8 614.7 563.9 613.6 562.2 ship 0
975.6 62.4 977.1 61.1 978.4 62.6 976.9 63.9 large-vehicle 0
540.9 325.0 549.1 341.0 497.5 367.5 489.3 351.5 ship 0
565.7 357.5 568.4 362.8 541.7 376.3 539.0 371.0 ship 0
562.7 347.1 565.7 352.4 536.0 369.0 533.1 363.7 ship 0
559.5 340.6 559.9 354.6 537.9 355.2 537.5 341.2 ship 0
601.1 286.4 615.3 275.3 628.9 292.6 614.7 303.7 ship 0
425.4 493.8 425.7 491.9 427.6 492.2 427.3 494.1 ship 0
484.8 577.1 494.4 566.9 522.1 592.8 512.6 603.1 ship 0
494.6 483.3 496.1 484.7 494.7 486.2 493.2 484.8 ship 0
483.4 467.7 484.8 469.1 483.4 470.5 482.0 469.1 ship 0
469.8 457.6 471.4 458.8 470.2 460.4 468.6 459.2 ship 0
416.7 444.6 417.9 446.2 416.3 447.4 415.1 445.8 ship 0
411.3 434.1 412.4 435.8 410.7 436.9 409.6 435.2 ship 0
412.7 415.1 416.0 420.1 404.3 427.9 401.0 422.9 ship 0
407.5 400.7 414.6 412.8 399.1 421.9 392.0 409.8 ship 0
461.6 413.0 463.0 414.4 461.6 415.8 460.2 414.4 ship 0
926.8 131.8 928.2 130.3 929.7 131.6 928.3 133.1 large-vehicle 0
894.6 174.7 895.8 173.1 897.4 174.3 896.2 175.9 large-vehicle 0
877.3 194.2 878.8 192.8 880.2 194.3 878.7 195.7 large-vehicle 0
867.5 206.0 868.9 204.5 870.3 205.9 869.0 207.3 large-vehicle 0
1007.6 19.2 1009.3 18.1 1010.4 19.8 1008.7 20.9 large-vehicle 0
951.1 245.2 952.3 243.6 953.9 244.9 952.7 246.5 large-vehicle 0
944.7 257.3 945.8 255.7 947.5 256.8 946.3 258.5 large-vehicle 0
451.8 389.3 465.3 401.2 448.2 420.7 434.7 408.8 ship 0
367.2 488.8 373.0 496.9 351.7 511.9 346.0 503.7 ship 0
352.0 469.3 365.5 481.2 345.7 503.8 332.2 491.9 ship 0
201.4 121.4 212.9 135.2 196.1 149.3 184.5 135.6 ship 0
189.1 357.6 207.0 355.6 209.9 381.4 192.0 383.4 ship 0
181.6 402.9 197.2 393.7 210.4 416.1 194.8 425.3 ship 0
315.2 132.5 317.0 131.7 317.8 133.5 316.0 134.3 ship 0
270.0 238.5 283.7 226.8 300.6 246.6 286.9 258.3 ship 0
247.4 258.9 260.5 254.2 266.6 271.1 253.5 275.8 ship 0
217.5 245.6 230.7 241.0 240.5 269.4 227.3 274.0 ship 0
210.2 220.5 224.2 221.6 221.8 255.5 207.8 254.4 ship 0
212.6 178.4 225.9 166.4 251.4 194.6 238.1 206.6 ship 0
152.9 172.0 171.8 160.7 185.1 183.0 166.2 194.3 ship 0
140.9 160.2 155.3 149.4 166.1 163.8 151.7 174.6 ship 0
141.6 198.9 154.8 194.2 163.6 218.7 150.4 223.4 ship 0
115.3 223.3 131.0 214.5 141.7 233.7 126.0 242.5 ship 0
153.3 384.8 155.2 385.3 154.7 387.2 152.8 386.7 ship 0
181.2 484.2 183.0 483.3 183.9 485.1 182.1 486.0 ship 0
158.0 665.7 162.8 662.2 173.3 676.9 168.4 680.4 ship 0
135.8 667.6 149.8 656.4 173.6 686.1 159.5 697.3 ship 0
145.6 683.9 147.1 682.6 148.4 684.1 146.9 685.4 ship 0
85.3 68.8 87.2 69.3 86.7 71.2 84.8 70.7 ship 0
98.3 172.6 99.9 171.4 101.1 173.0 99.5 174.2 ship 0
188.3 312.5 210.3 310.6 212.5 336.5 190.6 338.4 ship 0
193.5 159.2 208.8 149.6 218.3 164.9 203.1 174.4 ship 0
379.0 470.0 381.0 470.0 381.0 472.0 379.0 472.0 ship 0
235.3 144.9 249.0 147.5 246.4 161.2 232.7 158.6 ship 0
333.9 534.6 355.4 529.8 364.5 570.8 343.1 575.6 ship 0
332.8 560.4 334.5 559.3 335.6 561.0 333.9 562.1 ship 0
301.5 554.6 317.0 545.4 338.5 581.4 323.0 590.6 ship 0
303.7 570.1 305.4 569.2 306.3 570.9 304.6 571.8 ship 0
288.6 577.4 290.6 577.6 290.4 579.6 288.4 579.4 ship 0
261.4 570.5 270.5 566.4 279.6 586.5 270.5 590.6 ship 0
203.7 597.6 205.1 596.2 206.5 597.5 205.1 599.0 ship 0
259.1 379.7 281.0 381.0 279.7 403.0 257.8 401.7 ship 0
307.5 350.1 320.3 344.4 327.5 360.9 314.7 366.6 ship 0
260.7 358.4 276.6 373.7 261.3 389.6 245.4 374.3 ship 0
279.0 330.1 294.1 320.4 306.0 338.9 290.9 348.6 ship 0
257.6 320.6 273.6 328.9 263.6 348.4 247.6 340.2 ship 0
265.3 297.1 282.6 292.1 288.8 313.2 271.5 318.2 ship 0
313.2 270.4 334.1 263.7 340.8 284.6 319.9 291.3 ship 0
334.5 277.9 345.1 263.4 366.1 278.8 355.4 293.3 ship 0
453.1 294.7 458.6 281.9 478.8 290.6 473.2 303.5 ship 0
380.2 308.2 394.6 297.5 414.8 324.8 400.4 335.5 ship 0
346.2 234.3 364.1 231.8 367.7 257.6 349.8 260.1 ship 0
341.7 166.5 342.5 164.7 344.3 165.5 343.5 167.3 ship 0
211.8 147.7 213.4 146.6 214.6 148.2 213.0 149.4 ship 0
225.4 144.0 226.8 145.4 225.4 146.8 224.0 145.4 ship 0
