977.4 59.6 979.3 59.0 980.0 60.8 978.1 61.5 tennis-court 0
926.7 42.7 928.5 43.6 927.6 45.4 925.8 44.5 tennis-court 0
936.3 95.3 953.8 99.8 943.5 140.5 926.0 136.1 large-vehicle 0
949.4 102.7 955.4 102.2 957.6 132.2 951.6 132.6 large-vehicle 0
1009.3 104.7 1017.6 110.3 1007.7 125.3 999.4 119.7 large-vehicle 0
451.3 453.3 467.5 461.1 452.7 491.7 436.5 483.9 storage-tank 0
469.1 463.3 474.6 465.6 464.9 489.7 459.4 487.4 storage-tank 0
489.0 463.8 494.1 466.8 477.0 496.2 471.9 493.2 storage-tank 0
521.8 468.5 545.5 479.2 533.2 506.5 509.5 495.8 storage-tank 0
493.6 468.1 499.5 467.2 504.4 500.9 498.5 501.8 storage-tank 0
900.5 537.2 902.3 538.0 901.5 539.8 899.7 539.0 storage-tank 0
906.5 531.0 923.0 538.2 917.5 551.0 901.0 543.8 storage-tank 0
927.9 525.4 933.2 528.2 915.1 561.6 909.8 558.8 storage-tank 0
923.8 533.9 937.1 529.7 947.2 562.1 933.9 566.3 storage-tank 0
