859.7 28.0 886.2 88.4 873.3 94.0 846.8 33.6 storage-tank 0
835.3 31.0 872.8 94.9 860.7 102.0 823.2 38.1 storage-tank 0
845.8 11.9 887.1 63.3 876.2 72.1 834.9 20.7 storage-tank 0
840.0 -2.9 859.8 93.1 846.0 95.9 826.2 -0.1 storage-tank 0
370.9 43.6 372.4 44.9 371.1 46.4 369.6 45.1 large-vehicle 0
862.5 70.9 871.3 66.2 883.5 89.1 874.7 93.8 storage-tank 0
858.8 36.6 865.2 134.4 851.2 135.4 844.8 37.6 storage-tank 0
880.8 22.9 891.6 37.3 877.2 48.1 866.4 33.7 storage-tank 0
910.8 12.5 957.6 64.5 944.2 76.5 897.4 24.5 storage-tank 0
918.4 66.1 939.3 50.6 947.6 61.9 926.7 77.4 storage-tank 0
908.4 33.4 934.6 98.3 921.6 103.6 895.4 38.7 storage-tank 0
912.4 40.2 917.1 44.0 905.6 57.8 900.9 54.0 storage-tank 0
871.6 59.6 878.9 43.1 895.4 50.4 888.1 66.9 storage-tank 0
914.5 13.8 931.7 19.0 926.5 36.2 909.3 31.0 storage-tank 0
888.6 62.7 903.7 -5.7 917.4 -2.7 902.3 65.7 storage-tank 0
879.7 66.1 888.6 61.6 900.3 84.9 891.4 89.4 storage-tank 0
