796.8 403.1 802.2 394.7 844.2 421.9 838.8 430.3 ship 0
659.2 293.2 664.7 284.8 699.8 307.8 694.3 316.2 ship 0
651.2 309.5 654.1 304.2 697.8 328.5 694.9 333.8 ship 0
642.8 318.1 646.5 313.4 692.5 348.6 688.9 353.3 ship 0
619.5 338.2 631.6 319.8 693.5 360.3 681.4 378.7 ship 0
707.7 319.8 711.7 310.7 764.8 333.9 760.8 343.1 ship 0
703.2 340.4 713.7 321.1 761.2 346.8 750.7 366.1 ship 0
763.7 358.2 784.3 326.2 816.3 346.8 795.7 378.8 ship 0
815.5 369.8 821.1 361.5 865.5 392.2 859.9 400.5 ship 0
806.5 383.7 812.5 375.7 855.8 408.0 849.8 416.0 ship 0
785.8 409.0 789.8 404.5 824.2 435.0 820.3 439.4 ship 0
499.2 208.2 505.7 200.6 525.4 217.6 518.9 225.2 ship 0
775.3 421.0 779.2 416.5 813.7 447.0 809.8 451.5 ship 0
593.9 275.3 604.9 261.0 638.1 286.7 627.1 301.0 ship 0
603.8 257.7 607.6 253.2 642.7 283.0 638.8 287.6 ship 0
417.0 190.8 443.9 153.4 491.0 187.2 464.1 224.6 ship 0
