857.9 44.5 862.2 48.6 742.1 174.5 737.8 170.4 storage-tank 0
603.4 217.0 606.0 222.4 535.6 256.0 533.0 250.6 ship 0
288.1 356.3 289.7 355.1 290.9 356.7 289.3 357.9 ship 0
300.5 347.7 302.2 346.7 303.3 348.4 301.6 349.4 ship 0
306.2 329.3 311.8 327.0 326.4 362.0 320.9 364.3 ship 0
320.2 323.6 325.9 321.6 338.6 357.5 332.9 359.5 ship 0
340.6 337.7 341.8 336.1 343.4 337.3 342.2 338.9 ship 0
293.5 238.7 295.2 232.9 362.5 252.3 360.8 258.1 ship 0
356.6 244.5 359.4 249.8 304.4 278.5 301.6 273.2 ship 0
438.7 224.2 440.6 229.9 389.3 246.8 387.4 241.1 ship 0
438.2 234.9 440.9 240.3 399.8 261.1 397.1 255.7 ship 0
508.8 234.3 510.9 244.1 465.9 253.7 463.8 243.9 ship 0
584.3 195.1 596.9 217.8 542.7 247.9 530.1 225.2 ship 0
603.7 241.5 604.8 247.5 535.8 259.5 534.8 253.6 ship 0
520.5 248.8 523.8 258.2 469.0 277.2 465.7 267.8 ship 0
940.9 180.9 941.1 182.9 939.1 183.1 938.9 181.1 ship 0
892.2 183.8 892.7 185.7 890.8 186.2 890.3 184.3 ship 0
1013.5 207.0 1015.5 207.0 1015.5 209.0 1013.5 209.0 ship 0
776.4 53.4 802.2 172.6 788.6 175.6 762.8 56.4 storage-tank 0
43.9 138.9 45.4 140.1 44.2 141.7 42.6 140.4 ship 0
