964.5 743.2 999.6 778.8 992.5 785.8 957.4 750.2 storage-tank 0
239.7 563.2 275.7 597.9 238.3 636.8 202.3 602.1 storage-tank 0
933.7 742.6 944.2 751.9 932.3 765.4 921.8 756.1 storage-tank 0
943.7 563.4 966.3 583.0 949.3 602.6 926.7 583.0 storage-tank 0
938.2 703.7 953.4 724.8 938.8 735.3 923.6 714.2 storage-tank 0
951.8 722.7 958.5 730.2 945.2 742.3 938.5 734.8 storage-tank 0
916.0 724.1 917.9 723.5 922.0 736.9 920.1 737.5 storage-tank 0
906.4 734.3 910.5 730.0 920.6 739.7 916.5 744.0 storage-tank 0
899.0 737.0 903.6 733.2 915.0 747.0 910.4 750.8 storage-tank 0
888.5 746.6 889.0 744.7 910.5 749.4 910.0 751.3 storage-tank 0
930.6 737.7 935.1 741.6 923.4 755.3 918.9 751.4 storage-tank 0
939.9 760.1 941.4 761.4 940.1 762.9 938.6 761.6 storage-tank 0
931.1 766.5 978.0 732.4 983.9 740.5 937.0 774.6 storage-tank 0
952.4 724.8 983.9 758.4 976.6 765.2 945.1 731.6 storage-tank 0
984.1 737.6 985.6 738.9 949.9 779.4 948.4 778.1 storage-tank 0
980.4 744.8 982.1 745.9 952.6 791.2 950.9 790.1 storage-tank 0
