228.6 72.3 250.6 71.7 252.4 133.7 230.4 134.3 ship 0
242.8 456.6 264.7 454.5 267.2 480.4 245.3 482.5 ship 0
258.2 642.5 260.0 641.6 260.8 643.4 259.0 644.3 ship 0
230.8 698.1 231.2 696.1 233.1 696.5 232.7 698.5 ship 0
257.6 871.5 259.0 870.1 260.4 871.5 259.0 872.9 ship 0
243.8 913.0 245.3 911.6 246.7 913.0 245.3 914.4 ship 0
240.2 745.0 241.5 743.5 243.0 744.7 241.8 746.3 ship 0
208.4 89.7 213.0 85.9 239.6 118.3 235.0 122.1 ship 0
212.0 200.9 213.4 199.5 214.8 200.9 213.4 202.3 ship 0
210.6 180.2 215.3 176.4 239.4 205.8 234.7 209.6 ship 0
223.5 169.9 241.0 165.9 251.4 210.7 233.9 214.7 ship 0
220.4 253.3 236.7 245.6 249.6 272.7 233.3 280.4 ship 0
212.4 240.5 222.4 240.5 222.6 286.5 212.6 286.5 ship 0
230.2 469.1 231.4 470.7 229.8 471.9 228.6 470.3 ship 0
361.4 991.3 363.0 990.1 364.2 991.6 362.6 992.9 small-vehicle 0
353.4 947.1 355.4 946.9 355.6 948.9 353.6 949.1 small-vehicle 0
349.8 910.8 351.7 910.3 352.2 912.2 350.3 912.7 small-vehicle 0
206.8 102.3 212.2 99.6 220.2 115.7 214.8 118.4 ship 0
696.7 759.2 698.2 760.5 696.9 762.0 695.4 760.7 small-vehicle 0
716.1 461.5 717.5 460.1 718.9 461.5 717.5 462.9 small-vehicle 0
781.6 479.9 782.6 478.1 784.4 479.1 783.4 480.9 small-vehicle 0
850.3 374.6 851.8 373.3 853.2 374.7 851.7 376.1 small-vehicle 0
551.7 985.5 553.2 986.9 551.8 988.3 550.3 986.9 small-vehicle 0
481.6 846.2 483.6 860.0 457.9 863.9 455.8 850.0 small-vehicle 0
351.8 863.6 353.7 864.0 353.3 866.0 351.3 865.5 small-vehicle 0
414.6 839.1 416.4 840.1 415.4 841.9 413.6 840.9 small-vehicle 0
382.2 811.8 384.2 812.2 383.8 814.2 381.8 813.8 small-vehicle 0
410.2 759.9 412.1 760.2 411.8 762.1 409.9 761.8 small-vehicle 0
407.0 727.0 409.0 727.0 409.0 729.0 407.0 729.0 small-vehicle 0
455.5 507.0 456.9 508.4 455.4 509.8 454.0 508.4 small-vehicle 0
388.0 318.8 390.0 318.7 390.1 320.7 388.1 320.8 small-vehicle 0
478.1 260.0 479.5 258.6 480.9 260.0 479.5 261.4 small-vehicle 0
412.5 168.7 414.0 167.4 415.3 169.0 413.8 170.2 small-vehicle 0
