124.2 563.1 128.6 533.5 284.8 556.9 280.4 586.5 tennis-court 0
-52.0 455.9 464.3 497.3 461.0 539.1 -55.3 497.7 tennis-court 0
511.8 294.0 525.1 298.5 425.2 592.0 411.9 587.5 basketball-court 0
433.6 289.9 447.6 290.2 439.4 600.1 425.4 599.8 basketball-court 0
419.8 291.6 437.6 294.5 387.2 600.4 369.4 597.5 basketball-court 0
435.7 332.2 442.9 339.1 228.3 562.8 221.1 555.9 basketball-court 0
382.9 315.2 394.5 323.2 219.1 578.8 207.5 570.8 basketball-court 0
198.0 309.6 210.7 303.6 342.0 584.4 329.3 590.4 basketball-court 0
167.7 704.8 168.2 706.7 166.3 707.2 165.8 705.3 swimming-pool 0
375.8 741.6 381.5 712.1 560.2 746.4 554.5 775.9 tennis-court 0
525.5 665.0 528.1 694.9 410.5 705.0 407.9 675.1 tennis-court 0
397.3 569.6 409.9 546.8 537.7 617.4 525.1 640.2 tennis-court 0
390.9 512.9 401.9 489.3 545.1 556.1 534.1 579.7 tennis-court 0
475.4 421.0 549.9 803.8 245.6 863.0 171.1 480.2 ground-track-field 0
