451.2 308.0 465.8 297.5 501.8 348.0 487.2 358.5 storage-tank 0
421.3 327.6 431.9 318.4 477.7 371.4 467.1 380.6 storage-tank 0
374.9 259.6 428.7 208.7 452.1 233.4 398.3 284.3 storage-tank 0
380.6 299.4 495.5 238.5 511.4 268.6 396.5 329.5 storage-tank 0
402.4 283.7 419.6 289.0 401.6 348.3 384.4 343.0 storage-tank 0
401.6 364.8 426.9 342.0 452.4 370.2 427.1 393.0 storage-tank 0
973.1 11.7 981.9 16.3 969.9 39.3 961.1 34.7 large-vehicle 0
76.3 928.7 93.4 914.9 114.7 941.3 97.6 955.1 ship 0
140.7 167.6 142.3 166.3 143.5 167.8 142.0 169.1 ship 0
68.5 80.4 78.4 70.5 102.5 94.5 92.6 104.4 ship 0
399.9 494.3 401.2 492.7 402.7 494.0 401.4 495.6 ship 0
272.5 352.2 280.9 341.0 308.0 361.4 299.6 372.6 ship 0
203.6 260.8 213.4 250.9 226.2 263.6 216.4 273.5 ship 0
