24.6 602.3 40.6 587.2 69.4 617.7 53.4 632.8 storage-tank 0
59.0 550.0 72.9 548.3 78.0 590.0 64.1 591.7 storage-tank 0
78.6 274.8 82.9 253.2 108.4 258.2 104.1 279.8 storage-tank 0
100.6 99.1 106.9 111.6 94.4 117.9 88.1 105.4 storage-tank 0
75.4 532.2 75.6 522.2 113.6 522.8 113.4 532.8 storage-tank 0
137.0 527.5 144.0 556.6 107.0 565.5 100.0 536.4 storage-tank 0
84.6 598.3 101.5 568.8 134.4 587.7 117.5 617.2 storage-tank 0
99.7 608.0 115.3 617.0 104.3 636.0 88.7 627.0 storage-tank 0
281.5 387.6 303.1 408.4 268.5 444.4 246.9 423.6 storage-tank 0
308.8 419.6 337.9 412.3 345.2 441.4 316.1 448.7 storage-tank 0
381.5 427.2 394.7 458.5 304.5 496.8 291.3 465.5 storage-tank 0
717.9 788.9 718.1 790.9 716.1 791.1 715.9 789.1 large-vehicle 0
672.1 661.8 681.8 646.7 713.9 667.2 704.2 682.3 storage-tank 0
578.5 543.2 602.7 508.9 643.5 537.8 619.3 572.1 storage-tank 0
681.6 508.6 683.4 509.6 682.4 511.4 680.6 510.4 storage-tank 0
747.2 483.6 764.7 464.4 789.8 487.4 772.3 506.6 storage-tank 0
839.7 429.1 844.5 432.6 784.3 514.9 779.5 511.4 storage-tank 0
844.6 427.7 853.7 431.9 814.4 517.3 805.3 513.1 storage-tank 0
849.4 429.3 859.2 430.8 845.6 515.7 835.8 514.2 storage-tank 0
353.4 489.9 366.5 458.5 401.6 473.1 388.5 504.5 storage-tank 0
319.6 514.6 359.7 492.2 374.4 518.4 334.3 540.8 storage-tank 0
367.4 537.0 382.5 562.9 356.6 578.0 341.5 552.1 storage-tank 0
268.0 502.3 277.6 512.4 218.0 568.7 208.4 558.6 storage-tank 0
