672.0 292.6 691.6 325.2 683.0 330.4 663.4 297.8 storage-tank 0
690.7 291.9 696.4 293.7 685.3 330.1 679.6 328.3 storage-tank 0
724.5 253.7 736.4 371.1 714.5 373.3 702.6 255.9 storage-tank 0
631.3 393.2 631.7 383.2 649.7 383.8 649.3 393.8 storage-tank 0
653.8 383.7 657.2 378.7 675.2 391.3 671.8 396.3 storage-tank 0
695.0 378.4 697.5 388.1 680.0 392.6 677.5 382.9 storage-tank 0
716.4 348.8 718.6 422.8 704.6 423.2 702.4 349.2 storage-tank 0
701.6 395.9 750.3 372.5 756.4 385.1 707.7 408.5 storage-tank 0
719.6 370.7 723.4 366.0 737.4 377.3 733.6 382.0 storage-tank 0
673.1 378.8 777.4 323.8 783.9 336.2 679.6 391.2 storage-tank 0
700.6 360.1 707.7 353.1 720.4 365.9 713.3 372.9 storage-tank 0
675.8 360.4 682.1 352.7 699.2 366.6 692.9 374.3 storage-tank 0
653.8 358.4 657.8 353.9 674.2 368.6 670.2 373.1 storage-tank 0
630.7 359.7 635.0 355.5 650.3 371.3 646.0 375.5 storage-tank 0
