923.4 169.2 928.9 156.3 960.2 169.7 954.7 182.5 large-vehicle 0
575.8 46.2 644.3 9.0 670.1 56.5 601.5 93.7 large-vehicle 0
591.2 20.0 607.2 28.3 585.8 69.0 569.8 60.7 small-vehicle 0
573.4 1.3 584.2 10.3 549.6 51.7 538.8 42.7 small-vehicle 0
517.1 -3.0 522.0 5.7 481.8 28.2 476.9 19.5 small-vehicle 0
1006.2 741.0 1044.0 759.2 1003.2 843.9 965.4 825.7 large-vehicle 0
546.9 -14.4 567.5 7.5 528.1 44.4 507.5 22.5 small-vehicle 0
915.3 587.7 950.3 602.4 932.5 644.8 897.5 630.1 large-vehicle 0
777.6 277.7 805.8 288.1 751.0 436.3 722.9 425.9 large-vehicle 0
711.5 201.6 742.5 223.6 678.7 313.3 647.8 291.3 large-vehicle 0
852.5 36.7 860.4 20.6 891.0 35.5 883.1 51.7 large-vehicle 0
397.2 276.1 407.7 290.7 367.0 319.8 356.5 305.2 small-vehicle 0
388.5 239.7 403.3 261.1 365.5 287.3 350.7 265.9 small-vehicle 0
187.1 192.3 208.6 206.9 178.3 251.6 156.8 237.0 small-vehicle 0
140.2 49.4 152.7 67.5 118.1 91.4 105.6 73.2 small-vehicle 0
120.2 8.0 132.2 21.5 100.7 49.4 88.8 35.9 small-vehicle 0
97.9 6.9 98.5 8.8 96.6 9.4 96.0 7.5 small-vehicle 0
376.5 61.0 399.5 96.1 344.2 132.2 321.2 97.1 large-vehicle 0
820.8 345.0 859.7 360.8 830.2 433.0 791.3 417.2 large-vehicle 0
964.8 708.2 974.6 706.5 995.2 826.8 985.4 828.5 large-vehicle 0
1006.2 673.6 1027.0 689.1 994.8 732.4 974.0 716.9 small-vehicle 0
959.7 708.2 978.7 719.2 953.7 762.5 934.7 751.6 small-vehicle 0
876.7 516.1 935.9 497.7 954.3 556.9 895.1 575.3 large-vehicle 0
724.3 709.3 735.4 723.5 699.1 751.7 688.1 737.6 small-vehicle 0
