404.5 271.0 416.0 243.3 458.5 261.0 447.0 288.7 large-vehicle 0
501.0 86.5 503.3 76.7 626.0 105.0 623.8 114.8 large-vehicle 0
635.2 136.5 635.7 146.4 513.8 152.5 513.3 142.6 large-vehicle 0
498.8 166.4 499.8 156.4 637.1 170.6 636.0 180.6 large-vehicle 0
516.3 191.2 517.0 181.2 638.7 189.8 638.0 199.8 large-vehicle 0
629.9 174.9 634.9 183.5 526.1 247.1 521.1 238.5 large-vehicle 0
528.7 216.3 536.3 204.6 611.6 253.9 604.0 265.6 large-vehicle 0
164.2 18.5 168.9 -7.1 237.8 5.5 233.1 31.1 large-vehicle 0
359.3 168.5 403.9 179.7 392.7 224.3 348.1 213.1 large-vehicle 0
250.3 2.6 257.1 14.9 143.7 78.4 136.9 66.1 large-vehicle 0
256.1 26.8 263.0 38.9 156.9 99.2 150.0 87.1 large-vehicle 0
257.8 59.6 263.6 72.4 167.2 116.4 161.4 103.6 large-vehicle 0
256.9 82.1 267.3 110.2 152.9 152.5 142.5 124.4 large-vehicle 0
280.1 141.9 280.9 155.9 167.0 162.1 166.3 148.1 large-vehicle 0
273.2 162.9 275.3 176.8 154.7 195.2 152.6 181.4 large-vehicle 0
266.8 157.7 273.3 165.3 174.2 249.4 167.7 241.8 large-vehicle 0
625.8 112.7 626.1 122.7 492.2 126.2 491.9 116.2 large-vehicle 0
613.0 68.6 613.0 78.6 503.0 79.4 503.0 69.4 large-vehicle 0
205.4 241.3 228.4 266.4 206.2 286.7 183.3 261.6 large-vehicle 0
631.0 26.3 634.3 39.9 508.0 70.8 504.7 57.2 large-vehicle 0
610.4 15.8 610.8 29.8 512.8 32.2 512.5 18.2 large-vehicle 0
193.4 204.7 197.0 199.9 262.6 249.3 259.0 254.1 large-vehicle 0
152.1 316.4 155.0 286.6 276.5 298.6 273.5 328.4 large-vehicle 0
286.5 248.8 320.3 244.6 325.5 286.2 291.7 290.4 small-vehicle 0
717.7 107.8 751.6 105.8 754.3 151.7 720.3 153.7 small-vehicle 0
691.1 691.3 715.9 668.0 741.9 695.7 717.1 719.0 small-vehicle 0
181.8 766.2 230.7 776.8 223.4 810.0 174.6 799.4 large-vehicle 0
233.1 845.2 245.0 813.4 291.9 830.8 280.0 862.6 large-vehicle 0
161.7 837.6 179.5 808.6 215.3 830.7 197.4 859.6 large-vehicle 0
690.8 814.7 719.6 806.5 733.4 854.5 704.6 862.8 small-vehicle 0
663.4 892.8 687.3 863.3 710.6 882.2 686.7 911.7 small-vehicle 0
698.1 893.4 715.6 880.1 728.9 897.6 711.4 910.9 small-vehicle 0
711.8 916.2 737.6 894.0 757.2 916.8 731.4 939.0 small-vehicle 0
78.9 423.2 92.1 418.4 106.2 458.0 93.1 462.7 small-vehicle 0
107.0 416.3 120.8 413.9 128.0 455.2 114.2 457.7 small-vehicle 0
72.8 498.7 131.4 478.3 149.1 529.3 90.5 549.7 large-vehicle 0
43.3 506.9 66.5 495.2 83.7 529.1 60.5 540.8 small-vehicle 0
131.1 540.6 137.1 565.9 100.1 574.6 94.1 549.3 small-vehicle 0
313.7 266.9 321.6 237.9 385.3 255.1 377.4 284.1 large-vehicle 0
150.7 356.3 151.4 342.3 281.3 348.7 280.6 362.7 large-vehicle 0
617.5 821.0 619.5 847.0 462.0 859.0 460.0 833.0 large-vehicle 0
161.2 392.5 161.5 362.5 271.5 363.5 271.2 393.5 large-vehicle 0
145.8 430.3 146.3 420.3 276.2 426.7 275.7 436.7 large-vehicle 0
246.2 442.0 247.1 452.0 177.5 459.0 176.5 449.0 large-vehicle 0
280.2 456.9 282.2 466.7 147.2 495.1 145.1 485.3 large-vehicle 0
181.3 500.3 182.2 490.4 247.9 496.6 247.0 506.6 large-vehicle 0
255.6 513.3 257.3 527.2 187.8 535.7 186.1 521.8 large-vehicle 0
152.3 550.8 153.5 536.9 279.0 548.2 277.8 562.1 large-vehicle 0
149.1 538.1 283.9 594.2 276.9 610.9 142.1 554.8 large-vehicle 0
143.8 599.2 144.3 589.2 282.2 595.8 281.7 605.8 large-vehicle 0
273.4 600.4 276.9 614.0 158.8 644.5 155.2 631.0 large-vehicle 0
284.1 624.0 286.8 633.6 157.8 669.8 155.1 660.2 large-vehicle 0
161.8 636.4 289.8 687.8 283.1 704.5 155.1 653.1 large-vehicle 0
175.0 709.5 179.8 700.7 259.0 743.5 254.2 752.3 large-vehicle 0
165.7 728.2 272.6 754.3 268.3 771.8 161.4 745.7 large-vehicle 0
287.3 798.2 334.9 782.8 357.7 853.2 310.1 868.6 large-vehicle 0
485.4 507.9 489.4 474.2 598.6 487.1 594.6 520.8 large-vehicle 0
593.8 444.6 597.7 458.0 515.2 482.3 511.3 468.9 large-vehicle 0
607.8 602.0 612.8 627.5 489.2 652.0 484.2 626.5 large-vehicle 0
598.3 631.5 601.8 661.3 480.7 675.5 477.2 645.7 large-vehicle 0
527.0 701.2 536.1 721.2 468.8 751.9 459.7 731.9 large-vehicle 0
537.0 763.4 537.0 737.4 579.0 737.6 579.0 763.6 large-vehicle 0
629.2 754.7 632.3 768.3 494.0 800.3 490.8 786.7 large-vehicle 0
590.0 788.7 591.9 818.7 478.1 825.7 476.2 795.8 large-vehicle 0
