994.1 314.5 1011.9 333.4 1001.7 343.0 983.9 324.0 ship 0
976.2 325.9 981.4 322.9 1002.4 359.3 997.2 362.3 ship 0
909.3 301.1 919.8 291.9 992.3 374.6 981.8 383.9 ship 0
418.1 67.8 442.5 91.5 379.9 156.2 355.5 132.5 ship 0
815.9 419.6 943.9 284.7 962.8 302.6 834.7 437.5 ship 0
529.2 -48.9 599.6 19.2 514.8 106.9 444.4 38.8 ship 0
744.4 155.5 778.7 119.0 861.8 197.0 827.6 233.5 harbor 0
709.0 250.3 744.9 262.7 715.5 347.7 679.6 335.3 ship 0
565.9 143.5 592.8 111.3 674.1 179.3 647.1 211.5 ship 0
604.6 109.9 616.7 96.6 692.2 165.2 680.1 178.5 ship 0
625.5 85.7 633.8 74.5 722.0 140.3 713.6 151.5 ship 0
653.5 66.1 665.0 52.2 746.5 119.9 735.0 133.8 ship 0
706.8 88.2 832.2 184.3 792.0 236.7 666.6 140.6 ship 0
671.6 127.6 768.8 252.2 738.8 275.6 641.7 151.0 ship 0
916.8 291.7 926.1 307.1 828.5 366.0 819.2 350.6 ship 0
663.9 360.8 806.4 283.6 818.7 306.5 676.3 383.7 ship 0
762.1 361.9 763.1 360.1 764.9 361.1 763.9 362.9 ship 0
605.7 169.3 659.2 176.7 645.3 277.7 591.8 270.3 harbor 0
629.9 -58.7 715.3 22.7 573.2 171.9 487.8 90.5 harbor 0
561.6 67.4 582.8 94.0 459.4 192.6 438.2 166.0 ship 0
762.9 477.6 1010.7 312.0 1027.4 337.0 779.6 502.6 ship 0
749.8 496.2 778.7 460.4 820.7 494.3 791.8 530.1 ship 0
284.4 66.6 355.7 133.8 329.6 161.4 258.3 94.2 ship 0
346.1 71.7 347.7 72.8 346.5 74.5 344.9 73.3 ship 0
373.0 -30.8 460.0 22.4 421.5 85.5 334.4 32.3 ship 0
947.6 477.9 960.8 465.7 1016.4 526.1 1003.2 538.3 ship 0
964.6 608.5 966.0 607.1 967.4 608.5 966.0 609.9 ship 0
933.8 633.1 935.4 634.3 934.2 635.9 932.6 634.7 ship 0
856.8 622.8 882.6 600.7 964.6 696.3 938.8 718.5 ship 0
