14.0 665.3 51.8 621.3 114.0 674.7 76.2 718.7 large-vehicle 0
211.9 383.8 218.4 376.1 281.0 429.2 274.5 436.8 large-vehicle 0
209.9 450.5 218.7 439.6 254.4 468.6 245.6 479.5 large-vehicle 0
183.7 526.8 201.6 508.0 252.3 556.2 234.4 575.0 large-vehicle 0
243.9 525.6 254.2 516.1 279.9 544.1 269.6 553.6 large-vehicle 0
252.7 508.1 267.3 491.6 325.7 543.4 311.1 559.8 large-vehicle 0
272.0 481.2 279.2 474.3 333.0 530.8 325.8 537.7 large-vehicle 0
201.9 409.8 211.2 399.4 272.1 454.2 262.8 464.6 large-vehicle 0
224.8 362.2 231.9 355.3 289.0 414.1 281.8 421.1 large-vehicle 0
159.9 488.9 182.6 469.3 210.1 501.1 187.4 520.7 large-vehicle 0
238.7 327.7 251.4 314.9 315.3 378.3 302.6 391.1 large-vehicle 0
262.1 301.0 340.4 229.7 393.0 287.3 314.6 358.7 large-vehicle 0
419.7 427.3 425.1 465.0 399.3 468.7 393.9 431.0 large-vehicle 0
515.5 347.9 515.7 369.9 461.7 370.5 461.5 348.6 large-vehicle 0
483.9 323.6 490.4 336.1 453.1 355.4 446.6 342.9 large-vehicle 0
459.9 303.9 468.3 315.1 422.1 350.1 413.7 338.9 large-vehicle 0
473.9 200.5 494.0 168.2 560.1 209.5 540.0 241.8 large-vehicle 0
205.2 474.3 211.7 466.6 252.7 501.7 246.2 509.3 large-vehicle 0
13.5 686.8 28.0 670.3 50.5 690.2 36.0 706.7 small-vehicle 0
644.3 191.1 665.7 185.9 673.7 218.9 652.3 224.1 small-vehicle 0
52.0 707.5 57.8 699.3 85.4 719.2 79.6 727.3 small-vehicle 0
57.2 804.6 74.9 785.5 102.8 811.4 85.1 830.5 small-vehicle 0
339.4 371.5 345.7 354.6 373.8 365.1 367.5 382.0 small-vehicle 0
349.1 350.2 350.5 340.3 380.2 344.4 378.8 354.3 small-vehicle 0
360.7 323.7 376.8 308.7 405.5 339.4 389.4 354.4 small-vehicle 0
644.8 175.3 652.5 195.9 628.1 205.0 620.4 184.4 small-vehicle 0
289.6 748.5 301.1 756.6 279.2 787.6 267.7 779.6 small-vehicle 0
326.0 390.6 334.6 379.6 374.0 410.4 365.4 421.4 large-vehicle 0
382.1 800.0 395.0 787.6 415.9 809.2 402.9 821.7 small-vehicle 0
340.6 624.0 374.4 627.2 370.5 669.0 336.6 665.8 small-vehicle 0
249.7 599.4 271.4 578.7 292.1 600.4 270.3 621.1 small-vehicle 0
435.4 247.6 451.4 227.2 516.0 277.7 500.0 298.2 large-vehicle 0
453.4 414.9 468.3 440.9 442.2 455.8 427.3 429.7 large-vehicle 0
315.9 421.0 332.0 400.5 368.1 429.0 352.0 449.5 large-vehicle 0
449.6 232.8 466.2 207.9 527.8 248.8 511.2 273.8 large-vehicle 0
