840.9 389.7 862.4 375.2 888.1 413.3 866.6 427.8 small-vehicle 0
519.1 577.2 530.5 569.2 577.5 636.4 566.0 644.4 large-vehicle 0
11.8 623.8 24.5 617.9 50.6 674.2 37.9 680.1 large-vehicle 0
69.6 596.1 78.6 600.4 41.4 677.9 32.4 673.6 large-vehicle 0
58.6 609.1 67.1 604.0 96.8 653.8 88.2 658.9 large-vehicle 0
80.9 598.5 92.9 591.4 126.4 648.3 114.4 655.4 large-vehicle 0
84.4 551.7 96.3 544.3 169.3 661.5 157.4 668.9 large-vehicle 0
164.1 574.8 205.9 547.4 237.7 595.9 195.9 623.3 large-vehicle 0
450.9 486.2 480.1 468.9 515.8 529.1 486.6 546.4 large-vehicle 0
530.3 449.8 538.8 444.5 584.2 517.6 575.7 522.8 large-vehicle 0
554.0 449.2 562.6 444.1 608.0 521.9 599.3 526.9 large-vehicle 0
574.5 437.6 605.9 416.1 649.9 480.5 618.6 502.0 large-vehicle 0
633.9 412.0 656.7 399.5 694.1 468.0 671.3 480.5 large-vehicle 0
360.7 622.3 382.5 608.1 447.3 706.7 425.5 720.9 large-vehicle 0
431.3 624.1 443.4 617.0 476.7 673.9 464.6 681.0 large-vehicle 0
497.5 593.8 508.7 585.3 553.5 644.2 542.3 652.7 large-vehicle 0
543.0 568.2 554.6 560.3 600.6 628.2 589.0 636.0 large-vehicle 0
44.0 291.5 63.2 319.6 21.9 347.8 2.7 319.8 small-vehicle 0
585.0 554.3 613.5 535.8 658.0 604.7 629.5 623.2 large-vehicle 0
244.3 164.9 257.3 187.4 183.0 230.6 169.9 208.1 large-vehicle 0
691.9 385.9 704.6 380.2 738.1 455.1 725.4 460.8 large-vehicle 0
712.4 370.1 725.1 364.3 766.0 453.3 753.3 459.1 large-vehicle 0
736.6 370.1 748.5 362.7 793.8 435.8 781.9 443.2 large-vehicle 0
756.3 367.1 766.3 357.4 826.2 419.1 816.1 428.9 large-vehicle 0
787.9 362.8 798.1 353.2 846.3 403.9 836.2 413.5 large-vehicle 0
569.6 559.4 581.4 551.9 623.4 617.6 611.6 625.1 large-vehicle 0
444.5 597.5 456.4 590.2 509.5 677.3 497.6 684.6 large-vehicle 0
-5.9 634.7 7.5 630.7 23.0 682.5 9.6 686.5 large-vehicle 0
53.6 528.8 61.7 534.6 16.4 598.2 8.3 592.4 large-vehicle 0
-7.2 360.5 4.7 353.0 50.6 425.7 38.7 433.2 large-vehicle 0
121.1 316.0 133.2 308.9 176.9 383.0 164.8 390.1 large-vehicle 0
143.5 308.2 155.1 300.4 205.2 375.2 193.5 383.0 large-vehicle 0
168.3 310.1 196.4 291.0 233.6 345.5 205.5 364.7 large-vehicle 0
273.0 266.4 285.0 259.1 331.8 336.0 319.8 343.3 large-vehicle 0
302.6 246.5 315.2 240.5 359.1 332.6 346.5 338.6 large-vehicle 0
321.2 244.3 332.8 236.5 387.5 317.9 375.8 325.7 large-vehicle 0
351.9 241.8 360.3 236.4 406.1 309.2 397.7 314.6 large-vehicle 0
373.7 231.4 385.5 223.9 431.3 296.6 419.5 304.1 large-vehicle 0
426.2 218.5 437.7 210.6 482.1 274.7 470.6 282.7 large-vehicle 0
450.4 209.1 461.8 201.0 509.2 267.9 497.7 276.0 large-vehicle 0
477.0 200.0 488.4 191.9 535.9 258.8 524.5 266.9 large-vehicle 0
505.9 187.3 518.2 180.6 557.1 252.7 544.8 259.4 large-vehicle 0
579.8 160.9 592.4 154.8 626.2 225.1 613.6 231.2 large-vehicle 0
603.0 150.1 615.1 143.0 656.9 213.5 644.8 220.7 large-vehicle 0
630.9 138.3 643.4 132.0 683.7 212.5 671.2 218.8 large-vehicle 0
681.6 119.2 694.2 113.2 733.0 194.4 720.3 200.4 large-vehicle 0
706.8 117.3 719.1 110.6 762.2 189.7 749.9 196.4 large-vehicle 0
392.1 380.9 404.3 399.2 325.9 451.1 313.7 432.8 large-vehicle 0
296.2 344.6 330.0 391.8 221.0 469.7 187.2 422.6 large-vehicle 0
371.8 444.7 384.3 462.8 320.2 507.3 307.7 489.2 large-vehicle 0
-4.7 545.8 9.1 543.4 18.2 596.6 4.4 599.0 large-vehicle 0
11.5 248.1 33.6 268.4 10.6 293.5 -11.5 273.2 small-vehicle 0
838.3 518.0 856.4 505.4 875.8 533.3 857.8 545.9 small-vehicle 0
280.0 828.7 300.3 812.4 321.5 838.9 301.2 855.2 small-vehicle 0
534.8 131.0 536.2 132.5 534.7 133.8 533.4 132.3 small-vehicle 0
604.3 107.2 605.4 105.5 607.1 106.6 606.0 108.3 small-vehicle 0
659.4 58.9 687.2 78.4 660.8 116.1 633.0 96.5 small-vehicle 0
233.7 726.7 243.6 727.4 240.3 773.3 230.4 772.6 small-vehicle 0
237.9 771.0 258.4 798.1 228.1 821.0 207.6 793.9 small-vehicle 0
287.5 756.3 307.6 778.6 279.3 804.1 259.2 781.8 small-vehicle 0
369.4 738.4 373.4 764.1 339.9 769.4 335.8 743.7 small-vehicle 0
400.9 732.8 402.1 734.4 400.6 735.6 399.3 734.0 small-vehicle 0
254.5 724.7 274.8 708.4 303.5 744.3 283.2 760.6 small-vehicle 0
238.9 724.4 246.1 717.5 278.1 750.6 270.9 757.5 small-vehicle 0
458.6 694.0 474.1 714.9 440.4 740.0 424.9 719.1 small-vehicle 0
499.9 682.5 516.5 697.0 502.0 713.5 485.4 699.1 small-vehicle 0
543.4 660.5 562.8 670.9 544.9 704.4 525.5 694.0 small-vehicle 0
236.9 841.6 245.4 836.3 259.1 858.4 250.6 863.7 small-vehicle 0
346.6 815.6 347.9 814.1 349.4 815.4 348.1 816.9 small-vehicle 0
392.1 797.1 393.9 798.1 392.9 799.9 391.1 798.9 small-vehicle 0
426.8 789.6 434.9 783.7 452.5 808.0 444.4 813.9 small-vehicle 0
466.9 792.6 468.9 792.1 469.4 794.1 467.4 794.5 small-vehicle 0
491.2 785.4 492.8 786.6 491.6 788.2 490.0 787.0 small-vehicle 0
493.2 762.9 500.4 755.9 526.8 783.2 519.6 790.2 small-vehicle 0
512.2 755.5 518.1 747.5 551.8 772.5 545.9 780.5 small-vehicle 0
562.8 731.2 575.1 737.9 551.2 781.8 538.9 775.1 small-vehicle 0
559.7 741.1 580.7 725.7 600.9 753.0 579.9 768.5 small-vehicle 0
712.5 689.7 726.8 678.8 749.8 709.0 735.5 719.9 small-vehicle 0
781.1 689.4 782.6 688.1 783.9 689.6 782.4 690.9 small-vehicle 0
812.9 653.1 832.7 643.6 849.1 677.9 829.3 687.4 small-vehicle 0
808.4 681.7 809.9 683.0 808.6 684.5 807.1 683.2 small-vehicle 0
811.3 898.2 829.8 886.4 854.6 925.1 836.0 937.0 small-vehicle 0
893.8 802.4 914.9 787.1 944.2 827.6 923.1 842.9 small-vehicle 0
459.5 158.0 474.9 132.2 504.1 149.7 488.6 175.5 small-vehicle 0
421.6 177.3 422.7 175.6 424.4 176.7 423.3 178.4 small-vehicle 0
311.1 216.3 313.0 215.6 313.7 217.4 311.9 218.2 small-vehicle 0
364.6 179.4 379.0 196.0 356.4 215.6 342.0 199.0 small-vehicle 0
177.0 244.0 198.7 247.4 194.0 277.0 172.3 273.6 small-vehicle 0
171.4 751.4 192.8 736.6 219.1 774.3 197.7 789.2 small-vehicle 0
93.2 775.1 113.6 766.7 132.8 812.9 112.4 821.3 small-vehicle 0
127.7 880.8 143.4 860.1 170.5 880.5 154.9 901.3 small-vehicle 0
-2.4 729.1 19.1 708.1 45.6 735.3 24.1 756.3 small-vehicle 0
54.1 698.3 63.6 694.9 76.4 730.7 67.0 734.1 small-vehicle 0
73.2 692.3 82.6 689.2 94.7 725.2 85.2 728.4 small-vehicle 0
121.3 669.6 126.5 672.6 91.3 733.2 86.1 730.1 small-vehicle 0
100.9 686.9 118.9 668.1 149.2 697.2 131.2 716.0 small-vehicle 0
148.5 668.2 154.6 660.3 184.5 683.8 178.4 691.7 small-vehicle 0
185.6 654.0 198.8 666.2 186.6 679.4 173.4 667.2 small-vehicle 0
157.8 757.6 165.3 751.0 193.2 782.4 185.7 789.0 small-vehicle 0
400.0 74.9 410.9 66.1 422.2 80.1 411.3 88.9 small-vehicle 0
429.2 70.1 453.7 52.9 477.9 87.2 453.4 104.5 small-vehicle 0
242.1 241.4 243.6 240.1 244.9 241.6 243.4 242.9 small-vehicle 0
25.4 343.5 38.1 337.7 77.5 423.0 64.8 428.9 large-vehicle 0
