411.7 664.3 413.7 664.7 413.3 666.7 411.3 666.3 small-vehicle 0
618.9 444.9 643.6 436.7 653.1 465.1 628.4 473.3 small-vehicle 0
596.4 447.3 603.6 440.3 624.6 461.7 617.4 468.7 small-vehicle 0
346.2 546.6 366.0 518.9 409.9 550.3 390.2 577.9 large-vehicle 0
307.4 756.4 307.6 754.4 309.6 754.6 309.4 756.6 large-vehicle 0
355.7 851.5 362.6 826.5 449.3 850.5 442.4 875.5 large-vehicle 0
884.7 539.7 910.0 568.1 881.6 593.3 856.4 565.0 large-vehicle 0
899.1 495.3 900.2 493.6 901.9 494.7 900.8 496.4 large-vehicle 0
514.3 577.8 531.5 553.3 562.6 575.2 545.4 599.7 large-vehicle 0
144.0 601.8 144.2 571.8 222.2 572.2 222.0 602.2 large-vehicle 0
227.0 463.5 227.0 489.5 149.0 489.5 149.0 463.5 large-vehicle 0
145.2 452.0 146.2 438.0 232.0 443.9 231.0 457.9 large-vehicle 0
425.5 344.5 459.4 347.6 453.6 409.4 419.8 406.2 large-vehicle 0
407.9 338.5 421.8 340.2 412.1 417.6 398.2 415.9 large-vehicle 0
379.7 340.0 393.5 342.3 381.3 415.3 367.5 413.0 large-vehicle 0
347.2 342.0 361.1 343.4 353.8 413.0 339.9 411.6 large-vehicle 0
471.4 679.4 476.9 671.0 488.6 678.6 483.1 687.0 small-vehicle 0
436.1 667.5 437.5 666.1 438.9 667.5 437.5 668.9 small-vehicle 0
349.9 662.9 351.9 662.6 352.1 664.6 350.2 664.9 small-vehicle 0
818.7 681.0 819.5 679.2 821.3 680.0 820.5 681.8 small-vehicle 0
840.8 684.1 841.9 685.8 840.2 686.9 839.1 685.2 small-vehicle 0
853.0 681.6 868.4 672.2 882.0 694.4 866.6 703.8 small-vehicle 0
900.6 679.0 906.0 691.9 889.4 699.0 884.0 686.1 small-vehicle 0
957.9 677.2 967.2 680.9 956.1 708.8 946.8 705.1 small-vehicle 0
967.8 685.9 987.4 675.9 999.2 699.1 979.6 709.1 small-vehicle 0
1005.1 690.2 1006.3 688.6 1007.9 689.8 1006.7 691.4 small-vehicle 0
683.6 435.3 709.1 451.0 695.4 473.2 669.9 457.4 small-vehicle 0
760.2 424.8 777.5 419.8 795.8 483.2 778.5 488.2 small-vehicle 0
793.1 684.2 794.3 682.6 795.9 683.8 794.7 685.4 small-vehicle 0
898.9 680.4 910.5 672.4 932.1 703.6 920.5 711.6 small-vehicle 0
877.8 394.1 889.4 412.8 857.2 432.9 845.6 414.2 small-vehicle 0
870.1 384.4 871.1 382.6 872.9 383.6 871.9 385.4 small-vehicle 0
903.7 379.5 908.6 370.8 938.3 387.5 933.4 396.2 small-vehicle 0
319.1 342.8 332.9 345.1 322.1 410.2 308.3 407.9 large-vehicle 0
