255.5 934.2 276.1 912.4 312.5 946.8 291.9 968.6 small-vehicle 0
746.2 624.5 767.8 638.9 749.1 667.2 727.4 652.8 small-vehicle 0
577.3 813.5 592.1 839.6 555.6 860.4 540.8 834.3 small-vehicle 0
787.5 590.5 802.4 616.5 769.5 635.5 754.5 609.5 small-vehicle 0
660.3 311.8 748.4 233.3 837.5 333.4 749.4 411.9 tennis-court 0
577.6 398.4 654.5 325.5 749.4 425.6 672.5 498.5 tennis-court 0
492.0 500.6 567.3 415.0 668.0 503.4 592.7 589.0 tennis-court 0
406.8 590.5 467.4 508.5 581.6 593.0 520.9 675.0 tennis-court 0
327.9 687.8 379.4 604.5 493.4 675.0 441.8 758.3 tennis-court 0
237.8 768.0 309.3 684.4 414.2 774.0 342.7 857.6 tennis-court 0
