368.2 403.1 402.9 439.1 372.6 468.2 338.0 432.2 ship 0
579.1 527.1 604.1 560.8 573.6 583.5 548.6 549.8 ship 0
383.1 743.6 427.2 700.0 456.7 729.8 412.6 773.4 ship 0
162.2 339.9 188.0 311.9 221.8 343.1 196.0 371.1 ship 0
408.3 351.5 470.0 399.2 397.7 492.5 336.0 444.8 harbor 0
256.3 262.8 291.2 337.0 177.1 390.6 142.2 316.4 harbor 0
130.2 193.2 172.0 238.9 79.1 324.0 37.2 278.2 harbor 0
715.6 602.1 775.8 519.8 835.6 563.4 775.4 645.8 harbor 0
519.6 508.5 674.6 461.5 706.5 566.8 551.5 613.8 harbor 0
413.3 706.8 471.5 745.8 403.7 847.2 345.5 808.2 harbor 0
250.4 650.4 292.2 684.7 227.6 763.6 185.8 729.3 harbor 0
101.7 560.8 140.3 623.9 53.3 677.2 14.7 614.1 harbor 0
