773.1 604.6 801.3 614.9 782.8 665.6 754.6 655.3 small-vehicle 0
763.8 882.7 777.4 885.8 764.2 942.3 750.6 939.2 small-vehicle 0
118.3 715.4 132.1 713.5 143.8 798.7 130.0 800.6 large-vehicle 0
165.9 716.5 179.0 721.3 148.2 805.9 135.1 801.1 large-vehicle 0
181.1 715.7 209.9 723.9 185.1 810.4 156.2 802.2 large-vehicle 0
411.3 735.7 429.1 733.1 440.7 814.3 422.9 816.9 large-vehicle 0
452.1 729.6 466.1 729.4 466.9 823.4 452.9 823.6 large-vehicle 0
478.2 733.6 492.2 734.0 489.8 827.9 475.8 827.6 large-vehicle 0
587.7 748.4 601.7 747.7 605.3 825.6 591.3 826.3 large-vehicle 0
652.9 745.0 662.8 746.5 649.0 839.5 639.1 838.0 large-vehicle 0
667.7 742.9 697.4 747.1 684.2 840.2 654.5 836.0 large-vehicle 0
739.8 319.1 774.1 335.5 749.2 387.9 714.9 371.5 large-vehicle 0
906.5 330.5 927.6 362.1 892.8 385.5 871.6 354.0 large-vehicle 0
745.4 620.2 779.4 645.0 745.2 691.8 711.2 667.0 large-vehicle 0
627.0 743.8 636.9 744.7 628.0 838.3 618.1 837.4 large-vehicle 0
517.6 738.6 531.2 741.8 510.4 829.4 496.8 826.2 large-vehicle 0
531.6 739.3 561.3 743.5 549.4 828.7 519.7 824.5 large-vehicle 0
699.4 729.3 732.4 748.2 715.6 777.7 682.6 758.8 large-vehicle 0
502.3 316.8 530.5 327.0 503.8 400.3 475.6 390.1 large-vehicle 0
604.3 316.1 640.6 327.5 614.6 409.5 578.4 398.1 large-vehicle 0
787.5 891.8 815.0 903.6 798.5 942.2 771.0 930.4 small-vehicle 0
214.9 435.1 226.4 403.2 299.8 429.6 288.3 461.6 large-vehicle 0
