541.6 653.6 640.5 628.5 684.4 801.0 585.5 826.1 tennis-court 0
492.1 610.0 582.3 636.2 524.9 834.0 434.7 807.8 tennis-court 0
339.6 630.8 385.8 611.8 467.5 809.6 421.2 828.6 tennis-court 0
322.6 632.7 361.8 656.8 272.4 801.5 233.3 777.3 tennis-court 0
139.8 623.1 241.8 621.8 244.2 807.8 142.2 809.1 tennis-court 0
225.2 364.1 237.5 513.6 171.8 519.0 159.5 369.5 tennis-court 0
316.8 322.7 356.3 553.3 291.2 564.5 251.8 333.8 tennis-court 0
362.0 330.4 411.2 321.5 455.0 563.6 405.8 572.5 tennis-court 0
436.6 349.4 477.6 328.6 590.4 551.7 549.3 572.5 tennis-court 0
547.5 383.7 582.2 360.0 691.5 520.3 656.8 544.0 tennis-court 0
548.8 146.9 608.4 96.5 705.2 211.1 645.6 261.5 tennis-court 0
476.2 101.8 524.6 89.4 565.8 250.2 517.4 262.6 tennis-court 0
374.6 95.9 423.5 85.7 458.4 252.1 409.5 262.3 tennis-court 0
243.2 76.5 285.0 57.4 380.6 266.5 338.8 285.7 tennis-court 0
140.7 64.0 187.6 46.7 271.2 273.9 224.3 291.1 tennis-court 0
