121.1 932.9 143.0 935.0 140.5 960.9 118.6 958.8 small-vehicle 0
86.7 955.2 95.0 914.0 128.3 920.8 120.0 962.0 small-vehicle 0
100.0 817.1 121.0 838.5 91.0 867.9 70.0 846.5 small-vehicle 0
296.2 671.1 301.4 662.6 398.8 721.9 393.6 730.4 large-vehicle 0
365.4 467.8 372.4 455.7 498.6 529.2 491.6 541.3 large-vehicle 0
424.4 370.3 459.1 314.2 569.6 382.7 534.9 438.8 large-vehicle 0
364.0 500.3 371.1 488.3 469.0 546.7 461.9 558.7 large-vehicle 0
350.9 522.5 358.1 510.5 459.1 571.5 451.9 583.5 large-vehicle 0
342.5 550.6 349.7 538.6 440.5 593.4 433.3 605.4 large-vehicle 0
314.7 597.5 321.2 585.1 436.3 645.5 429.8 657.9 large-vehicle 0
309.0 624.7 315.7 612.4 430.0 674.3 423.3 686.6 large-vehicle 0
298.9 647.9 306.1 635.9 411.1 698.1 403.9 710.1 large-vehicle 0
285.6 705.9 292.3 693.6 392.4 748.1 385.7 760.4 large-vehicle 0
380.7 447.3 387.4 435.0 505.3 498.7 498.6 511.0 large-vehicle 0
411.0 407.3 424.7 385.2 515.0 440.7 501.3 462.8 large-vehicle 0
