527.0 907.9 547.6 923.8 522.0 957.1 501.4 941.2 ship 0
456.4 985.2 462.8 992.8 430.6 1019.8 424.2 1012.2 ship 0
449.6 966.9 455.8 974.8 422.8 1000.7 416.6 992.9 ship 0
409.0 985.8 430.8 1021.7 412.0 1033.2 390.2 997.3 ship 0
353.7 992.0 374.8 965.4 398.3 984.0 377.2 1010.6 ship 0
332.4 909.6 363.5 895.9 375.6 923.4 344.5 937.1 ship 0
335.6 942.8 361.2 965.2 317.7 1014.9 292.1 992.5 ship 0
159.7 959.9 165.7 960.1 164.3 1006.1 158.3 1005.9 ship 0
218.0 1017.7 226.7 989.0 255.4 997.7 246.8 1026.4 ship 0
178.5 1029.6 210.3 991.0 221.1 999.9 189.3 1038.5 ship 0
195.5 995.8 198.8 1000.8 180.6 1013.1 177.2 1008.1 ship 0
210.7 987.9 212.6 987.2 213.3 989.1 211.4 989.8 ship 0
522.1 896.4 529.7 902.9 504.9 931.6 497.3 925.1 ship 0
503.1 878.8 506.4 883.8 471.3 906.9 468.0 901.9 ship 0
510.2 887.8 514.5 892.0 487.8 919.2 483.5 915.0 ship 0
481.3 867.1 486.1 870.7 465.7 897.9 460.9 894.3 ship 0
346.3 650.1 351.0 653.8 327.7 683.9 323.0 680.2 ship 0
338.5 641.0 341.8 646.0 306.7 669.1 303.4 664.1 ship 0
323.0 628.2 327.3 632.5 300.4 659.3 296.1 655.1 ship 0
307.9 615.0 315.4 621.7 290.1 650.0 282.6 643.3 ship 0
295.2 605.9 302.1 613.2 274.6 639.4 267.7 632.2 ship 0
280.8 591.6 286.0 594.5 265.6 631.2 260.4 628.3 ship 0
272.4 589.9 276.5 594.3 248.6 620.1 244.5 615.7 ship 0
235.7 647.2 238.1 652.7 192.3 672.8 189.9 667.3 ship 0
248.1 651.7 251.4 656.7 199.9 691.3 196.6 686.3 ship 0
252.2 660.4 256.3 664.8 216.8 701.6 212.7 697.2 ship 0
262.3 666.8 266.9 670.7 229.3 714.9 224.7 711.0 ship 0
281.7 686.9 284.6 692.1 237.3 718.1 234.4 712.9 ship 0
291.2 692.1 297.3 700.0 251.5 735.6 245.4 727.7 ship 0
303.2 697.3 310.4 704.3 270.3 746.1 263.1 739.2 ship 0
317.5 710.5 324.0 718.1 280.2 756.1 273.7 748.5 ship 0
316.8 725.6 325.3 730.9 305.3 763.2 296.8 758.0 ship 0
318.2 759.5 349.8 747.0 357.8 767.5 326.2 780.0 ship 0
305.0 795.7 313.3 779.6 340.0 793.3 331.7 809.4 ship 0
347.3 793.0 366.0 774.9 375.7 785.0 357.0 803.1 ship 0
358.8 800.3 380.1 785.3 388.2 796.7 366.9 811.7 ship 0
391.3 795.5 396.3 798.9 379.0 823.5 374.1 820.0 ship 0
368.0 836.2 379.6 828.4 401.0 859.8 389.4 867.6 ship 0
391.4 860.7 401.0 850.5 431.5 879.4 421.9 889.5 ship 0
407.2 806.1 411.3 810.4 386.8 833.9 382.7 829.6 ship 0
396.6 861.5 411.8 797.3 425.4 800.5 410.2 864.7 ship 0
430.1 830.6 434.4 834.8 418.9 850.4 414.6 846.2 ship 0
448.6 836.4 452.3 841.1 422.4 864.6 418.7 859.9 ship 0
456.2 843.4 464.1 849.6 440.8 879.6 432.9 873.4 ship 0
475.9 858.7 479.4 863.6 448.6 885.7 445.1 880.9 ship 0
190.5 970.9 190.9 969.0 192.9 969.4 192.5 971.3 ship 0
162.7 956.6 166.8 961.0 139.1 987.0 135.0 982.6 ship 0
-6.6 1015.4 8.7 989.6 20.7 996.7 5.5 1022.5 ship 0
153.6 951.3 156.4 956.6 122.5 973.9 119.8 968.5 ship 0
141.6 929.3 148.1 936.9 110.4 969.7 103.9 962.1 ship 0
120.8 917.8 129.1 923.3 106.1 958.4 97.7 952.9 ship 0
114.5 905.6 119.0 909.6 83.1 949.9 78.6 945.9 ship 0
99.9 901.1 104.0 905.5 73.1 933.9 69.0 929.5 ship 0
85.0 888.1 89.9 891.6 63.0 928.9 58.1 925.4 ship 0
88.4 892.6 89.2 898.6 35.6 905.4 34.8 899.4 ship 0
60.9 873.4 66.3 881.9 34.3 902.3 28.9 893.9 ship 0
-6.8 958.2 13.6 936.3 23.8 945.8 3.4 967.7 ship 0
36.0 947.3 39.6 952.2 9.0 974.7 5.4 969.8 ship 0
58.4 965.9 59.2 971.9 9.6 978.1 8.8 972.1 ship 0
58.6 970.2 62.3 974.9 35.4 995.8 31.7 991.1 ship 0
68.9 979.0 73.1 983.2 49.0 1007.2 44.8 1002.9 ship 0
78.7 990.8 85.8 997.9 67.3 1016.2 60.2 1009.1 ship 0
76.6 997.0 82.3 995.0 94.4 1031.0 88.7 1033.0 ship 0
359.1 656.5 364.1 659.9 340.0 694.3 335.1 690.9 ship 0
371.0 676.9 374.2 681.9 349.0 698.1 345.8 693.1 ship 0
382.4 683.4 389.2 690.7 367.1 711.1 360.3 703.7 ship 0
528.2 412.9 534.8 420.4 500.2 450.8 493.6 443.3 ship 0
681.9 479.7 690.6 484.7 667.8 524.6 659.1 519.7 ship 0
677.5 465.3 684.1 472.8 646.5 505.7 639.9 498.2 ship 0
637.7 436.4 645.3 442.9 612.9 480.9 605.3 474.4 ship 0
617.0 427.8 624.4 434.5 601.6 459.8 594.2 453.1 ship 0
603.1 407.6 611.8 412.5 588.9 452.4 580.2 447.5 ship 0
589.8 391.2 597.6 397.4 564.2 439.8 556.4 433.6 ship 0
572.5 380.7 579.8 387.6 548.2 421.0 540.9 414.2 ship 0
558.1 366.4 564.8 373.8 527.9 407.6 521.2 400.2 ship 0
541.2 345.7 548.8 352.2 513.8 393.3 506.2 386.8 ship 0
528.9 334.3 535.9 341.5 494.1 381.7 487.1 374.5 ship 0
486.9 370.8 489.4 376.3 433.1 402.2 430.6 396.7 ship 0
482.4 379.9 489.6 386.8 460.6 417.1 453.4 410.2 ship 0
495.3 391.4 502.9 398.0 477.9 426.6 470.3 420.0 ship 0
512.1 402.8 518.8 410.2 484.9 441.2 478.2 433.8 ship 0
538.6 425.7 545.3 433.1 513.8 461.0 507.2 453.5 ship 0
402.3 688.1 406.7 692.2 372.7 728.9 368.3 724.8 ship 0
553.6 441.1 557.2 445.9 524.0 471.5 520.3 466.7 ship 0
558.5 445.5 567.1 450.6 545.5 486.6 536.9 481.5 ship 0
575.0 456.9 583.1 462.8 556.1 500.0 548.0 494.2 ship 0
595.6 466.4 603.0 473.2 563.4 515.6 556.0 508.8 ship 0
606.3 477.2 614.0 483.7 581.7 521.8 574.0 515.3 ship 0
623.5 483.5 631.3 489.6 590.5 541.5 582.7 535.4 ship 0
631.1 501.0 639.0 507.1 610.6 543.3 602.8 537.2 ship 0
648.8 509.1 656.4 515.7 620.8 556.3 613.3 549.8 ship 0
661.2 525.1 668.1 532.4 631.7 566.7 624.8 559.4 ship 0
675.7 531.4 683.2 538.0 642.3 584.6 634.8 578.0 ship 0
651.4 659.2 656.1 668.0 622.6 685.8 617.9 677.0 ship 0
634.2 646.7 639.5 655.1 610.8 673.3 605.5 664.9 ship 0
622.0 631.9 627.7 640.1 593.1 663.9 587.4 655.7 ship 0
604.2 614.3 611.8 620.8 581.8 655.7 574.2 649.2 ship 0
701.6 499.1 708.9 506.0 685.5 530.7 678.3 523.9 ship 0
709.8 511.3 732.0 531.5 709.2 556.7 687.0 536.5 ship 0
600.4 214.2 608.2 220.6 566.6 271.8 558.8 265.4 ship 0
615.9 229.8 623.5 236.4 588.1 277.2 580.5 270.6 ship 0
647.5 212.7 850.4 419.8 786.2 482.8 583.2 275.7 harbor 0
418.1 360.9 494.9 287.7 728.1 532.3 651.4 605.5 harbor 0
378.9 611.7 410.6 498.0 605.1 552.3 573.4 666.0 harbor 0
303.9 674.7 351.7 608.1 515.8 725.9 467.9 792.5 harbor 0
259.3 697.6 285.6 676.0 454.7 881.4 428.4 903.0 harbor 0
284.6 951.5 390.7 891.3 448.9 993.9 342.8 1054.1 harbor 0
659.7 864.2 739.5 771.9 783.3 809.8 703.5 902.1 harbor 0
860.8 431.2 867.4 438.6 812.2 487.9 805.5 480.4 ship 0
841.4 413.0 848.7 419.8 795.6 477.0 788.3 470.2 ship 0
818.1 393.0 834.2 408.0 780.9 465.0 764.8 450.0 ship 0
803.0 387.5 809.9 394.8 765.0 437.5 758.1 430.2 ship 0
794.9 380.1 799.0 389.2 746.1 412.9 742.0 403.8 ship 0
769.4 357.8 777.0 364.4 741.6 405.2 734.0 398.6 ship 0
752.8 344.5 760.5 350.8 726.2 392.5 718.5 386.2 ship 0
630.1 206.9 857.2 451.8 802.9 502.1 575.8 257.2 ship 0
570.3 205.4 871.9 419.8 833.7 473.6 532.1 259.2 ship 0
701.5 303.5 708.6 310.6 667.5 351.5 660.4 344.4 ship 0
685.5 291.0 692.1 298.5 651.4 334.0 644.8 326.4 ship 0
666.9 269.4 675.0 275.3 636.1 328.6 628.0 322.7 ship 0
651.7 262.6 658.2 270.2 617.3 305.4 610.8 297.8 ship 0
643.9 235.5 651.0 242.5 593.1 300.5 586.0 293.5 ship 0
587.7 602.9 595.3 609.4 568.1 641.4 560.5 634.9 ship 0
572.8 595.8 579.7 603.1 555.0 626.5 548.1 619.2 ship 0
572.9 588.9 574.6 594.6 530.5 607.7 528.8 601.9 ship 0
543.3 772.5 548.0 776.3 531.7 796.5 527.0 792.7 ship 0
525.1 742.9 529.7 746.8 502.9 779.1 498.3 775.2 ship 0
525.4 740.7 527.1 746.5 479.1 760.6 477.4 754.9 ship 0
497.4 725.2 504.3 732.4 479.6 755.8 472.7 748.6 ship 0
480.2 717.6 487.3 724.6 469.1 743.1 462.0 736.1 ship 0
477.5 710.7 479.4 716.4 447.0 726.8 445.1 721.1 ship 0
464.1 698.8 466.5 704.3 438.9 716.2 436.5 710.7 ship 0
449.1 683.3 453.3 687.6 429.0 711.4 424.8 707.2 ship 0
436.1 672.5 440.3 676.8 415.9 700.5 411.7 696.2 ship 0
416.1 660.8 421.7 662.9 410.3 694.9 404.6 692.8 ship 0
407.2 651.0 412.1 654.4 395.0 679.1 390.1 675.7 ship 0
405.5 637.4 409.3 642.2 373.2 670.7 369.5 666.0 ship 0
377.9 614.4 385.0 643.5 348.1 652.5 341.0 623.4 ship 0
353.8 600.5 356.4 605.9 322.2 622.5 319.6 617.1 ship 0
330.4 585.5 338.3 591.6 317.6 618.5 309.7 612.4 ship 0
294.5 592.2 321.1 578.4 327.5 590.8 300.9 604.6 ship 0
308.9 565.1 313.6 568.7 293.1 595.9 288.4 592.3 ship 0
294.5 561.1 298.8 565.4 280.5 583.9 276.2 579.6 ship 0
552.9 827.5 574.5 841.9 560.1 863.5 538.5 849.1 ship 0
537.4 820.8 547.2 823.0 541.5 848.3 531.7 846.1 ship 0
536.9 807.1 543.1 814.9 510.1 840.9 503.9 833.1 ship 0
524.4 794.1 528.9 798.1 498.2 832.4 493.8 828.4 ship 0
508.0 791.7 512.1 796.1 490.4 816.8 486.3 812.4 ship 0
499.8 775.5 504.4 779.4 477.2 811.5 472.6 807.6 ship 0
488.2 764.8 492.6 768.9 460.8 802.2 456.4 798.1 ship 0
471.4 761.1 475.5 765.6 453.2 785.7 449.2 781.2 ship 0
466.0 752.3 468.5 757.7 434.0 773.7 431.5 768.3 ship 0
444.2 731.0 452.3 736.8 427.9 771.0 419.8 765.2 ship 0
419.4 721.4 425.4 721.6 424.6 763.6 418.6 763.4 ship 0
398.2 693.4 404.2 693.7 401.8 743.6 395.8 743.3 ship 0
533.5 755.0 541.5 761.0 523.5 785.0 515.5 779.0 ship 0
548.5 776.7 554.5 777.5 550.5 807.3 544.5 806.5 ship 0
545.6 568.3 552.3 575.8 523.8 601.0 517.2 593.5 ship 0
574.6 785.9 581.6 793.0 551.8 822.6 544.8 815.5 ship 0
529.0 553.4 536.6 559.8 509.6 592.0 501.9 585.5 ship 0
511.4 545.9 518.5 552.9 494.6 577.1 487.5 570.1 ship 0
502.1 530.5 509.2 537.5 479.8 567.4 472.7 560.4 ship 0
488.8 517.6 495.4 525.2 463.8 552.8 457.2 545.3 ship 0
477.7 500.6 484.8 507.7 452.4 540.3 445.3 533.3 ship 0
475.6 504.9 476.2 510.9 418.4 516.1 417.8 510.1 ship 0
440.1 483.1 447.7 489.6 425.4 515.3 417.9 508.7 ship 0
409.1 454.4 418.1 458.7 401.7 493.0 392.7 488.7 ship 0
401.3 439.9 409.1 446.2 377.7 485.1 369.9 478.8 ship 0
381.7 439.0 389.2 445.6 361.3 477.0 353.8 470.4 ship 0
321.8 495.3 322.2 485.3 364.2 486.7 363.8 496.7 ship 0
388.5 499.9 392.2 509.2 349.5 526.1 345.8 516.8 ship 0
396.8 503.1 404.4 509.6 371.9 547.6 364.3 541.1 ship 0
417.2 512.0 424.4 518.9 381.8 564.0 374.6 557.1 ship 0
415.6 526.5 425.3 528.8 414.4 573.5 404.7 571.2 ship 0
441.5 542.9 449.1 549.5 421.5 581.1 413.9 574.5 ship 0
453.7 556.0 461.2 562.6 433.3 594.0 425.8 587.4 ship 0
466.5 565.8 474.7 571.5 448.6 609.3 440.4 603.7 ship 0
483.0 574.7 491.6 579.8 465.8 622.7 457.2 617.5 ship 0
499.4 592.3 507.0 598.8 479.6 630.7 472.0 624.2 ship 0
515.4 602.9 522.7 609.7 491.3 643.3 484.0 636.5 ship 0
534.8 621.0 539.8 629.6 503.5 650.7 498.5 642.0 ship 0
541.8 632.9 547.8 640.9 517.5 663.8 511.5 655.8 ship 0
558.1 640.5 565.8 646.9 536.4 682.3 528.7 675.9 ship 0
569.9 649.6 578.4 654.9 552.1 697.4 543.6 692.1 ship 0
590.4 661.4 598.0 668.0 562.8 708.9 555.2 702.4 ship 0
599.2 678.5 607.0 684.8 580.7 717.5 572.9 711.2 ship 0
612.7 692.0 620.9 697.7 599.3 729.0 591.1 723.3 ship 0
590.5 805.6 594.7 814.7 567.5 827.4 563.3 818.3 ship 0
2.6 1013.5 28.9 999.2 39.4 1018.5 13.1 1032.8 ship 0
632.3 1011.8 634.7 1006.3 676.9 1024.5 674.6 1030.0 ship 0
629.8 993.0 632.2 987.5 685.2 1011.1 682.8 1016.6 ship 0
653.0 947.1 658.2 944.1 685.8 990.5 680.6 993.5 ship 0
812.3 474.3 817.3 465.6 864.2 492.3 859.2 501.0 ship 0
711.6 942.4 713.0 948.2 645.0 964.8 643.5 958.9 ship 0
661.7 926.7 667.3 918.4 708.7 946.5 703.1 954.8 ship 0
672.9 879.6 678.0 876.4 713.1 932.4 708.0 935.6 ship 0
672.5 896.2 672.5 890.2 726.5 890.8 726.5 896.8 ship 0
684.6 859.6 688.7 855.3 725.0 889.6 720.9 893.9 ship 0
689.0 856.5 690.7 850.8 731.0 862.5 729.3 868.2 ship 0
606.7 1057.8 781.8 613.0 820.9 628.4 645.7 1073.2 ship 0
675.7 956.5 715.8 693.6 761.3 700.5 721.2 963.4 ship 0
704.1 802.5 707.9 797.8 743.9 826.5 740.1 831.2 ship 0
712.4 780.8 717.2 777.2 744.6 814.2 739.8 817.8 ship 0
710.1 773.7 712.9 768.5 756.9 792.3 754.1 797.5 ship 0
718.6 771.9 718.7 765.9 760.6 766.5 760.5 772.5 ship 0
724.2 751.1 725.7 745.3 766.4 755.8 764.9 761.6 ship 0
720.7 728.8 723.2 723.4 775.9 747.4 773.5 752.9 ship 0
724.6 715.9 726.8 710.3 784.6 732.7 782.4 738.3 ship 0
725.7 696.1 728.2 690.7 788.3 717.9 785.8 723.3 ship 0
739.3 686.1 741.8 680.6 787.5 700.8 785.1 706.3 ship 0
790.2 672.7 790.7 678.7 744.8 682.3 744.3 676.3 ship 0
755.6 652.9 759.2 648.1 789.4 671.1 785.8 675.9 ship 0
748.8 641.0 806.7 639.0 807.2 653.0 749.3 655.0 ship 0
758.9 612.5 762.3 603.1 813.1 621.5 809.7 630.9 ship 0
771.3 588.7 775.0 583.9 814.7 614.3 811.0 619.1 ship 0
773.3 580.0 775.7 574.5 821.6 594.2 819.3 599.7 ship 0
782.8 565.5 785.5 560.2 819.5 577.3 816.8 582.7 ship 0
847.9 531.5 853.5 556.9 828.1 562.5 822.5 537.1 ship 0
817.1 552.2 817.5 558.2 795.5 559.7 795.1 553.7 ship 0
798.9 539.6 801.6 534.3 821.1 544.4 818.4 549.7 ship 0
798.9 499.0 842.7 543.0 832.7 552.9 789.0 508.9 ship 0
811.6 521.8 814.9 504.1 848.4 510.2 845.1 527.9 ship 0
