911.2 409.8 935.8 386.3 1000.8 454.2 976.2 477.7 harbor 0
837.6 448.1 864.1 421.0 948.5 503.5 921.9 530.7 harbor 0
798.3 491.4 816.7 473.1 877.4 534.0 858.9 552.4 harbor 0
639.9 617.1 663.8 522.0 809.3 558.5 785.4 653.6 harbor 0
618.1 614.7 650.7 588.3 709.9 661.3 677.3 687.7 harbor 0
541.5 643.7 569.7 612.6 674.9 708.0 646.7 739.1 harbor 0
520.9 698.6 555.5 674.7 611.1 755.4 576.5 779.3 harbor 0
455.9 736.7 486.5 714.2 547.1 796.3 516.5 818.8 harbor 0
392.5 778.8 417.9 756.1 488.5 835.2 463.1 857.9 harbor 0
-23.3 920.0 2.8 887.0 42.0 918.0 16.0 951.0 ship 0
52.9 874.4 108.1 910.5 85.1 945.6 29.9 909.5 ship 0
58.6 861.8 78.5 852.4 93.0 883.2 73.1 892.5 ship 0
195.6 729.7 221.6 702.0 261.0 739.0 235.0 766.6 ship 0
307.2 714.2 313.1 751.7 275.6 757.6 269.7 720.1 ship 0
311.0 705.5 322.1 682.0 342.0 691.5 330.9 715.0 ship 0
514.2 572.8 539.8 577.1 534.2 610.6 508.6 606.3 ship 0
676.2 474.2 697.5 447.7 720.9 466.5 699.6 493.0 ship 0
706.9 421.4 728.7 400.8 752.1 425.6 730.3 446.2 ship 0
742.1 387.8 760.1 375.1 781.9 406.2 763.9 418.9 ship 0
870.9 327.2 880.6 342.4 851.9 360.6 842.2 345.4 ship 0
79.0 792.6 117.3 760.5 162.3 814.2 124.0 846.3 harbor 0
255.7 692.1 277.5 689.0 283.5 730.6 261.7 733.7 harbor 0
264.3 926.3 265.9 925.1 267.1 926.7 265.5 927.9 harbor 0
289.3 662.0 313.7 632.8 379.7 688.0 355.3 717.2 harbor 0
356.7 618.2 372.3 602.8 415.8 647.0 400.1 662.4 harbor 0
400.5 569.6 429.3 539.0 477.4 584.3 448.6 614.8 harbor 0
461.5 540.1 494.7 514.3 542.5 575.9 509.3 601.7 harbor 0
533.3 499.9 549.0 479.2 608.0 523.9 592.3 544.6 harbor 0
586.5 460.5 614.3 440.8 647.8 488.1 620.1 507.8 harbor 0
621.8 423.8 654.8 386.2 728.5 450.7 695.6 488.4 harbor 0
691.6 402.5 746.3 352.6 780.0 389.5 725.3 439.4 harbor 0
787.8 322.5 845.7 264.5 895.3 313.9 837.4 372.0 harbor 0
702.7 977.2 731.8 959.7 749.3 988.8 720.2 1006.3 small-vehicle 0
742.9 959.9 756.9 938.0 782.1 954.1 768.1 976.0 small-vehicle 0
805.6 910.2 822.0 930.3 798.8 949.3 782.4 929.1 small-vehicle 0
278.0 131.8 287.0 116.2 306.1 127.1 297.1 142.7 small-vehicle 0
778.7 912.4 781.2 874.5 823.1 877.3 820.6 915.2 large-vehicle 0
948.6 826.5 950.6 826.1 951.0 828.0 949.1 828.5 small-vehicle 0
998.9 778.3 1004.6 770.1 1026.1 784.7 1020.4 792.9 small-vehicle 0
54.0 580.1 72.6 561.9 102.0 591.9 83.4 610.1 small-vehicle 0
198.2 390.4 220.2 410.9 188.8 444.6 166.8 424.1 small-vehicle 0
731.2 158.6 739.5 147.4 757.2 160.4 749.0 171.7 small-vehicle 0
288.0 841.6 321.9 842.6 321.1 872.6 287.1 871.6 ship 0
453.2 773.5 454.0 771.7 455.8 772.5 455.0 774.3 ship 0
657.7 161.5 669.3 138.3 699.7 153.4 688.1 176.7 small-vehicle 0
527.0 681.3 547.0 664.7 561.0 681.7 541.0 698.3 ship 0
599.5 617.1 611.4 640.2 574.1 659.5 562.2 636.4 ship 0
665.4 583.7 684.7 566.3 731.6 618.2 712.3 635.7 ship 0
711.6 550.4 741.3 533.9 769.4 584.6 739.7 601.1 ship 0
847.7 446.0 861.0 423.6 890.3 441.0 877.0 463.4 ship 0
917.9 408.4 925.9 379.4 954.8 387.4 946.8 416.4 ship 0
218.9 125.3 240.4 104.4 264.1 128.7 242.6 149.6 small-vehicle 0
394.4 136.0 413.8 118.7 433.7 141.2 414.2 158.4 small-vehicle 0
-10.4 831.6 9.8 804.2 56.4 838.7 36.2 866.0 harbor 0
