846.9 307.0 863.2 292.2 886.0 317.4 869.7 332.2 small-vehicle 0
296.0 2.5 312.4 22.7 255.0 69.5 238.6 49.3 harbor 0
297.8 78.3 310.9 66.0 334.2 90.7 321.1 103.0 harbor 0
375.1 99.9 396.8 131.1 336.1 173.3 314.4 142.2 harbor 0
116.5 19.0 130.8 8.0 151.5 35.0 137.2 46.0 ship 0
261.7 103.9 282.1 87.6 305.7 117.4 285.4 133.6 ship 0
302.0 165.2 315.8 143.2 331.0 152.8 317.2 174.8 ship 0
268.6 221.0 279.5 235.3 249.3 258.3 238.4 244.0 ship 0
301.6 292.2 325.1 273.5 351.3 306.3 327.8 325.0 ship 0
296.8 335.4 322.4 319.7 340.2 348.6 314.6 364.3 ship 0
371.7 346.4 381.5 361.6 352.8 379.9 343.1 364.8 ship 0
398.5 466.1 399.9 467.5 398.5 468.9 397.1 467.5 ship 0
418.4 444.0 440.1 429.6 472.3 477.9 450.6 492.3 ship 0
431.8 468.8 450.8 486.5 438.6 499.7 419.6 481.9 ship 0
462.8 519.4 483.2 503.2 511.8 539.2 491.5 555.4 ship 0
902.8 999.9 924.6 1002.3 922.2 1024.1 900.4 1021.7 ship 0
144.4 80.4 162.7 104.1 104.2 149.4 85.8 125.6 harbor 0
231.0 193.9 242.9 207.4 190.3 253.6 178.4 240.1 harbor 0
281.9 236.9 297.2 257.9 205.1 325.1 189.8 304.1 harbor 0
287.9 323.8 289.9 323.7 290.0 325.7 288.0 325.8 harbor 0
340.0 343.6 365.9 371.4 314.5 419.0 288.7 391.2 harbor 0
365.7 436.7 367.5 435.7 368.4 437.5 366.6 438.4 harbor 0
424.4 436.6 466.8 470.0 398.6 556.4 356.2 523.0 harbor 0
410.4 554.8 452.3 509.1 480.3 534.8 438.4 580.5 harbor 0
624.0 475.4 674.0 518.5 628.2 571.5 578.3 528.3 harbor 0
641.4 562.7 657.5 547.7 691.6 584.3 675.5 599.3 harbor 0
820.4 723.7 852.2 762.2 782.9 819.6 751.0 781.0 harbor 0
959.2 791.1 999.2 768.4 1023.9 811.8 984.0 834.6 harbor 0
968.6 992.0 996.1 965.8 1027.8 999.1 1000.3 1025.3 harbor 0
134.1 950.4 156.1 936.6 169.9 958.6 147.9 972.4 small-vehicle 0
559.9 918.4 579.7 901.5 612.1 939.6 592.3 956.5 small-vehicle 0
616.6 990.8 644.8 980.5 659.2 1020.0 631.0 1030.2 small-vehicle 0
824.3 256.4 858.3 257.9 856.6 295.9 822.6 294.4 small-vehicle 0
826.1 358.4 849.0 339.0 876.2 371.0 853.3 390.4 small-vehicle 0
982.3 509.1 993.1 485.5 1016.7 496.3 1005.9 520.0 small-vehicle 0
832.8 442.9 849.3 417.8 877.7 436.4 861.3 461.5 small-vehicle 0
97.0 584.1 102.9 562.9 128.0 569.9 122.1 591.1 small-vehicle 0
154.4 983.1 169.4 967.1 194.2 990.3 179.2 1006.4 small-vehicle 0
495.3 837.9 516.0 816.2 552.2 850.8 531.5 872.5 small-vehicle 0
132.1 720.3 150.8 702.3 179.9 732.7 161.2 750.7 small-vehicle 0
101.4 667.2 124.3 654.9 148.0 698.9 125.1 711.3 small-vehicle 0
660.7 542.5 666.7 571.9 629.4 579.5 623.4 550.1 ship 0
603.7 493.3 618.2 514.9 593.3 531.6 578.8 510.1 ship 0
600.6 419.8 611.1 434.4 583.4 454.2 572.9 439.6 ship 0
476.4 372.3 490.8 350.6 505.8 360.7 491.3 382.3 ship 0
487.5 286.8 497.8 306.3 457.2 327.9 446.9 308.5 ship 0
47.9 526.5 55.7 489.3 85.1 495.5 77.3 532.7 small-vehicle 0
57.2 605.0 74.7 591.7 104.9 631.6 87.3 644.9 small-vehicle 0
84.4 59.9 86.2 60.8 85.4 62.6 83.6 61.7 harbor 0
