845.3 651.5 852.9 658.0 823.0 692.9 815.4 686.4 ship 0
832.1 527.8 833.7 526.6 834.9 528.2 833.3 529.4 ship 0
832.8 505.2 850.7 492.3 877.4 529.7 859.6 542.6 ship 0
898.8 632.2 907.4 637.4 883.9 676.9 875.3 671.8 ship 0
899.3 616.0 904.9 624.4 866.7 650.0 861.1 641.6 ship 0
886.4 601.0 890.6 610.0 856.3 626.2 852.0 617.1 ship 0
862.0 565.0 867.9 566.1 857.0 623.0 851.1 621.9 ship 0
863.2 558.3 869.2 566.3 835.8 591.7 829.8 583.7 ship 0
816.8 580.3 825.5 600.5 783.2 618.7 774.5 598.5 ship 0
840.7 625.6 843.7 635.1 799.9 649.1 796.8 639.6 ship 0
837.5 634.9 845.0 641.4 817.5 673.1 810.0 666.6 ship 0
847.9 676.5 856.7 681.2 850.1 693.5 841.3 688.8 ship 0
772.1 546.4 780.1 540.5 797.9 564.6 789.9 570.5 ship 0
869.8 694.3 872.3 704.0 824.0 716.7 821.4 707.0 ship 0
872.5 712.9 876.2 722.2 833.5 739.1 829.8 729.8 ship 0
718.5 823.8 727.4 819.4 753.2 871.4 744.2 875.8 ship 0
737.8 812.4 746.8 807.9 769.2 852.6 760.2 857.1 ship 0
727.3 747.8 748.1 774.6 705.5 807.8 684.7 781.0 ship 0
732.7 728.5 740.3 740.2 681.6 778.4 674.0 766.6 ship 0
732.0 704.6 737.5 712.9 686.0 747.4 680.5 739.1 ship 0
642.6 591.4 782.4 784.0 735.5 818.1 595.7 625.5 ship 0
640.1 588.0 766.6 740.3 718.9 780.0 592.4 627.7 ship 0
695.4 637.9 701.9 650.3 643.4 680.9 637.0 668.5 ship 0
783.1 522.2 809.2 507.4 837.9 557.8 811.8 572.6 ship 0
750.4 555.7 758.5 549.8 778.6 577.3 770.5 583.2 ship 0
678.7 588.4 685.0 600.9 611.8 637.9 605.5 625.4 ship 0
958.0 461.2 965.4 467.8 932.2 505.2 924.8 498.6 ship 0
973.0 492.0 977.7 500.8 930.0 526.0 925.3 517.2 ship 0
978.6 510.2 984.8 518.0 946.0 549.4 939.7 541.7 ship 0
993.2 528.4 1001.5 539.6 951.8 576.6 943.5 565.4 ship 0
1000.7 551.1 1009.9 561.6 966.3 599.9 957.1 589.4 ship 0
1013.4 582.3 1017.8 591.2 980.2 609.9 975.8 600.9 ship 0
1013.3 593.1 1021.8 598.3 1002.0 630.8 993.5 625.5 ship 0
711.6 566.2 738.9 545.9 778.4 598.8 751.1 619.1 ship 0
1021.0 482.9 1039.0 501.7 1014.4 525.1 996.5 506.3 ship 0
1023.8 470.5 1029.6 478.6 995.6 503.3 989.8 495.2 ship 0
1016.1 451.8 1021.5 460.2 982.9 485.2 977.5 476.8 ship 0
1007.0 445.3 1008.4 455.2 974.7 459.9 973.3 449.9 ship 0
997.5 414.5 1003.9 422.2 968.5 451.5 962.1 443.8 ship 0
951.6 437.6 958.9 444.4 916.6 489.8 909.3 483.0 ship 0
670.0 609.0 677.4 615.6 631.0 668.0 623.6 661.4 ship 0
398.8 733.2 423.8 710.2 471.2 761.8 446.2 784.8 ship 0
936.3 100.0 972.3 140.3 821.7 275.0 785.7 234.7 harbor 0
179.0 347.7 184.1 377.2 119.0 388.3 113.9 358.8 ship 0
173.2 330.6 174.6 344.6 116.8 350.4 115.4 336.4 ship 0
177.0 302.8 177.9 316.8 112.0 321.2 111.1 307.2 ship 0
104.9 265.0 105.1 255.0 179.1 256.0 178.9 266.0 ship 0
109.9 227.8 113.6 218.5 182.2 246.2 178.5 255.5 ship 0
102.1 246.4 127.0 143.3 198.9 160.7 174.0 263.8 ship 0
150.9 18.9 151.1 16.9 153.1 17.1 152.9 19.1 ship 0
89.1 413.7 164.1 515.0 123.9 544.7 48.9 443.5 harbor 0
336.0 441.6 344.1 457.7 174.2 542.8 166.2 526.7 harbor 0
441.3 361.2 742.8 248.3 761.7 298.8 460.2 411.7 harbor 0
96.8 409.8 110.1 414.1 98.2 450.2 84.9 445.9 ship 0
990.9 478.3 1065.2 553.9 1015.2 603.0 941.0 527.4 harbor 0
753.4 596.0 783.5 551.2 928.0 648.0 898.0 692.9 harbor 0
585.1 579.5 662.5 542.0 792.3 810.3 714.9 847.8 harbor 0
460.9 794.0 518.0 746.9 549.8 785.5 492.8 832.6 harbor 0
301.9 784.7 455.4 797.7 445.1 919.3 291.6 906.3 harbor 0
238.4 848.6 268.1 818.9 396.8 947.7 367.0 977.4 harbor 0
192.0 968.2 192.0 966.2 194.0 966.2 194.0 968.2 harbor 0
106.0 420.2 112.1 412.3 142.0 435.8 135.9 443.7 ship 0
75.0 458.0 112.6 463.3 107.2 501.0 69.6 495.6 ship 0
437.2 708.3 448.8 700.5 487.8 758.7 476.2 766.5 ship 0
532.8 844.5 538.9 852.4 496.2 885.5 490.1 877.6 ship 0
466.9 702.1 479.0 695.1 498.1 727.9 486.0 734.9 ship 0
491.3 695.9 502.0 686.8 524.0 712.8 513.3 721.8 ship 0
508.7 667.4 520.0 659.1 568.6 725.2 557.3 733.5 ship 0
549.1 737.4 555.5 749.9 510.9 772.6 504.5 760.1 ship 0
554.4 760.5 561.1 768.0 526.6 798.5 519.9 791.0 ship 0
459.7 804.1 499.6 790.8 505.3 807.9 465.4 821.2 ship 0
511.5 815.8 513.6 825.6 472.5 834.2 470.4 824.4 ship 0
576.5 775.9 581.9 784.3 526.5 820.1 521.1 811.7 ship 0
579.6 804.2 586.3 816.5 546.0 838.6 539.2 826.3 ship 0
514.0 829.1 520.2 837.1 486.9 862.7 480.8 854.8 ship 0
538.9 868.8 544.8 876.9 510.7 901.4 504.8 893.3 ship 0
83.6 687.1 106.0 712.7 77.3 737.7 55.0 712.1 ship 0
594.1 818.9 603.5 829.3 560.5 868.2 551.1 857.8 ship 0
366.0 856.0 399.5 830.6 449.0 896.0 415.5 921.4 ship 0
326.9 777.4 348.8 751.4 387.1 783.6 365.2 809.6 ship 0
282.3 791.2 288.2 799.3 247.7 828.8 241.8 820.7 ship 0
295.9 807.8 301.8 815.8 255.1 850.2 249.2 842.2 ship 0
301.3 824.6 308.5 831.5 271.3 870.5 264.0 863.6 ship 0
313.5 843.2 320.5 850.3 279.2 891.0 272.2 883.9 ship 0
278.1 922.0 308.5 872.6 323.9 882.0 293.5 931.4 ship 0
335.0 904.1 338.9 908.7 300.4 940.7 296.5 936.1 ship 0
337.7 912.8 352.3 934.3 310.9 962.4 296.3 940.9 ship 0
660.2 980.9 683.8 962.3 717.1 1004.8 693.5 1023.3 ship 0
771.4 928.1 788.7 923.2 799.0 959.8 781.6 964.7 ship 0
726.0 951.4 743.5 938.0 798.0 1009.6 780.5 1023.0 ship 0
680.4 953.4 708.6 934.4 763.5 1015.5 735.4 1034.6 ship 0
634.8 997.4 662.2 985.2 679.2 1023.6 651.8 1035.8 ship 0
576.0 925.3 590.6 908.8 613.0 928.7 598.5 945.2 ship 0
540.7 923.5 573.7 931.6 563.7 972.3 530.7 964.2 ship 0
830.8 213.2 831.1 207.2 853.0 208.4 852.7 214.4 ship 0
811.7 185.5 935.3 160.8 943.5 201.9 819.9 226.6 ship 0
838.7 191.6 845.6 184.3 873.3 210.4 866.4 217.7 ship 0
745.4 234.0 778.2 224.9 791.6 273.0 758.8 282.1 ship 0
819.7 189.2 825.3 191.3 798.0 264.4 792.4 262.3 ship 0
773.0 219.4 780.9 213.2 811.9 252.4 804.0 258.6 ship 0
154.8 98.3 245.1 223.1 146.2 294.6 56.0 169.8 harbor 0
