970.8 962.4 979.1 956.7 1005.1 994.7 996.9 1000.3 small-vehicle 0
725.0 367.3 732.5 373.9 710.2 399.5 702.7 393.0 small-vehicle 0
876.6 937.7 890.6 959.6 875.4 969.3 861.4 947.4 small-vehicle 0
885.6 921.1 906.8 936.2 896.4 950.9 875.2 935.8 small-vehicle 0
906.0 585.4 921.6 601.0 906.0 616.6 890.4 601.0 small-vehicle 0
894.5 566.7 895.8 572.6 866.5 579.3 865.2 573.4 small-vehicle 0
764.6 454.2 789.7 447.3 793.4 460.8 768.3 467.7 small-vehicle 0
739.8 394.3 745.8 395.0 741.2 436.7 735.2 436.1 small-vehicle 0
593.9 220.1 602.2 225.7 583.1 253.9 574.8 248.3 small-vehicle 0
600.8 259.9 626.5 255.8 628.7 269.6 603.0 273.7 small-vehicle 0
664.2 332.3 696.7 322.3 700.8 335.7 668.3 345.7 small-vehicle 0
813.7 469.5 820.7 476.7 796.3 500.5 789.3 493.3 small-vehicle 0
852.8 507.1 860.2 513.8 837.2 538.9 829.8 532.2 small-vehicle 0
819.6 479.1 825.5 480.4 816.9 517.4 811.1 516.1 small-vehicle 0
713.4 346.7 721.0 353.1 696.6 382.3 689.0 375.9 small-vehicle 0
941.3 999.9 947.6 992.2 977.0 1016.3 970.7 1024.0 small-vehicle 0
629.9 263.4 645.2 279.2 623.6 300.0 608.3 284.2 small-vehicle 0
573.6 184.8 581.8 190.6 555.4 228.2 547.2 222.4 small-vehicle 0
547.5 165.7 554.1 173.2 525.6 198.3 519.0 190.8 small-vehicle 0
532.7 155.3 538.9 163.1 515.3 181.7 509.1 173.9 small-vehicle 0
102.9 41.4 120.6 60.4 89.9 89.1 72.2 70.1 small-vehicle 0
149.8 706.1 150.9 707.8 149.2 708.9 148.1 707.2 baseball-diamond 0
844.8 818.4 882.6 814.8 886.2 852.6 848.4 856.2 tennis-court 0
698.8 737.6 793.7 661.0 855.3 737.2 760.4 813.8 tennis-court 0
652.7 619.5 697.9 598.2 726.1 657.9 680.8 679.2 tennis-court 0
571.7 515.0 599.0 502.4 628.3 566.0 601.0 578.6 tennis-court 0
468.0 418.7 488.4 396.7 560.3 463.2 539.9 485.3 tennis-court 0
411.3 320.2 450.6 335.0 438.7 366.8 399.4 352.0 tennis-court 0
820.3 969.4 839.8 952.2 867.7 983.6 848.2 1000.8 small-vehicle 0
817.4 973.3 827.3 971.7 832.2 1001.3 822.4 1002.9 small-vehicle 0
958.9 984.0 966.2 977.2 992.1 1005.0 984.8 1011.8 small-vehicle 0
915.1 888.1 922.4 881.3 948.2 909.2 940.8 916.0 small-vehicle 0
806.7 986.1 824.8 1010.0 810.4 1020.9 792.3 997.0 small-vehicle 0
844.1 955.3 851.7 948.8 873.7 974.8 866.0 981.2 small-vehicle 0
915.1 888.1 921.1 888.4 919.4 926.4 913.4 926.1 small-vehicle 0
988.1 831.2 1006.3 812.6 1024.9 830.8 1006.7 849.4 small-vehicle 0
975.0 841.1 980.8 832.9 1002.0 847.9 996.2 856.1 small-vehicle 0
950.7 866.7 957.8 859.7 973.3 875.3 966.2 882.3 small-vehicle 0
972.1 687.5 987.7 671.9 997.6 681.8 982.1 697.4 small-vehicle 0
978.1 659.3 984.4 667.1 964.2 683.4 957.9 675.6 small-vehicle 0
929.1 647.7 944.5 622.0 966.9 635.3 951.5 661.0 small-vehicle 0
907.7 568.6 914.7 575.8 890.3 599.4 883.3 592.2 small-vehicle 0
856.6 556.7 879.1 536.8 888.4 547.3 865.9 567.2 small-vehicle 0
842.8 536.4 875.7 528.0 879.2 541.6 846.3 550.0 small-vehicle 0
779.9 480.6 792.0 457.6 804.4 464.1 792.3 487.1 small-vehicle 0
750.8 447.9 772.4 427.1 782.2 437.1 760.6 457.9 small-vehicle 0
739.8 433.3 757.7 414.4 767.9 424.0 750.0 442.9 small-vehicle 0
731.2 386.1 739.7 391.4 723.8 416.9 715.3 411.6 small-vehicle 0
697.4 335.4 705.3 341.5 679.6 374.6 671.7 368.5 small-vehicle 0
677.4 306.4 683.8 314.0 660.9 333.4 654.4 325.7 small-vehicle 0
632.9 312.9 647.4 286.6 670.1 299.1 655.6 325.4 small-vehicle 0
620.0 233.7 624.6 242.6 591.0 260.3 586.4 251.4 small-vehicle 0
585.0 206.9 591.7 214.3 569.5 234.6 562.8 227.2 small-vehicle 0
522.2 138.6 529.2 145.8 504.8 169.4 497.8 162.2 small-vehicle 0
959.1 848.2 966.5 841.4 989.5 866.4 982.2 873.2 small-vehicle 0
976.3 964.6 976.9 958.6 1026.7 963.4 1026.1 969.4 small-vehicle 0
930.9 882.2 935.7 873.4 962.1 887.8 957.3 896.6 small-vehicle 0
275.1 232.5 338.0 179.9 403.4 258.1 340.6 310.7 tennis-court 0
