20.3 69.1 41.5 74.8 34.7 99.9 13.5 94.2 small-vehicle 0
443.6 602.0 541.6 599.0 542.4 625.0 444.4 628.0 ship 0
445.7 706.4 458.0 666.2 544.0 692.6 531.7 732.8 ship 0
531.7 727.7 532.3 761.7 446.3 763.3 445.7 729.3 ship 0
469.2 776.9 480.2 768.2 506.3 801.1 495.3 809.8 ship 0
528.4 819.9 530.2 837.8 448.6 846.1 446.8 828.2 ship 0
442.0 879.3 443.1 861.3 517.0 865.7 515.9 883.7 ship 0
438.3 920.8 442.1 899.1 522.9 913.2 519.1 934.9 ship 0
423.3 950.4 447.5 916.0 540.7 981.6 516.5 1016.0 ship 0
441.4 1019.7 449.1 982.5 521.6 997.3 513.9 1034.5 ship 0
329.9 1002.8 341.4 979.5 411.3 1014.2 399.7 1037.5 ship 0
320.3 976.2 322.0 946.3 419.8 951.8 418.1 981.8 ship 0
318.0 920.9 319.2 906.9 416.8 915.2 415.6 929.2 ship 0
318.9 889.5 323.7 847.8 425.1 859.5 420.3 901.2 ship 0
418.4 818.5 419.5 840.5 321.6 845.5 320.5 823.5 ship 0
338.8 784.9 351.9 753.5 420.2 782.0 407.1 813.3 ship 0
328.0 742.0 338.8 714.0 419.0 745.0 408.2 773.0 ship 0
452.4 669.5 454.8 631.5 532.6 636.5 530.2 674.5 ship 0
513.5 533.1 536.8 568.1 478.5 606.9 455.2 571.9 ship 0
58.7 804.1 69.1 836.5 6.3 856.6 -4.1 824.2 ship 0
345.2 505.4 358.0 492.7 401.8 536.6 389.0 549.3 ship 0
155.8 889.4 164.0 930.6 99.2 943.6 91.0 902.4 ship 0
159.9 937.9 166.2 954.8 93.1 982.1 86.8 965.2 ship 0
158.3 976.9 162.3 1014.7 92.7 1022.1 88.7 984.3 ship 0
-10.7 1007.4 -3.9 974.1 56.8 986.6 50.0 1019.9 ship 0
22.3 953.3 22.7 955.3 20.7 955.7 20.3 953.7 ship 0
49.8 894.7 53.3 920.4 -4.1 928.3 -7.7 902.6 ship 0
27.2 865.8 27.7 867.7 25.8 868.2 25.3 866.3 ship 0
348.9 304.1 360.0 272.0 426.1 294.9 415.0 327.0 ship 0
464.9 320.6 467.2 282.7 561.1 288.4 558.8 326.3 ship 0
457.1 352.0 468.6 315.7 539.1 338.1 527.7 374.3 ship 0
428.0 325.9 430.7 355.8 349.0 363.2 346.3 333.3 ship 0
351.5 378.6 359.0 366.8 421.5 406.4 414.0 418.2 ship 0
538.7 360.2 549.4 400.8 462.3 423.7 451.6 383.0 ship 0
448.9 437.5 467.8 400.0 548.1 440.5 529.2 478.0 ship 0
529.4 499.7 535.7 529.1 455.6 546.3 449.3 516.9 ship 0
426.6 456.7 430.1 486.5 336.8 497.5 333.3 467.7 ship 0
424.9 673.7 427.9 715.6 334.1 722.2 331.1 680.3 ship 0
335.5 665.4 335.5 643.4 429.5 643.6 429.5 665.6 ship 0
417.1 586.7 423.4 620.1 342.9 635.3 336.6 601.9 ship 0
337.2 584.6 349.0 536.0 424.8 554.4 413.0 603.0 ship 0
916.4 869.9 927.1 878.9 856.3 963.1 845.6 954.1 ship 0
919.0 848.2 923.8 873.7 855.1 886.8 850.2 861.2 ship 0
917.5 781.6 933.8 815.9 852.5 854.5 836.2 820.2 ship 0
836.5 788.2 838.6 750.3 936.5 755.8 934.3 793.7 ship 0
843.1 686.6 938.2 733.5 924.9 760.4 829.8 713.5 ship 0
832.9 664.5 842.1 644.5 931.1 685.5 921.9 705.5 ship 0
860.1 598.4 935.3 619.1 924.1 659.6 849.0 638.9 ship 0
832.9 582.5 836.2 556.7 965.1 573.5 961.8 599.3 ship 0
907.0 452.4 918.2 466.4 879.3 497.7 868.0 483.7 ship 0
841.5 416.7 854.3 389.6 946.5 433.3 933.6 460.4 ship 0
869.9 357.3 883.9 345.9 915.4 384.7 901.5 396.1 ship 0
866.2 325.9 879.1 290.2 914.8 303.1 901.9 338.8 ship 0
971.2 168.8 1006.1 183.8 983.3 237.1 948.3 222.2 ship 0
852.6 974.7 869.8 936.3 919.1 958.4 901.9 996.7 ship 0
873.8 1017.5 874.2 1015.6 876.2 1015.9 875.8 1017.9 ship 0
708.2 504.2 718.8 495.1 790.2 578.8 779.5 587.9 ship 0
687.5 272.8 711.2 248.5 735.5 272.2 711.8 296.5 ship 0
850.8 242.6 879.7 267.2 842.1 311.4 813.2 286.8 ship 0
772.8 276.4 791.0 305.2 731.8 342.6 713.7 313.9 ship 0
731.1 340.6 741.5 331.2 782.9 377.4 772.5 386.8 ship 0
725.0 410.0 734.6 377.4 801.8 397.2 792.2 429.8 ship 0
715.3 420.3 795.9 460.4 784.3 483.7 703.7 443.5 ship 0
715.1 468.6 725.2 458.8 787.9 523.4 777.9 533.1 ship 0
716.0 586.7 738.9 556.4 791.5 596.2 768.6 626.5 ship 0
705.7 1010.0 720.5 979.4 794.3 1015.0 779.5 1045.6 ship 0
715.3 635.5 729.6 604.7 800.3 637.5 786.0 668.4 ship 0
722.3 687.4 728.4 666.3 788.0 683.6 781.8 704.7 ship 0
719.1 770.1 744.1 741.5 802.9 792.9 777.9 821.5 ship 0
794.4 812.7 794.6 834.7 712.6 835.3 712.4 813.3 ship 0
756.1 856.0 768.3 862.9 753.6 889.0 741.4 882.1 ship 0
791.0 873.8 801.3 883.3 718.7 973.1 708.4 963.7 ship 0
782.3 940.6 791.0 977.6 715.0 995.4 706.4 958.3 ship 0
92.4 873.7 106.2 842.6 166.6 869.3 152.8 900.4 ship 0
3.0 783.0 19.3 762.8 58.3 794.1 42.0 814.4 ship 0
90.5 837.3 98.6 808.5 181.5 831.7 173.4 860.5 ship 0
83.0 668.3 84.3 669.8 82.9 671.1 81.5 669.7 harbor 0
433.8 656.2 434.8 657.9 433.0 658.9 432.1 657.1 harbor 0
868.8 585.1 920.8 643.2 788.2 761.9 736.2 703.8 harbor 0
710.8 114.6 742.5 81.3 784.5 121.4 752.7 154.6 swimming-pool 0
176.5 442.1 178.3 464.0 104.5 469.9 102.7 448.0 ship 0
172.1 484.0 173.8 505.9 108.0 511.0 106.3 489.1 ship 0
79.4 442.8 81.9 460.6 4.6 471.2 2.1 453.4 ship 0
10.2 489.4 17.7 473.1 77.8 500.6 70.3 516.9 ship 0
72.9 516.6 75.0 554.6 5.1 558.4 3.0 520.5 ship 0
98.2 555.8 102.1 514.0 179.8 521.2 175.9 563.0 ship 0
101.1 584.7 105.2 563.1 173.9 576.3 169.8 597.9 ship 0
97.7 631.2 109.6 595.1 172.3 615.8 160.4 651.9 ship 0
63.5 593.3 72.8 634.2 8.5 648.9 -0.9 608.0 ship 0
-6.4 581.1 5.5 549.3 71.0 573.9 59.1 605.7 ship 0
-5.3 673.7 -0.8 640.0 60.7 648.2 56.2 681.9 ship 0
98.4 661.5 121.7 631.5 170.6 669.5 147.3 699.5 ship 0
104.9 696.7 116.4 682.8 158.1 717.1 146.6 731.0 ship 0
56.7 679.8 58.3 721.8 -3.7 724.2 -5.3 682.2 ship 0
-1.1 762.2 4.7 720.6 66.1 729.1 60.3 770.7 ship 0
91.3 765.8 98.6 720.4 171.7 732.2 164.4 777.6 ship 0
84.1 792.7 88.9 771.2 172.8 789.7 168.1 811.2 ship 0
14.9 408.7 23.8 384.2 82.1 405.3 73.2 429.8 ship 0
139.6 414.7 140.1 412.8 142.0 413.3 141.5 415.2 ship 0
106.3 347.6 187.9 355.6 183.7 397.4 102.1 389.4 ship 0
79.6 353.9 80.1 387.9 -1.8 389.2 -2.4 355.2 ship 0
87.8 241.0 91.8 231.8 167.2 264.0 163.2 273.2 ship 0
112.3 302.3 113.7 268.4 183.7 271.3 182.3 305.2 ship 0
115.2 347.1 116.9 309.1 178.8 311.9 177.1 349.9 ship 0
0.8 333.7 4.0 303.9 73.6 311.4 70.4 341.2 ship 0
479.2 88.4 491.8 75.5 524.8 107.6 512.2 120.5 small-vehicle 0
410.8 95.8 427.2 66.0 471.0 90.1 454.7 119.9 small-vehicle 0
