533.6 -9.5 537.3 8.1 445.4 27.5 441.7 9.9 ship 0
441.1 55.4 442.0 37.5 519.9 41.6 519.0 59.5 ship 0
433.4 91.1 439.2 69.9 529.8 94.9 524.0 116.1 ship 0
437.1 148.0 439.5 126.1 528.9 136.0 526.5 157.9 ship 0
436.2 182.9 442.2 161.7 528.8 186.1 522.8 207.3 ship 0
505.8 200.9 527.6 232.0 493.2 256.1 471.4 225.0 ship 0
326.1 247.2 329.4 209.3 458.9 220.8 455.6 258.7 ship 0
311.0 180.4 328.1 142.1 432.2 188.6 415.0 226.9 ship 0
404.0 107.6 417.3 138.9 338.1 172.5 324.8 141.1 ship 0
318.4 96.1 328.7 63.7 418.3 92.0 408.1 124.4 ship 0
400.7 13.7 419.1 51.4 345.3 87.3 326.9 49.6 ship 0
318.1 13.5 323.6 -16.0 423.9 2.5 418.4 32.0 ship 0
166.4 65.9 168.5 115.8 90.6 119.1 88.5 69.2 ship 0
88.2 143.6 88.9 125.6 166.8 128.4 166.1 146.4 ship 0
86.5 177.1 89.8 159.4 166.5 173.9 163.2 191.6 ship 0
135.5 201.3 138.7 231.2 9.5 245.3 6.2 215.5 ship 0
-10.4 177.5 -6.3 155.9 58.5 168.4 54.4 190.0 ship 0
-0.9 138.5 -0.1 120.5 45.9 122.5 45.1 140.5 ship 0
-9.4 108.2 -9.0 66.2 57.0 66.8 56.6 108.8 ship 0
26.4 43.8 26.7 41.9 28.6 42.2 28.3 44.1 ship 0
899.8 66.9 912.7 79.5 874.9 118.1 862.0 105.5 ship 0
912.8 11.2 928.7 41.2 863.3 75.8 847.4 45.8 ship 0
836.3 555.0 844.5 592.1 795.6 602.9 787.5 565.8 ship 0
879.3 591.5 910.9 630.3 856.7 674.5 825.1 635.7 ship 0
881.1 654.3 893.0 661.8 861.9 710.7 850.0 703.2 ship 0
817.1 769.0 826.8 749.2 914.9 792.0 905.3 811.8 ship 0
849.6 154.4 860.3 113.8 924.1 130.6 913.4 171.2 ship 0
926.4 167.7 930.8 205.4 825.6 217.8 821.1 180.0 ship 0
734.0 265.3 787.1 208.1 817.9 236.7 764.8 293.8 ship 0
798.5 158.6 806.3 179.2 703.5 218.4 695.7 197.8 ship 0
719.6 35.3 732.7 17.6 792.1 61.7 779.0 79.4 ship 0
798.5 73.7 804.9 90.5 713.3 125.3 706.9 108.5 ship 0
788.2 109.9 799.0 158.7 711.1 178.1 700.3 129.3 ship 0
91.7 50.9 103.9 19.1 169.3 44.1 157.1 75.9 ship 0
826.4 884.3 827.9 866.4 901.6 872.7 900.1 890.6 ship 0
99.1 13.7 101.8 -4.1 174.9 7.3 172.2 25.1 ship 0
814.2 833.4 824.1 800.9 917.8 829.6 907.9 862.1 ship 0
895.2 879.5 908.6 891.5 837.8 970.5 824.4 958.5 ship 0
488.4 987.6 502.8 1018.4 443.0 1046.4 428.6 1015.6 ship 0
339.8 981.7 370.6 1010.2 350.2 1032.3 319.4 1003.8 ship 0
313.0 992.4 313.1 954.4 403.1 954.5 403.0 992.5 ship 0
308.1 918.7 316.6 898.4 406.9 936.3 398.4 956.6 ship 0
304.3 827.4 314.6 807.9 404.7 855.6 394.4 875.1 ship 0
403.2 775.4 404.8 817.4 318.8 820.6 317.2 778.6 ship 0
687.8 645.0 695.9 599.7 804.2 619.0 796.1 664.3 ship 0
680.2 732.3 688.1 695.1 803.5 719.8 795.6 756.9 ship 0
789.3 750.3 789.8 788.3 691.9 789.7 691.3 751.7 ship 0
416.3 969.3 422.3 948.1 512.7 973.7 506.7 994.9 ship 0
427.5 948.8 428.2 910.8 510.1 912.2 509.5 950.2 ship 0
53.4 958.1 63.6 986.3 1.6 1008.9 -8.6 980.7 ship 0
-8.0 952.9 -4.9 935.1 64.0 947.1 60.9 964.9 ship 0
-1.9 906.3 3.7 889.2 66.5 909.7 60.8 926.8 ship 0
61.2 845.0 70.5 881.9 -1.2 900.0 -10.5 863.1 ship 0
-0.3 838.0 10.7 805.9 69.3 826.0 58.3 858.1 ship 0
60.5 786.4 62.3 804.3 4.5 809.9 2.8 791.9 ship 0
52.4 699.9 63.1 728.0 12.6 747.1 1.9 719.0 ship 0
469.9 556.5 471.7 578.4 346.1 588.5 344.3 566.6 ship 0
514.8 591.7 524.5 606.9 445.2 657.3 435.5 642.1 ship 0
436.2 674.7 444.1 641.6 527.8 661.3 519.9 694.4 ship 0
407.0 589.2 414.0 638.7 328.9 650.8 321.8 601.3 ship 0
492.0 731.9 502.4 751.3 455.0 777.0 444.5 757.7 ship 0
519.7 777.5 521.3 819.5 435.3 822.6 433.8 780.6 ship 0
426.4 835.4 434.7 815.1 514.3 847.6 506.0 867.9 ship 0
498.2 859.1 507.3 874.7 439.9 913.9 430.8 898.4 ship 0
732.2 840.0 740.3 802.9 781.4 811.9 773.2 849.0 ship 0
681.6 880.7 689.9 831.4 790.5 848.3 782.2 897.7 ship 0
691.9 958.3 700.3 929.5 786.7 954.7 778.3 983.5 ship 0
911.3 962.7 913.4 988.6 819.7 996.3 817.6 970.4 ship 0
69.1 630.5 73.2 656.2 8.0 666.4 3.9 640.7 ship 0
102.5 678.8 110.4 667.2 188.0 720.2 180.2 731.8 ship 0
100.0 750.2 104.3 728.7 169.0 741.7 164.7 763.3 ship 0
88.8 774.3 97.8 758.7 179.2 805.7 170.2 821.3 ship 0
183.6 814.4 186.6 836.2 97.4 848.6 94.4 826.8 ship 0
84.1 867.7 101.9 834.2 184.9 878.3 167.1 911.8 ship 0
88.8 977.3 102.0 929.1 177.2 949.7 164.0 997.9 ship 0
81.0 1007.4 94.6 976.2 166.0 1007.6 152.4 1038.8 ship 0
104.2 654.3 122.8 625.8 178.1 661.7 159.6 690.2 ship 0
101.8 599.8 111.2 584.5 174.3 623.2 164.9 638.5 ship 0
9.6 565.3 21.3 542.1 80.3 571.7 68.6 595.0 ship 0
