829.7 364.4 838.4 369.4 819.5 402.4 810.8 397.4 small-vehicle 0
980.7 936.2 999.4 959.6 985.3 970.8 966.6 947.4 small-vehicle 0
997.1 916.8 1003.0 917.4 998.9 955.2 993.0 954.6 small-vehicle 0
1012.9 599.6 1014.4 600.9 1013.1 602.4 1011.6 601.1 small-vehicle 0
975.7 568.3 992.2 561.2 999.3 577.7 982.8 584.8 small-vehicle 0
880.2 438.1 901.3 444.2 891.8 476.9 870.7 470.8 small-vehicle 0
846.2 392.4 852.1 392.8 848.8 438.7 842.8 438.2 small-vehicle 0
697.2 216.8 714.6 230.3 693.8 257.2 676.4 243.7 small-vehicle 0
731.4 249.9 737.9 257.5 712.1 279.6 705.6 272.0 small-vehicle 0
785.3 311.4 809.1 321.9 793.7 356.6 769.9 346.1 small-vehicle 0
917.9 470.3 925.5 476.8 906.1 499.7 898.5 493.2 small-vehicle 0
958.4 506.5 966.3 512.6 945.6 539.5 937.7 533.4 small-vehicle 0
932.7 480.1 940.7 486.1 917.9 516.4 909.9 510.4 small-vehicle 0
820.9 349.2 827.8 356.4 803.1 379.8 796.2 372.6 small-vehicle 0
739.7 267.1 747.3 273.6 727.8 296.3 720.2 289.8 small-vehicle 0
675.4 185.3 684.5 189.3 667.6 227.7 658.5 223.7 small-vehicle 0
652.7 164.6 660.1 171.4 634.5 199.4 627.1 192.7 small-vehicle 0
637.4 156.1 644.0 163.6 624.6 180.9 618.0 173.4 small-vehicle 0
208.7 42.8 226.2 62.0 198.2 87.6 180.6 68.4 small-vehicle 0
255.3 706.7 257.3 706.3 257.7 708.3 255.7 708.7 baseball-diamond 0
907.9 827.0 1026.7 799.2 1037.1 844.0 918.3 871.8 tennis-court 0
772.6 761.7 935.5 635.6 995.5 713.2 832.5 839.2 tennis-court 0
739.6 621.2 811.2 581.1 853.1 656.2 781.6 696.2 tennis-court 0
633.5 530.2 736.3 472.3 780.5 550.8 677.7 608.7 tennis-court 0
519.1 470.0 651.5 339.3 723.1 411.9 590.8 542.6 tennis-court 0
513.7 327.9 547.6 325.2 550.3 359.1 516.4 361.8 tennis-court 0
932.3 962.1 940.0 955.7 969.7 990.9 962.0 997.3 small-vehicle 0
922.3 977.2 931.5 973.4 941.4 997.4 932.1 1001.2 small-vehicle 0
917.5 986.1 930.0 1013.4 913.6 1020.9 901.2 993.6 small-vehicle 0
967.3 946.7 977.8 979.0 964.4 983.3 954.0 951.0 small-vehicle 0
1016.4 572.1 1021.5 580.7 995.6 595.9 990.5 587.3 small-vehicle 0
964.9 553.9 985.9 538.7 994.1 550.1 973.1 565.3 small-vehicle 0
953.3 537.9 977.0 527.3 982.7 540.1 959.0 550.7 small-vehicle 0
877.7 480.1 878.7 462.1 920.7 464.6 919.6 482.6 small-vehicle 0
883.0 427.6 889.6 435.1 864.0 457.4 857.4 449.9 small-vehicle 0
848.0 435.9 862.0 413.9 873.8 421.5 859.8 443.4 small-vehicle 0
842.9 385.9 850.0 392.9 826.1 417.1 819.0 410.1 small-vehicle 0
796.8 330.3 818.2 345.2 794.2 379.7 772.8 364.8 small-vehicle 0
781.0 301.9 794.7 319.1 771.3 337.8 757.6 320.6 small-vehicle 0
741.5 305.9 755.8 289.2 775.5 306.1 761.2 322.8 small-vehicle 0
723.2 232.9 729.1 240.9 701.8 261.1 695.9 253.1 small-vehicle 0
691.1 206.5 698.3 213.4 677.4 235.0 670.2 228.1 small-vehicle 0
631.1 142.3 636.0 151.0 609.9 165.7 605.0 157.0 small-vehicle 0
361.9 252.1 467.6 163.4 530.6 238.5 424.9 327.2 tennis-court 0
