502.5 302.6 579.5 255.9 663.5 394.4 586.5 441.1 tennis-court 0
481.2 892.3 543.0 992.8 483.3 1029.5 421.5 929.0 tennis-court 0
417.1 921.7 467.0 1028.6 428.9 1046.3 379.0 939.4 tennis-court 0
532.4 641.3 546.7 672.1 508.6 689.7 494.3 658.9 swimming-pool 0
472.9 46.6 496.4 22.1 532.5 56.8 508.9 81.3 swimming-pool 0
98.0 829.1 137.0 965.6 88.9 979.3 49.9 842.8 harbor 0
112.8 656.5 164.0 587.4 265.2 662.5 214.0 731.6 harbor 0
212.4 428.9 291.4 527.1 177.6 618.6 98.6 520.4 harbor 0
54.9 349.6 304.9 258.8 341.1 358.4 91.1 449.2 harbor 0
266.6 118.1 316.4 216.2 143.4 303.9 93.6 205.8 harbor 0
48.3 47.9 346.9 -18.9 365.7 65.1 67.1 131.9 harbor 0
69.4 953.2 105.2 940.7 124.5 995.4 88.6 1008.0 ship 0
250.3 176.0 258.9 181.1 243.7 207.0 235.1 201.9 ship 0
133.0 295.0 152.9 332.0 123.0 348.0 103.1 311.0 ship 0
180.9 304.0 184.3 308.9 140.1 340.0 136.7 335.1 ship 0
155.7 306.8 160.1 302.7 194.3 339.2 189.9 343.3 ship 0
228.4 341.6 235.0 304.2 256.6 308.0 250.0 345.4 ship 0
292.7 304.1 296.8 308.5 257.3 345.3 253.2 340.9 ship 0
296.6 305.4 305.6 309.7 287.4 347.6 278.4 343.3 ship 0
309.1 309.4 318.9 311.7 309.9 348.6 300.1 346.3 ship 0
87.7 357.3 357.3 342.7 360.3 396.7 90.7 411.3 ship 0
249.8 349.7 267.4 346.1 279.2 402.9 261.6 406.5 ship 0
306.5 359.5 318.5 352.3 346.5 398.5 334.5 405.7 ship 0
346.5 306.3 350.7 310.6 308.7 350.7 304.6 346.3 ship 0
340.6 304.7 350.6 305.4 347.4 351.3 337.4 350.6 ship 0
259.0 168.3 286.6 210.0 275.0 217.7 247.4 176.0 ship 0
26.8 379.8 67.3 332.9 99.1 360.3 58.6 407.2 ship 0
292.0 175.6 297.0 178.8 281.0 204.1 275.9 200.9 ship 0
304.9 178.5 314.8 179.7 311.1 209.5 301.2 208.3 ship 0
329.7 168.0 339.5 170.0 330.3 215.0 320.5 213.0 ship 0
355.0 167.0 364.5 170.1 349.0 217.6 339.5 214.6 ship 0
350.7 222.3 360.0 226.0 342.7 268.7 333.4 264.9 ship 0
325.2 219.6 335.2 220.7 330.8 258.4 320.8 257.3 ship 0
317.9 221.8 323.3 224.4 305.1 262.2 299.7 259.6 ship 0
277.3 284.2 299.0 188.7 312.7 191.8 291.0 287.3 ship 0
270.4 237.3 273.3 232.0 285.6 238.7 282.7 244.0 ship 0
251.3 257.9 259.0 216.6 272.7 219.1 265.0 260.4 ship 0
232.2 235.5 235.4 230.5 253.8 242.5 250.6 247.5 ship 0
204.3 188.7 238.2 276.4 217.7 284.3 183.8 196.6 ship 0
6.0 329.1 246.1 359.0 239.0 416.5 -1.2 386.7 ship 0
38.8 289.5 75.1 317.7 39.4 363.5 3.2 335.2 ship 0
239.7 179.9 242.7 185.1 213.3 202.1 210.3 196.9 ship 0
257.5 621.8 267.5 621.0 270.5 658.9 260.5 659.7 ship 0
35.5 904.2 76.3 883.0 97.5 923.8 56.7 945.0 ship 0
95.9 775.1 121.0 768.1 130.1 800.9 105.0 807.9 ship 0
86.7 766.7 114.0 808.6 102.3 816.3 75.0 774.4 ship 0
35.8 616.5 45.3 619.8 22.2 685.8 12.7 682.5 ship 0
57.5 624.5 61.8 628.7 46.5 644.5 42.2 640.3 ship 0
73.6 616.3 82.0 649.2 68.4 652.7 60.0 619.8 ship 0
66.7 677.0 99.3 650.5 123.3 680.0 90.7 706.5 ship 0
171.0 649.6 187.3 679.4 140.0 705.4 123.7 675.6 ship 0
141.4 616.3 159.4 616.6 158.5 658.6 140.5 658.2 ship 0
188.4 607.2 212.9 641.2 175.7 668.2 151.1 634.1 ship 0
208.0 677.6 308.1 657.8 313.9 687.2 213.9 707.1 ship 0
270.6 622.8 273.8 627.9 224.9 659.1 221.7 654.1 ship 0
307.7 622.5 317.9 632.1 286.3 665.5 276.1 655.9 ship 0
18.9 464.4 32.9 463.6 38.1 561.5 24.1 562.2 ship 0
290.0 673.9 297.1 666.8 324.0 693.6 316.9 700.7 ship 0
330.3 658.7 360.1 675.0 341.7 708.3 311.9 692.0 ship 0
319.3 620.6 356.6 627.8 348.6 669.1 311.3 661.8 ship 0
338.0 526.8 348.6 563.3 266.1 587.4 255.4 550.9 ship 0
156.2 515.8 261.2 439.1 297.8 489.2 192.8 565.9 ship 0
214.3 527.6 227.9 530.7 216.7 579.4 203.1 576.3 ship 0
190.6 522.6 214.9 551.8 176.4 583.7 152.1 554.5 ship 0
23.4 546.4 52.2 515.9 85.6 547.6 56.8 578.1 ship 0
108.1 517.8 135.5 544.1 100.9 580.2 73.5 553.9 ship 0
-4.7 455.9 338.7 497.9 332.7 547.6 -10.8 505.5 ship 0
62.2 488.7 92.6 459.8 140.9 510.5 110.5 539.4 ship 0
49.4 482.7 63.4 482.3 64.5 516.2 50.5 516.7 ship 0
154.5 207.2 176.4 209.9 169.4 267.4 147.6 264.8 ship 0
232.6 163.3 236.5 167.9 179.4 215.0 175.6 210.4 ship 0
264.4 10.1 381.4 25.1 377.6 54.9 260.6 39.9 ship 0
328.7 54.3 338.7 54.4 338.3 104.4 328.3 104.3 ship 0
341.8 51.8 351.6 49.8 363.2 106.6 353.4 108.6 ship 0
277.9 55.4 287.4 52.2 305.1 103.2 295.6 106.5 ship 0
299.7 53.2 309.2 50.2 325.3 101.8 315.8 104.8 ship 0
260.6 56.5 270.2 53.7 285.4 105.5 275.8 108.3 ship 0
156.9 229.2 202.6 137.9 215.1 144.2 169.5 235.4 ship 0
113.1 9.3 123.1 9.7 121.9 47.7 111.9 47.3 ship 0
159.1 171.2 169.1 170.0 172.9 203.8 162.9 205.0 ship 0
134.8 210.7 144.5 161.6 158.2 164.3 148.5 213.4 ship 0
152.8 159.5 156.7 164.0 100.2 211.9 96.3 207.3 ship 0
80.4 164.0 84.3 159.5 134.5 202.3 130.7 206.9 ship 0
110.8 161.7 114.5 166.4 66.2 205.3 62.5 200.6 ship 0
120.3 213.6 131.7 249.8 110.7 256.4 99.3 220.2 ship 0
76.4 214.5 86.4 214.2 87.5 252.2 77.5 252.5 ship 0
44.6 197.6 50.0 195.0 85.4 269.0 79.9 271.6 ship 0
105.2 -1.6 108.4 3.5 35.8 49.6 32.6 44.5 ship 0
48.1 115.0 79.6 22.2 92.8 26.7 61.4 119.5 ship 0
95.4 13.2 99.7 17.4 78.6 38.8 74.3 34.6 ship 0
99.2 5.9 105.2 6.1 103.8 48.1 97.8 47.9 ship 0
73.4 47.2 82.3 42.7 108.6 94.4 99.7 98.9 ship 0
266.6 13.9 280.6 14.1 280.4 52.1 266.4 51.9 ship 0
127.3 42.4 147.8 96.6 134.7 101.6 114.2 47.4 ship 0
151.2 58.2 160.5 61.8 149.8 89.8 140.5 86.2 ship 0
148.2 8.8 152.9 12.6 123.8 48.2 119.1 44.4 ship 0
145.3 14.0 151.3 14.0 151.7 44.0 145.7 44.0 ship 0
161.4 9.7 167.4 9.3 169.6 43.3 163.6 43.7 ship 0
172.8 11.8 178.7 10.3 187.2 43.2 181.3 44.7 ship 0
177.0 64.0 181.3 59.9 205.0 84.2 200.7 88.4 ship 0
119.0 85.2 273.9 5.8 304.0 64.5 149.1 143.9 ship 0
248.4 8.2 252.2 12.8 207.6 49.8 203.8 45.2 ship 0
244.1 -12.0 254.8 73.3 240.9 75.0 230.2 -10.3 ship 0
224.4 50.5 234.4 49.5 239.6 99.2 229.6 100.2 ship 0
241.7 50.7 251.5 49.0 260.3 102.3 250.5 104.0 ship 0
