222.7 373.7 266.7 387.2 240.3 473.3 196.3 459.8 ship 0
335.7 404.6 350.6 414.7 302.3 485.8 287.4 475.7 ship 0
269.7 396.8 291.4 400.2 278.3 485.2 256.6 481.8 ship 0
282.5 503.7 298.1 512.7 252.6 590.4 237.1 581.4 ship 0
227.4 490.3 265.1 508.7 227.4 586.0 189.6 567.6 ship 0
160.6 483.0 192.4 503.7 143.4 579.2 111.5 558.5 ship 0
119.7 484.9 135.8 493.0 106.3 552.1 90.2 544.0 ship 0
77.7 463.4 115.3 482.1 78.7 555.5 41.1 536.8 ship 0
113.5 357.5 129.1 373.0 65.7 436.9 50.1 421.4 ship 0
6.7 358.5 25.9 347.7 68.3 422.5 49.1 433.3 ship 0
223.1 739.9 257.8 763.6 213.9 828.0 179.2 804.4 ship 0
187.8 371.5 208.2 379.8 172.9 466.9 152.5 458.6 ship 0
160.4 375.1 173.1 387.8 112.6 448.9 99.9 436.2 ship 0
393.1 535.6 409.0 543.9 373.0 613.1 357.0 604.7 ship 0
423.4 531.3 440.7 536.5 415.6 618.8 398.3 613.5 ship 0
279.9 754.3 317.8 756.9 312.1 842.7 274.2 840.1 ship 0
262.4 848.5 278.4 856.7 244.6 922.5 228.6 914.3 ship 0
247.4 921.0 305.6 857.7 321.8 872.6 263.5 935.9 ship 0
330.9 861.1 347.6 867.8 317.1 943.9 300.4 937.2 ship 0
331.4 764.2 369.9 780.9 340.6 848.8 302.1 832.1 ship 0
391.7 772.0 406.4 782.3 361.3 846.0 346.6 835.7 ship 0
397.3 775.6 435.2 778.4 428.6 868.2 390.7 865.4 ship 0
356.7 866.6 374.3 870.3 357.5 950.6 339.9 946.9 ship 0
385.5 881.6 403.5 882.1 401.2 952.1 383.2 951.5 ship 0
429.9 885.2 446.9 891.0 427.1 949.8 410.1 944.0 ship 0
444.9 784.6 485.7 794.6 467.1 870.4 426.3 860.4 ship 0
498.1 785.1 531.8 802.7 491.9 878.9 458.2 861.3 ship 0
467.3 890.3 484.0 897.2 455.7 965.6 439.0 958.7 ship 0
503.7 895.4 520.5 901.9 492.3 974.6 475.5 968.1 ship 0
569.0 798.5 577.9 809.3 496.0 876.5 487.1 865.7 ship 0
585.9 804.9 601.6 813.8 559.0 888.5 543.4 879.6 ship 0
542.1 917.2 554.2 924.3 522.9 977.8 510.8 970.7 ship 0
586.1 911.6 597.2 920.1 544.9 988.4 533.8 979.9 ship 0
604.3 914.1 621.4 919.6 597.7 993.9 580.6 988.4 ship 0
578.5 882.5 623.3 809.1 645.5 822.7 600.6 896.1 ship 0
393.7 427.8 435.6 425.3 440.3 503.2 398.4 505.7 ship 0
462.6 424.0 497.9 446.7 451.4 519.0 416.1 496.3 ship 0
517.5 438.0 540.6 449.9 499.5 530.0 476.4 518.1 ship 0
504.7 553.8 521.4 560.8 488.3 640.2 471.6 633.2 ship 0
457.3 539.2 475.0 542.7 455.7 638.8 438.0 635.3 ship 0
299.9 82.2 325.5 86.4 304.9 210.7 279.3 206.5 ship 0
404.2 99.9 422.2 99.2 424.8 165.1 406.8 165.8 ship 0
374.1 -28.4 415.0 -18.9 390.3 88.3 349.4 78.8 ship 0
474.5 102.9 496.6 116.7 436.2 213.3 414.1 199.6 ship 0
339.7 -17.8 359.8 -8.9 323.2 73.3 303.1 64.4 ship 0
70.1 54.2 86.4 68.9 20.9 141.8 4.6 127.1 ship 0
108.8 55.5 128.6 65.1 82.2 160.5 62.4 150.9 ship 0
178.6 65.1 191.6 77.5 113.2 160.2 100.1 147.8 ship 0
222.8 85.4 238.6 100.8 172.9 168.0 157.1 152.6 ship 0
261.0 82.5 284.5 93.8 240.1 185.7 216.7 174.4 ship 0
195.7 853.5 212.4 846.8 238.4 911.8 221.7 918.5 ship 0
258.5 729.0 297.7 744.1 259.5 843.0 220.3 827.9 ship 0
152.9 835.6 169.3 842.9 145.8 895.9 129.3 888.6 ship 0
-5.6 705.9 31.0 695.5 54.6 778.2 18.0 788.6 ship 0
85.1 705.8 95.9 714.6 38.9 784.2 28.1 775.4 ship 0
-0.4 800.6 29.3 805.3 18.4 874.4 -11.3 869.7 ship 0
49.3 804.8 81.9 824.4 41.7 891.2 9.1 871.6 ship 0
103.5 716.0 135.3 736.8 94.8 798.7 63.0 777.9 ship 0
140.2 725.2 180.0 748.3 144.8 808.8 105.0 785.7 ship 0
105.9 814.1 145.9 826.8 122.2 901.2 82.2 888.4 ship 0
