468.0 849.2 509.8 955.3 388.8 1002.9 347.0 896.8 harbor 0
108.3 762.9 172.5 694.2 211.9 731.2 147.7 799.8 ship 0
319.8 995.3 329.2 998.9 317.2 1030.7 307.8 1027.2 ship 0
346.2 874.6 352.2 874.7 351.4 912.7 345.4 912.6 ship 0
361.3 885.8 367.2 886.3 364.7 920.2 358.8 919.7 ship 0
382.0 894.0 387.1 897.2 369.0 926.0 363.9 922.8 ship 0
426.2 932.3 432.0 930.8 437.5 952.1 431.7 953.6 ship 0
448.9 933.7 454.3 936.4 437.4 970.4 432.1 967.7 ship 0
478.7 931.0 486.4 937.4 457.3 973.0 449.6 966.6 ship 0
512.1 948.5 524.0 955.9 488.8 1011.8 476.9 1004.3 ship 0
402.3 899.5 417.8 878.6 467.7 915.5 452.2 936.4 ship 0
463.6 917.5 481.9 893.7 534.2 933.9 515.9 957.7 ship 0
535.5 968.1 547.1 976.0 514.5 1023.9 502.9 1016.0 ship 0
300.6 984.3 306.6 983.8 309.4 1021.7 303.4 1022.2 ship 0
289.2 930.4 297.1 936.5 273.8 966.6 265.9 960.5 ship 0
304.0 939.2 311.7 945.6 290.0 971.8 282.3 965.4 ship 0
336.7 970.4 370.6 972.6 368.4 1006.5 334.5 1004.3 ship 0
389.7 990.7 410.0 999.2 395.3 1034.3 375.0 1025.8 ship 0
