148.4 620.9 153.7 623.8 127.6 671.1 122.3 668.2 ship 0
28.5 638.1 47.7 648.9 7.7 720.4 -11.5 709.7 ship 0
28.7 640.7 112.0 662.2 108.5 675.7 25.2 654.2 ship 0
49.9 663.4 54.0 659.1 76.0 679.5 71.9 683.9 ship 0
37.5 681.3 49.1 689.2 34.5 710.7 22.9 702.8 ship 0
58.9 698.6 70.1 707.0 54.4 727.7 43.3 719.3 ship 0
96.3 682.2 105.4 686.3 84.7 731.8 75.6 727.7 ship 0
130.7 690.2 137.9 697.1 92.7 745.1 85.4 738.2 ship 0
169.5 702.8 198.8 720.1 169.3 770.1 140.0 752.8 ship 0
216.0 650.4 220.3 654.6 183.0 693.6 178.7 689.4 ship 0
191.9 643.1 197.7 644.6 185.1 692.9 179.3 691.4 ship 0
219.1 603.3 232.6 606.9 222.9 643.7 209.4 640.1 ship 0
189.4 596.4 197.7 602.1 169.3 643.2 161.0 637.5 ship 0
163.6 641.6 172.9 645.2 163.4 669.4 154.1 665.8 ship 0
77.1 938.4 100.9 948.8 80.9 994.6 57.1 984.2 ship 0
98.8 953.7 107.8 958.1 91.2 992.3 82.2 987.9 ship 0
-11.2 868.3 4.4 842.7 81.3 889.5 65.7 915.1 ship 0
121.1 783.8 160.6 807.5 128.7 860.7 89.3 837.0 ship 0
156.4 627.3 161.6 630.3 140.6 666.7 135.4 663.7 ship 0
172.3 594.1 177.2 597.5 155.7 628.9 150.8 625.5 ship 0
134.9 611.3 172.0 591.7 176.7 600.6 139.6 620.2 ship 0
38.6 586.0 43.0 590.0 17.4 618.0 13.0 614.0 ship 0
133.1 620.8 138.1 624.1 114.9 659.2 109.9 655.9 ship 0
111.3 623.5 117.3 623.5 117.7 649.5 111.7 649.5 ship 0
137.6 580.1 145.7 585.9 126.0 613.6 117.8 607.8 ship 0
124.2 567.1 132.3 573.0 102.7 613.4 94.7 607.5 ship 0
101.3 613.5 109.5 619.2 94.7 640.5 86.5 634.8 ship 0
241.1 581.3 274.9 584.9 270.9 622.7 237.1 619.1 ship 0
296.6 612.5 337.6 591.6 360.4 636.1 319.4 657.0 ship 0
72.2 601.2 80.8 606.3 65.3 632.0 56.7 626.9 ship 0
88.2 551.1 97.9 553.7 83.8 605.9 74.1 603.3 ship 0
71.5 549.0 80.4 553.6 57.5 598.0 48.6 593.4 ship 0
47.8 590.6 57.7 591.6 54.2 625.4 44.3 624.4 ship 0
13.9 580.0 19.8 579.3 24.1 613.0 18.2 613.7 ship 0
43.9 542.5 52.0 548.4 29.8 579.2 21.7 573.3 ship 0
14.3 533.0 35.1 540.3 25.2 568.6 4.4 561.3 ship 0
34.3 128.3 126.8 55.0 259.7 222.7 167.2 296.0 harbor 0
148.6 319.5 156.4 325.8 127.4 361.5 119.6 355.2 ship 0
125.2 310.1 133.9 315.1 110.8 354.9 102.1 349.9 ship 0
110.9 300.1 118.9 306.1 86.5 349.3 78.5 343.3 ship 0
82.0 289.4 91.8 291.5 83.0 332.6 73.2 330.5 ship 0
116.6 381.3 126.6 381.8 124.4 427.7 114.4 427.2 ship 0
110.1 375.1 117.8 381.4 85.9 419.9 78.2 413.6 ship 0
97.9 354.0 105.4 360.6 59.3 413.3 51.8 406.7 ship 0
77.1 357.5 83.1 365.5 30.3 405.2 24.3 397.2 ship 0
49.6 333.1 57.9 338.7 18.7 396.7 10.4 391.1 ship 0
44.0 273.6 53.2 277.6 33.0 323.4 23.8 319.4 ship 0
31.5 263.6 39.9 269.1 10.5 314.4 2.1 308.9 ship 0
18.4 336.5 27.3 340.9 8.6 378.5 -0.3 374.1 ship 0
161.9 321.2 171.5 324.0 156.1 375.8 146.5 373.0 ship 0
183.5 335.0 192.7 338.8 173.5 385.0 164.3 381.2 ship 0
203.3 337.9 212.8 341.2 194.7 392.1 185.2 388.8 ship 0
318.5 463.0 327.2 468.0 304.5 508.0 295.8 503.0 ship 0
303.2 179.5 311.5 185.2 276.5 236.4 268.3 230.7 ship 0
276.1 174.7 293.3 188.5 266.9 221.2 249.8 207.4 ship 0
234.6 156.9 244.0 160.4 226.7 207.3 217.3 203.8 ship 0
223.7 145.4 231.7 151.4 199.3 194.6 191.3 188.6 ship 0
197.0 139.2 206.1 143.3 189.0 181.7 179.9 177.6 ship 0
367.2 412.2 403.3 424.1 388.8 467.8 352.7 455.9 ship 0
381.2 484.4 389.9 489.3 359.9 543.5 351.1 538.6 ship 0
408.8 449.8 432.0 461.5 413.1 499.0 389.9 487.3 ship 0
392.0 518.1 399.4 524.9 379.0 546.9 371.6 540.1 ship 0
363.1 483.2 371.6 488.5 344.9 530.8 336.4 525.5 ship 0
336.0 471.8 345.5 475.1 329.0 522.2 319.5 518.9 ship 0
304.1 454.8 312.1 460.9 271.9 513.2 263.9 507.1 ship 0
152.4 388.0 160.6 393.8 129.6 438.0 121.4 432.2 ship 0
271.5 448.2 280.7 452.1 263.0 494.6 253.8 490.7 ship 0
250.9 435.0 260.2 438.5 242.4 485.2 233.1 481.7 ship 0
320.9 395.3 329.7 400.0 308.1 440.6 299.3 435.9 ship 0
311.5 379.0 319.9 384.5 281.5 443.0 273.1 437.5 ship 0
282.5 375.1 291.5 379.4 268.4 428.2 259.3 423.9 ship 0
241.0 426.7 248.6 433.2 211.0 477.3 203.4 470.8 ship 0
228.6 361.6 234.5 360.7 242.5 410.0 236.6 411.0 ship 0
222.2 350.6 231.3 354.6 214.5 393.1 205.4 389.1 ship 0
219.9 419.0 227.0 426.0 194.8 458.8 187.6 451.7 ship 0
191.3 417.5 198.8 424.2 170.7 455.5 163.2 448.8 ship 0
172.6 396.6 181.0 402.1 148.9 450.5 140.6 445.0 ship 0
336.4 201.7 345.0 206.8 321.6 246.3 313.0 241.2 ship 0
309.5 194.4 319.2 196.5 310.5 237.6 300.8 235.5 ship 0
342.7 209.7 352.7 209.4 354.3 259.3 344.3 259.6 ship 0
544.1 115.5 549.5 112.8 571.9 157.5 566.5 160.2 ship 0
542.5 105.6 550.9 110.9 528.5 146.4 520.1 141.1 ship 0
531.7 86.8 539.6 92.8 504.5 139.0 496.5 132.9 ship 0
501.1 87.2 510.3 91.1 493.9 129.8 484.7 125.9 ship 0
484.5 76.0 493.6 80.1 474.5 122.0 465.4 117.9 ship 0
472.8 71.7 479.1 79.5 443.2 108.3 436.9 100.5 ship 0
455.6 54.5 463.2 61.0 423.3 108.4 415.6 102.0 ship 0
432.2 41.8 440.7 47.0 408.2 99.9 399.7 94.6 ship 0
407.7 41.1 416.0 46.7 392.5 81.5 384.2 75.9 ship 0
385.8 33.8 394.6 38.5 373.2 79.2 364.4 74.5 ship 0
366.0 29.8 374.4 35.1 354.0 67.2 345.6 61.9 ship 0
347.2 17.9 356.0 22.8 333.8 63.1 325.0 58.2 ship 0
322.4 10.4 331.8 13.9 318.6 49.6 309.2 46.1 ship 0
303.3 4.2 312.5 8.3 296.9 42.9 287.8 38.9 ship 0
526.6 180.0 536.6 180.0 536.4 210.0 526.4 210.0 ship 0
516.0 157.0 525.4 160.5 509.4 203.7 500.1 200.2 ship 0
497.0 149.6 506.3 153.3 491.0 192.4 481.7 188.7 ship 0
226.3 28.9 234.6 34.5 206.4 75.8 198.1 70.2 ship 0
121.1 -7.6 130.0 -2.9 116.2 23.7 107.3 19.1 ship 0
142.2 -0.6 150.9 4.4 134.2 34.0 125.5 29.1 ship 0
164.1 -1.3 173.4 2.3 156.9 45.3 147.6 41.7 ship 0
183.6 15.5 191.9 21.2 170.4 52.5 162.1 46.8 ship 0
201.0 19.4 210.2 23.4 192.0 65.6 182.8 61.6 ship 0
242.3 41.3 251.0 46.2 232.4 79.4 223.7 74.5 ship 0
483.2 138.7 491.9 143.5 467.7 187.3 458.9 182.4 ship 0
264.2 43.7 273.1 48.1 252.8 89.3 243.9 84.9 ship 0
285.3 51.7 294.0 56.6 269.7 100.3 261.0 95.4 ship 0
305.8 61.8 314.4 67.1 290.2 106.2 281.6 100.9 ship 0
320.2 71.2 329.6 74.6 313.8 117.8 304.4 114.4 ship 0
342.8 77.7 351.9 81.8 331.2 127.3 322.1 123.2 ship 0
361.0 89.0 370.1 93.1 351.0 135.0 341.9 130.9 ship 0
385.9 100.4 393.7 106.6 365.1 142.6 357.3 136.4 ship 0
400.1 103.5 409.3 107.4 389.9 153.5 380.7 149.6 ship 0
421.6 111.5 430.6 115.8 407.0 164.4 398.0 160.0 ship 0
444.7 122.9 453.0 128.6 422.3 173.1 414.0 167.4 ship 0
455.2 131.0 464.9 133.4 453.8 178.0 444.1 175.6 ship 0
402.8 218.8 411.1 224.4 374.2 279.2 365.9 273.6 ship 0
119.7 107.3 128.6 111.9 111.3 145.7 102.4 141.1 ship 0
164.5 118.8 172.7 124.5 139.6 172.1 131.4 166.4 ship 0
178.0 135.4 186.3 141.0 165.0 172.6 156.7 167.0 ship 0
94.7 155.2 103.9 159.3 81.9 208.6 72.8 204.5 ship 0
124.6 170.8 131.5 178.0 95.6 212.7 88.6 205.5 ship 0
127.8 177.9 137.5 180.1 128.2 221.1 118.5 218.9 ship 0
157.5 188.5 165.6 194.4 138.5 231.5 130.4 225.6 ship 0
171.6 195.1 180.6 199.5 160.4 240.9 151.4 236.5 ship 0
193.0 199.8 202.1 204.0 179.4 253.0 170.4 248.8 ship 0
205.2 214.0 215.1 215.7 208.1 257.1 198.3 255.5 ship 0
232.5 222.6 240.9 227.9 218.5 263.4 210.1 258.1 ship 0
256.3 224.4 264.8 229.6 234.2 278.9 225.7 273.7 ship 0
272.3 231.7 281.6 235.3 260.7 289.3 251.4 285.7 ship 0
293.1 244.2 301.9 249.0 277.9 292.8 269.1 288.0 ship 0
315.6 257.7 323.3 264.1 296.4 296.3 288.7 289.9 ship 0
352.1 282.5 382.0 285.7 377.9 323.5 348.0 320.3 ship 0
404.4 296.6 414.0 299.3 400.6 347.4 391.0 344.7 ship 0
424.0 310.5 433.5 313.5 420.7 353.5 411.1 350.5 ship 0
453.4 312.5 462.0 317.6 432.5 367.5 423.9 362.4 ship 0
482.8 302.1 491.6 306.7 468.2 350.9 459.4 346.3 ship 0
491.8 272.1 504.6 277.6 492.6 305.1 479.8 299.6 ship 0
478.1 258.8 486.4 264.3 459.0 306.1 450.6 300.6 ship 0
451.0 254.3 460.2 258.4 443.0 296.7 433.8 292.6 ship 0
439.1 241.5 447.2 247.4 419.9 284.5 411.8 278.6 ship 0
413.9 235.2 422.8 239.7 402.1 280.8 393.2 276.3 ship 0
101.2 99.1 109.3 105.1 81.9 142.1 73.9 136.1 ship 0
80.9 149.5 89.1 155.2 58.1 199.5 49.9 193.8 ship 0
51.8 144.1 61.3 147.4 46.2 190.9 36.7 187.6 ship 0
37.0 140.5 45.3 146.1 20.0 184.5 11.7 178.9 ship 0
42.4 74.6 50.5 80.6 25.6 114.4 17.5 108.4 ship 0
63.6 74.8 72.2 80.0 40.4 133.2 31.8 128.0 ship 0
77.5 87.5 86.6 91.7 67.5 133.5 58.4 129.3 ship 0
5.2 121.3 29.2 131.1 11.8 173.7 -12.2 163.9 ship 0
544.4 22.2 563.9 -5.6 578.6 4.8 559.1 32.6 ship 0
571.7 6.8 581.0 3.0 595.3 38.2 586.0 42.0 ship 0
