842.1 349.6 871.9 353.2 864.2 418.7 834.4 415.2 ship 0
901.5 860.9 910.0 866.2 887.6 901.8 879.1 896.4 ship 0
917.7 813.6 926.9 817.4 911.3 856.4 902.1 852.6 ship 0
931.8 819.9 941.5 822.4 931.2 863.1 921.5 860.6 ship 0
957.3 828.0 965.8 833.3 943.7 869.0 935.2 863.7 ship 0
973.1 835.6 981.8 840.6 958.9 880.4 950.2 875.4 ship 0
911.5 870.2 920.9 873.8 905.8 913.0 896.5 909.4 ship 0
932.0 877.6 941.0 881.9 921.0 923.4 912.0 919.1 ship 0
945.4 878.5 955.3 880.3 945.6 933.5 935.7 931.7 ship 0
948.3 889.5 953.9 887.3 973.7 937.5 968.1 939.7 ship 0
967.2 845.3 972.3 842.0 999.8 883.7 994.7 887.0 ship 0
1003.7 859.8 1033.6 862.4 1030.3 900.2 1000.4 897.6 ship 0
1006.4 909.7 1040.5 926.3 1022.1 964.1 987.9 947.4 ship 0
904.7 811.8 912.3 818.3 890.3 844.2 882.7 837.7 ship 0
887.2 849.1 895.8 854.3 869.8 896.9 861.2 891.7 ship 0
882.6 804.6 891.5 809.0 876.4 839.4 867.5 835.0 ship 0
668.9 878.9 677.2 884.5 656.1 916.1 647.8 910.5 ship 0
686.0 887.8 694.1 893.8 674.0 921.2 665.9 915.2 ship 0
716.4 899.4 725.8 902.9 712.6 938.6 703.2 935.1 ship 0
647.6 925.0 656.5 929.6 637.4 967.0 628.5 962.4 ship 0
665.3 930.5 674.3 934.9 655.7 972.5 646.7 968.1 ship 0
683.6 938.3 692.3 943.3 671.4 979.7 662.7 974.7 ship 0
702.0 946.6 710.6 951.7 687.1 991.3 678.5 986.1 ship 0
737.3 906.2 746.1 911.1 725.7 947.8 716.9 942.9 ship 0
753.5 914.1 762.1 919.3 742.5 951.9 733.9 946.7 ship 0
774.6 918.9 783.1 924.3 758.4 963.1 749.9 957.7 ship 0
791.4 927.0 799.8 932.5 774.6 971.0 766.2 965.5 ship 0
805.9 933.9 815.0 938.0 801.1 969.1 792.0 965.0 ship 0
716.1 952.7 724.9 957.4 704.9 994.3 696.1 989.6 ship 0
731.8 965.6 740.5 970.5 722.0 1003.7 713.2 998.8 ship 0
749.7 975.0 757.9 980.7 736.3 1012.0 728.1 1006.3 ship 0
767.7 977.6 776.6 982.1 759.5 1016.0 750.6 1011.5 ship 0
779.3 985.9 789.0 988.4 778.7 1029.1 769.0 1026.6 ship 0
791.6 995.6 801.6 995.4 802.4 1029.4 792.4 1029.6 ship 0
564.2 862.0 590.1 877.2 570.8 910.0 544.9 894.8 ship 0
642.9 864.6 663.7 880.3 607.1 955.4 586.3 939.7 ship 0
863.8 846.0 873.0 849.8 855.5 892.3 846.3 888.5 ship 0
900.7 996.5 932.8 985.3 942.8 1013.6 910.7 1024.8 ship 0
900.8 965.5 908.9 971.4 872.2 1021.5 864.1 1015.6 ship 0
885.3 949.9 893.8 955.2 856.8 1014.6 848.4 1009.3 ship 0
854.5 956.6 863.9 960.0 849.5 999.4 840.1 996.0 ship 0
839.7 950.2 848.4 955.1 829.7 988.2 821.0 983.3 ship 0
825.3 941.0 834.1 945.7 814.4 982.8 805.5 978.0 ship 0
697.2 728.9 721.5 746.4 676.0 809.7 651.6 792.2 ship 0
736.9 734.5 744.1 741.4 712.3 774.6 705.1 767.7 ship 0
720.9 784.0 728.6 795.7 690.1 821.0 682.4 809.3 ship 0
746.8 789.9 761.3 800.6 729.2 844.1 714.7 833.4 ship 0
750.7 743.0 758.5 749.2 737.4 775.9 729.6 769.6 ship 0
764.6 752.0 772.6 758.0 752.3 785.3 744.3 779.3 ship 0
782.3 760.2 786.6 789.8 772.7 791.8 768.4 762.2 ship 0
799.3 761.8 808.2 766.5 790.7 800.2 781.8 795.5 ship 0
806.4 770.4 816.4 770.6 815.6 808.6 805.6 808.4 ship 0
778.8 812.4 787.2 817.7 769.2 846.6 760.8 841.3 ship 0
797.2 818.0 805.7 823.3 781.6 862.4 773.1 857.2 ship 0
834.1 780.7 842.6 785.9 824.7 814.9 816.2 809.6 ship 0
852.6 784.8 861.3 789.7 842.6 822.8 833.9 817.9 ship 0
869.6 796.3 877.3 802.7 855.4 828.7 847.7 822.3 ship 0
833.1 839.3 838.1 842.6 818.9 870.7 813.9 867.4 ship 0
847.1 842.3 852.4 845.0 834.9 878.7 829.6 876.0 ship 0
979.1 153.1 987.4 158.6 961.9 196.9 953.6 191.4 ship 0
1016.2 116.0 1028.3 123.2 1006.7 159.2 994.7 152.0 ship 0
984.7 104.0 1011.2 118.0 995.3 148.0 968.8 134.0 ship 0
994.0 164.6 999.0 168.0 975.0 202.4 970.0 199.0 ship 0
1000.6 174.9 1005.8 177.9 988.4 207.1 983.2 204.1 ship 0
916.9 232.5 937.9 247.9 898.8 301.1 877.8 285.7 ship 0
930.6 277.6 935.5 281.0 911.4 315.4 906.5 312.0 ship 0
939.2 286.8 944.7 289.2 930.8 320.2 925.3 317.8 ship 0
1003.1 189.7 1007.3 185.3 1023.2 200.5 1019.0 204.8 ship 0
942.0 240.4 950.4 245.8 934.2 271.1 925.8 265.7 ship 0
1014.6 270.0 1024.1 273.1 1013.6 305.4 1004.1 302.4 ship 0
1006.4 319.9 1012.4 320.1 1011.6 358.1 1005.6 357.9 ship 0
1000.1 312.3 1005.5 315.0 988.3 348.9 982.9 346.2 ship 0
987.2 306.7 992.4 309.7 973.2 342.5 968.0 339.4 ship 0
962.5 304.8 972.3 306.7 966.6 336.2 956.7 334.3 ship 0
1000.4 262.8 1009.7 266.4 997.6 298.2 988.3 294.6 ship 0
982.0 254.4 988.0 254.7 986.0 292.6 980.0 292.3 ship 0
954.1 293.0 962.8 298.0 943.9 331.0 935.2 326.0 ship 0
965.1 250.2 968.6 255.0 940.9 274.8 937.4 270.0 ship 0
1004.6 461.5 1014.0 465.0 1002.0 496.8 992.7 493.3 ship 0
881.3 358.8 887.3 358.7 888.1 396.6 882.1 396.8 ship 0
906.3 364.3 911.6 367.2 893.7 400.7 888.4 397.8 ship 0
887.3 405.6 892.8 408.1 875.4 446.3 869.9 443.8 ship 0
922.3 367.5 927.6 370.4 907.7 407.4 902.4 404.5 ship 0
928.6 374.4 934.5 374.7 932.4 412.6 926.5 412.3 ship 0
884.6 412.8 890.3 410.8 905.4 454.2 899.7 456.2 ship 0
941.2 428.0 945.0 432.6 915.8 457.0 912.0 452.4 ship 0
952.5 437.6 956.6 442.0 931.3 464.8 927.3 460.3 ship 0
994.6 402.6 1000.4 404.3 990.6 436.9 984.9 435.2 ship 0
960.8 439.1 969.9 443.3 954.2 477.9 945.1 473.7 ship 0
972.3 447.6 978.3 448.5 973.3 482.1 967.3 481.2 ship 0
1013.0 410.0 1018.1 413.2 1000.0 442.0 994.9 438.8 ship 0
995.3 451.3 1003.6 456.7 978.4 495.2 970.1 489.7 ship 0
1021.8 465.6 1031.0 469.4 1016.2 504.4 1007.0 500.6 ship 0
862.3 680.7 870.7 686.1 843.7 728.3 835.3 722.9 ship 0
934.9 518.5 943.6 523.3 925.5 556.6 916.7 551.9 ship 0
925.5 519.3 929.1 524.1 901.8 544.4 898.2 539.6 ship 0
908.9 507.6 913.7 511.1 891.0 541.6 886.2 538.1 ship 0
881.0 498.9 887.0 499.1 886.0 537.1 880.0 536.9 ship 0
870.9 492.2 876.8 493.6 867.4 534.5 861.6 533.2 ship 0
852.6 484.8 858.6 485.3 855.4 527.2 849.4 526.7 ship 0
819.3 526.9 828.9 529.8 819.0 562.4 809.4 559.5 ship 0
838.8 528.8 847.9 533.0 832.0 567.5 822.9 563.4 ship 0
856.6 541.4 861.8 544.4 844.4 573.6 839.2 570.6 ship 0
872.4 549.5 877.2 553.1 856.8 580.3 852.0 576.7 ship 0
887.1 552.5 892.4 555.3 872.9 592.5 867.6 589.7 ship 0
892.5 554.9 898.5 554.9 898.6 592.9 892.6 592.9 ship 0
918.1 563.9 923.4 566.9 904.9 600.1 899.6 597.1 ship 0
812.3 476.6 836.7 494.0 800.7 544.4 776.3 527.0 ship 0
761.1 591.2 789.6 609.7 745.1 678.5 716.5 660.0 ship 0
787.3 606.2 793.1 607.5 786.7 636.8 780.9 635.5 ship 0
807.2 609.7 815.8 615.0 795.8 647.3 787.2 642.0 ship 0
828.2 616.2 832.8 620.1 805.6 652.2 801.0 648.3 ship 0
826.8 618.7 832.7 617.8 839.2 659.3 833.3 660.2 ship 0
867.0 632.9 875.8 637.5 858.0 671.1 849.2 666.5 ship 0
891.5 645.8 894.9 650.7 863.5 672.2 860.1 667.3 ship 0
774.7 648.0 782.9 653.7 761.3 685.0 753.1 679.3 ship 0
790.4 654.7 799.1 659.6 778.6 696.3 769.9 691.4 ship 0
803.9 660.5 813.5 663.4 801.1 703.5 791.5 700.6 ship 0
825.4 668.7 834.1 673.7 813.5 710.2 804.8 705.3 ship 0
952.4 527.3 957.5 530.4 937.6 562.7 932.5 559.6 ship 0
961.2 532.3 967.0 533.8 957.8 570.7 952.0 569.2 ship 0
974.5 541.3 984.0 544.4 973.5 576.7 964.0 573.6 ship 0
1003.4 547.1 1007.5 551.5 976.6 579.9 972.5 575.5 ship 0
1019.1 611.1 1024.7 613.3 1011.9 644.8 1006.3 642.6 ship 0
1010.1 604.3 1014.8 607.9 993.9 634.7 989.2 631.1 ship 0
975.8 592.7 981.6 591.0 994.9 635.0 989.1 636.8 ship 0
976.4 591.5 981.8 594.2 966.6 624.5 961.2 621.8 ship 0
959.7 583.8 965.2 586.2 950.3 621.2 944.8 618.8 ship 0
947.8 576.8 953.1 579.6 935.3 613.2 930.0 610.4 ship 0
930.0 571.6 935.5 574.1 921.2 605.0 915.7 602.4 ship 0
844.0 675.4 852.2 681.2 828.0 715.6 819.8 709.8 ship 0
882.8 696.6 886.5 701.3 856.6 724.7 852.9 720.0 ship 0
908.4 705.0 917.7 708.7 903.6 744.0 894.3 740.3 ship 0
1013.5 699.6 1023.1 702.4 1012.3 738.9 1002.7 736.0 ship 0
916.4 655.7 921.4 659.0 900.6 690.8 895.6 687.5 ship 0
926.8 660.3 932.4 662.5 918.2 697.7 912.6 695.5 ship 0
928.7 716.2 937.2 721.5 917.3 753.8 908.8 748.5 ship 0
937.2 675.3 942.3 672.1 967.1 710.8 962.1 714.1 ship 0
946.3 669.9 951.1 673.4 928.4 703.9 923.6 700.4 ship 0
989.1 687.9 994.4 690.9 975.9 724.1 970.6 721.1 ship 0
942.1 719.5 951.7 722.5 938.9 762.5 929.3 759.5 ship 0
963.1 729.1 971.6 734.4 951.5 766.7 943.0 761.4 ship 0
979.5 733.5 988.4 738.0 969.5 775.5 960.6 771.0 ship 0
1000.5 691.7 1009.7 695.5 996.7 726.9 987.5 723.1 ship 0
996.0 755.2 1009.5 751.3 1020.0 787.8 1006.5 791.7 ship 0
