765.5 320.9 806.7 300.4 825.4 338.0 784.2 358.5 harbor 0
435.2 156.5 498.5 87.1 576.8 158.5 513.5 227.9 harbor 0
906.1 2.2 931.1 -5.2 941.9 31.2 917.0 38.7 swimming-pool 0
790.6 466.7 791.8 465.1 793.4 466.3 792.2 467.9 harbor 0
641.1 440.5 654.0 214.8 735.9 219.5 723.0 445.2 harbor 0
542.6 230.2 572.0 284.8 443.4 353.9 414.0 299.3 harbor 0
444.9 410.6 477.3 339.6 555.5 375.3 523.2 446.3 harbor 0
650.1 770.7 651.2 772.4 649.6 773.5 648.5 771.8 harbor 0
763.0 637.7 865.4 665.0 848.4 728.8 746.0 701.4 harbor 0
515.2 498.9 596.7 507.6 586.8 601.1 505.3 592.4 harbor 0
527.8 354.7 609.7 350.7 612.1 400.6 530.2 404.6 ship 0
523.7 111.8 581.7 113.2 580.3 175.2 522.3 173.8 ship 0
529.5 283.5 534.5 321.1 488.9 327.2 483.9 289.5 ship 0
928.1 700.7 946.5 688.6 958.5 707.0 940.1 719.1 swimming-pool 0
739.1 647.8 794.2 611.4 834.9 673.2 779.8 709.6 ship 0
744.6 651.9 758.1 648.1 780.4 727.0 766.9 730.8 ship 0
