400.2 951.4 444.9 981.8 398.8 1049.6 354.1 1019.2 harbor 0
474.8 753.6 508.4 758.9 489.2 879.4 455.6 874.1 harbor 0
399.2 770.1 477.8 883.5 417.0 925.6 338.4 812.2 harbor 0
724.1 724.9 751.9 693.4 819.4 753.0 791.6 784.5 harbor 0
810.1 546.4 841.6 580.0 723.2 690.6 691.8 657.0 harbor 0
531.0 257.5 622.9 277.2 607.5 349.5 515.5 329.9 harbor 0
568.5 133.6 578.9 143.0 507.5 221.4 497.1 212.0 harbor 0
524.8 113.0 537.6 118.6 496.3 211.9 483.5 206.3 harbor 0
416.4 97.2 433.2 90.7 480.6 211.8 463.8 218.3 harbor 0
407.3 88.9 428.6 94.5 402.7 193.1 381.4 187.5 harbor 0
259.5 76.1 282.9 64.8 334.5 170.9 311.1 182.2 harbor 0
171.0 118.4 265.6 54.8 289.0 89.6 194.4 153.2 harbor 0
168.5 29.6 211.0 62.9 170.4 114.9 127.8 81.6 harbor 0
