687.0 324.9 855.1 383.4 836.0 438.1 667.9 379.6 harbor 0
783.1 564.4 839.5 639.6 777.2 686.4 720.7 611.3 harbor 0
494.6 654.2 536.3 694.5 504.4 727.6 462.7 687.3 harbor 0
394.5 665.4 413.9 655.1 448.5 720.5 429.1 730.8 harbor 0
343.5 667.8 361.9 655.6 409.5 727.2 391.1 739.4 harbor 0
285.7 674.2 301.9 659.4 386.9 752.5 370.6 767.3 harbor 0
300.6 747.6 312.5 734.1 374.2 788.2 362.3 801.7 harbor 0
286.5 807.9 315.6 772.3 382.1 826.9 353.0 862.4 harbor 0
202.4 844.6 245.4 889.2 203.6 929.4 160.6 884.8 harbor 0
134.6 844.3 158.3 862.7 122.8 908.6 99.1 890.2 harbor 0
14.1 864.8 67.7 833.6 98.9 887.2 45.3 918.4 harbor 0
