878.2 645.1 890.6 663.2 842.8 695.9 830.4 677.8 harbor 0
727.0 590.5 786.3 533.8 820.8 570.0 761.6 626.6 harbor 0
744.2 465.8 771.5 486.0 729.8 542.2 702.5 522.0 harbor 0
632.0 447.6 696.2 410.8 731.1 471.5 666.9 508.3 harbor 0
572.6 437.6 637.5 375.2 669.3 408.4 604.4 470.7 harbor 0
455.0 354.4 491.2 299.2 569.8 350.7 533.7 405.9 harbor 0
402.5 271.8 472.2 246.8 498.5 320.2 428.8 345.2 harbor 0
435.2 193.8 459.4 217.7 401.8 276.1 377.6 252.2 harbor 0
395.9 68.2 438.1 86.4 401.1 172.8 358.9 154.6 harbor 0
844.0 605.9 859.8 621.2 805.7 677.3 789.9 662.1 harbor 0
903.2 684.0 919.1 699.3 878.8 741.0 862.9 725.7 harbor 0
880.1 754.9 932.8 715.2 950.9 739.1 898.2 778.8 harbor 0
217.0 951.2 273.8 963.1 261.0 1023.8 204.2 1011.9 harbor 0
971.8 757.5 998.0 779.2 953.5 833.2 927.2 811.6 harbor 0
