449.5 640.9 482.3 621.7 499.5 651.1 466.7 670.3 ship 0
351.8 725.3 361.4 728.0 352.2 760.7 342.6 758.0 ship 0
-15.3 670.5 25.4 660.2 55.3 778.5 14.6 788.8 harbor 0
137.8 415.1 183.8 413.1 199.1 750.7 153.1 752.8 harbor 0
244.8 304.4 290.6 309.6 251.9 649.4 206.2 644.2 harbor 0
351.4 488.2 390.9 511.8 340.6 595.9 301.1 572.3 harbor 0
518.2 384.3 558.0 397.6 488.0 608.2 448.1 595.0 harbor 0
679.1 463.8 706.0 450.5 745.9 531.2 719.0 544.5 harbor 0
738.2 453.6 778.6 442.2 798.8 513.4 758.4 524.8 harbor 0
839.7 505.4 840.7 507.2 839.0 508.1 838.0 506.4 harbor 0
120.0 713.6 176.3 727.6 165.2 772.2 108.9 758.2 ship 0
285.0 722.4 293.0 716.4 328.0 762.6 320.0 768.6 ship 0
325.2 727.1 335.0 725.5 341.1 763.0 331.2 764.6 ship 0
