-13.4 400.1 126.1 373.6 139.2 442.4 -0.3 468.9 harbor 0
247.0 435.5 249.0 435.5 249.0 437.5 247.0 437.5 harbor 0
467.2 375.4 516.7 460.0 421.8 515.6 372.2 431.0 harbor 0
443.1 394.4 566.8 418.4 548.9 510.6 425.2 486.6 harbor 0
580.9 388.0 660.2 464.2 595.1 532.0 515.8 455.8 harbor 0
666.6 430.4 684.7 489.7 644.5 502.0 626.4 442.7 harbor 0
959.1 275.3 960.4 273.8 961.9 275.1 960.6 276.6 harbor 0
727.0 265.5 727.9 263.7 729.7 264.5 728.9 266.4 harbor 0
601.4 244.6 602.9 245.9 601.6 247.4 600.1 246.1 harbor 0
395.1 239.7 395.8 241.6 393.9 242.3 393.2 240.4 harbor 0
201.8 227.2 203.7 227.6 203.4 229.5 201.5 229.2 harbor 0
293.8 407.5 331.8 406.6 333.2 472.6 295.2 473.5 harbor 0
92.8 405.2 134.0 384.7 165.3 447.2 124.2 467.8 harbor 0
952.6 472.0 981.3 463.1 994.9 507.0 966.2 515.9 ship 0
773.5 248.4 822.4 279.5 795.6 321.7 746.7 290.6 ship 0
537.2 250.7 545.8 217.8 601.9 232.5 593.3 265.4 ship 0
529.2 279.5 546.7 250.4 599.8 282.5 582.3 311.6 ship 0
579.7 440.8 623.2 425.9 639.3 473.2 595.8 488.1 ship 0
477.4 409.5 502.6 415.8 487.6 475.9 462.3 469.6 ship 0
374.2 245.3 378.7 275.0 341.1 280.7 336.7 251.0 ship 0
300.3 399.3 322.9 412.2 298.0 455.6 275.5 442.7 ship 0
147.7 201.9 176.3 210.7 159.3 266.1 130.7 257.3 ship 0
91.3 391.0 121.3 390.1 122.7 436.0 92.7 436.9 ship 0
