444.9 285.6 488.5 271.1 518.1 360.4 474.5 374.9 harbor 0
585.4 249.4 631.0 255.9 612.6 384.6 567.0 378.1 harbor 0
674.3 261.9 695.1 269.1 659.3 373.1 638.5 365.9 harbor 0
664.5 257.9 709.4 235.9 773.5 367.1 728.6 389.1 harbor 0
763.8 204.2 805.6 200.4 817.1 325.8 775.3 329.7 harbor 0
848.3 202.8 895.8 187.0 931.7 295.2 884.2 311.0 harbor 0
216.3 218.6 236.8 226.5 184.8 362.9 164.2 355.0 harbor 0
145.2 179.9 190.7 186.9 159.7 390.5 114.3 383.6 harbor 0
37.7 141.2 85.9 128.0 154.3 376.8 106.1 390.0 harbor 0
4.3 158.4 50.1 154.6 69.5 387.8 23.6 391.6 harbor 0
