887.5 160.4 902.7 125.6 948.5 145.6 933.3 180.4 ship 0
809.7 167.8 836.0 153.4 856.3 190.2 830.0 204.6 ship 0
943.4 -16.2 999.1 87.8 962.1 107.6 906.4 3.6 harbor 0
751.4 85.2 775.3 45.8 937.7 144.5 913.8 183.8 harbor 0
572.3 49.2 587.3 18.7 707.5 77.8 692.6 108.3 harbor 0
708.4 158.3 729.8 122.2 841.6 188.7 820.2 224.8 harbor 0
538.3 185.4 540.2 155.4 658.0 162.7 656.1 192.7 harbor 0
585.5 241.9 591.8 275.3 523.0 288.2 516.7 254.8 harbor 0
484.2 532.8 508.4 498.5 692.8 629.2 668.6 663.5 harbor 0
491.5 629.8 512.4 598.1 644.3 685.1 623.4 716.8 harbor 0
492.0 881.6 515.7 851.9 576.7 900.5 553.0 930.2 harbor 0
