55.5 521.2 62.6 558.6 9.5 568.7 2.4 531.3 harbor 0
49.6 334.4 63.7 369.7 13.5 389.6 -0.5 354.3 harbor 0
-1.0 415.0 18.2 387.0 69.3 422.0 50.1 450.1 harbor 0
8.0 480.2 53.4 450.9 74.0 482.8 28.6 512.1 harbor 0
52.3 558.7 60.1 591.7 11.5 603.3 3.6 570.3 harbor 0
-27.8 686.1 46.1 688.9 44.8 722.9 -29.1 720.1 harbor 0
-5.9 279.6 4.2 247.1 59.6 264.4 49.5 296.8 harbor 0
883.5 219.7 894.3 234.1 854.4 264.2 843.6 249.8 harbor 0
729.5 94.7 738.8 53.7 803.2 68.3 793.8 109.3 harbor 0
894.4 103.8 894.6 141.8 840.6 142.2 840.4 104.2 harbor 0
787.8 97.8 812.9 136.4 744.2 181.2 719.1 142.6 harbor 0
797.7 168.4 806.7 209.4 742.3 223.6 733.3 182.6 harbor 0
852.0 182.5 866.6 166.0 901.0 196.5 886.4 213.0 harbor 0
798.2 210.0 819.0 246.5 747.7 287.0 726.9 250.5 harbor 0
807.4 285.7 820.9 325.4 754.7 348.1 741.1 308.3 harbor 0
730.6 30.4 752.3 -10.2 796.4 13.5 774.7 54.0 harbor 0
893.6 274.9 906.8 319.0 847.4 336.8 834.2 292.8 harbor 0
796.0 348.6 810.2 388.1 759.3 406.3 745.2 366.8 harbor 0
889.6 327.2 904.8 366.3 854.5 385.9 839.3 346.7 harbor 0
847.5 431.6 854.2 390.1 911.5 399.4 904.8 440.9 harbor 0
794.2 407.8 816.5 448.0 772.8 472.2 750.5 432.0 harbor 0
741.0 505.5 749.0 472.5 836.5 493.5 828.5 526.5 harbor 0
875.5 22.8 900.6 66.1 843.5 99.2 818.4 55.9 harbor 0
917.9 511.1 923.4 552.7 846.1 562.9 840.6 521.3 harbor 0
826.8 530.5 829.9 568.4 744.2 575.5 741.1 537.6 harbor 0
795.6 576.3 813.4 573.5 824.4 642.7 806.6 645.5 harbor 0
479.5 481.3 496.7 519.7 436.5 546.7 419.3 508.3 harbor 0
384.8 557.1 405.3 593.7 344.2 627.9 323.7 591.3 harbor 0
416.0 566.8 429.3 544.5 489.5 580.2 476.2 602.5 harbor 0
337.4 646.4 346.3 605.4 403.0 617.6 394.2 658.6 harbor 0
393.7 625.9 426.7 607.0 467.3 678.3 434.3 697.1 harbor 0
835.9 574.6 868.5 584.5 853.9 632.4 821.4 622.5 harbor 0
63.8 166.0 64.2 200.0 -13.8 201.0 -14.2 167.0 harbor 0
321.0 517.0 352.2 488.9 407.0 549.8 375.8 577.9 harbor 0
479.9 427.6 486.5 477.2 425.1 485.4 418.5 435.8 harbor 0
395.8 442.8 396.9 500.8 326.9 502.1 325.8 444.2 harbor 0
416.9 415.7 428.9 371.3 481.1 385.4 469.1 429.8 harbor 0
365.5 365.7 390.5 388.7 348.5 434.3 323.5 411.3 harbor 0
379.5 316.7 395.2 351.3 320.5 385.3 304.8 350.7 harbor 0
424.9 328.9 438.6 317.1 473.8 358.1 460.1 369.8 harbor 0
387.2 256.6 397.4 301.4 305.8 322.3 295.6 277.5 harbor 0
425.0 304.7 427.0 246.8 469.0 248.3 467.0 306.2 harbor 0
298.1 239.3 309.0 207.1 363.9 225.7 353.0 257.9 harbor 0
462.1 185.2 475.5 216.5 425.9 237.8 412.5 206.5 harbor 0
481.8 134.3 485.0 176.2 415.2 181.7 412.0 139.8 harbor 0
402.9 102.3 411.7 65.3 468.1 78.7 459.3 115.7 harbor 0
466.6 -1.8 473.7 43.6 408.4 53.8 401.3 8.4 harbor 0
289.3 61.5 339.2 12.3 382.7 56.5 332.9 105.6 harbor 0
835.5 579.5 838.1 565.7 926.5 582.5 923.9 596.3 harbor 0
