195.3 744.2 237.2 747.7 218.7 965.0 176.8 961.4 harbor 0
299.1 754.3 341.0 752.2 351.9 965.9 310.0 968.1 harbor 0
1013.2 363.0 1045.1 390.4 996.8 446.5 965.0 419.1 harbor 0
930.6 363.8 956.5 361.4 962.5 427.2 936.7 429.5 harbor 0
896.3 365.3 917.3 371.8 896.7 438.7 875.7 432.2 harbor 0
812.1 370.1 837.0 362.6 854.9 421.9 830.0 429.4 harbor 0
755.3 345.3 780.7 339.7 800.7 431.6 775.3 437.1 harbor 0
701.7 342.9 726.9 349.4 709.5 417.2 684.3 410.7 harbor 0
621.8 365.1 666.8 328.5 688.2 354.9 643.2 391.5 harbor 0
595.5 305.4 621.5 320.4 592.5 370.7 566.5 355.7 harbor 0
528.6 263.3 565.6 296.9 518.5 348.7 481.5 315.1 harbor 0
451.6 271.6 467.6 263.3 499.9 325.5 483.9 333.8 harbor 0
383.7 246.3 401.6 248.0 395.3 313.7 377.4 312.0 harbor 0
368.0 235.9 380.6 242.1 342.0 319.0 329.5 312.8 harbor 0
477.8 792.6 515.8 792.4 516.2 954.4 478.2 954.6 harbor 0
643.3 785.5 689.1 781.3 706.7 970.5 660.9 974.7 harbor 0
700.6 832.0 724.2 821.0 767.4 913.4 743.8 924.4 harbor 0
758.6 794.7 808.0 787.5 834.4 967.6 784.9 974.8 harbor 0
846.4 799.5 891.5 808.3 860.6 967.3 815.4 958.5 harbor 0
937.5 751.9 979.2 746.7 1005.5 959.1 963.8 964.3 harbor 0
821.8 506.8 841.0 517.6 797.2 596.2 778.0 585.4 harbor 0
863.1 504.2 888.6 509.6 870.9 593.8 845.4 588.4 harbor 0
726.6 545.1 747.3 529.3 782.4 575.5 761.8 591.2 harbor 0
558.9 519.0 583.3 528.2 560.1 590.0 535.7 580.8 harbor 0
603.0 526.4 614.1 517.9 671.1 592.7 659.9 601.2 harbor 0
669.7 524.3 691.7 525.9 686.3 599.7 664.3 598.1 harbor 0
513.4 519.8 536.8 554.7 498.6 580.2 475.2 545.3 harbor 0
439.0 558.0 441.0 558.0 441.0 560.0 439.0 560.0 harbor 0
329.0 516.2 357.3 526.0 332.0 599.8 303.7 590.0 harbor 0
228.7 540.8 272.4 516.5 306.3 577.8 262.6 602.0 harbor 0
233.1 523.5 247.7 534.0 199.9 600.5 185.3 590.0 harbor 0
175.0 510.2 212.6 528.9 178.0 598.8 140.4 580.1 harbor 0
209.8 248.4 254.7 211.7 319.2 290.6 274.3 327.3 harbor 0
