85.9 366.0 97.7 389.2 35.3 420.9 23.5 397.8 harbor 0
184.6 332.4 198.4 372.1 139.8 392.4 126.0 352.8 harbor 0
59.2 307.5 81.0 338.6 36.8 369.5 15.0 338.4 harbor 0
166.7 286.5 182.1 316.8 130.5 343.2 115.0 312.9 harbor 0
50.5 253.2 66.0 292.3 19.5 310.8 4.0 271.7 harbor 0
133.1 226.4 154.6 257.8 110.0 288.3 88.6 256.9 harbor 0
25.0 195.3 51.1 223.0 20.5 251.8 -5.5 224.1 harbor 0
132.4 168.0 147.4 202.9 94.1 225.9 79.1 190.9 harbor 0
126.4 106.6 143.4 140.6 73.6 175.4 56.6 141.4 harbor 0
90.7 61.2 112.5 92.3 65.0 125.6 43.2 94.5 harbor 0
84.5 6.9 99.3 33.0 45.4 63.6 30.6 37.5 harbor 0
198.9 400.8 218.0 455.5 159.4 475.9 140.3 421.1 harbor 0
93.1 412.1 117.6 455.7 63.5 486.0 39.0 442.5 harbor 0
112.3 470.0 132.1 502.5 68.9 540.9 49.1 508.5 harbor 0
205.7 478.4 240.2 519.9 186.3 564.6 151.8 523.1 harbor 0
245.6 975.0 265.7 1007.3 216.4 1038.0 196.3 1005.7 harbor 0
316.3 964.2 331.0 985.6 299.6 1007.1 284.9 985.6 harbor 0
247.7 915.5 264.3 954.0 207.3 978.5 190.7 940.0 harbor 0
328.0 888.7 344.8 918.3 284.0 952.9 267.1 923.4 harbor 0
212.5 865.4 240.7 906.7 189.5 941.6 161.3 900.3 harbor 0
203.5 809.6 212.9 850.6 164.1 861.7 154.7 820.8 harbor 0
291.1 775.0 310.2 807.8 256.7 839.1 237.5 806.2 harbor 0
183.9 756.5 209.1 795.0 157.3 829.0 132.0 790.6 harbor 0
260.9 669.0 291.2 708.9 238.6 748.8 208.3 709.0 harbor 0
165.4 692.1 189.4 736.0 138.6 763.9 114.6 720.0 harbor 0
154.1 642.2 173.3 679.5 107.5 713.4 88.3 676.0 harbor 0
242.9 614.4 258.4 635.3 215.1 667.6 199.6 646.7 harbor 0
148.5 592.5 160.8 628.5 86.9 653.6 74.7 617.6 harbor 0
244.0 551.9 263.9 584.2 194.0 627.1 174.1 594.8 harbor 0
141.4 523.0 157.0 557.7 67.6 598.0 52.0 563.3 harbor 0
944.8 477.4 969.0 448.0 995.2 469.6 971.0 499.0 harbor 0
992.0 642.8 1009.6 618.5 1037.2 638.4 1019.5 662.7 harbor 0
972.5 586.5 994.5 560.6 1023.5 585.2 1001.5 611.1 harbor 0
956.6 529.6 981.2 500.7 1013.2 527.9 988.6 556.8 harbor 0
924.4 405.1 946.9 379.6 981.4 409.9 959.0 435.5 harbor 0
914.3 362.9 936.4 337.0 965.3 361.7 943.2 387.5 harbor 0
993.0 329.2 1019.4 315.2 1041.0 355.8 1014.6 369.8 harbor 0
939.5 272.1 962.3 307.3 910.3 341.0 887.4 305.7 harbor 0
968.4 278.0 997.3 253.3 1027.1 288.4 998.2 313.0 harbor 0
962.2 213.4 995.4 205.8 1005.8 250.6 972.6 258.2 harbor 0
913.3 221.5 945.5 254.3 912.7 286.5 880.5 253.7 harbor 0
857.1 191.2 918.8 167.8 936.5 214.6 874.7 237.9 harbor 0
949.6 143.7 991.3 148.1 986.1 197.8 944.4 193.5 harbor 0
854.3 138.1 874.9 111.1 911.5 139.0 890.9 166.0 harbor 0
920.3 84.9 936.8 64.7 963.1 86.2 946.7 106.4 harbor 0
837.4 91.8 853.5 57.4 891.6 75.2 875.5 109.6 harbor 0
1013.0 -16.1 1018.8 33.6 997.0 36.1 991.2 -13.6 harbor 0
665.2 778.0 696.4 756.3 722.8 794.0 691.6 815.7 harbor 0
634.4 968.9 671.3 941.5 698.7 978.4 661.8 1005.8 harbor 0
759.3 936.8 762.5 970.6 724.7 974.2 721.5 940.4 harbor 0
673.4 898.1 676.4 936.0 626.6 939.9 623.6 902.0 harbor 0
693.5 895.1 731.7 869.6 752.8 901.2 714.5 926.8 harbor 0
606.9 854.4 639.0 834.0 661.5 869.4 629.4 889.8 harbor 0
703.4 812.0 737.5 836.5 713.0 870.6 678.9 846.1 harbor 0
640.2 782.1 644.3 823.9 598.5 828.4 594.4 786.7 harbor 0
569.2 752.1 612.0 719.2 637.7 752.4 594.9 785.4 harbor 0
672.4 696.0 708.7 717.2 687.4 753.5 651.2 732.2 harbor 0
601.2 673.6 613.4 709.6 569.8 724.4 557.6 688.4 harbor 0
637.1 669.1 668.2 647.2 690.0 678.3 658.9 700.2 harbor 0
546.0 636.7 570.3 612.9 596.9 640.0 572.6 663.8 harbor 0
627.9 605.8 659.4 593.0 675.3 631.9 643.8 644.7 harbor 0
532.2 588.8 547.7 558.6 581.5 576.0 566.0 606.2 harbor 0
624.8 535.3 659.8 550.2 643.4 588.8 608.4 574.0 harbor 0
618.6 478.6 649.9 500.1 628.4 531.4 597.1 509.9 harbor 0
767.8 984.4 778.8 1020.7 738.5 1032.9 727.6 996.5 harbor 0
517.3 537.4 533.1 502.8 567.7 518.6 551.9 553.2 harbor 0
502.8 460.2 537.2 443.9 555.2 481.8 520.8 498.1 harbor 0
602.4 417.9 636.3 435.0 615.6 476.1 581.7 459.0 harbor 0
537.2 396.3 538.0 434.3 488.0 435.3 487.2 397.3 harbor 0
586.9 369.4 620.8 394.2 598.4 424.9 564.5 400.1 harbor 0
466.8 357.4 502.8 328.8 531.4 364.8 495.4 393.4 harbor 0
461.1 324.5 465.9 282.8 507.6 287.6 502.8 329.3 harbor 0
526.4 271.2 561.8 248.5 593.1 297.3 557.8 320.0 harbor 0
444.6 245.5 472.3 225.8 496.6 260.1 468.9 279.8 harbor 0
517.8 239.2 530.7 203.5 570.2 217.8 557.3 253.5 harbor 0
422.0 190.6 445.8 161.0 491.0 197.4 467.2 227.0 harbor 0
509.6 143.8 543.6 145.1 542.0 187.0 508.0 185.7 harbor 0
409.2 137.7 431.1 106.6 475.3 137.6 453.5 168.7 harbor 0
618.7 36.1 643.6 52.7 611.5 101.0 586.5 84.4 harbor 0
395.8 82.4 418.3 51.8 452.2 76.6 429.7 107.2 harbor 0
386.6 5.8 416.9 -9.6 430.4 17.2 400.1 32.6 harbor 0
