537.9 24.0 575.5 5.3 619.1 93.0 581.5 111.7 harbor 0
491.1 17.7 525.0 14.7 534.5 120.2 500.7 123.3 harbor 0
330.2 40.6 366.8 20.0 416.9 108.9 380.3 129.5 harbor 0
192.1 41.3 229.7 22.5 280.7 124.4 243.1 143.2 harbor 0
119.0 69.7 158.4 38.8 209.0 103.3 169.6 134.2 harbor 0
39.6 52.7 75.3 30.6 133.2 124.2 97.5 146.3 harbor 0
-21.4 36.8 6.8 26.6 44.2 130.1 16.0 140.3 harbor 0
129.1 964.2 173.1 977.5 158.6 1025.4 114.6 1012.0 harbor 0
24.3 964.0 43.7 931.4 93.5 961.0 74.1 993.7 harbor 0
89.3 903.2 101.9 885.1 146.2 916.0 133.6 934.0 harbor 0
5.9 909.0 25.3 876.3 75.1 906.0 55.7 938.7 harbor 0
146.0 863.6 163.5 791.7 216.0 804.4 198.5 876.3 harbor 0
586.2 672.5 618.8 640.1 656.8 678.5 624.2 710.9 harbor 0
140.8 721.5 169.5 712.7 184.2 760.5 155.5 769.3 harbor 0
200.9 713.2 225.6 705.2 241.1 752.8 216.4 760.8 harbor 0
281.6 692.6 303.2 713.5 260.0 758.0 238.5 737.2 harbor 0
300.8 712.8 340.9 682.9 373.2 726.2 333.1 756.1 harbor 0
353.9 706.7 392.9 669.4 430.2 708.4 391.2 745.7 harbor 0
425.5 670.8 445.3 661.1 479.5 731.2 459.7 740.9 harbor 0
492.7 666.7 516.2 706.2 493.9 719.5 470.4 680.0 harbor 0
519.2 667.5 565.2 639.1 601.9 698.6 556.0 727.0 harbor 0
649.4 656.1 665.0 640.5 697.6 672.9 682.0 688.5 harbor 0
736.4 629.1 755.4 640.3 732.1 679.9 713.1 668.8 harbor 0
767.1 638.2 807.2 626.0 817.1 658.5 776.9 670.7 harbor 0
818.8 629.8 837.8 618.5 857.2 651.2 838.2 662.5 harbor 0
953.8 582.6 994.6 623.8 956.3 661.8 915.4 620.6 harbor 0
25.4 754.6 49.5 736.7 74.6 770.4 50.5 788.3 harbor 0
1028.2 915.0 1043.0 958.6 984.3 978.6 969.5 935.0 harbor 0
893.3 970.0 917.2 935.5 964.9 968.5 940.9 1003.0 harbor 0
986.7 866.5 1015.9 884.0 996.3 916.5 967.1 899.0 harbor 0
861.1 850.7 890.7 820.8 934.7 864.5 905.2 894.3 harbor 0
869.3 781.2 907.3 780.8 907.7 818.8 869.7 819.2 harbor 0
810.0 715.7 823.7 759.6 772.2 775.7 758.5 731.8 harbor 0
575.7 771.7 590.7 750.4 625.1 774.6 610.1 795.9 harbor 0
583.5 966.6 618.9 995.9 587.0 1034.4 551.6 1005.1 harbor 0
508.7 948.7 512.8 978.5 463.3 985.3 459.2 955.5 harbor 0
535.8 936.9 543.7 925.4 598.3 962.4 590.4 974.0 harbor 0
491.4 884.0 506.3 918.9 456.6 940.0 441.7 905.1 harbor 0
575.8 864.1 578.6 914.0 532.7 916.7 529.8 866.8 harbor 0
467.9 833.7 473.6 867.2 436.1 873.5 430.5 840.0 harbor 0
373.0 796.7 394.8 799.7 389.7 837.3 367.9 834.3 harbor 0
