685.7 951.8 691.5 989.4 622.3 1000.2 616.5 962.6 harbor 0
606.2 939.7 607.9 897.8 669.8 900.3 668.1 942.2 harbor 0
450.5 -5.5 459.8 18.8 368.4 54.0 359.0 29.7 harbor 0
500.4 228.1 508.5 261.2 440.6 277.9 432.5 244.8 harbor 0
321.4 248.3 328.2 202.8 381.6 210.7 374.8 256.2 harbor 0
483.6 168.4 492.0 201.4 431.9 216.7 423.5 183.8 harbor 0
450.9 103.7 467.6 128.6 422.7 158.6 406.0 133.7 harbor 0
302.7 163.2 342.2 126.3 376.3 162.8 336.8 199.7 harbor 0
324.1 75.6 354.6 104.5 314.7 146.6 284.2 117.8 harbor 0
445.1 35.2 468.8 74.6 401.9 114.8 378.2 75.4 harbor 0
346.9 15.9 359.7 43.1 260.1 89.8 247.3 62.6 harbor 0
539.1 907.0 576.5 951.3 535.3 986.2 497.9 941.8 harbor 0
380.0 248.8 398.6 286.5 343.0 313.9 324.4 276.3 harbor 0
464.7 297.8 474.7 288.0 501.4 315.0 491.5 324.8 harbor 0
398.8 295.3 417.2 333.1 354.2 363.7 335.8 325.9 harbor 0
528.3 341.8 530.6 383.7 468.7 387.2 466.4 345.3 harbor 0
653.6 838.7 664.4 871.0 609.4 889.3 598.6 857.0 harbor 0
494.5 810.7 540.4 813.6 538.0 851.5 492.1 848.6 harbor 0
645.4 777.2 659.3 812.6 590.4 839.7 576.5 804.3 harbor 0
509.3 735.5 538.6 765.5 491.4 811.6 462.1 781.5 harbor 0
629.8 716.8 648.3 750.0 587.2 784.2 568.7 751.0 harbor 0
502.1 677.3 525.3 712.3 456.9 757.5 433.7 722.5 harbor 0
472.3 641.0 498.7 662.5 474.7 692.0 448.3 670.5 harbor 0
557.7 719.0 558.3 677.0 620.3 678.0 619.7 720.0 harbor 0
585.8 607.1 602.5 645.6 534.6 675.1 517.9 636.5 harbor 0
573.5 559.7 584.7 596.0 525.5 614.3 514.3 578.0 harbor 0
435.7 584.7 435.8 582.7 437.8 582.9 437.6 584.9 harbor 0
566.2 500.3 578.5 540.5 519.2 558.6 506.9 518.5 harbor 0
390.2 481.7 440.2 483.4 438.8 525.3 388.8 523.6 harbor 0
496.1 492.1 503.6 450.7 548.9 458.9 541.4 500.3 harbor 0
373.3 459.9 392.6 413.8 438.7 433.1 419.4 479.2 harbor 0
479.5 424.1 503.2 389.5 541.2 415.4 517.5 450.1 harbor 0
399.2 342.4 420.4 383.2 361.8 413.6 340.6 372.8 harbor 0
994.8 986.7 1017.5 1006.3 997.9 1029.0 975.2 1009.4 harbor 0
987.7 916.0 1013.2 944.2 973.2 980.4 947.7 952.3 harbor 0
765.7 80.2 785.5 112.7 729.2 147.1 709.4 114.6 harbor 0
818.4 93.5 822.9 67.9 876.1 77.3 871.6 102.9 harbor 0
763.9 24.9 773.7 69.9 713.1 83.1 703.3 38.1 harbor 0
858.6 19.4 861.4 29.0 813.5 43.0 810.7 33.4 harbor 0
766.9 139.3 793.6 166.3 758.0 201.5 731.3 174.4 harbor 0
885.8 156.3 913.8 202.5 864.2 232.6 836.2 186.4 harbor 0
793.0 191.2 809.4 211.4 764.4 248.0 748.0 227.8 harbor 0
861.2 258.2 889.0 232.4 914.9 260.2 887.1 286.1 harbor 0
961.6 805.3 981.5 842.2 930.4 869.7 910.5 832.8 harbor 0
945.8 692.5 960.5 736.1 894.2 758.5 879.5 714.9 harbor 0
932.8 638.5 936.0 684.4 874.2 688.8 871.0 642.9 harbor 0
972.0 631.8 993.1 605.1 1026.0 631.2 1004.9 657.9 harbor 0
902.1 571.4 930.2 607.8 868.5 655.5 840.3 619.1 harbor 0
959.6 603.2 962.4 565.3 1020.2 569.6 1017.4 607.5 harbor 0
913.3 532.3 914.7 582.3 828.8 584.7 827.4 534.7 harbor 0
993.9 497.7 1011.7 531.3 953.4 562.2 935.6 528.6 harbor 0
978.3 444.2 995.2 478.3 939.7 505.8 922.8 471.7 harbor 0
878.3 471.2 897.7 508.4 835.7 540.8 816.3 503.6 harbor 0
918.9 442.1 923.5 404.4 977.1 410.9 972.5 448.6 harbor 0
781.9 357.8 920.2 389.8 900.0 477.5 761.6 445.5 harbor 0
893.1 372.9 912.1 344.7 943.6 365.9 924.6 394.1 harbor 0
881.6 309.8 905.0 285.2 935.4 314.2 912.0 338.8 harbor 0
770.1 310.1 803.7 257.9 865.9 297.9 832.3 350.1 harbor 0
124.4 885.2 126.0 867.3 219.6 875.8 218.0 893.7 harbor 0
217.3 957.0 222.8 990.6 177.4 998.0 171.9 964.5 harbor 0
144.2 902.5 153.8 892.3 198.9 934.8 189.3 945.0 harbor 0
177.2 777.1 179.1 815.1 129.1 817.5 127.2 779.6 harbor 0
156.7 725.1 174.7 758.5 123.7 786.1 105.6 752.6 harbor 0
98.5 712.5 99.6 682.5 157.6 684.7 156.5 714.7 harbor 0
136.8 615.9 143.4 657.3 82.2 667.1 75.6 625.7 harbor 0
69.0 597.9 86.9 564.3 124.0 584.1 106.1 617.7 harbor 0
119.4 508.8 126.6 537.9 74.2 550.8 67.0 521.7 harbor 0
25.4 430.4 45.8 389.2 83.4 407.9 63.0 449.1 harbor 0
59.1 319.0 82.9 362.9 10.9 402.0 -13.0 358.1 harbor 0
