934.5 797.8 947.0 829.3 885.7 853.7 873.1 822.1 swimming-pool 0
261.0 973.2 274.6 951.1 334.2 987.9 320.5 1010.0 harbor 0
293.7 917.3 312.5 899.3 372.0 961.4 353.2 979.4 harbor 0
347.3 896.1 359.9 868.9 419.7 896.9 407.1 924.1 harbor 0
490.5 765.9 502.2 826.8 445.2 837.7 433.6 776.8 harbor 0
590.3 705.7 593.5 719.3 517.7 737.4 514.4 723.8 harbor 0
619.8 669.4 623.1 683.0 555.2 699.7 551.8 686.1 harbor 0
692.5 582.4 696.6 599.9 624.6 616.8 620.5 599.2 harbor 0
704.1 515.7 732.6 575.2 698.4 591.7 669.8 532.2 harbor 0
707.5 483.6 722.2 462.1 793.0 510.9 778.3 532.4 harbor 0
746.3 451.6 759.2 429.0 823.5 465.7 810.6 488.3 harbor 0
819.5 375.1 857.4 443.3 827.6 459.8 789.8 391.6 harbor 0
842.8 334.8 898.2 395.2 873.2 418.2 817.8 357.8 harbor 0
886.4 287.6 935.0 343.3 906.4 368.3 857.7 312.6 harbor 0
881.0 305.2 892.6 248.4 984.7 267.1 973.2 324.0 harbor 0
944.9 231.6 964.8 204.0 1021.6 245.0 1001.6 272.6 harbor 0
385.3 816.0 402.6 796.6 466.7 854.0 449.4 873.4 harbor 0
