901.9 118.1 943.3 110.6 989.2 364.5 947.8 372.0 harbor 0
835.1 239.3 871.2 210.8 922.0 275.2 885.8 303.7 harbor 0
767.9 238.7 805.2 211.8 853.1 278.3 815.8 305.2 harbor 0
679.0 211.6 720.6 192.0 786.0 331.4 744.4 351.0 harbor 0
530.1 195.5 558.3 185.4 639.7 413.3 611.5 423.4 harbor 0
485.7 293.1 511.0 277.0 554.9 346.3 529.6 362.3 harbor 0
324.5 251.9 360.1 238.7 430.5 428.1 394.9 441.3 harbor 0
231.1 337.5 245.1 354.4 212.7 381.2 198.7 364.2 harbor 0
109.2 304.0 147.6 287.1 204.8 417.0 166.4 433.9 harbor 0
81.8 261.1 130.4 485.9 93.2 493.9 44.6 269.1 harbor 0
965.6 426.2 992.0 440.5 971.9 477.4 945.5 463.1 swimming-pool 0
889.6 430.2 920.8 416.8 940.4 462.8 909.2 476.2 swimming-pool 0
830.7 425.5 863.4 451.9 837.1 484.6 804.4 458.2 swimming-pool 0
733.8 442.1 764.9 428.3 785.2 473.9 754.1 487.7 swimming-pool 0
590.9 463.7 605.3 447.1 640.1 477.3 625.7 493.9 swimming-pool 0
522.8 492.1 546.8 474.2 574.3 511.1 550.2 529.0 swimming-pool 0
373.8 540.8 393.7 508.4 432.9 532.5 413.0 564.9 swimming-pool 0
225.6 547.4 246.8 526.1 279.4 558.6 258.2 579.9 swimming-pool 0
125.7 545.4 139.7 544.6 141.3 570.6 127.3 571.4 swimming-pool 0
31.5 561.1 32.9 562.5 31.6 563.9 30.1 562.5 swimming-pool 0
