16.3 396.2 73.7 460.3 39.4 491.0 -17.9 426.9 harbor 0
190.2 597.0 230.0 633.5 171.9 696.9 132.1 660.4 harbor 0
328.9 689.7 364.9 729.9 247.1 835.3 211.1 795.1 harbor 0
11.1 851.0 68.0 839.7 86.3 931.9 29.4 943.2 harbor 0
347.8 832.3 395.8 807.7 433.2 880.7 385.2 905.3 harbor 0
83.6 961.3 118.9 931.8 179.2 1003.9 143.9 1033.4 harbor 0
438.5 947.3 473.4 911.5 543.6 980.0 508.6 1015.7 harbor 0
323.1 391.8 343.1 414.1 302.9 450.2 282.9 427.9 small-vehicle 0
191.8 271.9 208.6 286.2 189.2 309.1 172.4 294.8 small-vehicle 0
279.7 160.4 302.0 180.4 271.3 214.6 249.0 194.6 small-vehicle 0
339.1 176.4 348.4 209.1 311.9 219.6 302.6 186.9 small-vehicle 0
212.3 71.0 219.4 78.0 192.7 105.0 185.6 98.0 small-vehicle 0
188.5 51.8 207.6 69.4 176.5 103.2 157.4 85.6 small-vehicle 0
480.6 29.0 482.5 28.3 483.2 30.2 481.3 30.9 harbor 0
807.5 -32.6 853.2 40.3 790.5 79.6 744.8 6.7 harbor 0
585.6 84.3 601.0 100.0 539.7 160.3 524.3 144.6 harbor 0
821.9 117.5 893.6 63.1 943.1 128.5 871.4 182.9 harbor 0
646.1 172.6 735.1 230.4 694.8 292.4 605.9 234.7 harbor 0
854.7 351.2 923.3 421.1 853.4 489.8 784.7 419.8 harbor 0
1025.4 197.5 1049.0 271.9 974.6 295.5 951.0 221.1 harbor 0
934.6 562.4 953.9 512.0 1034.2 542.7 1014.9 593.2 harbor 0
