667.3 181.0 708.8 256.4 629.9 299.8 588.5 224.4 harbor 0
816.9 397.9 907.3 435.9 884.8 489.4 794.5 451.4 harbor 0
633.6 690.3 664.4 656.1 737.2 721.7 706.5 755.8 harbor 0
1002.4 598.2 1043.7 618.6 1005.7 695.7 964.4 675.3 harbor 0
716.8 790.1 760.7 730.6 849.2 795.9 805.3 855.4 harbor 0
859.0 828.8 931.1 867.8 884.4 954.0 812.3 915.0 harbor 0
934.3 930.4 1009.3 993.6 974.5 1034.9 899.5 971.7 harbor 0
759.4 293.8 804.7 347.2 748.4 395.1 703.0 341.8 harbor 0
532.2 62.2 614.2 147.2 563.8 195.8 481.8 110.8 harbor 0
379.0 46.5 421.3 -28.4 513.6 23.7 471.4 98.6 harbor 0
317.1 262.5 343.3 295.2 282.5 344.1 256.2 311.3 harbor 0
332.5 391.3 406.2 333.0 464.5 406.7 390.8 465.0 harbor 0
445.4 446.1 504.9 428.4 532.8 522.3 473.4 540.0 harbor 0
566.1 527.0 630.1 578.2 588.9 629.7 524.9 578.5 harbor 0
1018.7 270.1 1032.6 281.7 1008.3 310.9 994.4 299.3 small-vehicle 0
1003.6 50.7 1032.3 75.6 1007.4 104.3 978.7 79.4 small-vehicle 0
62.9 1013.6 82.3 996.4 102.3 1018.8 82.9 1036.0 small-vehicle 0
479.2 916.3 489.4 948.7 460.8 957.7 450.6 925.3 small-vehicle 0
560.1 841.2 581.0 862.8 547.9 894.8 527.0 873.2 small-vehicle 0
529.4 832.2 548.6 849.7 525.6 874.8 506.4 857.3 small-vehicle 0
429.2 760.5 438.4 793.2 401.8 803.5 392.6 770.8 small-vehicle 0
208.3 129.0 267.6 173.2 182.7 287.0 123.4 242.8 harbor 0
