-14.1 403.4 36.2 383.6 58.9 441.3 8.7 461.1 harbor 0
91.5 452.4 151.7 502.0 107.1 556.0 47.0 506.3 harbor 0
45.2 711.9 71.4 739.4 14.8 793.1 -11.4 765.6 harbor 0
96.4 792.6 123.2 824.9 81.6 859.4 54.8 827.1 harbor 0
125.0 752.6 150.2 729.9 240.0 829.4 214.8 852.1 harbor 0
184.5 717.5 212.1 691.4 273.9 756.8 246.3 782.9 harbor 0
231.2 700.0 235.0 658.2 296.8 664.0 292.9 705.8 harbor 0
185.7 604.3 212.6 572.1 269.4 619.6 242.5 651.8 harbor 0
904.6 659.7 929.1 683.3 894.4 719.3 869.9 695.7 small-vehicle 0
836.6 -3.6 866.1 20.3 809.5 90.3 780.0 66.4 harbor 0
677.9 133.9 711.2 165.8 662.7 216.3 629.5 184.5 harbor 0
700.0 219.9 741.6 185.5 776.0 227.1 734.4 261.5 harbor 0
906.3 73.5 913.0 90.2 862.9 110.4 856.2 93.7 harbor 0
