557.4 388.9 590.4 362.9 601.6 377.1 568.6 403.1 small-vehicle 0
859.0 490.0 880.4 511.0 851.0 541.0 829.6 520.0 small-vehicle 0
813.6 529.5 821.3 523.1 845.4 552.5 837.7 558.9 small-vehicle 0
792.7 541.5 799.7 534.4 835.3 569.5 828.3 576.6 small-vehicle 0
690.3 472.0 705.7 492.9 675.1 515.4 659.7 494.5 small-vehicle 0
650.6 480.4 672.5 459.9 684.8 473.1 662.9 493.6 small-vehicle 0
619.8 441.8 635.9 421.4 659.4 439.9 643.4 460.3 small-vehicle 0
586.8 382.1 607.7 388.7 596.2 424.9 575.3 418.3 small-vehicle 0
529.3 347.9 547.4 329.3 571.7 353.1 553.6 371.7 small-vehicle 0
840.2 356.0 841.4 373.9 815.5 375.7 814.3 357.7 small-vehicle 0
499.3 319.3 520.0 297.7 538.8 315.7 518.0 337.3 small-vehicle 0
471.7 291.2 507.6 269.3 527.3 301.8 491.4 323.7 small-vehicle 0
429.1 352.8 430.7 351.6 431.9 353.2 430.3 354.4 small-vehicle 0
430.1 377.0 456.0 361.8 467.1 380.8 441.3 396.0 small-vehicle 0
512.1 423.6 534.8 443.2 507.4 475.0 484.7 455.4 small-vehicle 0
846.4 411.7 876.3 395.4 892.6 425.3 862.7 441.6 small-vehicle 0
795.8 356.3 812.3 336.2 826.2 347.7 809.7 367.8 small-vehicle 0
463.8 586.5 485.7 566.0 530.9 614.0 509.1 634.6 small-vehicle 0
409.9 873.1 431.8 852.5 466.1 888.9 444.2 909.5 small-vehicle 0
559.3 898.0 579.6 881.8 610.7 921.0 590.4 937.2 small-vehicle 0
616.4 854.7 633.8 835.4 674.0 871.5 656.6 890.9 small-vehicle 0
636.6 834.2 643.5 827.0 679.7 861.4 672.8 868.7 small-vehicle 0
646.9 822.7 665.8 804.9 700.1 841.3 681.2 859.1 small-vehicle 0
479.5 847.7 522.0 814.4 545.5 844.3 503.0 877.6 small-vehicle 0
341.3 600.3 360.2 582.4 394.6 618.7 375.7 636.5 small-vehicle 0
403.5 691.1 440.3 700.4 432.0 733.4 395.2 724.1 small-vehicle 0
768.8 337.2 769.4 331.2 819.2 335.8 818.6 341.8 small-vehicle 0
575.1 48.2 598.9 13.6 623.6 30.5 599.9 65.2 small-vehicle 0
583.5 109.8 613.5 144.7 566.5 185.2 536.5 150.3 small-vehicle 0
626.8 175.0 656.4 151.2 685.2 187.0 655.6 210.8 small-vehicle 0
653.3 216.0 679.8 188.8 707.0 215.3 680.5 242.5 small-vehicle 0
774.3 197.3 785.3 225.2 753.7 237.7 742.7 209.8 small-vehicle 0
687.7 240.7 719.1 219.2 738.3 247.3 706.9 268.8 small-vehicle 0
764.7 334.8 786.9 304.0 798.3 312.2 776.1 343.0 small-vehicle 0
54.9 592.7 172.4 710.0 120.1 762.3 2.6 645.0 harbor 0
68.9 554.6 97.2 523.5 208.1 624.4 179.8 655.5 harbor 0
149.0 484.4 172.7 460.1 297.3 581.6 273.5 606.0 harbor 0
200.9 376.2 224.9 352.2 342.1 469.8 318.1 493.8 harbor 0
374.8 44.3 426.0 2.5 493.0 84.7 441.8 126.4 harbor 0
377.4 842.8 384.0 835.3 412.6 860.2 406.0 867.7 small-vehicle 0
368.4 862.7 375.7 855.8 404.6 886.3 397.3 893.2 small-vehicle 0
356.1 995.8 375.1 967.6 409.9 991.2 390.9 1019.4 small-vehicle 0
244.9 941.0 270.7 918.8 324.1 981.0 298.3 1003.2 small-vehicle 0
931.7 919.4 955.2 889.5 969.3 900.6 945.8 930.5 small-vehicle 0
977.0 910.2 983.1 918.2 956.0 938.8 949.9 930.8 small-vehicle 0
1012.0 940.9 1018.1 966.1 985.0 974.1 978.9 948.9 small-vehicle 0
963.3 956.3 987.4 921.9 1002.2 932.2 978.1 966.6 small-vehicle 0
996.3 633.7 1014.0 614.7 1038.9 637.8 1021.2 656.9 small-vehicle 0
962.0 606.3 989.2 579.8 1015.7 606.9 988.6 633.5 small-vehicle 0
