380.4 467.0 465.1 481.9 449.5 570.5 364.8 555.6 plane 0
50.8 487.3 112.5 463.8 140.2 536.7 78.5 560.2 plane 0
155.3 502.3 197.6 468.7 243.7 526.6 201.4 560.3 plane 0
258.3 506.8 313.9 471.2 351.7 530.2 296.1 565.8 plane 0
590.6 92.1 617.7 19.0 679.6 41.9 652.5 115.0 plane 0
487.6 223.5 540.5 234.6 529.4 287.5 476.5 276.4 plane 0
361.3 232.9 422.5 208.1 448.7 273.0 387.6 297.8 plane 0
259.9 220.3 337.1 209.5 347.4 282.7 270.2 293.6 plane 0
185.7 209.9 238.0 223.5 219.3 295.1 167.0 281.5 plane 0
-26.1 824.3 29.2 788.3 84.8 873.8 29.5 909.8 plane 0
