527.1 856.3 552.1 873.0 526.6 911.2 501.6 894.6 plane 0
430.8 1002.5 462.0 980.8 488.2 1018.5 457.0 1040.2 plane 0
364.0 985.9 406.7 935.6 451.0 973.1 408.3 1023.4 plane 0
345.0 907.0 381.9 916.2 364.0 988.0 327.1 978.8 plane 0
474.6 831.7 498.2 850.2 472.4 883.3 448.8 864.8 plane 0
395.5 827.8 426.6 806.0 441.5 827.3 410.4 849.1 plane 0
522.7 735.1 551.7 752.8 527.7 792.1 498.7 774.4 plane 0
641.7 648.3 670.6 666.2 644.3 708.7 615.4 690.8 plane 0
584.3 623.9 608.4 633.7 591.1 676.3 567.0 666.5 plane 0
533.8 579.1 564.7 593.4 535.2 656.9 504.3 642.6 plane 0
726.0 206.2 741.2 175.8 796.6 203.6 781.4 234.0 plane 0
630.4 528.1 665.0 543.7 646.1 585.6 611.5 570.0 plane 0
904.6 240.9 909.7 274.6 864.2 281.4 859.1 247.8 plane 0
931.6 158.2 954.0 188.9 926.5 208.9 904.1 178.2 plane 0
992.1 39.2 1020.1 70.6 994.7 93.2 966.7 61.9 plane 0
994.0 17.6 1019.9 2.6 1039.0 35.4 1013.1 50.5 plane 0
845.6 43.7 870.5 60.4 860.4 75.3 835.5 58.6 plane 0
860.4 20.9 886.1 36.4 870.6 62.1 844.9 46.6 plane 0
