947.7 286.4 995.8 247.3 1052.6 317.1 1004.5 356.2 plane 0
317.3 126.8 343.7 105.3 370.2 137.9 343.8 159.3 plane 0
342.0 402.4 357.8 387.1 412.1 443.1 396.3 458.4 plane 0
462.7 348.7 497.0 324.5 535.1 378.4 500.8 402.6 plane 0
663.4 288.9 663.6 290.9 661.6 291.1 661.4 289.1 plane 0
615.1 287.6 633.1 321.1 574.9 352.4 556.9 318.9 plane 0
559.7 254.8 561.6 254.2 562.2 256.1 560.3 256.7 plane 0
619.7 130.1 659.2 93.3 764.3 205.9 724.8 242.7 plane 0
988.6 156.2 1037.5 206.3 967.4 274.8 918.5 224.7 plane 0
744.2 429.2 790.1 426.8 793.8 496.8 747.9 499.2 plane 0
801.9 410.0 899.7 359.7 948.1 454.0 850.3 504.3 plane 0
946.8 402.6 979.5 349.9 1025.4 378.4 992.6 431.1 plane 0
397.8 74.6 419.2 59.9 443.0 94.6 421.5 109.3 plane 0
813.1 26.5 830.5 -16.0 887.9 7.5 870.5 50.0 plane 0
716.1 57.4 765.9 8.2 829.1 72.2 779.4 121.4 plane 0
