830.2 660.6 833.8 606.7 859.8 608.4 856.2 662.3 plane 0
875.5 587.3 905.0 552.0 946.5 586.7 917.0 622.0 plane 0
884.7 599.1 898.9 630.0 875.3 640.9 861.1 610.0 plane 0
771.7 612.8 780.3 601.7 813.6 627.3 805.0 638.4 plane 0
764.4 632.3 807.8 647.6 800.5 668.3 757.1 653.0 plane 0
795.4 667.8 800.3 680.9 757.3 697.2 752.4 684.1 plane 0
799.1 693.3 835.0 722.1 801.2 764.2 765.3 735.5 plane 0
1000.7 605.7 1022.8 636.6 985.3 663.3 963.2 632.4 plane 0
961.6 667.7 995.4 684.9 976.4 722.3 942.6 705.1 plane 0
860.7 737.8 899.6 753.6 882.3 796.2 843.4 780.4 plane 0
