218.8 970.4 238.3 1016.4 181.2 1040.6 161.7 994.6 plane 0
196.9 918.8 227.9 952.8 188.1 989.2 157.1 955.2 plane 0
180.4 876.9 185.9 902.3 141.0 912.1 135.4 886.7 plane 0
44.5 785.8 63.7 813.9 22.5 842.2 3.3 814.1 plane 0
143.5 859.6 145.6 893.6 87.8 897.3 85.6 863.4 plane 0
106.4 830.2 116.4 845.2 71.5 875.2 61.5 860.2 plane 0
155.3 813.3 176.8 849.3 130.5 877.0 108.9 840.9 plane 0
98.0 785.1 108.6 794.2 70.8 838.2 60.2 829.1 plane 0
107.2 802.4 114.5 790.4 146.9 810.3 139.6 822.2 plane 0
-20.0 817.1 26.6 759.6 43.7 773.5 -2.9 831.0 plane 0
52.3 759.4 56.0 768.6 32.0 778.4 28.2 769.2 plane 0
62.0 754.8 74.9 749.3 94.4 795.4 81.5 800.8 plane 0
112.8 717.4 136.6 770.3 109.2 782.6 85.4 729.7 plane 0
