370.3 734.1 381.7 748.0 361.7 764.6 350.2 750.7 small-vehicle 0
616.4 560.8 623.7 567.6 597.6 595.2 590.3 588.4 large-vehicle 0
565.3 469.9 566.7 475.7 529.8 484.6 528.4 478.8 large-vehicle 0
567.4 473.5 571.9 477.5 543.6 508.5 539.1 504.5 large-vehicle 0
575.1 484.1 580.0 487.5 555.9 521.9 551.0 518.5 large-vehicle 0
578.1 509.3 582.4 513.4 567.1 529.3 562.8 525.2 large-vehicle 0
588.1 522.1 592.4 526.3 576.9 541.9 572.6 537.7 large-vehicle 0
591.0 516.4 596.9 517.0 590.0 578.6 584.1 578.0 large-vehicle 0
606.4 542.1 611.8 544.8 592.9 582.3 587.5 579.6 large-vehicle 0
481.7 522.4 502.3 506.5 528.0 539.7 507.4 555.7 large-vehicle 0
482.0 561.5 485.4 556.6 497.0 564.5 493.6 569.4 large-vehicle 0
510.9 561.8 517.4 569.4 491.3 591.3 484.9 583.6 large-vehicle 0
523.9 577.2 529.4 585.6 494.4 608.8 488.9 600.4 large-vehicle 0
526.7 602.3 528.2 608.1 506.8 613.6 505.4 607.8 large-vehicle 0
503.9 624.4 504.1 618.4 546.1 619.6 545.9 625.6 large-vehicle 0
518.3 583.2 544.9 561.9 573.7 597.8 547.1 619.1 large-vehicle 0
626.4 569.0 631.6 571.9 609.2 612.1 603.9 609.1 large-vehicle 0
530.0 416.3 534.7 420.0 511.8 450.2 507.0 446.6 large-vehicle 0
635.3 586.3 640.1 589.9 614.8 623.4 610.0 619.8 large-vehicle 0
611.4 645.7 646.8 585.3 658.9 592.4 623.5 652.8 large-vehicle 0
646.8 626.3 651.3 630.3 639.2 643.7 634.7 639.7 large-vehicle 0
654.7 623.9 670.4 632.6 650.2 669.4 634.4 660.7 large-vehicle 0
538.9 546.6 542.4 537.2 578.1 550.4 574.6 559.8 large-vehicle 0
565.7 650.2 569.4 654.9 536.3 680.8 532.6 676.1 large-vehicle 0
567.3 670.4 572.6 679.0 550.4 692.6 545.2 684.0 large-vehicle 0
565.8 647.8 566.1 653.8 520.2 656.2 519.9 650.2 large-vehicle 0
543.9 695.7 544.7 689.8 590.3 695.3 589.6 701.3 large-vehicle 0
597.7 635.8 607.9 626.3 636.5 657.1 626.3 666.6 large-vehicle 0
566.9 661.1 589.2 641.0 617.3 672.2 595.0 692.3 large-vehicle 0
735.0 673.6 753.0 707.1 687.8 742.0 669.8 708.5 large-vehicle 0
808.0 736.1 812.0 745.3 766.0 764.9 762.0 755.7 large-vehicle 0
734.2 755.4 765.5 716.5 782.7 730.3 751.3 769.2 large-vehicle 0
543.0 427.5 547.5 431.5 519.8 463.0 515.3 459.1 large-vehicle 0
522.3 395.2 527.3 398.4 504.7 433.8 499.7 430.6 large-vehicle 0
686.7 783.9 690.7 779.4 722.3 807.1 718.3 811.6 large-vehicle 0
883.5 501.6 883.9 511.6 833.9 513.4 833.6 503.4 large-vehicle 0
878.4 325.5 883.5 328.8 858.6 367.5 853.5 364.2 large-vehicle 0
870.6 313.2 878.0 320.0 849.4 350.8 842.0 344.0 large-vehicle 0
861.0 301.0 867.9 308.3 840.3 334.4 833.4 327.2 large-vehicle 0
853.6 285.2 857.9 289.3 831.8 316.9 827.5 312.8 large-vehicle 0
817.5 288.0 843.8 273.7 850.5 286.0 824.2 300.3 large-vehicle 0
974.5 259.4 991.7 240.0 1023.1 267.9 1005.8 287.3 large-vehicle 0
928.6 411.8 934.0 414.2 915.4 456.2 910.0 453.8 large-vehicle 0
941.3 435.5 947.1 443.7 919.3 463.3 913.5 455.1 large-vehicle 0
830.8 420.7 834.1 425.7 802.2 446.3 798.9 441.3 large-vehicle 0
814.8 443.2 816.0 441.5 827.2 449.8 826.0 451.5 large-vehicle 0
947.5 446.9 955.1 453.4 930.4 482.3 922.8 475.8 large-vehicle 0
817.7 471.9 838.1 444.7 849.3 453.1 828.9 480.3 large-vehicle 0
856.5 462.3 862.3 470.4 831.5 492.7 825.7 484.6 large-vehicle 0
859.2 481.6 864.4 490.1 845.5 501.5 840.4 492.9 large-vehicle 0
859.3 482.9 878.4 465.3 906.8 496.3 887.7 513.9 large-vehicle 0
513.4 387.0 518.1 390.6 492.6 424.0 487.9 420.4 large-vehicle 0
971.4 528.2 992.6 559.6 934.6 598.8 913.4 567.4 large-vehicle 0
998.7 704.8 1013.5 726.2 969.1 756.9 954.3 735.5 large-vehicle 0
422.4 400.4 430.5 394.6 452.6 425.6 444.5 431.4 large-vehicle 0
424.0 392.7 442.4 374.4 472.0 404.3 453.6 422.6 large-vehicle 0
509.7 381.5 511.9 387.1 480.3 399.5 478.1 393.9 large-vehicle 0
780.3 764.3 789.5 774.9 757.9 802.5 748.7 792.0 large-vehicle 0
671.8 789.1 675.9 784.8 706.2 813.9 702.1 818.2 large-vehicle 0
908.6 369.4 909.3 379.4 863.4 382.6 862.7 372.6 large-vehicle 0
261.1 488.5 264.3 493.6 231.9 513.5 228.7 508.4 large-vehicle 0
441.9 615.8 449.8 621.9 424.1 655.2 416.2 649.1 large-vehicle 0
428.0 609.1 435.2 616.1 420.0 631.9 412.8 624.9 large-vehicle 0
427.4 587.2 431.8 591.3 411.3 613.2 406.9 609.1 large-vehicle 0
421.1 576.4 424.9 581.0 392.7 607.9 388.8 603.3 large-vehicle 0
376.9 625.7 387.0 616.0 416.1 646.3 406.0 656.0 large-vehicle 0
314.1 631.1 317.7 626.4 328.9 634.9 325.3 639.6 large-vehicle 0
279.6 613.5 300.4 586.5 314.6 597.5 293.9 624.5 large-vehicle 0
257.0 562.8 257.0 556.8 307.0 557.2 307.0 563.2 large-vehicle 0
293.2 520.5 299.9 528.0 253.8 569.5 247.1 562.0 large-vehicle 0
318.8 586.8 375.1 538.8 405.0 573.8 348.6 621.8 large-vehicle 0
316.7 522.0 326.9 512.4 358.3 546.0 348.1 555.6 large-vehicle 0
278.4 533.9 303.9 511.5 331.6 543.1 306.1 565.5 large-vehicle 0
274.0 512.9 280.8 520.2 253.0 546.1 246.2 538.8 large-vehicle 0
223.5 506.8 225.7 501.2 283.3 524.2 281.1 529.8 large-vehicle 0
214.0 495.5 244.3 466.4 254.0 476.5 223.7 505.6 large-vehicle 0
362.0 655.4 363.2 661.3 322.0 669.6 320.8 663.7 large-vehicle 0
199.8 498.2 238.6 440.0 250.2 447.8 211.4 506.0 large-vehicle 0
225.1 446.8 231.2 454.7 213.9 468.2 207.8 460.3 large-vehicle 0
229.6 437.7 230.5 443.6 192.9 449.3 192.0 443.4 large-vehicle 0
211.2 418.2 215.6 427.2 195.8 436.8 191.4 427.8 large-vehicle 0
227.5 448.9 249.0 427.9 275.5 455.1 254.0 476.1 large-vehicle 0
201.2 399.1 219.8 381.0 249.0 411.2 230.4 429.3 large-vehicle 0
201.0 402.8 206.4 411.2 188.0 423.2 182.6 414.8 large-vehicle 0
169.2 401.1 169.3 395.1 199.3 395.9 199.1 401.9 large-vehicle 0
194.3 373.8 196.6 383.5 155.7 393.2 153.4 383.5 large-vehicle 0
174.4 359.5 177.4 364.7 158.3 375.6 155.3 370.4 large-vehicle 0
172.4 359.1 196.6 335.2 226.1 365.0 202.0 388.9 large-vehicle 0
142.0 352.9 143.8 347.1 172.4 356.1 170.6 361.8 large-vehicle 0
157.0 330.1 160.1 335.2 138.0 348.9 134.9 343.8 large-vehicle 0
146.3 316.4 150.7 320.4 135.7 336.6 131.3 332.6 large-vehicle 0
354.6 636.6 357.5 646.2 313.4 659.4 310.5 649.8 large-vehicle 0
362.8 662.9 368.3 671.3 340.0 690.1 334.5 681.7 large-vehicle 0
661.2 798.2 665.3 793.7 696.3 822.1 692.2 826.5 large-vehicle 0
268.7 324.6 275.8 331.7 249.1 358.7 242.0 351.7 large-vehicle 0
591.3 853.0 700.9 775.9 722.7 807.0 613.1 884.1 large-vehicle 0
384.7 536.5 389.5 540.1 374.0 561.0 369.2 557.4 large-vehicle 0
382.2 515.3 387.0 519.0 356.3 558.5 351.6 554.8 large-vehicle 0
358.8 491.7 363.6 495.3 348.0 516.1 343.2 512.6 large-vehicle 0
350.8 478.0 355.4 481.7 339.2 502.0 334.6 498.3 large-vehicle 0
346.8 456.5 351.8 459.8 328.2 494.5 323.2 491.2 large-vehicle 0
330.2 428.2 334.7 432.1 309.8 460.8 305.3 456.9 large-vehicle 0
325.4 416.4 329.2 421.0 296.6 447.6 292.8 443.0 large-vehicle 0
316.5 399.4 322.4 407.5 288.6 432.4 282.7 424.3 large-vehicle 0
307.2 379.7 314.3 386.8 281.8 419.3 274.7 412.2 large-vehicle 0
295.4 365.0 300.3 368.5 273.4 405.9 268.6 402.4 large-vehicle 0
285.9 354.2 292.9 361.3 266.0 388.0 258.9 380.9 large-vehicle 0
368.8 315.4 374.0 323.9 341.6 343.7 336.4 335.1 large-vehicle 0
278.8 337.1 283.5 340.8 257.6 373.8 252.9 370.1 large-vehicle 0
261.2 309.3 265.7 313.3 237.8 344.7 233.3 340.7 large-vehicle 0
376.1 680.2 379.6 689.6 343.9 702.8 340.4 693.4 large-vehicle 0
251.2 292.5 256.2 295.7 231.3 334.4 226.2 331.1 large-vehicle 0
367.9 505.3 375.1 512.2 359.9 528.1 352.6 521.2 large-vehicle 0
398.3 546.8 402.5 551.0 384.3 569.5 380.0 565.3 large-vehicle 0
411.9 559.5 418.0 567.4 384.7 593.0 378.6 585.1 large-vehicle 0
495.9 715.3 515.4 725.4 496.1 762.7 476.6 752.6 large-vehicle 0
498.9 702.5 503.4 706.5 475.1 737.5 470.6 733.5 large-vehicle 0
489.3 692.9 493.3 697.3 462.3 725.7 458.3 721.2 large-vehicle 0
477.9 675.3 484.9 682.4 455.0 711.9 448.0 704.8 large-vehicle 0
472.3 661.0 476.5 665.3 443.5 697.3 439.3 693.0 large-vehicle 0
463.8 644.0 468.3 647.9 435.7 685.8 431.2 681.9 large-vehicle 0
432.6 719.0 436.3 709.7 460.5 719.2 456.8 728.5 large-vehicle 0
391.6 709.4 395.8 718.5 361.4 734.6 357.2 725.5 large-vehicle 0
375.6 693.3 392.7 673.7 421.4 698.7 404.3 718.3 large-vehicle 0
374.3 694.6 380.7 702.3 363.7 716.4 357.3 708.7 large-vehicle 0
889.7 338.0 897.4 344.3 868.3 380.0 860.6 373.7 large-vehicle 0
905.3 371.5 910.1 375.0 883.1 412.3 878.2 408.7 large-vehicle 0
672.3 90.8 675.4 108.5 649.7 112.9 646.7 95.2 small-vehicle 0
90.0 717.1 114.5 693.6 124.2 703.7 99.7 727.2 small-vehicle 0
651.8 491.0 655.3 495.8 634.2 511.0 630.7 506.2 small-vehicle 0
640.1 478.3 645.2 481.4 631.9 503.7 626.8 500.6 small-vehicle 0
641.5 474.8 644.1 480.2 620.7 491.5 618.1 486.1 small-vehicle 0
633.8 462.3 637.5 467.0 617.2 483.2 613.5 478.5 small-vehicle 0
608.3 470.8 624.3 450.3 632.1 456.5 616.2 477.0 small-vehicle 0
629.0 445.4 631.2 451.0 603.4 462.4 601.2 456.8 small-vehicle 0
588.2 411.5 608.5 420.1 600.0 440.3 579.7 431.8 small-vehicle 0
548.9 369.5 565.7 355.3 582.4 375.3 565.6 389.4 small-vehicle 0
525.9 283.8 543.3 303.2 526.9 317.9 509.5 298.5 small-vehicle 0
306.0 557.9 315.5 573.2 290.0 589.1 280.5 573.8 small-vehicle 0
315.4 592.8 328.7 575.3 346.2 588.7 332.8 606.1 small-vehicle 0
321.7 714.8 331.7 695.2 351.3 705.2 341.3 724.8 small-vehicle 0
192.0 850.2 192.8 852.0 191.0 852.8 190.2 851.0 small-vehicle 0
188.4 822.4 188.6 820.4 190.6 820.6 190.4 822.6 small-vehicle 0
110.9 710.6 124.1 698.4 147.1 723.4 133.9 735.6 small-vehicle 0
641.9 826.3 659.7 839.2 644.5 860.3 626.7 847.4 small-vehicle 0
177.3 15.1 178.4 16.8 176.7 17.9 175.6 16.2 small-vehicle 0
178.1 25.8 187.1 50.2 143.9 66.2 134.9 41.8 small-vehicle 0
90.5 44.0 98.2 55.7 76.5 70.0 68.8 58.3 small-vehicle 0
34.4 56.0 35.6 57.6 34.1 58.8 32.8 57.3 small-vehicle 0
73.4 60.9 83.1 80.6 59.7 92.1 50.0 72.3 small-vehicle 0
329.1 602.5 333.1 607.0 304.9 632.5 300.9 628.0 large-vehicle 0
363.6 159.2 376.9 176.7 353.0 194.9 339.7 177.4 large-vehicle 0
656.2 355.6 673.8 342.4 691.8 366.4 674.2 379.6 large-vehicle 0
672.5 396.9 693.8 375.8 723.3 405.7 701.9 426.8 large-vehicle 0
490.8 540.6 494.0 545.6 479.0 555.4 475.7 550.4 large-vehicle 0
493.8 512.2 500.3 519.8 459.2 554.8 452.7 547.2 large-vehicle 0
483.4 508.6 486.6 518.1 450.6 530.4 447.4 520.9 large-vehicle 0
469.1 490.8 474.8 499.1 446.7 518.2 441.0 510.0 large-vehicle 0
426.7 488.4 427.9 482.5 473.0 491.7 471.8 497.5 large-vehicle 0
500.1 647.0 518.2 618.3 536.9 630.0 518.8 658.7 small-vehicle 0
886.8 783.8 890.3 788.7 872.3 801.4 868.8 796.5 small-vehicle 0
441.4 446.5 448.0 453.9 422.6 476.5 416.0 469.1 large-vehicle 0
707.7 470.6 710.8 475.7 685.3 491.4 682.2 486.3 small-vehicle 0
32.4 605.8 56.2 595.4 66.6 619.2 42.8 629.6 small-vehicle 0
832.3 716.2 843.4 730.4 819.7 748.8 808.6 734.6 large-vehicle 0
1008.5 778.6 1021.6 773.7 1029.4 794.3 1016.3 799.2 small-vehicle 0
1001.7 780.0 1007.4 778.1 1014.3 799.0 1008.6 800.9 small-vehicle 0
991.7 786.3 997.1 783.8 1006.3 803.7 1000.9 806.2 small-vehicle 0
951.7 696.1 966.5 712.4 947.3 729.9 932.5 713.6 small-vehicle 0
749.7 124.3 767.6 143.2 737.1 172.1 719.2 153.2 small-vehicle 0
712.1 484.2 713.7 490.0 692.6 496.0 690.9 490.2 small-vehicle 0
859.8 776.9 861.6 771.2 890.2 780.1 888.4 785.8 small-vehicle 0
658.7 500.3 662.0 505.3 640.3 519.6 637.0 514.6 small-vehicle 0
718.7 493.5 719.8 499.4 694.3 504.5 693.2 498.6 small-vehicle 0
644.5 527.9 658.8 511.2 678.5 528.1 664.2 544.8 small-vehicle 0
725.3 501.2 728.0 506.5 701.1 519.9 698.5 514.6 small-vehicle 0
733.9 515.6 739.5 532.7 718.6 539.6 713.0 522.5 small-vehicle 0
681.7 538.8 684.3 544.2 657.3 557.2 654.7 551.8 small-vehicle 0
686.6 555.0 686.9 561.0 661.0 562.2 660.7 556.2 small-vehicle 0
700.4 575.2 704.1 579.9 683.6 595.8 679.9 591.1 small-vehicle 0
686.8 593.3 700.5 581.7 712.1 595.5 698.4 607.1 small-vehicle 0
699.2 612.3 699.7 610.3 721.0 616.1 720.5 618.1 small-vehicle 0
723.2 617.4 725.8 622.8 709.6 630.7 707.0 625.3 small-vehicle 0
719.3 632.1 719.3 634.1 717.3 634.1 717.3 632.1 small-vehicle 0
840.3 648.1 845.5 626.7 870.7 632.9 865.5 654.3 small-vehicle 0
873.1 751.4 881.5 767.3 862.1 777.6 853.7 761.7 small-vehicle 0
458.2 465.5 461.0 475.1 424.5 485.6 421.7 475.9 large-vehicle 0
442.5 441.2 443.4 447.2 405.8 452.8 404.9 446.9 large-vehicle 0
914.4 387.0 919.1 390.8 895.2 420.3 890.5 416.6 large-vehicle 0
859.3 104.8 872.7 136.0 830.4 154.1 817.0 122.9 large-vehicle 0
752.9 285.7 758.5 294.0 727.1 315.3 721.5 307.0 large-vehicle 0
765.8 305.8 768.1 315.6 727.2 325.2 724.9 315.4 large-vehicle 0
779.1 329.7 783.0 334.3 750.9 361.3 747.0 356.7 large-vehicle 0
756.3 375.5 756.9 369.5 806.7 374.5 806.1 380.5 large-vehicle 0
817.7 400.9 824.9 407.9 798.3 435.1 791.1 428.1 large-vehicle 0
996.9 156.1 1013.1 181.3 981.2 201.8 964.9 176.6 large-vehicle 0
699.7 169.0 744.8 139.3 767.9 174.4 722.8 204.1 large-vehicle 0
839.3 187.8 839.8 181.8 885.7 185.2 885.2 191.2 large-vehicle 0
868.8 158.3 872.5 163.1 839.2 188.7 835.5 183.9 large-vehicle 0
864.0 145.6 867.8 150.3 835.0 176.4 831.2 171.7 large-vehicle 0
968.4 126.2 989.7 147.3 960.3 177.2 938.9 156.2 large-vehicle 0
948.9 103.2 971.5 123.0 941.1 157.6 918.6 137.8 large-vehicle 0
950.3 87.1 956.1 95.2 918.7 121.9 912.9 113.8 large-vehicle 0
938.5 56.2 955.8 75.6 918.5 108.8 901.2 89.4 large-vehicle 0
861.2 53.8 877.6 33.6 907.1 57.5 890.7 77.7 large-vehicle 0
709.3 287.7 709.8 281.7 751.7 285.3 751.2 291.3 large-vehicle 0
708.9 72.2 722.1 94.7 685.8 115.9 672.7 93.5 large-vehicle 0
422.3 231.7 439.8 251.0 411.6 276.5 394.2 257.2 large-vehicle 0
386.3 294.0 393.9 282.3 425.7 303.0 418.1 314.7 large-vehicle 0
365.8 310.7 366.1 316.6 324.2 319.3 323.9 313.4 large-vehicle 0
353.7 293.6 354.5 299.5 316.8 304.4 316.1 298.4 large-vehicle 0
343.9 274.8 346.6 280.1 316.1 295.2 313.4 289.9 large-vehicle 0
320.1 243.4 338.2 262.1 310.9 288.6 292.8 269.9 large-vehicle 0
573.5 220.9 590.7 207.2 619.5 243.1 602.3 256.8 large-vehicle 0
547.7 191.4 566.4 162.9 594.8 181.6 576.1 210.0 large-vehicle 0
735.9 340.5 760.5 311.5 771.1 320.5 746.5 349.5 large-vehicle 0
761.6 357.2 765.2 352.4 776.4 360.8 772.8 365.6 large-vehicle 0
805.8 372.3 811.3 380.6 776.2 403.7 770.7 395.4 large-vehicle 0
819.1 392.2 822.0 401.8 777.9 414.8 775.0 405.2 large-vehicle 0
921.1 402.3 928.7 408.9 903.9 437.7 896.3 431.1 large-vehicle 0
821.7 241.4 827.0 244.3 808.8 277.6 803.5 274.7 large-vehicle 0
742.3 262.9 744.0 272.8 702.7 280.1 701.0 270.2 large-vehicle 0
387.8 431.2 388.7 425.2 434.2 431.8 433.3 437.8 large-vehicle 0
719.7 471.7 748.7 453.9 770.6 489.7 741.6 507.5 large-vehicle 0
414.9 408.4 417.9 413.6 398.8 424.6 395.8 419.4 large-vehicle 0
415.4 394.7 417.1 400.4 384.6 410.3 382.9 404.6 large-vehicle 0
368.5 388.5 369.1 382.5 410.9 386.6 410.3 392.6 large-vehicle 0
394.0 359.1 399.5 367.5 371.0 386.0 365.5 377.6 large-vehicle 0
494.4 357.1 499.6 360.1 478.4 396.4 473.2 393.3 large-vehicle 0
348.1 365.3 375.3 338.8 387.9 351.7 360.7 378.2 large-vehicle 0
483.2 343.6 488.6 346.2 471.9 380.3 466.5 377.7 large-vehicle 0
473.8 325.0 479.4 327.1 464.5 366.4 458.9 364.2 large-vehicle 0
439.6 339.9 470.6 318.0 478.7 329.4 447.6 351.3 large-vehicle 0
433.4 322.2 459.9 300.9 468.6 311.8 442.1 333.1 large-vehicle 0
453.8 278.3 461.7 284.4 433.6 320.8 425.7 314.7 large-vehicle 0
446.7 268.7 452.9 276.5 423.3 300.3 417.1 292.5 large-vehicle 0
430.2 257.0 435.2 260.4 420.8 282.0 415.8 278.6 large-vehicle 0
719.5 442.1 721.1 440.9 722.3 442.5 720.7 443.7 large-vehicle 0
744.0 511.3 764.5 495.3 795.3 534.6 774.9 550.7 large-vehicle 0
731.3 249.9 732.2 255.9 694.7 262.1 693.8 256.1 large-vehicle 0
767.0 562.8 795.2 537.3 818.0 562.6 789.8 588.0 large-vehicle 0
714.5 768.4 728.6 757.3 752.2 787.0 738.1 798.2 large-vehicle 0
708.3 769.2 739.0 791.5 730.7 802.8 700.0 780.5 large-vehicle 0
796.9 182.4 801.9 191.1 768.9 210.0 763.9 201.3 large-vehicle 0
649.9 184.9 650.2 179.0 692.1 181.1 691.8 187.0 large-vehicle 0
690.3 186.7 692.9 192.2 658.4 208.3 655.9 202.9 large-vehicle 0
706.0 199.3 709.7 208.6 667.0 225.7 663.3 216.4 large-vehicle 0
776.2 145.8 784.0 152.2 754.9 187.8 747.2 181.5 large-vehicle 0
787.8 164.6 792.0 168.8 762.2 198.4 758.0 194.2 large-vehicle 0
799.6 193.1 807.5 199.4 781.2 232.2 773.4 225.9 large-vehicle 0
812.4 212.7 818.0 221.0 786.6 242.3 781.0 234.0 large-vehicle 0
814.4 220.9 819.9 223.4 801.4 265.5 795.9 263.0 large-vehicle 0
712.3 216.5 715.6 225.9 679.7 238.5 676.4 229.1 large-vehicle 0
718.3 227.3 723.7 235.8 691.5 256.1 686.2 247.6 large-vehicle 0
152.8 309.6 175.9 290.4 200.2 319.6 177.1 338.8 large-vehicle 0
