513.8 444.5 535.8 480.3 493.2 506.5 471.2 470.7 storage-tank 0
323.8 735.4 349.0 712.5 377.2 743.6 352.0 766.5 ship 0
362.5 247.6 391.9 283.0 356.5 312.4 327.1 277.0 storage-tank 0
361.4 253.9 388.5 221.8 426.6 254.1 399.5 286.2 storage-tank 0
358.4 315.8 396.4 289.9 424.6 331.2 386.6 357.1 storage-tank 0
402.6 288.9 419.2 274.4 449.4 309.1 432.8 323.6 storage-tank 0
398.4 369.2 436.8 343.8 466.6 388.8 428.2 414.2 storage-tank 0
442.7 349.5 456.6 332.4 492.3 361.5 478.4 378.6 storage-tank 0
466.0 400.3 490.1 366.0 531.0 394.7 506.9 429.0 storage-tank 0
442.5 399.0 484.5 399.0 484.5 445.0 442.5 445.0 storage-tank 0
527.9 422.9 565.6 441.4 547.1 479.1 509.4 460.6 storage-tank 0
219.3 726.8 302.0 626.5 371.4 683.8 288.7 784.1 harbor 0
635.1 145.1 663.8 120.2 693.9 154.9 665.2 179.8 storage-tank 0
613.4 113.7 633.5 91.4 667.6 122.3 647.5 144.6 storage-tank 0
909.5 566.9 934.8 533.4 955.5 549.1 930.2 582.6 storage-tank 0
928.2 574.3 972.2 560.7 985.8 604.7 941.8 618.3 storage-tank 0
