877.8 30.7 884.6 23.3 927.3 62.6 920.5 69.9 ship 0
740.2 205.6 741.9 206.7 740.8 208.4 739.1 207.3 ship 0
744.0 234.8 745.9 235.5 745.2 237.3 743.3 236.6 ship 0
762.5 217.8 778.2 226.6 761.5 256.2 745.8 247.4 ship 0
844.1 239.4 864.8 231.9 877.9 267.6 857.2 275.1 ship 0
879.1 231.1 880.8 232.1 879.7 233.8 878.1 232.8 ship 0
1001.4 262.1 1003.1 263.0 1002.2 264.8 1000.4 263.9 ship 0
989.6 258.4 991.5 259.2 990.6 261.0 988.8 260.2 ship 0
680.6 224.0 682.5 224.8 681.7 226.7 679.9 225.9 ship 0
228.9 264.0 246.6 277.1 231.1 298.0 213.4 284.9 ship 0
624.7 216.1 636.7 229.6 620.2 244.2 608.3 230.7 harbor 0
871.4 42.7 886.2 32.4 921.6 83.3 906.8 93.6 ship 0
