747.5 51.2 764.2 85.4 726.5 103.8 709.8 69.6 storage-tank 0
752.6 -2.4 781.5 22.3 746.4 63.4 717.5 38.7 storage-tank 0
793.2 7.4 826.4 33.1 795.8 72.6 762.6 46.9 storage-tank 0
787.4 60.1 811.8 83.7 782.6 113.9 758.2 90.3 storage-tank 0
866.2 32.8 871.1 45.9 816.8 66.2 811.9 53.1 storage-tank 0
823.0 74.2 855.1 94.5 839.0 119.8 806.9 99.5 storage-tank 0
889.7 26.1 918.9 50.5 884.3 91.9 855.1 67.5 storage-tank 0
886.8 72.2 903.6 127.8 867.2 138.8 850.4 83.2 storage-tank 0
949.1 53.3 955.4 65.9 917.9 84.7 911.6 72.1 storage-tank 0
917.3 90.7 950.3 116.8 931.7 140.3 898.7 114.2 storage-tank 0
980.5 44.8 1012.9 71.5 978.5 113.2 946.1 86.5 storage-tank 0
985.2 109.9 991.4 122.4 953.8 141.1 947.6 128.6 storage-tank 0
87.2 519.3 97.1 520.9 94.8 534.7 84.9 533.1 storage-tank 0
29.4 512.0 122.5 525.1 120.6 539.0 27.5 525.9 storage-tank 0
75.5 516.5 87.0 561.0 69.5 565.5 58.0 521.0 storage-tank 0
88.2 535.4 93.7 537.9 87.8 550.6 82.3 548.1 storage-tank 0
95.6 538.5 100.0 534.4 112.4 547.5 108.0 551.6 storage-tank 0
108.5 530.9 111.6 521.3 132.5 528.1 129.4 537.7 storage-tank 0
58.3 56.2 71.5 60.7 65.7 77.8 52.5 73.3 storage-tank 0
62.8 78.1 70.1 85.0 52.2 103.9 44.9 97.0 storage-tank 0
86.9 82.4 93.8 89.6 75.1 107.6 68.2 100.4 storage-tank 0
120.2 79.2 127.1 86.4 90.8 120.8 83.9 113.6 storage-tank 0
150.7 84.1 156.3 92.4 108.3 124.9 102.7 116.6 storage-tank 0
82.1 60.3 95.4 64.6 89.9 81.7 76.6 77.4 storage-tank 0
105.3 65.1 118.9 68.4 114.7 85.9 101.1 82.6 storage-tank 0
134.1 69.7 143.0 74.2 134.9 90.3 126.0 85.8 storage-tank 0
86.0 0.7 89.5 5.6 52.0 32.3 48.5 27.4 storage-tank 0
100.0 -3.8 107.8 2.4 77.0 41.8 69.2 35.6 storage-tank 0
112.5 -2.1 121.8 1.6 103.5 48.1 94.2 44.4 storage-tank 0
117.6 13.6 122.9 10.7 139.4 40.4 134.1 43.3 storage-tank 0
141.7 24.7 151.6 23.4 153.3 37.3 143.4 38.6 storage-tank 0
152.7 -7.1 162.0 -3.4 149.3 28.1 140.0 24.4 storage-tank 0
131.3 -6.4 140.8 -3.3 132.7 21.4 123.2 18.3 storage-tank 0
