670.1 118.5 694.5 127.4 681.4 163.1 657.0 154.2 harbor 0
740.0 171.0 780.8 161.2 799.0 237.0 758.2 246.8 harbor 0
600.5 97.9 602.5 97.6 602.8 99.6 600.8 99.9 harbor 0
549.4 64.1 550.9 65.4 549.6 66.9 548.1 65.6 harbor 0
473.9 37.0 496.4 17.1 524.2 48.7 501.6 68.5 harbor 0
438.1 18.7 453.1 40.0 431.8 54.9 416.9 33.7 harbor 0
368.1 8.5 390.4 21.9 370.9 54.5 348.6 41.1 harbor 0
299.5 29.4 317.3 42.3 297.3 69.8 279.5 56.9 harbor 0
229.3 39.7 248.6 57.1 225.7 82.3 206.4 64.9 harbor 0
64.6 88.8 83.5 60.5 108.4 77.2 89.5 105.5 harbor 0
