970.4 348.9 974.9 344.9 997.6 370.1 993.1 374.1 ship 0
987.2 350.3 988.5 348.8 990.0 350.0 988.8 351.6 ship 0
997.5 342.0 998.7 340.4 1000.3 341.7 999.0 343.2 ship 0
1005.2 336.1 1006.7 334.8 1008.0 336.2 1006.6 337.6 ship 0
1014.8 331.7 1015.7 329.9 1017.5 330.8 1016.6 332.6 ship 0
970.3 324.1 971.9 325.3 970.7 326.9 969.1 325.7 ship 0
971.5 294.9 984.2 307.7 954.4 337.3 941.7 324.5 ship 0
912.4 226.0 928.4 210.9 962.8 247.2 946.8 262.3 ship 0
808.1 116.3 809.2 114.6 810.9 115.7 809.8 117.4 ship 0
784.9 99.4 799.1 110.4 788.1 124.6 773.9 113.6 ship 0
761.9 123.3 781.9 114.0 799.6 152.1 779.6 161.4 ship 0
811.7 126.1 820.9 136.7 810.3 145.9 801.1 135.3 ship 0
827.2 127.7 831.7 131.6 806.8 160.3 802.3 156.4 ship 0
