307.2 958.1 310.5 948.6 320.0 951.9 316.7 961.3 ship 0
449.2 1001.6 449.9 999.7 451.8 1000.4 451.1 1002.3 ship 0
219.2 991.4 219.4 993.4 217.4 993.6 217.2 991.6 ship 0
695.5 985.3 700.0 976.4 712.5 982.7 708.0 991.6 ship 0
252.1 167.6 276.1 138.1 302.4 159.6 278.4 189.0 bridge 0
208.2 366.0 226.2 364.3 231.8 422.0 213.8 423.7 bridge 0
900.6 455.2 911.7 423.1 951.4 436.8 940.3 468.9 bridge 0
826.0 606.4 842.0 631.8 820.0 645.6 804.0 620.2 bridge 0
981.7 219.7 997.8 199.3 1021.4 217.8 1005.3 238.3 bridge 0
606.5 997.4 607.4 995.6 609.1 996.5 608.2 998.3 ship 0
474.6 942.7 475.8 941.1 477.4 942.3 476.2 943.9 ship 0
572.6 884.5 574.0 883.1 575.4 884.5 574.0 885.9 ship 0
967.1 534.9 987.3 518.5 1003.7 538.7 983.5 555.1 bridge 0
134.9 55.8 150.8 30.3 189.8 54.7 173.9 80.2 bridge 0
