493.3 508.7 496.8 491.0 604.7 512.3 601.2 530.0 bridge 0
892.9 571.0 904.2 552.1 974.6 594.1 963.3 613.0 bridge 0
691.4 873.5 700.5 893.5 658.6 912.5 649.5 892.5 ship 0
526.9 1005.1 538.0 1013.5 527.1 1027.9 516.0 1019.5 ship 0
579.0 962.8 593.0 979.9 569.7 998.9 555.8 981.8 ship 0
609.8 930.5 625.8 951.0 602.2 969.5 586.2 949.0 ship 0
641.2 903.7 656.4 919.5 634.8 940.3 619.6 924.5 ship 0
771.5 831.6 775.3 849.2 722.5 860.4 718.7 842.8 ship 0
849.8 723.2 873.2 742.0 846.9 774.7 823.6 755.9 ship 0
402.3 669.2 417.8 684.8 385.2 717.3 369.7 701.7 ship 0
