631.8 611.2 633.1 612.6 631.6 614.0 630.3 612.5 ship 0
635.3 620.9 636.2 622.7 634.4 623.6 633.5 621.8 ship 0
146.6 351.8 156.6 342.0 180.4 366.2 170.4 376.0 bridge 0
349.8 363.5 363.7 390.1 330.0 407.7 316.1 381.1 ship 0
290.8 411.7 319.7 403.5 325.7 424.7 296.8 432.9 ship 0
285.8 502.2 305.0 484.7 325.2 506.8 306.0 524.3 ship 0
325.4 527.2 337.8 514.1 359.6 534.8 347.2 547.9 ship 0
354.4 559.9 367.4 547.4 388.2 568.9 375.3 581.5 ship 0
286.2 429.1 287.7 430.5 258.6 460.8 257.1 459.4 ship 0
279.1 448.1 280.4 449.6 278.9 450.9 277.6 449.4 ship 0
624.1 591.7 638.4 602.6 625.0 620.1 610.7 609.1 ship 0
622.9 584.9 627.1 589.1 603.1 613.1 598.9 608.9 ship 0
774.7 674.9 776.5 675.7 775.7 677.5 773.8 676.7 bridge 0
993.1 577.9 995.1 577.4 995.6 579.3 993.7 579.9 ship 0
503.5 942.5 504.7 940.9 506.3 942.1 505.2 943.7 ship 0
424.5 890.8 426.0 892.0 424.8 893.6 423.2 892.3 ship 0
