987.0 109.5 987.1 107.5 989.1 107.6 989.0 109.6 ship 0
1000.7 231.1 1002.4 232.2 1001.3 233.9 999.6 232.8 ship 0
990.6 228.9 992.0 230.4 990.6 231.8 989.2 230.3 ship 0
800.9 248.4 802.5 249.6 787.1 270.6 785.5 269.4 ship 0
770.0 261.3 793.4 249.9 797.8 258.9 774.4 270.3 ship 0
765.6 289.4 769.7 293.7 739.3 322.7 735.2 318.4 ship 0
747.3 296.1 748.4 297.7 746.8 298.9 745.6 297.2 ship 0
781.9 250.7 782.8 252.4 781.1 253.3 780.2 251.6 ship 0
747.4 281.6 751.6 285.9 733.0 304.0 728.8 299.7 ship 0
169.1 733.3 170.7 732.1 171.9 733.7 170.3 734.9 bridge 0
221.4 708.6 222.9 709.9 221.6 711.4 220.1 710.1 bridge 0
