819.5 156.1 819.7 158.1 817.7 158.3 817.5 156.3 harbor 0
431.6 215.2 440.1 204.0 511.9 258.2 503.5 269.4 ship 0
507.8 146.2 513.4 154.5 465.2 186.8 459.7 178.5 ship 0
458.6 125.7 466.9 109.8 532.4 144.3 524.1 160.2 ship 0
467.7 99.0 490.8 63.9 549.2 102.5 526.1 137.5 ship 0
462.1 45.0 471.8 25.3 566.9 72.1 557.2 91.8 ship 0
491.4 -3.3 504.9 -20.6 560.1 22.4 546.6 39.8 ship 0
279.2 262.2 298.4 229.4 358.8 264.8 339.6 297.6 ship 0
279.1 234.2 280.8 220.3 409.9 235.8 408.2 249.7 ship 0
331.1 183.0 340.1 172.3 402.9 225.0 393.9 235.7 ship 0
366.1 174.2 373.8 162.5 395.5 176.8 387.8 188.5 ship 0
338.0 145.3 365.5 113.5 385.2 130.5 357.7 162.3 ship 0
328.6 80.8 339.4 66.5 430.4 135.2 419.5 149.5 ship 0
317.7 -5.1 476.6 138.3 461.9 154.6 303.0 11.3 ship 0
355.7 34.0 362.0 17.1 457.6 52.6 451.3 69.5 ship 0
67.1 196.1 68.4 194.6 69.9 195.9 68.6 197.4 ship 0
20.4 110.3 37.0 80.6 167.9 153.8 151.3 183.5 ship 0
151.9 41.0 157.7 49.1 87.5 98.9 81.7 90.7 ship 0
84.0 40.8 85.6 26.9 175.0 37.2 173.4 51.1 ship 0
511.2 176.3 517.2 184.2 452.0 234.0 446.0 226.0 ship 0
421.2 274.2 439.6 241.0 507.8 278.8 489.4 312.0 ship 0
785.3 364.5 809.2 334.9 866.7 381.5 842.8 411.1 ship 0
797.1 330.3 802.7 313.2 869.2 335.2 863.5 352.3 ship 0
810.4 260.4 818.1 254.0 885.6 335.6 877.9 342.0 ship 0
849.5 248.5 859.2 258.5 840.6 276.6 830.8 266.6 ship 0
891.4 216.1 895.0 225.5 837.2 247.8 833.6 238.4 ship 0
825.4 160.6 837.1 146.9 911.6 210.4 899.9 224.1 ship 0
849.3 101.5 863.3 61.9 921.7 82.5 907.7 122.1 ship 0
876.2 11.3 944.9 75.5 927.1 94.5 858.4 30.3 ship 0
679.4 300.5 695.7 275.3 774.6 326.5 758.3 351.7 ship 0
692.8 248.0 711.5 210.4 799.2 254.0 780.5 291.6 ship 0
713.7 202.0 721.1 190.1 794.1 235.6 786.7 247.5 ship 0
706.9 172.8 712.3 159.9 802.6 198.0 797.1 210.9 ship 0
715.6 117.1 727.6 103.7 812.4 179.9 800.4 193.3 ship 0
736.4 88.4 745.2 77.5 815.6 133.6 806.8 144.5 ship 0
831.5 47.4 836.9 60.3 724.5 107.6 719.1 94.7 ship 0
737.0 3.8 749.5 -9.2 828.5 67.4 815.9 80.3 ship 0
