906.3 665.1 906.6 643.2 972.6 644.1 972.3 666.1 harbor 0
901.1 779.4 910.9 759.7 1012.9 810.6 1003.1 830.3 ship 0
917.7 731.5 927.7 716.6 1029.0 784.6 1019.0 799.5 ship 0
917.6 713.2 922.5 695.9 1043.7 730.5 1038.8 747.8 ship 0
887.5 778.4 894.4 811.7 833.6 824.2 826.8 790.9 ship 0
817.4 757.9 829.6 739.6 854.6 756.1 842.4 774.4 ship 0
854.9 702.0 861.8 709.2 843.1 727.3 836.2 720.0 ship 0
807.9 678.8 826.6 641.2 900.0 677.8 881.3 715.4 ship 0
789.4 576.0 795.4 559.0 974.7 622.0 968.7 639.0 ship 0
822.6 542.3 829.8 525.8 978.4 590.3 971.2 606.8 ship 0
828.8 471.0 840.1 457.0 988.2 576.0 976.9 590.0 ship 0
845.6 453.2 872.2 420.7 994.4 520.8 967.8 553.3 ship 0
579.9 503.2 622.2 529.8 550.9 643.3 508.6 616.7 harbor 0
511.2 720.6 528.0 691.1 585.4 723.6 568.6 753.2 ship 0
528.6 646.4 547.6 613.5 639.4 666.6 620.4 699.5 ship 0
594.8 681.8 602.0 706.8 573.2 715.2 566.0 690.2 ship 0
549.3 606.8 555.9 590.0 654.5 629.0 647.8 645.7 ship 0
108.5 402.4 116.5 390.9 170.7 428.5 162.7 440.0 ship 0
116.1 332.0 126.1 322.2 177.9 375.0 167.9 384.8 ship 0
109.5 373.6 116.9 361.7 176.4 398.5 169.1 410.4 ship 0
92.7 426.5 99.8 419.4 143.3 463.5 136.2 470.6 ship 0
539.2 577.9 556.8 535.4 654.8 576.1 637.1 618.5 ship 0
573.6 534.7 591.3 505.7 654.4 544.3 636.7 573.3 ship 0
581.5 454.5 603.4 418.6 690.4 471.9 668.5 507.7 ship 0
427.0 707.8 427.8 689.8 513.7 693.7 512.9 711.6 ship 0
427.7 662.5 433.2 645.4 511.3 670.5 505.8 687.6 ship 0
444.3 631.9 457.5 605.0 516.7 634.1 503.5 661.0 ship 0
522.3 541.1 528.8 553.4 463.5 588.1 456.9 575.7 ship 0
478.4 521.3 484.3 508.6 540.6 534.7 534.7 547.4 ship 0
476.3 475.7 483.2 468.4 534.3 516.2 527.4 523.5 ship 0
475.4 451.0 481.8 438.6 572.6 485.0 566.2 497.4 ship 0
497.6 432.7 503.8 420.1 570.0 453.2 563.8 465.7 ship 0
508.6 402.1 516.7 390.7 570.4 428.9 562.3 440.3 ship 0
184.1 467.5 185.9 468.2 185.2 470.1 183.4 469.4 harbor 0
149.4 307.8 158.0 312.8 146.9 331.8 138.3 326.8 ship 0
148.1 537.2 157.5 517.4 235.2 554.3 225.7 574.2 ship 0
163.7 503.3 183.1 470.6 263.9 518.8 244.4 551.4 ship 0
175.1 469.7 180.4 452.5 274.1 481.4 268.7 498.6 ship 0
196.4 426.4 221.1 392.4 306.8 454.8 282.1 488.8 ship 0
206.5 377.7 217.1 358.4 324.0 417.2 313.4 436.5 ship 0
222.4 348.1 243.0 311.5 328.5 359.4 307.9 396.0 ship 0
41.6 546.2 48.4 534.0 137.6 583.6 130.8 595.8 ship 0
50.0 506.0 58.5 494.9 152.5 566.2 144.0 577.4 ship 0
65.1 486.6 72.9 475.0 150.9 527.4 143.1 539.0 ship 0
79.5 463.5 88.4 447.9 166.5 492.5 157.6 508.1 ship 0
