925.6 210.2 954.8 245.7 913.1 280.0 883.9 244.5 ship 0
468.0 963.6 499.4 942.2 541.0 1003.4 509.6 1024.8 ship 0
402.8 889.9 424.7 888.4 433.2 1010.1 411.3 1011.6 ship 0
61.4 786.5 89.0 806.4 24.6 895.5 -3.0 875.6 ship 0
25.2 775.4 38.7 779.1 12.8 873.6 -0.7 869.9 ship 0
104.3 801.7 120.0 810.4 66.9 906.7 51.2 898.0 ship 0
163.2 807.6 173.3 817.2 84.1 911.7 73.9 902.1 ship 0
203.1 841.6 213.1 856.5 124.9 915.4 114.9 900.5 ship 0
201.3 860.3 214.1 866.1 173.7 955.4 160.9 949.6 ship 0
402.3 882.9 414.1 890.3 340.7 1007.2 328.9 999.7 ship 0
312.1 900.6 321.6 897.4 359.4 1009.1 349.9 1012.3 ship 0
312.1 903.8 325.7 907.2 308.9 975.2 295.3 971.8 ship 0
279.9 878.6 301.0 884.7 279.7 959.7 258.5 953.7 ship 0
256.1 884.1 277.3 899.1 234.5 959.5 213.3 944.5 ship 0
200.8 866.7 234.8 868.7 229.7 958.5 195.7 956.6 ship 0
