1007.5 402.0 1018.5 421.0 999.5 432.0 988.5 413.0 swimming-pool 0
40.5 574.7 70.6 590.5 53.0 624.2 22.9 608.4 swimming-pool 0
60.6 642.5 68.8 626.5 88.4 636.5 80.2 652.5 swimming-pool 0
971.5 477.6 980.4 488.4 963.5 502.4 954.6 491.6 swimming-pool 0
171.1 523.1 172.9 553.1 142.9 554.9 141.1 524.9 swimming-pool 0
364.6 22.2 394.5 24.7 391.3 62.5 361.4 60.1 swimming-pool 0
469.6 49.0 475.4 70.2 450.4 77.0 444.6 55.8 swimming-pool 0
597.1 268.3 624.0 255.1 638.9 285.7 612.0 298.9 swimming-pool 0
996.7 455.6 1012.4 471.1 991.3 492.4 975.6 476.9 swimming-pool 0
986.9 239.8 997.3 225.1 1018.5 240.0 1008.2 254.8 swimming-pool 0
968.7 689.3 969.3 719.3 939.3 719.9 938.7 690.0 swimming-pool 0
336.8 959.9 345.0 971.2 327.2 984.1 319.0 972.8 swimming-pool 0
220.9 531.0 237.7 545.3 226.1 559.0 209.3 544.7 swimming-pool 0
793.7 333.4 820.9 353.8 805.3 374.6 778.1 354.2 swimming-pool 0
544.5 717.9 549.8 692.5 575.3 697.8 570.0 723.3 swimming-pool 0
