268.8 492.5 289.3 524.6 247.2 551.5 226.7 519.4 swimming-pool 0
940.7 617.1 941.9 618.7 940.3 619.9 939.1 618.3 bridge 0
935.3 600.1 936.4 601.8 934.7 602.9 933.6 601.2 bridge 0
598.1 596.0 609.0 623.9 577.3 636.2 566.4 608.3 swimming-pool 0
371.0 684.3 379.4 689.8 365.0 711.5 356.7 706.0 swimming-pool 0
364.2 666.8 364.7 668.7 362.8 669.2 362.3 667.3 swimming-pool 0
339.6 624.9 361.6 626.0 360.6 644.0 338.6 642.8 swimming-pool 0
266.2 700.5 271.5 717.7 242.8 726.5 237.5 709.3 swimming-pool 0
331.7 561.9 344.8 549.6 357.1 562.7 344.0 575.0 swimming-pool 0
326.4 584.6 354.2 595.8 341.6 627.4 313.8 616.2 swimming-pool 0
324.8 512.9 342.8 531.6 318.2 555.1 300.2 536.4 swimming-pool 0
219.2 445.4 238.7 462.5 216.3 488.1 196.8 471.0 swimming-pool 0
249.9 396.6 251.4 397.9 250.1 399.4 248.6 398.1 swimming-pool 0
561.6 341.9 579.3 360.9 554.4 384.1 536.7 365.1 swimming-pool 0
615.3 287.7 627.8 305.8 609.7 318.3 597.2 300.2 swimming-pool 0
522.4 300.7 547.1 277.3 573.2 304.9 548.5 328.3 swimming-pool 0
550.5 79.8 562.0 98.5 536.5 114.2 525.0 95.5 swimming-pool 0
417.6 152.8 430.7 175.3 401.2 192.3 388.2 169.8 swimming-pool 0
566.9 219.2 585.3 237.6 564.1 258.8 545.7 240.4 swimming-pool 0
470.4 151.3 493.9 140.1 508.5 170.9 485.0 182.0 swimming-pool 0
453.7 920.4 472.1 932.6 462.1 947.6 443.8 935.4 swimming-pool 0
469.5 888.8 492.0 908.7 469.5 934.2 447.0 914.3 swimming-pool 0
455.7 1004.0 465.8 1018.9 450.9 1029.0 440.8 1014.1 swimming-pool 0
