325.5 24.6 341.0 9.0 416.5 83.4 401.0 99.0 ship 0
304.9 65.8 325.0 49.3 382.1 118.8 362.1 135.3 ship 0
248.7 101.9 276.4 65.2 383.3 146.1 355.6 182.8 ship 0
253.4 142.1 267.0 124.7 350.6 189.9 337.0 207.3 ship 0
193.7 203.8 231.8 171.4 308.3 261.2 270.2 293.6 ship 0
175.2 244.9 185.6 230.2 281.9 298.4 271.5 313.1 ship 0
161.8 285.8 180.8 262.5 259.7 327.1 240.7 350.3 ship 0
165.2 326.6 182.0 312.3 211.8 347.4 195.0 361.7 ship 0
133.5 355.7 153.7 333.5 217.3 391.3 197.2 413.5 ship 0
104.7 386.5 126.7 355.5 209.9 414.6 187.8 445.6 ship 0
80.9 402.3 113.1 375.4 181.1 456.7 148.9 483.6 ship 0
63.8 436.3 84.1 414.2 159.2 483.3 138.9 505.3 ship 0
47.8 474.6 76.1 443.6 145.6 506.9 117.3 537.9 ship 0
38.8 501.7 63.2 478.1 134.2 551.3 109.8 574.9 ship 0
28.8 581.8 47.6 553.5 89.2 581.2 70.4 609.5 ship 0
5.0 587.4 13.8 576.6 80.6 630.8 71.7 641.7 ship 0
