107.2 411.0 112.8 381.5 122.6 383.4 117.0 412.9 ship 0
103.1 374.1 109.1 375.1 102.2 416.5 96.3 415.5 ship 0
77.9 365.6 83.3 363.0 106.9 411.6 101.5 414.2 ship 0
80.5 369.3 86.4 369.9 82.5 407.7 76.6 407.1 ship 0
111.0 426.9 113.2 421.3 156.0 438.1 153.8 443.7 ship 0
112.1 424.4 117.2 421.3 146.6 471.3 141.4 474.4 ship 0
112.2 455.3 117.5 452.4 135.8 485.7 130.5 488.6 ship 0
104.9 470.6 109.3 466.5 135.1 494.4 130.7 498.5 ship 0
94.6 482.8 98.3 478.0 128.4 501.2 124.7 506.0 ship 0
91.7 500.9 93.5 495.2 126.0 505.3 124.2 511.0 ship 0
84.8 426.7 87.0 432.3 48.0 447.9 45.8 442.4 ship 0
48.5 440.3 51.6 435.2 84.1 454.9 81.0 460.0 ship 0
42.7 447.1 46.4 442.4 76.3 465.9 72.6 470.6 ship 0
61.1 463.1 64.8 467.8 56.9 473.9 53.2 469.2 ship 0
40.4 473.3 44.2 468.7 67.5 487.6 63.7 492.3 ship 0
29.2 483.3 33.0 478.6 65.8 504.8 62.1 509.5 ship 0
23.4 506.0 24.9 500.2 61.6 510.0 60.1 515.8 ship 0
15.2 519.0 16.7 513.1 53.5 522.4 52.1 528.2 ship 0
15.6 522.0 39.5 540.2 33.4 548.1 9.5 530.0 ship 0
4.7 532.9 9.4 529.3 30.3 556.1 25.6 559.7 ship 0
0.7 546.7 25.4 554.8 22.3 564.3 -2.4 556.2 ship 0
3.8 943.8 28.5 960.8 20.6 972.4 -4.1 955.4 ship 0
11.7 920.0 17.6 918.9 27.3 972.0 21.4 973.1 ship 0
7.2 922.5 10.5 917.5 45.5 940.8 42.2 945.8 ship 0
10.3 910.7 12.8 905.2 51.0 922.6 48.5 928.1 ship 0
14.9 642.1 16.6 636.4 53.1 647.1 51.4 652.9 ship 0
13.8 648.1 40.0 662.7 33.2 674.9 7.0 660.3 ship 0
3.8 681.6 23.8 690.7 13.0 714.3 -7.0 705.2 ship 0
235.4 529.1 237.2 523.4 273.5 534.9 271.7 540.6 ship 0
228.5 537.5 231.8 532.5 263.7 553.1 260.4 558.1 ship 0
196.5 592.4 229.0 619.0 215.0 636.0 182.5 609.4 ship 0
177.9 625.2 210.7 633.9 205.1 655.1 172.2 646.4 ship 0
154.3 657.0 157.4 651.8 196.9 675.4 193.8 680.5 ship 0
146.6 663.3 150.5 658.7 191.6 693.8 187.7 698.4 ship 0
144.4 679.7 148.7 675.5 183.6 711.3 179.3 715.5 ship 0
150.4 696.6 156.3 695.6 158.6 709.4 152.7 710.4 ship 0
128.7 707.2 136.0 700.4 167.4 734.0 160.1 740.8 ship 0
122.4 731.0 153.1 753.3 144.9 764.6 114.1 742.3 ship 0
107.7 740.3 112.7 737.0 135.8 772.1 130.8 775.4 ship 0
97.6 768.8 99.7 763.2 135.4 776.2 133.3 781.8 ship 0
92.1 772.8 96.2 768.4 123.7 794.6 119.6 799.0 ship 0
88.0 785.4 117.1 803.0 111.9 811.5 82.8 794.0 ship 0
75.4 807.2 77.2 801.5 113.5 812.8 111.7 818.5 ship 0
62.7 825.5 97.5 849.0 76.2 880.5 41.4 857.0 ship 0
49.3 859.8 79.1 883.4 65.4 900.7 35.6 877.0 ship 0
32.7 890.7 57.7 907.4 49.9 919.1 24.9 902.4 ship 0
169.0 997.2 178.9 999.1 174.1 1024.6 164.2 1022.8 ship 0
151.3 984.8 157.0 986.4 148.7 1015.2 143.0 1013.6 ship 0
142.9 979.7 148.0 982.8 132.5 1008.5 127.4 1005.4 ship 0
104.3 918.5 127.9 929.3 103.8 982.0 80.2 971.2 ship 0
145.3 920.3 150.2 923.8 123.5 961.2 118.6 957.7 ship 0
21.3 623.6 24.5 618.5 56.8 638.6 53.6 643.7 ship 0
32.1 615.7 35.9 611.1 58.9 630.3 55.1 634.9 ship 0
33.7 614.2 34.8 608.3 64.3 613.8 63.2 619.7 ship 0
45.4 595.2 63.2 597.9 61.6 607.8 43.8 605.1 ship 0
87.5 504.6 91.6 500.2 122.2 529.0 118.1 533.3 ship 0
82.3 518.8 85.8 513.8 113.7 533.2 110.2 538.2 ship 0
75.3 526.9 78.6 521.9 110.3 542.9 107.0 547.9 ship 0
78.1 514.7 84.1 513.9 92.9 579.3 86.9 580.1 ship 0
60.3 544.2 64.3 539.7 92.9 564.7 88.9 569.2 ship 0
46.4 563.4 48.8 557.9 91.0 576.3 88.6 581.8 ship 0
48.3 574.1 51.4 568.9 80.6 586.2 77.6 591.4 ship 0
44.6 585.5 48.2 580.7 72.4 598.5 68.8 603.3 ship 0
170.1 931.7 179.2 936.0 156.2 984.8 147.1 980.6 ship 0
162.2 926.8 166.9 930.6 133.0 972.6 128.4 968.8 ship 0
190.3 941.0 198.6 946.6 170.3 987.9 162.1 982.2 ship 0
200.2 950.7 209.4 954.6 189.6 1000.6 180.4 996.6 ship 0
733.2 848.2 766.0 867.4 726.8 934.8 694.0 915.6 ship 0
500.2 741.3 509.0 746.0 475.8 807.7 467.0 803.0 ship 0
459.5 700.4 600.1 815.9 560.7 863.8 420.1 748.3 ship 0
522.5 783.4 532.3 781.5 538.9 814.8 529.1 816.8 ship 0
569.9 768.2 578.0 774.1 534.9 834.2 526.7 828.4 ship 0
589.6 783.4 597.6 789.3 555.7 845.4 547.6 839.4 ship 0
601.1 801.9 609.3 807.6 583.2 845.5 575.0 839.8 ship 0
618.5 804.9 627.5 809.3 600.0 864.9 591.1 860.5 ship 0
639.9 816.5 648.3 822.0 614.2 873.8 605.8 868.3 ship 0
647.8 832.2 657.6 834.2 646.5 887.1 636.7 885.0 ship 0
684.1 829.6 692.4 835.0 654.3 893.7 645.9 888.2 ship 0
701.4 847.5 709.4 853.6 674.4 899.9 666.4 893.8 ship 0
689.9 661.9 723.5 667.1 714.7 724.4 681.1 719.2 ship 0
684.8 649.3 693.9 653.5 665.2 717.3 656.1 713.2 ship 0
670.8 653.0 678.3 659.6 626.7 718.1 619.2 711.5 ship 0
631.9 648.8 641.0 653.0 608.3 723.8 599.2 719.6 ship 0
609.2 656.6 617.8 661.8 583.8 718.4 575.2 713.2 ship 0
573.1 651.8 584.6 659.9 553.3 703.9 541.9 695.8 ship 0
557.6 638.5 567.0 648.8 518.4 693.5 509.0 683.2 ship 0
532.0 620.0 540.1 625.9 501.4 679.3 493.3 673.5 ship 0
514.7 612.6 522.8 618.5 479.3 678.4 471.2 672.5 ship 0
498.3 603.4 505.4 610.3 456.7 660.6 449.6 653.7 ship 0
473.6 587.6 481.4 593.9 434.8 651.4 427.1 645.1 ship 0
447.1 581.4 455.6 586.7 418.2 645.9 409.7 640.5 ship 0
481.6 742.2 489.4 748.4 453.4 793.8 445.6 787.6 ship 0
461.0 729.9 469.3 735.5 439.0 780.1 430.7 774.5 ship 0
437.4 720.9 446.0 726.1 418.4 772.5 409.8 767.3 ship 0
424.2 708.3 431.8 714.8 393.8 758.7 386.2 752.2 ship 0
501.1 819.9 506.1 823.3 477.7 864.5 472.8 861.1 ship 0
484.9 818.5 489.5 822.4 465.2 851.6 460.6 847.8 ship 0
458.1 807.7 467.8 810.0 459.1 847.0 449.4 844.7 ship 0
455.6 801.5 460.0 805.6 428.9 839.4 424.5 835.3 ship 0
443.4 786.3 448.3 789.8 414.2 836.7 409.3 833.2 ship 0
423.2 785.7 428.3 788.9 405.8 824.3 400.7 821.1 ship 0
410.5 772.7 418.4 778.9 387.5 818.2 379.6 812.0 ship 0
390.8 767.8 395.0 772.1 368.3 799.1 364.0 794.8 ship 0
371.5 758.1 379.5 764.2 356.6 794.5 348.6 788.5 ship 0
371.9 758.2 374.1 763.8 323.8 783.5 321.7 777.9 ship 0
345.3 738.7 350.1 742.3 318.0 785.6 313.1 782.1 ship 0
325.0 735.9 330.4 738.6 315.1 768.9 309.7 766.2 ship 0
312.4 731.5 317.2 735.2 296.5 762.2 291.7 758.5 ship 0
299.2 727.3 304.5 730.2 288.1 760.0 282.8 757.1 ship 0
282.1 720.0 290.3 725.7 271.1 753.7 262.8 748.0 ship 0
269.1 705.4 277.5 710.8 252.5 749.4 244.1 744.0 ship 0
249.3 663.4 275.4 678.2 246.7 728.6 220.6 713.8 ship 0
247.7 701.1 308.2 645.7 317.7 656.1 257.2 711.5 ship 0
306.2 663.8 315.1 668.5 291.7 712.7 282.9 708.0 ship 0
328.8 667.1 337.4 672.3 307.2 721.9 298.6 716.7 ship 0
341.6 682.7 349.9 688.3 324.3 726.5 316.0 720.9 ship 0
362.6 695.3 369.3 702.7 344.1 725.5 337.4 718.1 ship 0
386.1 697.4 393.6 704.1 360.4 741.5 353.0 734.8 ship 0
424.7 575.5 431.5 582.9 380.0 630.3 373.3 623.0 ship 0
397.5 559.0 405.9 564.3 370.9 620.2 362.4 614.9 ship 0
378.6 548.5 387.0 553.9 349.4 612.9 341.0 607.5 ship 0
1011.0 861.4 1040.9 877.7 1011.1 932.1 981.3 915.8 ship 0
958.3 994.9 964.0 992.9 974.8 1025.2 969.1 1027.1 ship 0
990.2 995.1 995.0 998.6 974.8 1025.9 970.0 1022.4 ship 0
327.6 525.2 353.6 540.3 318.4 600.8 292.4 585.7 ship 0
486.9 713.0 591.2 826.3 519.1 892.7 414.8 779.4 harbor 0
884.8 515.0 890.3 523.4 855.2 546.5 849.7 538.1 ship 0
894.3 525.9 902.6 531.5 876.7 569.5 868.4 563.9 ship 0
913.7 531.2 922.5 535.9 902.9 573.0 894.1 568.3 ship 0
954.9 544.3 964.6 546.7 953.5 591.4 943.8 588.9 ship 0
979.1 558.8 987.9 563.6 963.9 607.4 955.1 602.6 ship 0
798.2 592.8 848.1 589.2 849.4 607.2 799.5 610.8 ship 0
853.0 599.2 859.1 607.2 812.9 642.3 806.9 634.3 ship 0
853.7 616.4 861.7 622.5 831.6 662.4 823.7 656.4 ship 0
924.2 684.5 925.7 685.8 924.4 687.3 922.9 686.0 ship 0
937.4 670.3 950.1 643.1 973.7 654.1 960.9 681.3 ship 0
514.8 831.2 519.5 834.8 496.2 864.8 491.5 861.2 ship 0
524.1 836.0 529.5 838.6 512.7 872.8 507.4 870.1 ship 0
539.9 843.1 548.7 848.0 528.4 884.7 519.6 879.9 ship 0
528.4 999.0 536.2 1005.2 512.6 1035.0 504.8 1028.8 ship 0
512.0 995.0 516.6 998.8 497.5 1021.9 492.9 1018.1 ship 0
498.0 990.2 502.7 993.8 482.0 1020.8 477.3 1017.2 ship 0
481.2 981.2 489.3 987.0 471.9 1011.4 463.8 1005.6 ship 0
468.9 977.3 473.6 981.1 452.4 1007.7 447.7 1003.9 ship 0
437.6 956.4 442.6 959.8 426.0 984.7 421.0 981.4 ship 0
449.4 954.3 451.0 960.1 391.2 976.6 389.6 970.8 ship 0
417.2 939.6 421.9 943.3 390.9 982.5 386.2 978.8 ship 0
385.5 936.3 395.3 938.5 387.7 971.6 377.9 969.4 ship 0
339.4 918.2 340.9 916.9 360.7 939.5 359.2 940.9 ship 0
345.7 905.1 350.7 908.4 327.6 943.5 322.6 940.2 ship 0
319.9 897.5 329.6 900.0 317.1 948.5 307.4 946.0 ship 0
307.2 886.9 315.5 892.5 287.8 934.1 279.5 928.5 ship 0
276.6 870.4 284.3 876.9 254.6 912.0 247.0 905.6 ship 0
230.4 959.4 238.8 964.7 205.8 1017.2 197.4 1011.8 ship 0
251.3 968.9 255.9 972.8 219.0 1017.5 214.4 1013.7 ship 0
253.8 986.4 258.9 989.5 241.2 1018.6 236.1 1015.5 ship 0
287.1 999.0 288.9 1004.7 244.9 1018.1 243.1 1012.4 ship 0
296.0 878.7 300.3 882.9 267.9 915.5 263.6 911.3 ship 0
259.3 869.3 263.9 873.2 241.6 898.9 237.0 894.9 ship 0
557.1 848.3 565.6 853.7 538.8 895.9 530.3 890.6 ship 0
497.7 924.2 502.6 927.7 471.3 971.8 466.4 968.3 ship 0
511.1 929.5 517.1 929.5 517.9 983.5 511.9 983.5 ship 0
530.1 948.9 535.9 947.5 546.9 992.1 541.1 993.5 ship 0
557.7 954.2 563.1 956.8 545.3 994.8 539.9 992.2 ship 0
575.9 960.3 580.7 963.8 553.5 1000.9 548.7 997.4 ship 0
592.7 958.8 597.8 962.0 564.3 1014.2 559.2 1011.0 ship 0
602.9 982.7 606.6 987.4 576.5 1010.6 572.8 1005.9 ship 0
612.9 986.7 620.5 993.2 596.1 1022.3 588.5 1015.8 ship 0
615.5 1024.9 634.5 992.0 653.5 1003.1 634.5 1036.0 ship 0
342.3 912.5 393.6 853.7 542.8 983.8 491.5 1042.6 harbor 0
715.3 933.3 727.2 940.7 705.0 976.4 693.1 969.0 ship 0
698.9 924.7 703.7 928.3 678.6 962.0 673.8 958.4 ship 0
686.6 916.7 691.3 920.3 668.3 950.6 663.6 946.9 ship 0
659.3 902.2 680.7 917.0 659.1 948.3 637.7 933.5 ship 0
638.7 892.2 649.1 901.6 618.3 935.8 607.9 926.4 ship 0
622.7 883.3 626.5 887.8 597.4 912.3 593.6 907.7 ship 0
592.4 874.8 602.2 876.6 596.3 910.0 586.4 908.3 ship 0
586.7 869.0 591.5 872.6 568.8 903.0 564.0 899.4 ship 0
568.2 853.7 577.4 857.5 558.5 903.8 549.3 900.0 ship 0
508.7 922.3 514.3 924.6 493.8 974.6 488.3 972.3 ship 0
488.4 914.3 493.5 917.6 464.0 962.9 458.9 959.6 ship 0
245.6 860.6 250.6 863.9 229.4 895.4 224.4 892.1 ship 0
475.3 911.0 479.9 914.8 445.2 956.2 440.6 952.4 ship 0
237.1 842.3 242.2 845.5 212.1 895.0 207.0 891.9 ship 0
218.2 848.1 222.7 852.1 200.1 877.5 195.6 873.5 ship 0
204.6 839.9 209.5 843.3 190.4 871.4 185.5 868.0 ship 0
192.1 833.2 196.9 836.8 176.2 863.8 171.5 860.2 ship 0
181.2 802.5 190.8 812.6 172.0 830.6 162.3 820.5 ship 0
190.2 844.4 213.9 757.5 227.4 761.2 203.7 848.1 ship 0
228.9 784.4 234.6 786.4 216.7 837.3 211.0 835.3 ship 0
253.3 790.9 257.9 794.7 220.7 839.1 216.1 835.3 ship 0
277.3 803.9 285.9 809.0 256.7 859.1 248.1 854.0 ship 0
298.3 815.5 302.8 819.4 265.0 863.3 260.4 859.4 ship 0
304.4 824.1 309.3 827.4 285.5 862.1 280.6 858.7 ship 0
319.8 831.5 324.8 834.9 298.6 872.8 293.7 869.4 ship 0
335.1 837.4 339.9 841.1 311.9 877.6 307.1 873.9 ship 0
344.2 846.6 352.5 852.2 326.8 890.4 318.5 884.8 ship 0
358.4 865.9 363.3 869.3 348.3 890.6 343.4 887.2 ship 0
369.6 868.1 374.8 871.0 356.2 904.2 351.0 901.2 ship 0
384.6 872.3 389.6 875.6 366.4 910.7 361.4 907.4 ship 0
396.7 873.5 402.2 876.1 381.3 921.5 375.8 918.9 ship 0
416.0 878.3 420.8 882.0 385.0 927.7 380.2 924.0 ship 0
428.3 888.8 432.9 892.7 397.8 933.8 393.2 929.9 ship 0
431.7 901.5 436.8 904.7 418.8 933.6 413.7 930.4 ship 0
448.0 902.2 452.9 905.6 426.7 943.5 421.8 940.1 ship 0
460.6 906.5 465.5 909.9 438.9 947.4 434.0 943.9 ship 0
