154.9 117.0 159.2 79.2 177.1 81.2 172.8 119.0 swimming-pool 0
128.0 374.1 148.2 365.3 158.6 389.1 138.4 397.9 swimming-pool 0
148.6 402.4 178.0 408.2 171.4 441.6 142.0 435.8 swimming-pool 0
58.0 506.6 76.3 518.7 62.0 540.4 43.7 528.3 swimming-pool 0
222.5 621.1 250.4 632.0 239.5 659.9 211.6 649.0 swimming-pool 0
174.6 858.3 185.9 872.4 159.4 893.7 148.1 879.6 swimming-pool 0
176.2 895.6 188.6 922.9 154.0 938.6 141.6 911.3 swimming-pool 0
170.1 363.8 188.8 375.3 173.2 400.9 154.4 389.4 swimming-pool 0
513.3 586.5 515.0 587.6 347.7 848.5 346.0 847.4 soccer-ball-field 0
839.1 639.8 865.0 654.9 847.9 684.2 822.0 669.1 swimming-pool 0
379.0 949.8 400.5 954.3 395.2 979.8 373.7 975.2 swimming-pool 0
580.3 980.3 596.7 995.0 576.6 1017.3 560.2 1002.6 swimming-pool 0
144.4 86.1 165.3 112.9 144.8 128.9 123.9 102.1 swimming-pool 0
54.4 587.9 78.4 569.9 96.3 593.9 72.3 611.9 swimming-pool 0
99.6 208.4 116.3 228.2 93.4 247.6 76.7 227.8 swimming-pool 0
113.5 257.2 132.7 246.6 151.1 279.9 131.8 290.5 swimming-pool 0
106.0 889.7 108.2 911.6 70.4 915.3 68.2 893.4 swimming-pool 0
