239.6 53.6 283.4 22.1 333.6 91.9 289.7 123.4 swimming-pool 0
133.2 50.2 135.1 49.8 135.6 51.7 133.6 52.2 ship 0
838.9 209.6 842.9 205.2 871.2 230.5 867.2 235.0 ship 0
866.2 185.4 871.0 194.2 834.2 214.5 829.4 205.7 ship 0
862.3 164.1 867.1 172.8 833.8 191.2 829.0 182.5 ship 0
845.9 136.0 863.3 155.3 838.1 178.0 820.7 158.7 ship 0
820.5 126.6 823.5 121.4 856.5 140.4 853.5 145.6 ship 0
852.4 111.6 852.6 121.6 818.6 122.4 818.4 112.4 ship 0
852.2 78.8 857.0 104.3 815.7 112.1 810.9 86.5 ship 0
840.1 33.9 846.0 59.2 812.9 67.1 807.0 41.8 ship 0
82.0 32.5 90.5 37.8 68.3 73.5 59.8 68.2 ship 0
71.5 29.6 75.9 33.7 41.6 70.1 37.2 65.9 ship 0
0.8 47.9 6.5 22.5 35.8 29.1 30.1 54.4 ship 0
841.3 15.5 845.4 11.1 881.7 45.5 877.6 49.9 ship 0
869.7 49.2 878.6 16.4 892.1 20.1 883.2 52.9 ship 0
892.6 12.5 902.4 10.6 910.6 51.7 900.8 53.7 ship 0
926.6 11.0 935.6 15.2 916.4 57.0 907.4 52.8 ship 0
890.9 251.2 892.2 257.0 855.1 265.3 853.8 259.4 ship 0
893.9 249.9 899.3 252.5 884.5 283.1 879.1 280.5 ship 0
908.9 258.6 912.6 263.3 889.0 281.7 885.3 277.0 ship 0
904.5 297.9 909.1 264.3 923.0 266.1 918.4 299.8 ship 0
779.9 430.9 785.4 433.3 770.1 468.1 764.6 465.7 ship 0
794.2 433.2 799.7 435.4 785.8 470.8 780.3 468.6 ship 0
796.7 441.0 802.6 439.8 810.3 477.0 804.4 478.2 ship 0
826.9 446.1 831.7 449.8 811.1 476.9 806.3 473.2 ship 0
832.6 447.1 838.6 447.9 833.4 489.5 827.5 488.8 ship 0
834.8 449.2 840.5 447.2 856.2 490.4 850.6 492.4 ship 0
852.8 494.5 862.8 457.8 880.2 462.5 870.2 499.2 ship 0
896.7 464.8 901.3 468.6 877.2 497.9 872.6 494.1 ship 0
911.0 469.8 915.7 473.6 892.0 503.2 887.3 499.5 ship 0
959.7 518.2 962.7 504.5 999.8 512.6 996.8 526.3 ship 0
1010.9 481.4 1013.2 486.9 970.5 504.2 968.3 498.7 ship 0
975.4 472.9 977.9 467.5 1012.6 483.1 1010.1 488.5 ship 0
1023.5 443.4 1023.5 453.4 985.5 453.6 985.5 443.6 ship 0
996.3 426.6 1001.5 418.0 1030.7 435.4 1025.5 444.0 ship 0
994.1 285.5 1024.4 320.1 998.9 342.5 968.6 307.9 ship 0
939.7 269.7 960.9 275.8 950.3 312.3 929.1 306.2 ship 0
916.7 269.6 922.3 267.6 937.9 310.9 932.2 312.9 ship 0
951.8 11.7 959.9 17.5 933.2 54.9 925.1 49.1 ship 0
967.2 38.7 967.7 44.7 949.8 46.3 949.3 40.3 ship 0
995.7 19.5 999.9 23.8 961.3 61.5 957.1 57.2 ship 0
988.3 19.5 1013.2 27.0 1003.4 59.6 978.5 52.1 ship 0
899.4 117.0 908.9 120.2 895.7 160.1 886.2 156.9 ship 0
928.7 119.2 936.5 125.5 905.2 164.5 897.4 158.3 ship 0
931.3 160.5 937.8 123.1 955.5 126.2 949.0 163.6 ship 0
954.2 160.2 969.7 134.5 981.7 141.8 966.1 167.4 ship 0
979.0 135.4 989.0 134.7 992.0 172.6 982.0 173.3 ship 0
1014.9 139.4 1019.0 143.8 991.1 169.6 987.0 165.2 ship 0
912.0 173.9 917.6 171.6 935.0 214.1 929.4 216.4 ship 0
939.6 179.1 945.4 180.5 936.3 217.4 930.5 216.0 ship 0
982.1 178.8 989.9 185.1 966.0 214.6 958.2 208.4 ship 0
984.4 186.2 994.1 183.9 1002.0 217.0 992.2 219.3 ship 0
1026.1 189.6 1032.4 197.4 1002.9 221.4 996.6 213.6 ship 0
774.0 440.8 774.7 442.7 750.1 451.3 749.5 449.4 ship 0
757.5 418.1 764.9 424.9 736.5 455.9 729.1 449.1 ship 0
736.5 418.2 742.5 426.2 699.5 458.8 693.5 450.8 ship 0
500.7 575.9 504.3 566.6 547.3 583.1 543.7 592.4 ship 0
532.3 606.5 532.7 612.5 494.9 615.5 494.4 609.5 ship 0
497.4 617.2 501.3 612.6 530.6 636.8 526.7 641.4 ship 0
495.4 639.2 497.1 633.4 529.7 642.9 528.0 648.7 ship 0
520.8 655.1 525.9 658.4 505.0 690.1 500.0 686.9 ship 0
488.7 653.9 490.3 648.1 530.9 658.8 529.4 664.6 ship 0
481.6 476.2 525.8 488.8 504.4 563.8 460.2 551.2 harbor 0
373.5 387.2 412.4 430.3 351.6 485.2 312.7 442.2 harbor 0
513.5 694.7 519.3 732.2 505.5 734.3 499.7 696.8 ship 0
532.9 704.2 541.7 708.9 525.7 738.9 516.9 734.2 ship 0
589.3 696.4 594.9 698.6 573.7 752.6 568.1 750.4 ship 0
561.6 788.0 581.6 771.4 608.4 803.7 588.4 820.3 ship 0
632.1 863.0 634.6 868.4 599.9 884.0 597.4 878.6 ship 0
620.3 885.3 641.8 864.5 654.3 877.4 632.7 898.2 ship 0
617.3 785.9 635.1 788.3 631.7 814.1 613.9 811.7 ship 0
657.3 891.3 682.7 868.7 710.6 900.1 685.1 922.7 ship 0
635.9 798.8 660.9 782.2 684.1 817.2 659.1 833.8 ship 0
599.1 704.4 607.8 709.4 600.9 721.6 592.2 716.6 ship 0
639.0 699.8 643.0 704.2 594.0 748.5 590.0 744.0 ship 0
629.8 700.9 635.8 701.1 634.2 743.1 628.2 742.9 ship 0
654.2 710.6 658.6 740.3 644.8 742.4 640.4 712.7 ship 0
657.3 702.7 667.2 701.2 672.9 738.8 663.1 740.3 ship 0
688.1 721.1 691.0 726.3 675.2 735.0 672.3 729.7 ship 0
707.1 708.2 711.7 712.1 699.9 725.8 695.3 721.9 ship 0
495.8 590.2 498.3 584.8 536.4 602.4 533.9 607.9 ship 0
545.5 550.8 547.0 560.7 501.5 567.2 500.0 557.3 ship 0
723.7 701.8 749.5 699.3 752.3 729.2 726.5 731.7 ship 0
495.3 537.5 497.8 527.9 546.2 540.4 543.7 550.1 ship 0
347.6 402.8 350.0 397.3 388.4 414.2 386.0 419.7 ship 0
370.8 373.2 419.6 444.1 371.8 476.9 323.0 406.1 ship 0
314.4 498.2 369.0 371.4 418.6 392.8 364.0 519.6 ship 0
389.1 452.0 391.3 461.8 322.9 477.0 320.7 467.2 ship 0
334.2 486.6 334.9 476.7 388.8 480.4 388.1 490.3 ship 0
450.8 374.1 461.5 350.4 496.2 365.9 485.5 389.6 ship 0
490.4 376.9 493.1 386.5 452.6 397.8 449.9 388.2 ship 0
492.0 413.7 492.9 435.7 455.0 437.3 454.1 415.3 ship 0
450.9 441.9 454.1 432.4 486.3 443.3 483.1 452.8 ship 0
444.8 462.2 445.7 456.2 491.2 462.8 490.3 468.8 ship 0
458.0 475.6 460.0 470.0 492.0 481.4 490.0 487.0 ship 0
445.0 487.0 450.1 478.4 489.8 501.6 484.7 510.2 ship 0
441.7 516.0 442.4 506.0 488.3 509.0 487.6 519.0 ship 0
441.7 534.0 442.4 524.0 488.3 527.0 487.6 537.0 ship 0
446.1 538.1 449.0 532.9 492.8 557.0 489.9 562.3 ship 0
550.7 358.9 558.6 379.4 519.4 394.5 511.5 373.9 ship 0
554.2 384.4 556.6 394.1 519.8 403.6 517.4 393.9 ship 0
511.0 412.7 513.8 407.4 551.1 426.7 548.3 432.1 ship 0
549.6 427.7 552.1 437.3 515.3 446.9 512.8 437.2 ship 0
557.3 448.5 558.6 458.4 501.1 466.0 499.8 456.1 ship 0
505.5 473.7 508.8 464.2 567.4 484.4 564.1 493.9 ship 0
557.3 484.9 558.5 490.8 490.0 505.2 488.8 499.4 ship 0
542.1 508.7 544.2 518.5 507.0 526.3 504.9 516.5 ship 0
710.1 699.8 719.6 696.9 730.9 733.2 721.4 736.1 ship 0
776.0 684.9 795.9 717.3 767.0 735.1 747.1 702.7 ship 0
695.7 380.9 713.7 452.7 696.3 457.1 678.3 385.3 ship 0
864.1 559.9 868.0 564.4 839.5 589.4 835.5 584.9 ship 0
875.9 602.3 879.7 568.5 897.6 570.6 893.8 604.3 ship 0
861.4 610.3 866.0 614.1 839.6 646.7 835.0 642.9 ship 0
854.5 612.2 860.3 610.7 868.6 643.7 862.8 645.1 ship 0
919.2 564.0 927.1 570.2 898.7 606.3 890.8 600.2 ship 0
900.1 624.4 902.5 629.9 867.9 645.6 865.5 640.1 ship 0
896.0 621.5 911.4 630.7 896.0 656.5 880.6 647.3 ship 0
934.5 572.3 944.2 575.0 930.3 623.1 920.7 620.3 ship 0
923.6 632.6 928.6 629.3 949.2 661.3 944.2 664.5 ship 0
948.9 589.5 958.1 593.2 948.4 617.3 939.1 613.6 ship 0
982.6 590.4 990.7 596.1 973.4 620.6 965.3 614.9 ship 0
1013.4 588.2 1017.4 592.6 983.6 623.8 979.6 619.4 ship 0
956.8 623.0 962.6 624.8 948.3 672.7 942.5 670.9 ship 0
975.9 631.8 986.3 664.2 965.3 670.9 954.9 638.5 ship 0
1000.6 641.8 1023.3 661.5 998.4 690.2 975.7 670.5 ship 0
680.4 146.2 689.2 179.0 621.5 197.1 612.8 164.3 ship 0
701.4 201.4 704.1 215.2 627.6 230.6 624.9 216.8 ship 0
620.7 264.4 621.3 230.4 699.3 231.6 698.7 265.6 ship 0
694.8 284.1 708.8 315.1 666.9 334.1 652.9 303.2 ship 0
686.4 339.8 698.8 362.6 669.0 378.9 656.5 356.1 ship 0
650.0 385.0 662.3 391.7 644.0 425.0 631.7 418.3 ship 0
675.4 392.2 685.1 394.7 670.6 450.8 660.9 448.3 ship 0
875.5 560.6 880.4 564.1 856.1 598.3 851.2 594.9 ship 0
831.9 605.7 837.9 606.3 834.7 640.1 828.7 639.5 ship 0
644.5 577.2 656.9 583.8 639.0 617.4 626.6 610.8 ship 0
813.2 605.4 834.7 636.7 823.2 644.7 801.6 613.4 ship 0
649.7 522.7 657.8 528.6 630.6 565.7 622.5 559.8 ship 0
678.6 522.5 683.3 526.2 649.9 568.6 645.2 564.9 ship 0
672.3 555.3 680.1 526.3 693.6 529.9 685.8 558.9 ship 0
853.7 703.0 857.7 707.5 814.6 746.3 810.6 741.9 ship 0
845.7 702.0 855.7 702.1 855.3 744.1 845.3 744.0 ship 0
874.9 706.2 883.6 711.1 863.1 747.8 854.4 742.9 ship 0
888.9 713.5 897.8 717.9 879.1 755.5 870.2 751.1 ship 0
899.5 714.9 909.3 716.7 902.5 754.1 892.7 752.3 ship 0
926.3 716.9 934.9 721.9 909.7 765.1 901.1 760.1 ship 0
937.3 736.1 942.5 733.1 957.7 758.9 952.6 762.0 ship 0
959.6 730.4 965.5 729.8 969.4 767.6 963.5 768.2 ship 0
977.8 732.7 1000.3 745.7 983.3 775.1 960.8 762.1 ship 0
681.9 583.3 687.8 616.8 666.1 620.7 660.2 587.2 ship 0
707.5 579.5 713.1 581.6 701.5 613.5 695.9 611.4 ship 0
707.1 524.0 715.9 528.8 695.6 565.6 686.8 560.8 ship 0
728.8 522.6 731.1 564.6 717.2 565.4 714.9 523.4 ship 0
758.7 526.0 765.7 533.1 727.3 571.0 720.3 563.9 ship 0
712.3 581.5 718.2 580.8 722.7 618.5 716.8 619.2 ship 0
749.6 587.7 757.6 593.7 732.4 627.3 724.4 621.3 ship 0
742.7 598.8 765.8 586.9 781.3 617.2 758.2 629.1 ship 0
791.0 638.0 791.6 600.0 805.6 600.2 805.0 638.2 ship 0
809.5 545.8 813.8 554.8 779.5 571.2 775.2 562.2 ship 0
823.0 548.3 831.4 553.7 811.0 585.7 802.6 580.3 ship 0
402.4 365.4 403.3 375.3 345.6 380.6 344.7 370.7 ship 0
943.4 777.7 950.4 806.9 944.6 808.3 937.6 779.1 ship 0
948.2 770.3 950.2 770.2 952.4 816.2 950.4 816.3 ship 0
942.7 777.6 944.1 776.2 975.5 809.9 974.0 811.3 ship 0
396.1 381.3 397.7 387.1 341.9 402.7 340.3 396.9 ship 0
398.5 336.7 401.7 341.7 349.5 375.2 346.3 370.1 ship 0
341.4 342.8 346.2 321.4 406.7 335.0 401.9 356.4 ship 0
46.5 294.2 50.5 285.0 96.4 304.8 92.4 314.0 ship 0
1.4 238.5 5.9 234.5 42.0 274.7 37.5 278.7 ship 0
5.0 239.1 7.3 229.4 48.1 238.9 45.9 248.7 ship 0
10.5 212.6 16.3 204.5 53.8 231.2 48.0 239.3 ship 0
18.5 200.4 21.5 190.8 57.8 201.9 54.9 211.5 ship 0
17.9 171.3 22.8 162.6 70.1 188.7 65.2 197.4 ship 0
26.9 160.6 37.8 141.5 77.7 164.4 66.8 183.5 ship 0
113.0 175.4 117.0 197.1 91.4 201.8 87.4 180.1 ship 0
74.3 205.7 78.8 196.8 123.4 219.5 118.9 228.4 ship 0
70.5 232.5 74.4 223.4 113.0 240.1 109.0 249.2 ship 0
66.6 241.7 74.6 235.7 97.4 266.0 89.4 272.0 ship 0
56.8 277.4 59.2 267.7 96.1 276.9 93.6 286.6 ship 0
38.3 309.5 42.9 300.7 90.7 325.9 86.0 334.7 ship 0
31.3 332.1 36.2 323.4 86.7 351.9 81.8 360.6 ship 0
11.0 342.0 15.6 333.1 95.4 374.8 90.8 383.6 ship 0
17.5 383.4 18.2 373.4 76.1 377.4 75.4 387.4 ship 0
14.1 400.9 16.5 391.2 69.0 403.8 66.6 413.5 ship 0
8.7 414.3 13.1 405.3 65.3 430.7 60.9 439.7 ship 0
5.0 435.3 9.0 426.1 58.4 448.1 54.3 457.2 ship 0
0.3 460.0 2.9 450.4 58.9 465.8 56.2 475.4 ship 0
-6.0 478.1 -2.7 468.7 52.0 487.9 48.7 497.3 ship 0
-7.2 504.8 -5.5 494.9 35.9 502.1 34.2 512.0 ship 0
-8.8 518.4 -4.1 509.6 32.8 529.6 28.1 538.4 ship 0
50.7 297.6 81.6 373.5 13.0 401.4 -17.9 325.4 harbor 0
34.7 268.7 36.1 274.5 -4.7 284.3 -6.1 278.5 ship 0
-10.6 275.1 -6.4 270.9 34.6 311.9 30.4 316.1 ship 0
99.2 516.8 120.6 543.2 88.0 569.6 66.6 543.2 ship 0
451.3 840.2 461.7 816.4 474.5 822.0 464.1 845.8 ship 0
489.8 826.9 495.1 824.0 513.1 857.5 507.9 860.3 ship 0
117.1 517.9 122.4 509.4 171.6 540.0 166.3 548.5 ship 0
125.5 495.8 131.3 487.6 178.5 521.2 172.7 529.4 ship 0
115.3 473.7 119.6 464.7 200.9 503.4 196.6 512.4 ship 0
129.4 462.2 133.1 452.9 194.6 476.8 190.9 486.1 ship 0
146.3 438.5 151.6 430.0 200.8 460.8 195.5 469.3 ship 0
148.7 422.5 152.3 413.2 206.3 434.5 202.7 443.8 ship 0
217.1 383.2 222.5 391.6 156.9 433.8 151.5 425.4 ship 0
158.4 382.9 161.9 373.5 216.1 394.3 212.5 403.7 ship 0
175.8 331.3 182.3 323.7 226.2 361.7 219.7 369.3 ship 0
189.2 319.0 194.4 310.5 226.8 330.3 221.6 338.8 ship 0
188.3 293.5 193.3 284.8 243.7 313.5 238.7 322.2 ship 0
195.1 280.1 207.4 257.3 254.9 282.9 242.6 305.7 ship 0
303.4 280.8 307.4 306.5 258.0 314.3 254.0 288.6 ship 0
254.1 313.2 258.8 304.4 295.9 324.0 291.3 332.8 ship 0
241.3 332.0 244.7 322.6 291.6 340.0 288.2 349.3 ship 0
233.2 345.2 237.3 336.1 290.0 360.4 285.8 369.5 ship 0
231.0 366.4 234.2 357.0 281.6 372.8 278.4 382.3 ship 0
225.7 380.4 230.1 371.4 278.5 395.4 274.0 404.4 ship 0
221.4 409.8 222.2 399.8 272.0 403.3 271.3 413.3 ship 0
213.7 434.9 218.2 426.0 259.4 446.4 254.9 455.4 ship 0
211.3 459.3 213.4 449.5 250.5 457.6 248.4 467.4 ship 0
190.2 392.9 228.1 396.2 223.8 446.1 185.9 442.8 harbor 0
466.5 841.3 482.6 820.9 493.6 829.5 477.5 850.0 ship 0
425.5 830.3 447.0 809.4 456.8 819.4 435.3 840.4 ship 0
61.7 705.1 82.1 732.3 61.3 747.9 40.9 720.7 ship 0
461.0 790.9 464.3 761.0 510.0 766.1 506.7 796.0 ship 0
51.7 850.7 61.4 826.6 78.1 833.3 68.4 857.5 ship 0
82.6 842.6 87.3 833.7 103.2 842.2 98.5 851.0 ship 0
95.8 820.7 102.4 813.1 143.2 848.4 136.7 855.9 ship 0
135.8 837.6 137.3 831.8 174.0 841.5 172.5 847.3 ship 0
186.3 814.3 197.2 837.9 173.5 848.8 162.7 825.1 ship 0
211.7 829.0 212.6 823.1 250.2 828.7 249.3 834.7 ship 0
230.7 822.7 236.0 805.5 268.5 815.5 263.2 832.7 ship 0
274.9 796.0 286.3 814.8 264.0 828.3 252.6 809.5 ship 0
156.8 686.4 163.6 736.0 129.9 740.5 123.2 691.0 ship 0
86.7 639.2 113.6 618.3 144.3 657.8 117.4 678.7 ship 0
170.6 634.5 176.6 613.3 213.2 623.7 207.1 644.8 ship 0
269.3 657.7 276.9 686.7 247.9 694.3 240.3 665.3 ship 0
280.7 693.1 282.0 703.0 236.3 708.9 235.0 699.0 ship 0
279.1 710.5 280.2 720.5 234.5 725.7 233.4 715.7 ship 0
237.5 766.5 243.5 745.3 268.5 752.5 262.5 773.7 ship 0
271.8 791.8 289.4 758.1 312.4 770.2 294.8 803.9 ship 0
309.7 795.1 311.2 769.2 361.1 771.9 359.7 797.9 ship 0
308.3 808.5 312.3 795.1 337.2 802.5 333.3 815.9 ship 0
370.9 795.9 374.1 813.7 344.6 819.0 341.4 801.3 ship 0
397.9 714.3 411.9 714.7 411.1 752.7 397.1 752.3 ship 0
440.7 706.7 449.2 711.9 423.4 754.7 414.8 749.5 ship 0
