488.2 146.9 507.6 174.8 469.8 201.1 450.4 173.2 swimming-pool 0
189.6 26.2 218.8 50.4 189.4 85.8 160.2 61.6 swimming-pool 0
386.3 21.2 389.6 55.1 351.7 58.8 348.4 24.9 roundabout 0
279.5 123.8 309.1 129.0 303.9 158.5 274.4 153.4 swimming-pool 0
395.2 480.0 395.6 510.0 357.6 510.5 357.3 480.5 swimming-pool 0
423.8 507.4 443.1 540.2 393.2 569.6 373.9 536.8 swimming-pool 0
250.5 568.6 284.2 564.5 290.8 618.1 257.1 622.2 swimming-pool 0
276.5 627.5 299.7 602.6 327.5 628.5 304.3 653.4 swimming-pool 0
335.1 610.0 370.5 623.7 350.9 674.0 315.5 660.3 swimming-pool 0
244.9 557.7 257.9 570.1 226.1 603.3 213.1 590.9 swimming-pool 0
370.1 738.2 394.4 714.4 426.6 747.3 402.3 771.0 swimming-pool 0
485.0 965.6 485.1 991.6 455.1 991.7 455.0 965.7 swimming-pool 0
353.5 921.7 371.2 924.7 367.5 946.3 349.8 943.3 swimming-pool 0
738.6 976.1 741.6 985.6 728.3 989.9 725.2 980.4 swimming-pool 0
532.4 264.6 537.5 247.3 558.6 253.4 553.5 270.7 roundabout 0
909.6 120.9 923.4 118.3 927.4 140.0 913.6 142.5 ship 0
938.5 133.5 943.4 163.1 925.7 166.0 920.7 136.5 ship 0
947.6 120.6 957.6 120.6 957.6 162.6 947.6 162.6 ship 0
983.5 129.6 1011.7 148.6 988.1 183.4 960.0 164.4 ship 0
908.1 90.4 917.4 94.1 894.4 151.7 885.1 148.0 ship 0
857.0 834.5 866.5 806.0 902.6 818.2 893.0 846.6 swimming-pool 0
757.7 1013.1 758.9 1014.7 757.3 1015.9 756.1 1014.3 swimming-pool 0
633.7 934.6 648.5 950.9 620.3 976.4 605.5 960.1 swimming-pool 0
800.4 896.4 819.2 914.5 790.0 944.7 771.3 926.7 swimming-pool 0
557.3 803.1 571.6 829.5 541.6 845.7 527.4 819.2 swimming-pool 0
589.6 807.3 600.9 826.2 578.5 839.6 567.3 820.7 swimming-pool 0
567.6 649.1 591.0 673.8 569.2 694.5 545.8 669.8 swimming-pool 0
866.2 80.4 892.3 95.1 863.8 145.6 837.7 130.9 ship 0
591.8 589.5 617.9 617.1 590.3 643.2 564.2 615.6 swimming-pool 0
641.9 588.1 644.2 562.2 674.1 564.9 671.8 590.8 swimming-pool 0
703.0 659.9 704.0 625.9 742.0 627.1 741.0 661.1 swimming-pool 0
812.4 640.8 817.1 670.4 767.7 678.2 763.0 648.6 swimming-pool 0
822.9 651.4 831.9 640.7 864.1 667.6 855.1 678.3 swimming-pool 0
865.3 675.9 881.3 641.4 919.4 659.1 903.4 693.6 swimming-pool 0
882.1 612.5 915.2 593.9 935.9 630.5 902.8 649.1 swimming-pool 0
753.9 86.7 787.4 92.8 779.9 134.1 746.5 128.1 swimming-pool 0
829.6 106.1 846.1 120.6 829.0 140.1 812.5 125.6 ship 0
951.8 688.0 969.6 654.4 1010.2 676.0 992.4 709.6 swimming-pool 0
994.3 857.0 1010.6 886.9 973.7 907.0 957.4 877.1 swimming-pool 0
984.3 824.6 985.9 825.8 984.7 827.4 983.1 826.2 swimming-pool 0
