22.0 294.2 54.8 285.3 63.6 318.2 30.8 327.0 plane 0
24.9 211.8 36.7 235.0 17.1 245.0 5.3 221.8 plane 0
38.7 249.7 51.0 222.4 74.7 233.0 62.4 260.4 plane 0
78.4 227.8 107.2 236.4 98.6 265.2 69.8 256.6 plane 0
91.2 297.5 114.1 309.9 101.8 332.8 78.9 320.4 plane 0
68.2 334.6 97.4 358.9 62.8 400.4 33.6 376.1 plane 0
147.1 300.4 171.2 318.3 150.9 345.5 126.8 327.6 plane 0
135.7 360.8 166.2 375.7 151.3 406.3 120.8 391.3 plane 0
133.2 219.4 150.0 233.6 122.8 265.6 106.0 251.4 plane 0
132.2 234.8 147.4 225.1 167.8 257.2 152.6 266.9 plane 0
161.7 241.5 167.1 239.1 179.3 266.5 173.8 269.0 plane 0
222.2 341.4 238.9 321.4 261.9 340.7 245.2 360.6 plane 0
204.9 381.4 234.3 375.3 241.1 408.6 211.7 414.7 plane 0
265.0 254.0 284.4 271.3 267.1 290.7 247.7 273.4 plane 0
211.2 244.3 236.9 247.8 232.9 277.5 207.1 274.0 plane 0
18.0 284.7 31.7 301.9 14.5 315.6 0.8 298.4 plane 0
349.6 338.1 376.9 350.6 364.4 377.9 337.1 365.4 plane 0
279.5 336.5 313.2 332.0 317.1 361.8 283.4 366.2 plane 0
281.0 385.3 298.0 391.2 283.0 434.7 266.0 428.8 plane 0
438.6 320.7 439.3 290.7 457.3 291.2 456.5 321.2 plane 0
462.9 388.7 467.3 363.0 485.1 366.1 480.6 391.8 plane 0
484.1 385.7 492.5 369.8 504.9 376.3 496.5 392.2 plane 0
521.7 443.1 547.3 427.5 562.9 453.1 537.3 468.7 plane 0
508.4 306.2 537.7 299.6 545.1 332.8 515.8 339.3 plane 0
574.3 377.5 581.7 384.2 561.7 406.5 554.3 399.8 plane 0
582.1 406.5 590.1 381.8 607.2 387.3 599.2 412.1 plane 0
632.6 389.8 633.4 411.8 603.4 413.0 602.6 391.0 plane 0
657.7 387.6 664.4 416.8 631.3 424.4 624.6 395.2 plane 0
592.3 445.1 625.2 436.5 635.8 477.2 602.9 485.8 plane 0
663.9 551.0 680.6 516.9 711.1 531.8 694.4 566.0 plane 0
563.5 561.4 567.2 566.1 543.5 584.6 539.8 579.9 plane 0
532.6 590.9 558.5 588.8 559.6 602.8 533.7 604.8 plane 0
538.1 600.5 562.1 618.5 553.7 629.7 529.7 611.7 plane 0
535.0 616.6 555.4 632.7 546.8 643.7 526.3 627.7 plane 0
715.2 726.4 730.8 742.0 712.4 760.4 696.9 744.9 plane 0
475.4 293.8 487.5 300.8 472.6 326.8 460.4 319.8 plane 0
404.5 310.1 423.9 282.2 438.7 292.5 419.2 320.4 plane 0
260.7 375.0 273.6 406.5 242.2 419.4 229.3 387.9 plane 0
378.9 285.4 412.9 285.3 413.0 311.3 379.0 311.4 plane 0
335.5 402.1 360.1 410.5 350.5 438.9 325.9 430.5 plane 0
174.2 450.3 197.0 469.8 172.2 498.7 149.4 479.1 plane 0
150.0 474.0 157.6 480.6 132.7 509.3 125.1 502.8 plane 0
98.4 483.2 122.6 473.8 133.5 501.7 109.3 511.2 plane 0
117.0 507.1 146.9 508.7 144.7 550.7 114.7 549.0 plane 0
163.6 494.8 191.8 505.3 174.4 552.2 146.2 541.7 plane 0
202.2 497.6 215.1 503.0 194.3 552.9 181.4 547.5 plane 0
225.3 499.3 253.0 511.0 238.1 546.0 210.5 534.3 plane 0
353.9 551.2 383.7 548.0 387.4 581.8 357.5 585.0 plane 0
425.4 554.8 449.0 573.3 425.6 603.2 402.0 584.7 plane 0
461.7 610.3 495.7 608.7 497.3 642.7 463.3 644.3 plane 0
375.7 431.9 409.5 435.7 405.7 469.4 371.9 465.7 plane 0
370.5 478.7 399.8 485.0 393.5 514.3 364.2 508.0 plane 0
332.9 255.6 362.8 258.3 359.7 292.2 329.8 289.5 plane 0
354.1 285.7 377.4 274.1 388.9 297.4 365.6 309.0 plane 0
262.1 881.7 273.9 889.3 235.8 948.0 224.0 940.4 plane 0
733.2 672.6 757.4 682.2 747.8 706.4 723.6 696.8 plane 0
293.3 892.9 300.3 900.0 264.7 935.1 257.7 928.0 plane 0
348.1 887.0 365.7 900.3 349.9 921.0 332.4 907.7 plane 0
958.1 626.6 991.1 618.4 999.2 651.4 966.2 659.6 plane 0
890.5 711.5 916.5 711.8 916.3 729.8 890.3 729.5 plane 0
899.1 680.8 922.9 691.3 915.6 707.8 891.8 697.3 plane 0
920.3 750.1 946.1 753.1 942.7 782.9 916.9 779.9 plane 0
985.9 793.4 1010.6 785.2 1020.1 813.6 995.4 821.8 plane 0
989.1 845.2 1012.1 833.1 1027.9 863.1 1004.9 875.3 plane 0
998.0 204.0 1016.8 221.9 996.2 243.6 977.3 225.7 plane 0
997.4 502.1 1019.9 527.6 997.4 547.4 974.9 521.9 plane 0
917.8 518.2 951.8 518.7 951.2 556.7 917.2 556.2 plane 0
889.9 481.2 917.2 493.6 903.0 524.6 875.7 512.1 plane 0
268.4 946.4 289.3 914.7 321.0 935.5 300.2 967.3 plane 0
373.4 888.8 399.5 903.5 384.8 929.6 358.7 914.9 plane 0
743.3 587.6 766.4 599.5 752.6 626.2 729.5 614.2 plane 0
745.8 548.2 771.8 547.8 772.2 565.8 746.2 566.2 plane 0
756.7 518.2 779.3 530.9 770.5 546.6 747.8 533.8 plane 0
808.6 600.4 834.5 615.7 819.2 641.5 793.4 626.3 plane 0
815.7 552.0 838.8 571.1 827.3 585.0 804.2 565.9 plane 0
821.1 524.7 844.9 543.0 833.9 557.3 810.1 539.0 plane 0
824.7 503.2 848.1 514.6 840.3 530.8 816.9 519.4 plane 0
785.4 422.5 806.3 444.0 784.9 464.9 763.9 443.5 plane 0
875.6 545.5 902.7 566.0 891.9 580.4 864.7 559.9 plane 0
892.9 513.3 911.1 531.9 886.7 555.6 868.6 537.0 plane 0
