244.7 408.7 266.7 408.4 267.3 450.3 245.3 450.6 swimming-pool 0
327.5 633.4 351.1 622.5 363.7 649.8 340.1 660.7 swimming-pool 0
205.4 682.1 220.9 656.4 246.6 671.9 231.1 697.6 swimming-pool 0
289.0 773.1 309.9 780.0 303.0 800.9 282.1 794.0 swimming-pool 0
147.4 923.7 160.8 906.2 184.6 924.5 171.2 942.0 swimming-pool 0
306.2 536.7 318.4 518.4 343.4 535.2 331.1 553.4 swimming-pool 0
96.6 270.7 98.1 300.7 68.1 302.2 66.6 272.2 swimming-pool 0
169.9 494.6 207.9 496.4 206.1 534.4 168.1 532.6 roundabout 0
220.4 683.5 287.0 661.9 308.6 728.5 242.0 750.1 roundabout 0
99.0 762.8 112.4 745.4 133.0 761.2 119.6 778.6 swimming-pool 0
123.7 790.5 138.8 769.4 156.7 782.2 141.5 803.3 swimming-pool 0
169.4 775.0 176.8 781.6 151.6 810.0 144.2 803.4 swimming-pool 0
254.5 822.2 259.7 796.7 285.2 802.0 279.9 827.5 swimming-pool 0
144.2 911.3 165.8 932.1 145.0 953.7 123.4 932.8 swimming-pool 0
