247.3 967.2 267.8 994.3 240.7 1014.8 220.2 987.7 swimming-pool 0
356.9 320.6 357.9 290.6 395.9 291.9 394.9 321.9 swimming-pool 0
406.1 947.0 436.0 917.5 473.9 956.0 444.0 985.5 swimming-pool 0
425.3 319.1 443.0 352.7 391.7 379.9 374.0 346.3 swimming-pool 0
252.1 378.4 286.0 376.4 289.2 430.3 255.3 432.3 swimming-pool 0
276.5 440.3 297.9 413.8 327.5 437.7 306.1 464.2 swimming-pool 0
325.3 425.1 363.3 426.9 360.7 480.9 322.7 479.1 swimming-pool 0
238.1 363.3 263.8 391.3 232.9 419.7 207.2 391.7 swimming-pool 0
370.0 550.0 393.6 525.5 426.7 557.4 403.1 581.9 swimming-pool 0
471.2 767.0 492.4 793.6 469.0 812.3 447.7 785.7 swimming-pool 0
493.9 843.9 503.5 863.7 480.1 875.1 470.5 855.3 swimming-pool 0
292.1 913.4 309.6 889.1 333.9 906.6 316.4 930.9 swimming-pool 0
365.1 735.8 370.8 744.1 355.9 754.2 350.2 745.9 swimming-pool 0
727.3 782.5 741.2 783.6 739.6 805.5 725.6 804.5 swimming-pool 0
529.2 75.0 537.9 54.8 561.8 65.0 553.1 85.2 roundabout 0
888.7 619.6 898.6 643.7 870.8 655.0 861.0 630.9 swimming-pool 0
542.2 923.0 561.7 945.7 523.7 978.3 504.2 955.5 swimming-pool 0
583.1 924.9 605.8 950.1 565.7 986.3 543.0 961.0 swimming-pool 0
669.2 851.3 695.3 878.9 664.8 907.7 638.7 880.1 swimming-pool 0
757.3 824.1 758.9 825.3 757.7 826.9 756.1 825.7 swimming-pool 0
634.5 745.9 648.6 762.7 619.5 787.1 605.4 770.3 swimming-pool 0
802.3 708.9 817.8 724.5 788.2 754.2 772.6 738.7 swimming-pool 0
554.4 614.8 570.1 640.3 544.5 656.0 528.8 630.5 swimming-pool 0
595.3 619.6 601.6 640.7 572.9 649.3 566.5 628.2 swimming-pool 0
569.0 457.3 593.8 480.6 567.8 508.3 543.0 485.0 swimming-pool 0
561.4 423.8 588.9 397.6 620.7 430.9 593.1 457.1 swimming-pool 0
674.3 375.5 675.6 397.5 641.7 399.5 640.4 377.5 swimming-pool 0
697.3 463.9 713.1 429.3 747.7 445.1 731.9 479.7 swimming-pool 0
765.8 485.7 768.4 451.8 814.3 455.3 811.7 489.2 swimming-pool 0
819.5 467.4 841.0 446.4 867.5 473.6 846.0 494.6 swimming-pool 0
865.6 487.8 880.4 452.8 919.1 469.2 904.2 504.2 swimming-pool 0
881.2 421.7 914.3 403.1 936.8 443.3 903.7 461.9 swimming-pool 0
952.8 497.7 968.2 467.4 1009.2 488.3 993.8 518.6 swimming-pool 0
997.3 669.5 1009.8 701.1 970.7 716.5 958.2 684.9 swimming-pool 0
984.4 635.6 985.9 636.9 984.6 638.4 983.1 637.1 swimming-pool 0
910.6 988.4 933.7 969.2 960.5 1001.5 937.5 1020.7 swimming-pool 0
