738.6 748.7 758.8 770.9 748.4 780.3 728.2 758.1 ship 0
807.2 627.3 811.2 622.9 839.4 648.4 835.3 652.8 ship 0
817.2 618.1 821.4 613.8 848.4 640.5 844.2 644.8 ship 0
841.9 601.9 847.9 602.2 846.1 640.1 840.1 639.8 ship 0
844.5 599.3 870.8 620.9 864.5 628.7 838.2 607.1 ship 0
866.4 575.7 891.4 604.4 877.8 616.2 852.8 587.6 ship 0
920.5 638.9 946.1 616.5 960.5 633.1 934.9 655.5 ship 0
899.9 603.6 923.9 633.1 916.1 639.4 892.1 609.9 ship 0
887.7 615.9 915.8 634.9 910.2 643.2 882.1 624.2 ship 0
875.3 628.7 879.8 624.8 899.7 647.3 895.2 651.2 ship 0
865.2 634.9 869.8 631.1 891.8 657.1 887.2 660.9 ship 0
855.5 641.3 860.3 637.8 882.5 668.7 877.7 672.2 ship 0
848.0 654.4 852.7 650.8 871.0 674.6 866.3 678.2 ship 0
828.4 674.4 828.7 668.4 870.6 670.6 870.3 676.6 ship 0
839.6 666.8 849.6 690.8 840.4 694.7 830.3 670.7 ship 0
816.1 676.6 821.0 673.1 841.0 700.6 836.2 704.1 ship 0
807.4 688.3 811.8 684.1 832.6 705.7 828.2 709.9 ship 0
796.9 695.2 801.2 691.0 824.8 715.5 820.5 719.7 ship 0
789.5 699.2 794.6 696.0 812.5 724.8 807.4 728.0 ship 0
790.3 707.8 805.1 729.2 793.5 737.1 778.8 715.7 ship 0
754.6 729.3 758.0 724.4 789.4 745.8 786.0 750.7 ship 0
786.8 744.9 786.9 746.9 737.0 749.9 736.9 747.9 ship 0
798.9 636.7 802.6 632.0 829.1 653.3 825.4 658.0 ship 0
792.0 642.1 796.8 638.5 819.8 668.7 815.0 672.4 ship 0
790.5 648.2 807.9 667.5 797.5 676.8 780.1 657.5 ship 0
599.9 803.3 620.5 795.8 632.1 827.7 611.5 835.2 ship 0
686.2 637.3 686.8 643.2 672.9 644.8 672.2 638.8 ship 0
668.5 640.6 685.4 654.6 676.5 665.4 659.6 651.4 ship 0
658.0 644.5 671.5 666.8 659.5 674.0 646.0 651.8 ship 0
635.3 663.5 639.2 659.0 664.7 681.5 660.8 686.0 ship 0
625.4 672.6 629.6 668.3 650.9 689.4 646.7 693.7 ship 0
629.7 682.7 630.7 684.4 618.8 691.7 617.8 690.0 ship 0
611.8 679.5 617.8 678.8 623.2 720.4 617.3 721.2 ship 0
588.8 696.8 593.0 692.6 617.1 716.6 612.9 720.8 ship 0
690.5 607.9 692.0 606.6 693.3 608.1 691.8 609.4 harbor 0
613.5 792.7 617.9 788.6 646.5 819.3 642.1 823.4 ship 0
733.4 700.1 747.6 721.8 739.2 727.3 725.0 705.5 ship 0
655.5 793.8 655.5 795.8 625.5 796.2 625.5 794.2 ship 0
648.5 774.2 664.4 794.7 656.5 800.8 640.6 780.3 ship 0
648.9 772.3 652.8 767.7 675.8 787.0 671.9 791.6 ship 0
657.0 758.7 661.7 754.9 683.0 781.3 678.3 785.1 ship 0
673.5 749.3 694.4 764.7 688.5 772.7 667.6 757.3 ship 0
680.2 739.3 685.6 736.7 702.1 771.0 696.7 773.6 ship 0
706.3 722.4 719.3 744.9 710.6 749.9 697.6 727.4 ship 0
710.7 712.6 716.4 711.0 726.6 747.6 720.8 749.2 ship 0
714.4 715.2 717.4 710.0 743.4 725.0 740.4 730.2 ship 0
747.4 738.4 753.1 736.6 763.1 769.1 757.4 770.9 ship 0
680.6 788.9 706.3 804.4 688.8 833.6 663.1 818.1 ship 0
658.8 808.8 691.8 840.9 679.2 853.8 646.2 821.7 ship 0
647.1 827.0 663.5 847.1 643.4 863.5 627.0 843.4 ship 0
768.1 714.9 769.5 713.5 770.9 714.9 769.5 716.3 harbor 0
907.8 782.2 922.7 792.2 908.2 813.8 893.3 803.8 ship 0
929.4 747.9 958.6 740.9 965.6 770.1 936.4 777.1 ship 0
1018.7 890.5 1020.5 889.7 1021.3 891.5 1019.5 892.3 ship 0
976.9 455.1 986.6 474.8 956.1 489.9 946.4 470.2 roundabout 0
74.3 449.2 93.4 426.1 125.7 452.8 106.6 475.9 swimming-pool 0
38.8 492.5 70.6 513.2 41.2 558.5 9.4 537.8 roundabout 0
685.8 620.4 709.0 639.4 702.7 647.1 679.4 628.1 ship 0
690.8 615.7 695.0 611.4 719.2 635.3 715.0 639.6 ship 0
699.9 606.5 703.9 602.0 732.5 626.9 728.6 631.5 ship 0
721.3 593.0 740.8 610.2 731.5 620.7 712.0 603.5 ship 0
561.6 482.0 566.2 478.1 588.2 504.0 583.6 507.9 ship 0
567.8 471.2 571.7 466.7 600.2 491.8 596.3 496.3 ship 0
581.2 459.8 585.8 455.9 610.4 484.8 605.9 488.7 ship 0
608.4 439.2 631.6 458.3 625.3 466.0 602.1 447.0 ship 0
614.4 433.8 619.4 430.5 640.5 462.1 635.5 465.4 ship 0
633.7 423.2 653.7 445.5 643.3 454.8 623.3 432.5 ship 0
642.2 408.8 662.9 430.5 652.8 440.2 632.1 418.5 ship 0
679.5 379.0 696.3 408.6 684.1 415.5 667.3 386.0 ship 0
687.4 364.4 693.3 363.8 697.6 409.6 691.7 410.2 ship 0
689.0 368.3 693.5 364.3 718.4 393.0 713.9 397.0 ship 0
699.8 356.4 704.2 352.3 733.0 382.8 728.6 386.9 ship 0
724.4 346.2 741.9 365.4 731.6 374.8 714.1 355.6 ship 0
733.1 336.6 738.9 335.2 745.9 364.4 740.1 365.8 ship 0
747.0 322.0 761.4 357.2 752.2 361.0 737.7 325.8 ship 0
762.8 360.6 767.4 356.8 799.2 395.4 794.6 399.2 ship 0
772.1 377.8 774.0 378.6 766.9 395.2 765.0 394.4 ship 0
746.2 414.1 790.9 391.9 798.9 408.0 754.2 430.3 ship 0
724.8 416.2 738.6 380.8 770.3 393.2 756.4 428.6 ship 0
726.4 405.3 742.5 425.6 725.3 439.3 709.1 419.0 ship 0
702.8 424.0 715.0 451.4 702.2 457.0 690.0 429.6 ship 0
684.2 436.5 689.9 434.6 701.1 466.6 695.5 468.6 ship 0
545.3 486.3 550.0 482.5 576.7 514.9 572.0 518.7 ship 0
536.3 502.2 540.8 498.2 566.2 526.4 561.8 530.4 ship 0
532.0 502.4 553.2 529.0 542.3 537.7 521.1 511.1 ship 0
437.0 472.7 451.9 494.0 440.4 502.0 425.5 480.7 ship 0
545.3 365.0 549.7 361.0 578.2 391.8 573.8 395.9 ship 0
534.5 379.9 538.2 375.2 561.5 394.1 557.8 398.8 ship 0
519.5 388.9 522.7 383.9 561.7 408.2 558.5 413.3 ship 0
505.4 401.4 530.5 417.8 522.9 429.5 497.7 413.2 ship 0
487.6 418.9 491.0 414.0 525.4 438.1 522.0 443.0 ship 0
480.2 425.5 484.8 421.6 511.9 453.7 507.3 457.5 ship 0
472.0 439.0 476.6 435.2 495.6 458.4 490.9 462.2 ship 0
456.9 438.7 462.0 435.5 484.7 470.8 479.7 474.0 ship 0
434.4 472.6 438.6 463.5 465.9 475.8 461.8 485.0 ship 0
414.6 480.4 419.8 477.5 438.4 510.6 433.2 513.5 ship 0
516.1 524.0 520.2 519.7 544.9 543.0 540.8 547.3 ship 0
516.1 389.2 517.3 387.6 518.9 388.8 517.7 390.4 harbor 0
445.1 577.5 453.4 583.0 434.5 611.3 426.2 605.7 ship 0
471.9 585.8 478.4 593.4 437.1 628.2 430.6 620.6 ship 0
488.2 603.9 494.9 611.3 451.8 650.1 445.1 642.7 ship 0
492.4 628.9 499.5 636.0 475.6 660.1 468.5 653.0 ship 0
464.6 549.7 469.1 545.8 496.3 577.9 491.7 581.8 ship 0
492.3 543.5 510.9 567.1 500.0 575.8 481.3 552.2 ship 0
498.4 531.1 504.3 529.8 511.7 563.0 505.8 564.3 ship 0
500.6 530.1 504.1 525.2 531.6 545.2 528.1 550.0 ship 0
678.7 450.4 684.3 452.6 679.3 465.6 673.7 463.4 ship 0
649.7 472.0 650.7 466.1 692.0 473.7 691.0 479.6 ship 0
640.4 469.4 644.5 465.0 672.6 490.6 668.5 495.0 ship 0
785.5 486.4 791.1 488.4 786.5 501.6 780.8 499.6 ship 0
668.8 570.3 686.5 594.5 675.2 602.7 657.5 578.5 ship 0
692.7 551.2 698.7 551.7 695.9 585.5 689.9 585.1 ship 0
696.2 550.0 701.2 546.6 720.4 574.7 715.4 578.1 ship 0
701.8 537.6 706.1 533.4 738.1 566.4 733.8 570.6 ship 0
711.7 528.2 715.8 523.8 746.4 552.5 742.3 556.9 ship 0
725.9 520.7 730.0 516.3 755.0 539.4 750.9 543.8 ship 0
735.7 507.6 740.0 503.5 766.2 531.1 761.8 535.2 ship 0
747.4 500.4 751.5 496.0 779.6 521.6 775.5 526.0 ship 0
778.9 496.9 779.5 498.8 766.2 503.2 765.6 501.3 ship 0
784.7 471.5 789.3 467.6 811.3 493.5 806.7 497.4 ship 0
636.0 596.3 640.1 591.9 668.0 617.7 663.9 622.1 ship 0
795.2 460.4 800.1 457.0 823.8 491.6 818.9 495.0 ship 0
797.4 439.3 802.2 435.7 841.6 488.7 836.8 492.3 ship 0
846.3 509.5 847.5 515.4 802.4 524.7 801.2 518.8 ship 0
803.2 521.5 806.5 516.6 834.7 535.5 831.4 540.5 ship 0
806.2 516.4 822.4 541.7 803.8 553.6 787.6 528.3 ship 0
774.9 546.3 780.7 544.6 787.1 565.7 781.3 567.4 ship 0
763.6 551.9 784.0 568.1 775.4 579.1 755.0 562.9 ship 0
745.6 567.7 749.5 563.1 778.2 588.0 774.3 592.6 ship 0
731.5 579.3 738.1 571.8 769.5 599.7 762.9 607.2 ship 0
642.4 588.9 646.1 584.2 679.2 610.1 675.5 614.8 ship 0
635.5 600.3 641.4 599.2 647.7 632.6 641.8 633.7 ship 0
629.9 481.5 633.6 476.7 666.9 502.2 663.3 507.0 ship 0
534.8 572.5 551.1 592.7 540.2 601.5 523.9 581.3 ship 0
626.3 474.2 632.1 472.8 644.2 521.3 638.4 522.7 ship 0
607.7 494.1 612.5 490.5 643.3 529.9 638.5 533.5 ship 0
591.0 510.3 593.9 505.1 634.0 527.7 631.1 532.9 ship 0
595.0 513.8 617.6 533.6 611.0 541.2 588.4 521.4 ship 0
578.0 526.3 582.4 522.3 605.0 547.7 600.6 551.7 ship 0
563.6 534.1 568.0 530.0 596.4 560.9 592.0 565.0 ship 0
554.8 546.6 559.1 542.4 582.9 566.7 578.6 570.9 ship 0
551.2 555.7 573.8 568.6 568.8 577.3 546.2 564.4 ship 0
531.9 564.4 535.8 559.8 558.4 579.6 554.4 584.1 ship 0
491.9 605.7 494.1 595.9 531.2 604.2 529.0 614.0 ship 0
618.1 612.5 623.1 609.2 641.9 637.5 636.9 640.8 ship 0
495.8 531.1 693.7 413.9 719.2 456.9 521.3 574.1 harbor 0
563.9 690.6 570.7 698.0 528.1 737.4 521.3 730.0 ship 0
578.4 706.3 585.4 713.5 540.9 756.7 533.9 749.5 ship 0
589.9 718.2 609.7 740.7 563.2 781.7 543.4 759.2 ship 0
554.2 656.1 562.2 650.1 589.9 686.8 581.9 692.9 ship 0
572.5 648.2 577.4 644.7 599.1 675.9 594.2 679.4 ship 0
590.8 636.4 610.4 659.2 599.8 668.3 580.2 645.6 ship 0
591.1 630.1 595.6 626.2 622.7 658.3 618.1 662.2 ship 0
603.8 622.7 608.3 618.7 633.7 646.9 629.2 650.9 ship 0
62.2 818.5 83.4 839.7 53.8 869.5 32.6 848.3 ship 0
66.5 727.2 88.5 753.2 59.5 777.8 37.5 751.8 swimming-pool 0
209.3 662.1 236.2 688.9 192.5 732.9 165.5 706.1 ship 0
29.5 600.3 54.5 583.7 137.5 708.7 112.5 725.3 tennis-court 0
112.4 521.8 130.4 521.3 135.6 703.2 117.6 703.7 tennis-court 0
106.8 533.2 126.8 516.6 212.2 619.8 192.2 636.4 tennis-court 0
310.1 804.2 321.3 832.0 274.9 850.8 263.7 823.0 swimming-pool 0
180.3 890.8 206.4 863.1 245.7 900.2 219.6 927.9 swimming-pool 0
166.6 949.8 168.2 948.6 169.4 950.2 167.8 951.4 swimming-pool 0
578.9 1003.1 580.4 1004.4 579.1 1005.9 577.6 1004.6 ship 0
574.9 969.2 582.5 975.7 555.2 1007.7 547.6 1001.2 ship 0
561.6 956.5 568.3 963.9 531.2 997.4 524.5 990.0 ship 0
641.4 958.9 659.7 977.4 632.6 1004.1 614.3 985.6 ship 0
56.9 929.7 73.6 944.0 51.4 969.8 34.7 955.5 ship 0
121.3 877.5 137.0 898.2 90.8 933.3 75.1 912.6 ship 0
698.9 891.9 712.0 909.6 691.1 925.1 678.0 907.4 ship 0
729.4 936.7 746.4 942.8 737.6 967.3 720.6 961.2 ship 0
774.6 978.4 776.2 979.6 775.0 981.2 773.4 980.0 harbor 0
604.9 913.2 613.2 918.7 587.9 957.1 579.6 951.6 ship 0
627.0 927.7 634.4 934.5 595.1 977.1 587.8 970.4 ship 0
639.8 955.1 644.0 964.2 595.1 987.0 590.8 978.0 ship 0
558.6 355.0 563.3 351.3 584.4 378.0 579.7 381.7 ship 0
584.7 348.6 596.1 362.5 585.3 371.4 573.9 357.5 ship 0
596.5 328.6 606.4 327.7 609.3 357.5 599.3 358.5 ship 0
613.0 317.6 632.4 334.9 623.0 345.4 603.6 328.1 ship 0
440.5 45.6 447.5 74.8 433.9 78.1 426.9 48.9 ship 0
391.5 211.7 398.3 204.5 440.5 244.3 433.7 251.5 ship 0
407.0 200.0 413.7 192.6 453.9 228.6 447.2 236.1 ship 0
423.0 183.9 430.7 177.5 467.9 222.0 460.2 228.4 ship 0
438.9 167.8 446.3 161.1 485.1 204.2 477.7 210.9 ship 0
465.5 152.9 474.4 148.3 495.5 189.1 486.6 193.7 ship 0
473.8 138.0 481.0 131.1 521.2 173.0 514.0 179.9 ship 0
489.5 122.1 497.4 116.0 535.5 164.8 527.6 171.0 ship 0
548.6 92.6 560.4 128.7 539.5 135.5 527.7 99.4 ship 0
539.6 82.9 550.1 73.6 588.4 117.1 577.9 126.4 ship 0
585.1 128.1 589.5 124.0 626.9 162.9 622.5 167.0 ship 0
575.9 140.4 580.3 136.4 611.1 170.6 606.7 174.6 ship 0
580.1 161.0 585.8 162.7 581.7 176.1 576.0 174.4 ship 0
547.9 162.0 555.6 155.6 587.3 194.3 579.6 200.6 ship 0
541.3 166.4 546.9 164.3 563.1 207.3 557.5 209.4 ship 0
529.5 177.3 535.1 175.2 548.5 210.7 542.9 212.8 ship 0
515.9 200.7 523.3 194.0 546.1 219.3 538.7 226.0 ship 0
515.5 201.3 529.5 232.3 516.7 238.1 502.7 207.1 ship 0
481.8 214.0 486.0 209.8 521.4 245.1 517.1 249.4 ship 0
475.5 227.1 479.8 222.9 506.5 249.9 502.2 254.1 ship 0
464.0 241.5 471.8 235.3 495.6 264.9 487.8 271.2 ship 0
440.6 260.4 441.8 254.5 490.8 264.2 489.7 270.1 ship 0
365.4 231.6 387.2 211.1 429.6 256.4 407.8 276.9 ship 0
340.2 257.8 346.7 250.2 387.8 285.2 381.3 292.8 ship 0
324.8 268.6 332.1 261.8 371.7 304.1 364.4 311.0 ship 0
251.3 182.7 258.9 176.2 288.7 211.3 281.1 217.8 ship 0
380.4 83.5 383.6 78.5 419.1 100.9 415.9 106.0 ship 0
353.7 96.5 361.0 89.7 392.3 123.5 385.0 130.3 ship 0
339.7 110.6 346.5 103.2 380.3 134.4 373.5 141.8 ship 0
329.9 125.9 336.2 118.2 365.7 142.2 359.3 149.9 ship 0
310.3 133.2 313.6 128.2 358.7 157.8 355.4 162.8 ship 0
303.7 138.0 308.3 134.1 340.7 172.1 336.2 176.0 ship 0
293.5 152.8 298.1 148.9 322.8 177.7 318.3 181.6 ship 0
306.9 170.8 307.8 176.7 286.1 180.2 285.2 174.3 ship 0
265.6 171.7 273.7 165.9 300.4 203.3 292.3 209.1 ship 0
255.9 189.3 271.0 219.8 258.5 226.0 243.4 195.5 ship 0
312.2 278.3 321.3 274.1 345.8 326.7 336.8 330.9 ship 0
198.7 222.8 202.9 218.6 237.9 254.4 233.6 258.6 ship 0
229.5 244.3 231.1 250.1 190.5 260.7 188.9 254.9 ship 0
307.0 130.5 308.6 129.3 309.8 130.9 308.2 132.1 harbor 0
207.5 378.9 224.2 359.0 262.5 391.1 245.8 411.0 ship 0
222.6 352.8 229.8 345.8 270.2 387.4 263.0 394.3 ship 0
237.9 338.5 244.7 331.2 290.0 373.5 283.2 380.8 ship 0
255.1 320.7 262.6 314.0 303.9 360.3 296.4 367.0 ship 0
272.8 316.4 278.8 308.4 318.9 338.3 312.9 346.3 ship 0
287.7 301.5 293.8 293.5 339.8 328.8 333.8 336.7 ship 0
433.8 257.2 437.9 252.9 474.0 287.5 469.8 291.8 ship 0
423.9 272.2 431.2 265.3 460.1 295.8 452.8 302.7 ship 0
412.4 277.5 421.4 273.2 435.8 304.0 426.8 308.3 ship 0
603.7 248.0 608.5 244.3 636.3 281.0 631.5 284.7 ship 0
516.7 328.6 521.1 324.6 552.3 358.4 547.9 362.4 ship 0
530.0 319.3 534.6 315.5 559.0 344.7 554.4 348.5 ship 0
556.5 319.7 562.3 321.1 558.8 334.7 553.0 333.2 ship 0
547.4 312.4 549.2 306.6 585.6 317.6 583.8 323.4 ship 0
578.6 295.4 584.1 297.8 578.4 310.6 572.9 308.2 ship 0
575.6 286.9 579.6 282.5 610.4 311.1 606.4 315.5 ship 0
589.1 284.0 592.0 278.8 604.2 285.6 601.3 290.8 ship 0
613.6 282.8 618.0 287.0 608.4 297.2 604.0 293.0 ship 0
593.6 263.0 597.7 258.6 625.2 284.9 621.0 289.3 ship 0
611.9 242.6 616.1 238.3 649.1 270.4 644.9 274.7 ship 0
493.9 344.5 498.6 340.8 527.0 376.9 522.3 380.7 ship 0
625.2 233.2 629.8 229.4 656.7 261.6 652.1 265.5 ship 0
649.7 224.6 666.8 244.1 656.3 253.4 639.2 233.9 ship 0
648.9 211.3 653.9 207.9 680.1 245.7 675.1 249.1 ship 0
671.7 264.7 700.2 283.2 694.8 291.6 666.3 273.1 ship 0
660.7 271.8 688.6 291.3 682.9 299.5 655.0 280.0 ship 0
644.1 279.3 648.5 275.2 679.9 308.7 675.5 312.8 ship 0
637.3 293.5 642.0 289.7 663.6 315.9 658.9 319.8 ship 0
636.7 297.6 655.2 321.2 647.3 327.4 628.8 303.8 ship 0
630.3 305.3 636.1 306.6 628.7 339.7 622.9 338.4 ship 0
508.3 336.4 513.5 333.4 534.7 369.6 529.5 372.6 ship 0
482.0 359.7 486.1 355.3 517.0 383.6 513.0 388.1 ship 0
395.9 300.8 401.7 299.3 410.1 332.2 404.3 333.7 ship 0
419.1 264.6 420.4 263.0 421.9 264.3 420.7 265.8 harbor 0
369.0 313.9 376.2 307.0 410.9 343.0 403.7 349.9 ship 0
356.6 321.9 361.1 318.0 393.4 356.1 388.9 360.0 ship 0
347.3 332.3 352.2 328.9 376.4 363.2 371.5 366.7 ship 0
335.4 332.7 345.0 329.9 359.0 377.9 349.4 380.7 ship 0
316.1 357.9 323.3 351.0 357.9 387.1 350.7 394.0 ship 0
300.8 374.2 307.3 366.6 342.2 396.5 335.7 404.1 ship 0
277.5 387.1 285.7 381.4 318.8 429.0 310.6 434.7 ship 0
263.9 405.9 271.1 398.9 306.2 434.5 299.1 441.5 ship 0
245.5 412.1 268.8 400.6 289.1 441.9 265.8 453.4 ship 0
369.5 452.6 378.9 463.1 320.6 514.9 311.3 504.5 ship 0
470.7 371.0 474.5 366.3 501.0 387.7 497.2 392.3 ship 0
372.8 478.6 387.7 504.7 351.2 525.5 336.3 499.5 ship 0
392.0 538.8 394.0 539.0 393.7 541.0 391.7 540.8 ship 0
402.5 443.2 413.7 457.3 399.6 468.5 388.4 454.4 ship 0
425.7 424.0 431.3 426.1 423.6 446.7 418.0 444.6 ship 0
421.6 415.7 426.2 411.8 450.4 441.2 445.8 445.0 ship 0
432.6 407.1 437.1 403.2 459.4 428.9 454.9 432.8 ship 0
441.5 398.8 445.8 394.5 475.5 424.2 471.2 428.5 ship 0
453.5 384.8 484.8 398.1 479.3 411.0 448.0 397.7 ship 0
467.4 374.4 472.5 371.3 493.6 407.6 488.5 410.7 ship 0
389.9 64.4 397.3 57.7 433.4 97.9 425.9 104.6 ship 0
433.7 41.8 439.9 34.0 469.7 57.6 463.5 65.5 ship 0
445.3 22.2 452.9 15.7 482.7 50.8 475.1 57.3 ship 0
100.8 -3.9 108.8 -9.9 148.4 42.9 140.4 48.9 ship 0
-0.7 83.5 7.3 77.6 39.2 121.2 31.1 127.1 ship 0
13.2 68.5 20.8 61.9 64.1 111.7 56.6 118.2 ship 0
27.6 55.6 34.4 48.3 91.5 101.4 84.7 108.7 ship 0
52.3 42.7 59.5 35.8 102.7 80.3 95.5 87.2 ship 0
90.1 3.4 96.1 3.8 91.0 89.6 85.0 89.3 ship 0
83.7 15.2 91.1 8.5 132.3 54.8 124.9 61.5 ship 0
237.6 9.1 237.8 7.2 239.8 7.4 239.5 9.4 ship 0
346.8 39.5 365.0 68.2 353.1 75.7 335.0 46.9 ship 0
220.9 141.1 240.5 168.9 229.1 176.9 209.5 149.1 ship 0
233.9 121.9 239.9 122.3 236.1 176.1 230.1 175.7 ship 0
229.7 126.0 237.0 119.2 268.3 153.0 261.0 159.8 ship 0
246.8 115.6 255.2 110.1 278.3 145.2 269.9 150.7 ship 0
257.6 113.5 260.6 108.3 297.0 129.3 294.0 134.5 ship 0
277.4 83.7 284.5 76.7 319.6 112.3 312.5 119.3 ship 0
298.5 70.0 303.8 67.3 322.8 104.8 317.5 107.5 ship 0
302.3 64.4 309.1 57.0 346.0 90.7 339.3 98.1 ship 0
330.3 53.1 336.0 51.1 348.7 86.9 343.0 88.9 ship 0
351.9 25.8 357.7 24.0 370.1 64.2 364.3 66.0 ship 0
183.9 172.2 188.4 168.2 216.1 199.8 211.6 203.8 ship 0
355.6 21.9 362.4 14.5 393.3 43.0 386.5 50.4 ship 0
401.2 1.1 419.5 19.6 403.9 35.1 385.6 16.6 ship 0
470.4 3.2 476.7 -4.6 515.6 26.8 509.3 34.6 ship 0
461.9 14.0 469.3 7.2 497.8 38.0 490.5 44.8 ship 0
185.2 154.8 192.2 147.6 231.0 185.1 224.1 192.3 ship 0
166.1 175.0 170.6 171.1 203.5 208.7 199.0 212.7 ship 0
197.1 16.8 204.7 10.3 231.9 42.2 224.3 48.7 ship 0
51.4 140.2 58.4 133.0 91.6 164.8 84.6 172.0 ship 0
194.6 26.5 218.7 44.2 210.4 55.5 186.3 37.8 ship 0
165.6 40.2 169.1 35.4 212.5 67.6 208.9 72.4 ship 0
158.7 50.8 166.5 44.6 190.3 74.2 182.5 80.4 ship 0
149.1 66.0 156.8 59.6 178.5 85.7 170.8 92.1 ship 0
136.2 75.0 144.2 69.0 166.8 99.6 158.7 105.5 ship 0
116.4 90.6 122.5 82.7 155.8 108.3 149.7 116.2 ship 0
102.6 100.0 127.1 129.0 116.4 138.0 91.9 109.0 ship 0
74.2 116.0 81.0 108.6 120.8 145.0 114.0 152.4 ship 0
64.5 128.9 71.5 121.8 104.5 153.9 97.5 161.0 ship 0
36.8 149.6 44.0 142.7 75.9 175.9 68.7 182.8 ship 0
169.8 181.9 175.8 182.0 175.1 224.0 169.1 223.9 ship 0
33.8 159.3 60.1 180.9 51.2 191.7 24.9 170.1 ship 0
4.8 177.9 26.0 162.8 50.3 197.0 29.2 212.1 ship 0
138.4 196.5 148.2 206.4 101.5 253.0 91.6 243.1 ship 0
143.8 224.2 155.7 237.7 136.2 254.8 124.3 241.3 ship 0
149.1 259.0 150.1 260.8 148.3 261.7 147.4 260.0 ship 0
180.9 253.5 187.7 260.9 139.1 305.5 132.3 298.1 ship 0
187.8 277.5 198.4 286.7 176.2 312.5 165.6 303.3 ship 0
