74.5 205.0 80.7 197.1 151.1 253.2 144.9 261.1 ship 0
283.0 98.5 290.7 69.5 339.0 82.5 331.3 111.5 ship 0
274.3 84.7 282.9 79.6 318.5 139.9 309.9 145.0 ship 0
279.2 101.7 279.3 139.7 257.3 139.7 257.2 101.7 ship 0
206.6 134.9 231.5 118.2 259.4 159.7 234.5 176.4 ship 0
186.1 148.8 195.9 138.9 242.9 185.2 233.1 195.1 ship 0
173.5 167.2 184.3 158.3 213.5 193.8 202.7 202.7 ship 0
154.8 167.6 163.9 163.3 194.2 226.4 185.1 230.7 ship 0
127.1 185.6 134.3 178.7 179.9 226.4 172.7 233.3 ship 0
103.5 188.6 111.5 182.6 160.5 248.4 152.5 254.4 ship 0
79.5 210.0 88.9 206.5 113.2 272.2 103.8 275.7 ship 0
202.8 26.9 213.5 17.8 264.1 77.1 253.5 86.2 ship 0
41.3 245.4 66.7 239.5 77.1 284.3 51.8 290.2 ship 0
11.3 243.0 19.7 237.5 66.5 309.6 58.1 315.1 ship 0
2.6 269.4 10.9 263.9 38.4 305.6 30.1 311.1 ship 0
87.5 164.5 104.6 158.8 123.0 213.8 105.9 219.5 harbor 0
235.8 11.9 264.3 2.5 281.1 53.9 252.6 63.2 ship 0
189.3 57.1 200.6 48.7 230.4 88.8 219.2 97.2 ship 0
160.1 67.2 171.4 59.0 207.8 109.2 196.5 117.4 ship 0
33.1 152.1 48.4 142.6 78.9 191.9 63.6 201.4 ship 0
63.5 136.9 75.1 129.0 103.5 170.1 91.9 178.0 ship 0
89.2 128.4 99.5 118.9 130.8 152.6 120.5 162.1 ship 0
106.6 111.2 130.7 93.3 160.5 133.4 136.4 151.3 ship 0
138.0 88.2 148.5 79.0 186.6 122.8 176.0 132.0 ship 0
232.7 481.9 233.4 491.9 195.5 494.6 194.8 484.6 ship 0
314.7 438.0 376.3 479.0 366.3 494.0 304.7 453.0 ship 0
152.8 637.1 160.3 630.5 198.4 674.3 190.8 680.9 ship 0
205.6 594.8 211.3 596.7 181.9 686.0 176.2 684.1 ship 0
189.0 598.3 197.4 592.9 241.6 662.0 233.1 667.4 ship 0
215.1 600.6 240.6 595.4 246.6 624.8 221.1 630.0 ship 0
209.9 536.7 221.9 529.5 266.1 603.3 254.1 610.5 ship 0
219.1 517.7 229.2 508.0 285.9 567.3 275.8 577.0 ship 0
250.4 508.6 262.3 495.0 327.0 551.6 315.2 565.2 ship 0
280.3 470.4 292.6 463.7 328.0 528.7 315.7 535.4 ship 0
300.5 457.8 308.7 452.2 348.3 509.9 340.0 515.6 ship 0
327.1 433.6 332.9 425.5 402.9 475.4 397.1 483.5 ship 0
112.4 509.2 118.4 517.2 62.6 559.4 56.5 551.5 ship 0
354.9 420.4 361.7 413.0 413.1 460.6 406.3 468.0 ship 0
386.0 399.4 394.6 394.3 428.2 451.2 419.5 456.3 ship 0
402.2 400.8 423.4 385.8 456.8 433.2 435.6 448.2 ship 0
164.1 310.7 171.1 317.8 141.4 347.4 134.3 340.3 ship 0
159.0 353.7 164.1 362.2 124.7 385.9 119.5 377.3 ship 0
168.4 374.0 174.0 382.2 132.6 410.3 127.0 402.0 ship 0
180.1 390.3 186.8 397.7 152.8 428.6 146.0 421.2 ship 0
199.2 412.2 204.5 420.6 158.9 449.4 153.5 441.0 ship 0
209.0 424.5 216.1 431.5 175.4 472.7 168.3 465.7 ship 0
108.4 529.3 133.3 552.5 101.9 586.1 77.0 562.9 ship 0
87.1 493.8 94.2 500.8 56.4 539.4 49.2 532.4 ship 0
79.2 475.4 85.9 482.9 42.7 521.5 36.0 514.1 ship 0
30.1 425.4 37.6 432.0 9.9 463.6 2.4 457.0 ship 0
45.5 440.3 52.6 447.3 17.4 482.8 10.3 475.8 ship 0
217.1 448.7 223.7 456.2 188.9 486.3 182.3 478.8 ship 0
210.5 309.2 217.5 316.4 184.6 348.6 177.6 341.4 ship 0
575.7 97.7 582.2 90.1 635.4 135.5 629.0 143.1 ship 0
552.9 106.4 564.6 98.8 611.6 170.8 599.9 178.5 ship 0
591.4 82.0 598.3 74.8 666.4 139.6 659.5 146.8 ship 0
221.0 330.8 228.0 338.0 195.2 370.2 188.2 363.1 ship 0
884.9 269.8 894.9 260.0 941.1 307.2 931.1 317.0 ship 0
910.9 250.5 937.2 236.1 966.9 290.5 940.6 304.9 ship 0
665.8 265.5 696.5 250.8 733.7 328.3 703.1 343.1 ship 0
716.3 253.7 741.8 249.0 749.3 290.4 723.8 295.0 ship 0
753.6 197.5 768.0 186.6 836.9 277.4 822.6 288.3 ship 0
779.0 187.6 809.1 164.5 856.6 226.3 826.5 249.5 ship 0
847.5 145.7 881.4 120.9 925.2 180.5 891.3 205.4 ship 0
1005.2 102.3 1030.6 118.3 1012.4 147.1 987.0 131.0 ship 0
858.1 264.2 859.8 263.1 860.9 264.8 859.2 265.9 harbor 0
920.2 138.7 941.2 102.3 994.8 133.3 973.8 169.7 ship 0
759.5 349.1 785.3 352.1 781.5 385.9 755.7 382.9 ship 0
860.8 284.7 875.9 274.9 911.7 330.4 896.6 340.2 ship 0
709.6 364.9 739.4 348.4 771.4 406.1 741.6 422.6 ship 0
623.6 77.6 646.7 58.6 688.7 109.5 665.6 128.6 ship 0
668.0 47.5 675.9 35.9 740.4 79.7 732.6 91.3 ship 0
698.1 22.9 719.6 8.3 761.3 69.4 739.8 84.1 ship 0
746.8 2.9 773.8 -17.8 809.1 28.2 782.1 48.9 ship 0
522.5 32.9 564.6 -7.0 604.5 35.1 562.4 75.0 ship 0
375.4 300.7 377.3 301.4 376.6 303.3 374.7 302.6 harbor 0
548.1 408.7 551.0 422.4 474.8 439.0 471.9 425.3 ship 0
579.4 456.0 590.1 470.5 527.2 516.7 516.5 502.2 ship 0
582.2 491.9 593.9 505.5 553.1 540.8 541.3 527.2 ship 0
592.9 525.9 606.2 521.6 616.6 554.0 603.3 558.3 ship 0
528.9 580.6 541.2 593.8 501.7 630.6 489.4 617.5 ship 0
517.8 545.8 527.8 555.6 489.7 593.9 479.8 584.1 ship 0
498.0 523.5 507.7 533.6 468.7 571.0 459.0 560.9 ship 0
487.3 501.4 494.5 508.3 462.7 541.6 455.5 534.7 ship 0
500.4 494.3 501.7 492.8 503.2 494.2 501.9 495.7 harbor 0
492.5 346.3 498.8 354.1 450.7 393.2 444.4 385.5 ship 0
505.3 389.0 506.7 402.9 468.9 406.8 467.5 392.9 ship 0
497.8 343.2 498.1 353.2 420.2 355.8 419.9 345.8 ship 0
362.5 298.8 366.5 308.0 324.2 326.1 320.3 316.9 ship 0
234.6 351.7 240.8 359.6 201.4 390.3 195.2 382.4 ship 0
241.1 373.2 248.8 379.6 221.9 411.8 214.2 405.4 ship 0
260.0 388.4 266.3 396.1 227.5 427.7 221.2 420.0 ship 0
282.2 403.3 288.8 410.9 235.8 456.7 229.2 449.1 ship 0
290.6 428.3 296.2 436.6 251.4 466.7 245.8 458.4 ship 0
208.1 416.9 209.6 418.2 208.3 419.7 206.8 418.4 harbor 0
313.3 236.0 327.7 257.6 289.5 283.2 275.0 261.6 ship 0
333.8 252.1 341.0 259.0 306.2 294.9 299.0 288.0 ship 0
344.7 271.2 351.6 278.5 312.3 315.5 305.5 308.3 ship 0
372.9 317.8 379.5 330.2 335.3 353.6 328.7 341.3 ship 0
461.3 302.6 469.7 313.8 419.9 350.8 411.5 339.6 ship 0
388.8 329.9 395.8 337.0 354.6 377.8 347.5 370.7 ship 0
398.2 351.0 405.3 358.1 369.9 393.4 362.9 386.3 ship 0
344.2 236.6 345.6 230.7 370.9 236.6 369.6 242.4 ship 0
364.5 218.4 372.1 211.9 389.1 231.6 381.5 238.1 ship 0
389.9 191.1 412.5 216.6 402.1 225.9 379.5 200.4 ship 0
396.0 194.9 414.6 183.1 428.5 205.0 410.0 216.8 ship 0
400.3 250.1 404.8 259.1 374.3 274.2 369.8 265.2 ship 0
435.6 246.0 448.3 264.0 394.4 302.0 381.7 284.0 ship 0
414.9 300.8 425.5 286.3 443.2 299.3 432.6 313.8 ship 0
