28.9 183.8 94.7 188.2 90.1 258.0 24.3 253.7 plane 0
155.5 317.9 221.1 310.5 228.5 376.1 162.9 383.5 plane 0
103.5 307.2 124.8 312.7 109.5 372.8 88.2 367.3 plane 0
43.0 303.9 88.8 308.4 83.0 366.1 37.2 361.6 plane 0
378.9 192.2 428.9 212.6 404.0 273.7 354.0 253.3 plane 0
302.0 187.5 366.1 203.6 349.0 271.5 285.0 255.4 plane 0
258.0 189.2 285.9 200.2 260.2 265.3 232.3 254.3 plane 0
178.8 188.6 212.5 192.9 204.1 258.4 170.4 254.0 plane 0
112.0 186.5 145.7 191.2 135.9 260.6 102.3 255.8 plane 0
245.6 38.7 295.8 58.3 274.7 112.4 224.4 92.7 plane 0
175.8 37.1 224.1 50.1 207.0 113.8 158.7 100.9 plane 0
59.6 50.3 88.6 42.8 105.1 106.7 76.1 114.2 plane 0
3.0 41.3 53.5 60.5 33.0 114.7 -17.5 95.5 plane 0
