127.4 851.9 148.7 857.3 132.7 921.3 111.3 916.0 plane 0
67.0 868.2 87.4 859.8 108.0 909.8 87.6 918.2 plane 0
23.8 858.8 45.1 853.1 61.2 912.9 40.0 918.7 plane 0
167.1 856.2 188.8 859.5 179.9 916.8 158.2 913.5 plane 0
193.7 876.1 230.7 856.3 252.3 896.9 215.3 916.7 plane 0
57.3 570.8 90.8 607.9 50.7 644.1 17.2 607.0 plane 0
122.6 166.9 136.6 167.2 134.5 249.2 120.5 248.9 plane 0
139.5 233.7 180.1 244.5 171.3 277.4 130.8 266.6 plane 0
153.9 162.1 244.2 200.3 220.0 257.4 129.8 219.2 plane 0
285.4 168.7 327.0 174.0 317.1 251.4 275.4 246.0 plane 0
466.9 169.4 480.8 170.1 476.1 256.0 462.2 255.2 plane 0
486.6 246.2 504.0 241.8 512.4 274.8 495.0 279.2 plane 0
506.1 196.4 555.8 202.1 551.9 235.9 502.2 230.2 plane 0
514.5 266.3 577.9 228.1 597.5 260.7 534.1 298.9 plane 0
569.7 178.7 587.5 175.7 600.3 252.7 582.5 255.6 plane 0
153.6 571.3 177.1 610.9 113.4 648.7 89.9 609.1 plane 0
206.7 570.1 253.9 603.7 220.3 650.9 173.1 617.3 plane 0
380.6 577.3 407.5 614.6 360.5 648.6 333.6 611.3 plane 0
434.7 576.3 485.4 604.4 459.3 651.7 408.6 623.6 plane 0
591.6 569.8 645.9 590.2 618.4 663.2 564.1 642.8 plane 0
659.2 576.6 722.5 595.2 702.8 662.4 639.5 643.8 plane 0
526.9 399.2 567.6 388.7 583.1 448.8 542.4 459.3 plane 0
525.4 410.0 539.3 411.9 526.6 501.0 512.7 499.1 plane 0
450.1 452.9 526.2 373.4 547.9 394.1 471.8 473.6 plane 0
423.8 428.8 522.2 455.8 515.3 480.9 416.9 453.9 plane 0
402.8 411.6 416.8 411.6 416.9 497.6 402.9 497.6 plane 0
356.5 434.8 383.0 392.3 408.5 408.2 382.0 450.7 plane 0
312.1 384.0 326.1 382.6 333.5 456.2 319.6 457.6 plane 0
287.6 411.1 301.6 411.1 301.4 493.1 287.4 493.1 plane 0
182.1 383.6 228.1 382.4 229.9 452.4 183.9 453.6 plane 0
149.6 383.8 159.3 385.9 145.4 450.4 135.6 448.3 plane 0
112.4 409.1 126.4 410.1 120.6 491.9 106.6 490.9 plane 0
48.5 406.9 62.5 406.2 66.5 492.1 52.5 492.8 plane 0
28.7 380.8 42.5 382.8 32.3 452.0 18.5 450.0 plane 0
