155.6 535.3 173.6 594.6 87.4 620.7 69.4 561.4 plane 0
166.6 732.3 171.8 761.8 71.4 779.7 66.2 750.2 plane 0
36.8 718.2 40.7 692.5 82.2 698.8 78.3 724.5 plane 0
149.5 624.8 168.0 684.0 93.5 707.2 75.0 648.0 plane 0
150.1 441.1 171.2 499.4 97.9 525.9 76.8 467.6 plane 0
137.1 360.3 160.3 385.2 117.9 424.7 94.7 399.8 plane 0
139.2 177.5 160.3 198.7 119.2 239.6 98.0 218.3 plane 0
164.6 77.0 186.6 130.7 103.3 164.7 81.3 111.0 plane 0
177.8 -3.3 186.1 50.1 101.2 63.3 92.8 10.0 plane 0
493.3 882.7 509.3 831.1 648.7 874.3 632.7 925.9 plane 0
392.7 958.3 461.7 888.7 531.3 957.7 462.3 1027.3 plane 0
708.9 236.0 875.8 163.3 926.1 278.8 759.3 351.5 plane 0
