980.0 4.7 1017.8 58.9 957.0 101.2 919.3 47.0 plane 0
859.4 646.1 866.8 588.6 1007.6 606.9 1000.2 664.4 plane 0
1.8 709.5 48.9 652.4 99.8 694.5 52.7 751.5 plane 0
82.8 537.6 108.7 615.4 30.8 641.3 4.9 563.5 plane 0
5.7 505.3 8.5 427.4 118.4 431.3 115.6 509.3 plane 0
114.5 324.7 120.4 374.3 35.0 384.4 29.1 334.8 plane 0
35.1 244.8 80.8 191.8 127.8 232.3 82.1 285.3 plane 0
792.7 44.8 840.5 90.3 778.4 155.5 730.6 110.0 plane 0
397.8 555.7 417.9 626.9 335.2 650.3 315.1 579.1 plane 0
394.2 673.0 408.6 737.5 316.8 757.9 302.4 693.5 plane 0
762.6 623.5 802.4 671.0 739.6 723.7 699.7 676.2 plane 0
690.1 585.3 690.6 531.3 832.6 532.7 832.1 586.7 plane 0
596.9 524.2 610.3 451.4 726.4 472.7 713.0 545.5 plane 0
594.5 407.8 607.5 334.9 739.5 358.5 726.5 431.3 plane 0
798.5 287.5 820.0 345.6 746.8 372.7 725.3 314.5 plane 0
685.9 221.4 722.8 271.2 660.1 317.6 623.2 267.8 plane 0
691.1 113.0 714.8 131.4 666.9 193.0 643.2 174.7 plane 0
729.6 0.3 740.9 61.3 644.5 79.1 633.2 18.2 plane 0
414.8 445.3 426.1 518.4 333.2 532.7 321.9 459.6 plane 0
478.3 267.8 542.7 311.8 498.7 376.2 434.3 332.2 plane 0
512.6 163.9 546.5 225.1 485.2 259.0 451.4 197.8 plane 0
364.9 105.2 422.6 111.1 415.1 184.8 357.4 178.9 plane 0
