61.7 832.9 85.7 822.9 100.3 858.1 76.2 868.0 plane 0
893.6 811.3 911.5 813.0 903.4 898.7 885.5 897.0 plane 0
807.1 802.3 820.9 800.1 837.9 904.7 824.1 906.9 plane 0
727.5 809.8 749.0 805.2 768.5 897.2 747.0 901.8 plane 0
675.6 798.9 697.1 803.4 675.4 907.1 653.9 902.6 plane 0
590.2 801.9 608.2 801.3 611.9 903.2 593.9 903.9 plane 0
430.7 873.5 608.8 796.3 622.3 827.5 444.2 904.7 plane 0
446.1 803.7 464.1 804.4 460.1 902.3 442.1 901.6 plane 0
331.3 888.3 396.4 789.9 424.7 808.7 359.6 907.1 plane 0
292.4 804.2 306.2 802.5 317.6 895.8 303.8 897.5 plane 0
225.9 805.4 243.8 806.9 236.2 896.6 218.3 895.1 plane 0
76.1 851.5 230.8 819.2 236.9 848.5 82.2 880.8 plane 0
31.2 604.1 45.2 604.1 44.9 678.1 30.9 678.1 plane 0
92.5 603.4 106.4 605.1 96.7 682.5 82.8 680.8 plane 0
142.6 606.5 152.6 605.4 161.3 682.9 151.3 684.0 plane 0
206.1 632.0 222.5 639.3 211.9 663.0 195.5 655.7 plane 0
256.9 611.4 270.8 610.0 278.1 683.7 264.2 685.1 plane 0
302.1 613.6 340.0 610.6 345.8 684.4 308.0 687.4 plane 0
369.3 612.9 379.0 610.8 394.9 687.2 385.1 689.2 plane 0
432.9 636.9 450.1 642.4 442.1 667.1 424.9 661.6 plane 0
952.4 842.4 972.8 834.1 985.6 865.6 965.3 873.9 plane 0
976.0 885.8 1027.3 868.9 1038.0 901.2 986.7 918.1 plane 0
922.1 847.3 936.0 846.1 943.9 935.7 930.0 936.9 plane 0
854.9 844.4 876.7 847.8 862.1 940.6 840.4 937.2 plane 0
9.2 853.4 57.7 841.1 77.8 920.6 29.3 932.9 plane 0
106.6 836.9 124.5 835.4 133.4 941.1 115.4 942.6 plane 0
187.5 868.2 207.1 878.2 191.7 908.5 172.1 898.6 plane 0
259.2 831.8 277.2 832.2 274.8 942.2 256.8 941.8 plane 0
327.2 838.6 341.1 837.0 352.8 938.3 338.9 940.0 plane 0
410.6 833.9 428.5 835.6 418.4 941.1 400.5 939.4 plane 0
484.1 839.0 505.9 841.7 493.9 939.0 472.1 936.3 plane 0
563.9 844.0 577.6 846.5 562.1 931.1 548.4 928.6 plane 0
624.1 840.8 642.0 839.5 649.9 941.2 632.0 942.5 plane 0
701.1 841.0 719.1 840.2 724.0 942.1 706.0 942.9 plane 0
781.8 871.8 804.6 884.4 788.1 914.2 765.4 901.6 plane 0
472.5 644.5 513.2 634.3 519.5 659.5 478.8 669.7 plane 0
549.6 611.1 563.5 612.2 556.4 697.9 542.5 696.8 plane 0
534.9 660.6 681.6 629.0 687.1 654.4 540.4 686.0 plane 0
575.7 469.1 589.7 470.0 584.3 551.9 570.3 551.0 plane 0
548.8 456.5 566.0 461.8 557.2 490.5 540.0 485.2 plane 0
492.7 454.2 512.4 463.8 499.3 490.8 479.6 481.2 plane 0
427.4 456.5 445.1 453.8 449.7 483.4 431.9 486.2 plane 0
376.8 450.8 394.3 454.9 387.5 484.1 370.0 480.0 plane 0
324.5 428.7 334.4 430.0 324.5 507.3 314.6 506.1 plane 0
255.0 452.7 272.6 448.9 279.0 478.3 261.4 482.1 plane 0
206.6 446.2 224.0 450.7 216.4 479.8 199.0 475.2 plane 0
159.2 427.6 178.8 437.6 148.8 496.4 129.2 486.4 plane 0
-20.7 414.4 220.6 479.7 212.7 508.6 -28.6 443.3 plane 0
-5.2 462.6 70.8 431.7 82.1 459.5 6.1 490.4 plane 0
237.6 311.2 255.6 311.0 256.4 393.0 238.4 393.2 plane 0
297.2 311.4 307.2 310.7 312.8 392.5 302.8 393.2 plane 0
352.3 315.1 362.2 313.8 373.7 395.0 363.7 396.4 plane 0
413.2 314.9 427.2 314.1 431.8 400.0 417.8 400.8 plane 0
466.9 322.9 476.6 320.4 495.1 392.1 485.4 394.6 plane 0
445.6 298.4 459.6 298.4 459.5 364.4 445.5 364.4 plane 0
392.6 311.5 408.7 319.5 397.2 342.8 381.1 334.8 plane 0
340.7 285.7 350.3 288.5 328.3 363.3 318.7 360.5 plane 0
274.0 289.1 287.9 289.9 284.2 359.8 270.2 359.0 plane 0
609.3 442.3 623.2 444.4 613.7 509.7 599.8 507.6 plane 0
520.4 468.1 534.4 469.2 527.6 550.9 513.6 549.8 plane 0
668.4 619.4 682.2 621.8 668.6 698.6 654.8 696.2 plane 0
442.6 500.7 483.0 489.3 491.1 518.2 450.7 529.6 plane 0
711.1 619.3 720.8 617.0 739.9 696.7 730.2 699.0 plane 0
696.7 594.4 710.6 596.3 700.3 669.6 686.4 667.7 plane 0
630.3 591.2 644.2 590.1 650.7 667.8 636.8 668.9 plane 0
583.2 591.4 600.7 595.5 584.8 663.6 567.3 659.5 plane 0
525.4 586.4 539.2 588.8 525.6 665.6 511.8 663.2 plane 0
405.9 561.2 551.2 632.8 527.3 681.2 382.0 609.6 plane 0
374.4 586.0 458.8 635.6 445.6 658.0 361.2 608.4 plane 0
344.4 588.3 354.3 586.7 365.6 655.7 355.7 657.3 plane 0
290.4 583.2 304.3 583.9 300.6 653.8 286.7 653.1 plane 0
235.6 587.1 249.5 588.1 244.4 653.9 230.5 652.9 plane 0
183.4 576.6 200.8 581.0 180.7 660.5 163.3 656.1 plane 0
123.3 580.4 141.0 584.0 126.7 652.6 109.1 648.9 plane 0
70.3 580.1 80.0 582.5 63.1 650.4 53.4 648.0 plane 0
63.4 455.6 77.3 457.2 68.3 538.7 54.3 537.1 plane 0
117.8 461.7 131.7 462.5 127.2 540.3 113.3 539.5 plane 0
175.9 460.8 189.8 461.5 185.9 543.4 172.0 542.7 plane 0
216.5 490.9 258.0 484.6 262.5 514.3 221.0 520.5 plane 0
286.2 462.1 300.2 461.1 305.9 542.9 291.9 543.9 plane 0
347.4 489.4 365.0 493.3 358.6 522.6 341.0 518.7 plane 0
255.7 457.9 570.9 523.9 564.7 553.3 249.6 487.2 plane 0
931.0 534.7 987.9 523.4 1003.9 603.8 947.1 615.1 plane 0
