851.6 261.7 913.6 260.1 915.4 326.1 853.4 327.7 plane 0
997.0 395.7 1026.6 391.0 1035.0 444.3 1005.4 449.0 plane 0
931.0 380.1 951.6 387.8 930.0 445.9 909.4 438.2 plane 0
873.8 375.9 911.1 383.1 900.2 440.1 862.9 432.9 plane 0
929.1 260.0 981.5 272.8 966.9 333.0 914.4 320.3 plane 0
798.6 254.0 850.0 270.6 833.5 322.0 782.1 305.4 plane 0
866.6 132.7 930.1 114.5 946.1 170.3 882.6 188.5 plane 0
823.5 114.3 875.8 127.6 860.5 187.7 808.2 174.4 plane 0
750.1 123.8 804.1 123.2 804.7 181.2 750.7 181.8 plane 0
784.6 25.2 836.8 11.6 851.4 67.8 799.2 81.4 plane 0
856.4 14.7 906.2 9.7 912.9 75.3 863.2 80.4 plane 0
919.2 15.3 968.6 7.5 978.9 72.7 929.5 80.5 plane 0
