966.8 716.8 1003.9 761.3 944.0 811.2 906.9 766.7 plane 0
795.7 710.9 827.2 759.6 758.3 804.1 726.8 755.4 plane 0
812.6 659.3 862.1 609.9 925.7 673.6 876.2 723.0 plane 0
629.8 627.1 732.0 598.9 761.2 705.0 659.0 733.1 plane 0
633.7 706.6 661.3 762.1 584.2 800.3 556.7 744.8 plane 0
912.8 365.2 949.0 415.5 879.2 465.8 843.0 415.5 plane 0
621.9 32.2 649.3 58.6 620.1 88.8 592.7 62.4 plane 0
919.9 41.9 956.9 61.8 937.0 98.8 900.0 78.9 plane 0
961.0 217.2 971.0 217.9 965.3 303.7 955.3 303.0 plane 0
900.3 206.9 1073.8 220.6 1071.7 246.5 898.3 232.8 plane 0
1005.9 229.9 1019.9 229.2 1023.1 291.1 1009.1 291.8 plane 0
893.4 245.6 931.2 249.5 928.6 275.4 890.8 271.5 plane 0
853.3 198.8 1021.5 223.1 1017.8 248.9 849.5 224.5 plane 0
840.6 247.9 878.6 248.3 878.2 278.3 840.2 277.9 plane 0
822.6 186.3 949.1 230.5 939.2 258.8 812.7 214.6 plane 0
960.4 54.2 1014.3 50.4 1020.6 140.2 966.7 144.0 plane 0
