158.1 386.5 176.8 374.9 194.8 403.7 176.1 415.4 small-vehicle 0
121.3 565.5 144.0 590.8 118.7 613.5 96.0 588.2 small-vehicle 0
1007.1 120.5 1016.9 118.6 1025.8 163.7 1016.0 165.6 small-vehicle 0
995.2 349.5 1004.7 352.6 991.8 392.5 982.3 389.4 small-vehicle 0
1017.0 348.3 1026.5 351.6 1010.0 398.7 1000.5 395.4 small-vehicle 0
735.2 336.1 745.2 335.9 745.8 373.9 735.8 374.1 small-vehicle 0
991.1 120.3 1001.1 120.7 999.8 162.6 989.8 162.3 small-vehicle 0
986.0 118.9 992.6 126.5 961.0 154.1 954.4 146.5 small-vehicle 0
935.4 115.3 944.4 110.9 962.6 148.7 953.6 153.1 small-vehicle 0
786.3 346.0 795.6 349.7 781.7 385.0 772.4 381.3 small-vehicle 0
789.0 349.8 796.6 343.3 824.0 375.2 816.4 381.7 small-vehicle 0
771.4 196.4 799.8 186.7 814.6 230.3 786.2 239.9 small-vehicle 0
769.7 256.2 789.9 239.8 811.3 266.2 791.0 282.6 small-vehicle 0
724.5 97.2 749.8 103.0 739.5 147.8 714.2 142.0 small-vehicle 0
757.1 103.2 766.3 107.1 749.9 145.8 740.7 141.9 small-vehicle 0
766.4 97.9 792.3 100.4 786.6 158.1 760.7 155.6 small-vehicle 0
794.9 98.2 804.9 98.9 802.1 140.8 792.1 140.1 small-vehicle 0
827.1 106.6 835.8 111.6 816.7 144.5 808.0 139.5 small-vehicle 0
817.5 69.9 842.8 75.8 837.0 101.1 811.7 95.3 small-vehicle 0
796.7 245.0 821.6 237.7 833.3 278.0 808.4 285.3 small-vehicle 0
865.8 339.1 892.3 317.7 913.6 344.2 887.2 365.5 small-vehicle 0
944.5 349.9 954.2 347.6 963.5 388.6 953.8 390.8 small-vehicle 0
977.7 346.9 986.9 351.0 968.3 393.1 959.1 389.0 small-vehicle 0
921.1 251.1 946.4 245.1 956.1 285.9 930.9 292.0 small-vehicle 0
969.1 252.4 977.1 258.4 956.8 285.7 948.8 279.7 small-vehicle 0
985.5 252.9 995.1 255.9 983.6 292.1 974.1 289.1 small-vehicle 0
764.4 343.0 773.4 347.4 758.5 377.9 749.5 373.6 small-vehicle 0
715.8 339.4 725.8 339.6 725.2 381.6 715.2 381.4 small-vehicle 0
685.1 343.1 693.7 338.0 710.9 367.3 702.3 372.4 small-vehicle 0
70.6 572.1 80.5 570.4 86.4 603.9 76.5 605.6 small-vehicle 0
94.3 502.5 100.0 473.1 117.7 476.5 112.0 505.9 small-vehicle 0
70.9 479.1 75.2 474.9 99.1 499.0 94.8 503.3 small-vehicle 0
51.3 574.3 61.3 574.8 59.7 608.7 49.7 608.2 small-vehicle 0
38.3 475.2 71.7 468.9 78.8 506.2 45.3 512.6 small-vehicle 0
400.3 24.8 424.4 42.7 401.7 73.2 377.6 55.3 small-vehicle 0
531.5 32.7 554.9 44.0 538.5 78.3 515.1 67.0 small-vehicle 0
572.8 84.5 586.4 87.9 575.2 132.5 561.6 129.1 small-vehicle 0
604.5 91.9 613.0 97.0 591.3 133.0 582.7 127.8 small-vehicle 0
650.2 97.1 680.0 100.1 675.8 141.9 646.0 138.9 small-vehicle 0
552.5 183.2 560.9 188.7 544.5 213.8 536.1 208.3 small-vehicle 0
571.1 173.1 581.0 174.6 572.9 227.9 563.0 226.4 small-vehicle 0
641.0 190.1 674.9 192.9 672.1 226.7 638.2 224.0 small-vehicle 0
663.9 192.7 697.7 188.7 703.1 234.3 669.3 238.3 small-vehicle 0
692.7 239.3 696.1 244.2 661.3 267.7 657.9 262.8 small-vehicle 0
636.9 240.2 661.7 232.5 673.0 268.8 648.2 276.5 small-vehicle 0
705.5 245.7 730.3 238.1 742.5 278.3 717.7 285.9 small-vehicle 0
606.2 219.6 639.1 228.0 626.8 276.4 593.9 268.0 small-vehicle 0
550.5 235.5 580.0 229.9 586.3 263.3 556.8 268.9 small-vehicle 0
521.2 219.8 546.1 236.6 524.9 268.1 500.0 251.4 small-vehicle 0
544.6 320.8 574.6 322.2 572.4 368.2 542.4 366.8 small-vehicle 0
564.7 342.0 588.8 332.3 600.0 360.1 575.9 369.8 small-vehicle 0
612.7 324.3 622.0 328.0 605.2 370.8 595.9 367.1 small-vehicle 0
626.7 332.0 655.7 324.4 666.3 365.0 637.3 372.6 small-vehicle 0
662.0 330.9 671.7 328.4 683.0 373.0 673.3 375.5 small-vehicle 0
469.0 81.6 506.8 85.5 503.0 123.3 465.2 119.4 small-vehicle 0
332.5 36.2 363.5 22.4 380.5 60.8 349.5 74.6 small-vehicle 0
419.7 69.6 450.8 83.3 432.3 125.4 401.2 111.7 small-vehicle 0
368.3 579.9 398.0 596.3 377.7 633.1 348.0 616.7 small-vehicle 0
290.8 582.2 298.9 588.0 279.2 615.8 271.1 610.0 small-vehicle 0
252.5 585.0 262.1 582.3 271.5 615.0 261.9 617.7 small-vehicle 0
233.2 570.9 259.6 585.1 239.8 622.1 213.4 607.9 small-vehicle 0
262.4 483.2 294.5 494.5 284.6 522.8 252.5 511.5 small-vehicle 0
305.6 485.7 314.2 490.8 290.8 530.4 282.2 525.3 small-vehicle 0
348.6 484.6 369.9 511.1 343.4 532.4 322.1 505.9 small-vehicle 0
402.3 494.9 409.0 502.3 377.7 530.3 371.0 522.9 small-vehicle 0
409.5 494.5 419.4 495.9 413.5 537.5 403.6 536.1 small-vehicle 0
278.4 302.0 287.5 306.1 268.6 348.0 259.5 343.9 small-vehicle 0
295.6 312.4 305.3 315.0 295.4 351.6 285.7 349.0 small-vehicle 0
234.4 209.8 267.8 203.4 275.7 244.7 242.3 251.1 small-vehicle 0
295.0 155.5 319.8 163.3 306.0 207.2 281.2 199.4 small-vehicle 0
313.5 196.7 323.3 164.1 340.5 169.3 330.7 201.9 small-vehicle 0
405.4 205.6 441.5 217.3 423.6 272.5 387.5 260.8 small-vehicle 0
353.9 210.7 383.9 210.1 385.0 264.1 355.0 264.7 small-vehicle 0
264.7 10.1 292.9 29.2 269.3 63.9 241.1 44.8 small-vehicle 0
289.5 28.1 320.3 13.6 341.5 58.9 310.7 73.4 small-vehicle 0
