150.5 926.4 206.1 890.8 246.0 953.1 190.5 988.7 plane 0
82.8 996.6 114.7 948.1 183.2 993.2 151.3 1041.7 plane 0
476.1 396.0 486.8 326.9 623.2 348.0 612.5 417.1 plane 0
627.7 454.6 654.1 368.5 759.3 400.8 732.9 486.9 plane 0
486.5 498.1 522.9 429.1 609.5 474.9 573.1 543.9 plane 0
763.6 500.9 776.7 581.8 632.5 605.1 619.5 524.1 plane 0
491.6 555.8 625.4 603.5 600.6 673.2 466.8 625.5 plane 0
617.1 702.0 626.0 624.5 786.9 643.0 778.0 720.5 plane 0
890.9 553.5 911.1 641.2 780.5 671.3 760.3 583.6 plane 0
1017.6 637.2 1026.3 702.7 905.3 718.6 896.7 653.2 plane 0
754.5 91.8 787.4 16.7 884.5 59.2 851.6 134.3 plane 0
767.7 255.5 858.0 229.2 877.6 296.4 787.3 322.7 plane 0
762.5 391.5 786.8 317.4 887.5 350.5 863.2 424.6 plane 0
1000.0 378.4 1019.8 449.7 913.8 479.2 894.0 407.9 plane 0
754.6 519.3 772.5 439.3 899.4 467.7 881.5 547.7 plane 0
897.8 575.0 917.9 499.6 1024.2 528.0 1004.1 603.4 plane 0
