14.7 945.9 48.7 944.2 51.3 994.1 17.3 995.8 plane 0
0.4 908.9 123.9 949.4 115.8 974.1 -7.7 933.6 plane 0
45.8 947.4 128.9 969.4 122.2 994.6 39.1 972.6 plane 0
60.3 942.6 142.2 905.2 159.7 943.4 77.8 980.8 plane 0
79.3 943.7 196.8 976.8 190.8 998.0 73.4 964.9 plane 0
130.3 902.3 213.5 946.0 192.1 986.7 108.9 943.0 plane 0
145.3 991.5 209.3 934.0 226.6 953.3 162.7 1010.9 plane 0
205.9 913.4 219.9 913.6 219.1 975.6 205.1 975.4 plane 0
190.4 933.3 299.3 988.3 287.6 1011.5 178.7 956.5 plane 0
916.8 911.9 977.8 960.5 949.1 996.5 888.2 947.8 plane 0
984.3 924.3 998.1 926.3 989.7 983.7 975.9 981.7 plane 0
996.2 956.9 1030.1 959.2 1026.8 1009.1 992.9 1006.8 plane 0
989.6 822.7 1003.3 825.5 991.4 882.3 977.7 879.5 plane 0
938.5 787.5 1009.5 819.6 990.5 861.5 919.5 829.4 plane 0
957.0 966.4 973.5 973.7 963.0 997.4 946.5 990.2 plane 0
885.4 979.9 922.8 960.9 934.6 984.1 897.2 1003.1 plane 0
265.1 915.6 274.9 917.3 265.1 974.4 255.2 972.7 plane 0
871.5 924.8 885.4 922.8 894.0 984.2 880.2 986.2 plane 0
212.6 935.5 378.0 989.5 371.2 1010.4 205.7 956.5 plane 0
287.5 904.7 366.5 947.8 344.4 988.2 265.4 945.0 plane 0
342.0 958.2 356.1 969.4 340.0 989.8 325.9 978.6 plane 0
371.3 920.0 387.6 927.5 366.6 972.9 350.3 965.3 plane 0
392.0 959.7 407.1 969.5 392.9 991.3 377.8 981.4 plane 0
402.6 928.1 442.8 940.0 435.4 964.9 395.2 953.0 plane 0
440.0 960.1 457.1 965.7 448.9 990.4 431.8 984.8 plane 0
453.5 929.0 470.2 922.3 487.5 964.9 470.8 971.7 plane 0
417.6 937.5 583.3 990.7 575.4 1015.5 409.7 962.3 plane 0
443.6 906.2 612.0 950.1 601.4 990.8 433.0 946.9 plane 0
519.3 937.4 594.6 993.7 579.0 1014.5 503.7 958.3 plane 0
575.4 916.3 589.1 919.2 575.1 983.7 561.5 980.8 plane 0
595.7 965.0 609.2 968.8 603.3 990.0 589.8 986.2 plane 0
559.7 956.3 673.9 903.0 693.3 944.7 579.1 998.0 plane 0
648.5 946.3 662.4 948.5 652.5 1009.7 638.6 1007.5 plane 0
655.3 910.9 722.5 950.5 699.2 990.1 632.0 950.5 plane 0
678.3 974.8 717.5 959.9 726.7 984.2 687.5 999.1 plane 0
730.9 925.0 747.0 932.9 725.1 977.8 709.0 969.9 plane 0
702.9 939.5 817.1 992.8 806.1 1016.3 691.9 963.1 plane 0
719.7 923.7 844.5 959.8 838.4 981.0 713.5 944.8 plane 0
796.2 939.1 844.7 1000.2 814.9 1023.9 766.5 962.8 plane 0
830.7 920.7 844.4 923.5 832.3 984.3 818.6 981.5 plane 0
835.0 944.5 897.4 997.7 880.6 1017.5 818.1 964.3 plane 0
907.3 792.0 944.3 811.9 920.7 856.0 883.7 836.1 plane 0
937.4 821.2 947.4 821.8 944.4 879.7 934.4 879.2 plane 0
783.4 814.5 999.5 865.1 993.6 890.5 777.5 839.9 plane 0
861.4 792.4 871.4 793.5 864.6 855.1 854.7 854.0 plane 0
857.1 345.5 930.9 381.2 903.9 437.0 830.1 401.3 plane 0
993.9 398.3 1032.7 429.8 998.7 471.7 959.9 440.3 plane 0
950.5 350.6 998.3 375.6 967.7 434.1 919.9 409.1 plane 0
911.4 396.8 955.0 428.6 923.2 472.3 879.6 440.5 plane 0
822.5 400.3 874.1 426.7 856.8 460.5 805.2 434.1 plane 0
806.2 348.4 842.4 382.9 802.3 424.9 766.1 390.4 plane 0
722.5 351.7 760.3 384.5 727.5 422.3 689.7 389.5 plane 0
752.2 398.7 792.4 428.5 769.8 459.0 729.6 429.2 plane 0
687.4 391.3 722.3 427.0 683.6 464.7 648.7 429.0 plane 0
642.7 342.2 688.6 370.7 653.8 426.8 607.9 398.3 plane 0
592.3 394.9 638.4 423.0 618.6 455.5 572.5 427.4 plane 0
516.7 392.9 559.6 418.5 540.1 451.1 497.2 425.5 plane 0
441.5 392.4 483.9 418.9 463.8 451.1 421.4 424.6 plane 0
571.2 340.8 609.4 378.9 568.5 420.0 530.3 381.9 plane 0
471.8 356.4 522.6 374.5 511.2 406.6 460.4 388.5 plane 0
407.0 337.7 454.8 370.5 422.0 418.3 374.2 385.5 plane 0
990.9 566.7 1031.1 596.6 994.1 646.3 953.9 616.4 plane 0
904.7 559.6 954.0 581.6 927.1 641.9 877.8 619.8 plane 0
832.8 821.5 846.7 822.8 841.2 880.5 827.3 879.2 plane 0
811.2 796.0 821.1 797.8 811.8 851.0 801.9 849.2 plane 0
731.0 815.5 852.7 861.2 843.5 885.6 721.8 839.9 plane 0
734.7 782.4 807.1 821.0 785.4 861.6 713.1 823.0 plane 0
727.8 819.9 741.8 820.3 740.1 878.3 726.1 877.9 plane 0
697.9 795.5 711.8 793.9 718.1 847.5 704.2 849.1 plane 0
682.5 817.2 696.1 820.3 682.4 880.8 668.7 877.7 plane 0
649.0 791.1 686.6 810.0 665.9 851.1 628.4 832.2 plane 0
626.9 832.5 643.4 839.7 633.1 863.5 616.6 856.3 plane 0
603.5 792.7 617.4 795.0 608.5 848.3 594.6 846.0 plane 0
533.4 808.0 640.5 866.3 628.1 889.1 521.0 830.8 plane 0
552.2 796.4 569.4 801.7 555.8 845.6 538.6 840.3 plane 0
511.1 830.6 551.3 842.5 543.9 867.4 503.7 855.5 plane 0
489.9 790.5 529.8 803.6 514.2 851.1 474.3 838.0 plane 0
217.0 505.9 261.5 528.8 229.5 591.0 185.0 568.2 plane 0
267.3 532.3 319.8 519.5 334.4 579.8 281.9 592.5 plane 0
366.6 521.7 415.8 544.0 390.2 600.4 341.0 578.1 plane 0
432.7 527.4 497.3 541.0 484.6 601.7 420.0 588.1 plane 0
511.5 534.1 572.3 546.2 559.5 610.9 498.7 598.8 plane 0
604.4 536.9 651.6 563.1 621.5 617.3 574.3 591.1 plane 0
687.5 543.6 732.8 579.8 696.6 625.1 651.3 588.9 plane 0
767.2 547.9 810.1 580.6 770.1 633.1 727.2 600.4 plane 0
848.9 562.2 874.6 605.1 835.1 628.8 809.4 585.9 plane 0
124.1 372.5 182.7 403.0 155.9 454.5 97.3 424.0 plane 0
48.1 373.9 85.8 378.7 76.9 448.1 39.2 443.3 plane 0
67.6 131.9 133.6 130.1 135.6 204.1 69.7 205.9 plane 0
181.3 132.7 225.2 146.3 205.7 209.3 161.8 195.7 plane 0
254.8 138.7 320.8 137.3 322.2 207.3 256.2 208.7 plane 0
339.4 147.2 408.1 133.8 421.5 202.5 352.8 215.9 plane 0
443.3 137.7 509.1 143.6 502.4 217.3 436.7 211.4 plane 0
527.4 165.1 578.7 138.0 607.6 192.9 556.3 220.0 plane 0
618.3 153.1 695.2 139.9 707.7 212.9 630.8 226.1 plane 0
717.1 166.3 769.9 142.3 795.5 198.8 742.7 222.8 plane 0
827.3 145.1 887.8 158.5 872.7 226.9 812.2 213.5 plane 0
900.8 160.9 973.3 146.2 987.2 214.8 914.7 229.5 plane 0
