620.7 171.6 621.9 173.2 620.3 174.4 619.1 172.8 small-vehicle 0
540.5 46.7 544.5 29.1 565.9 33.9 562.0 51.5 small-vehicle 0
616.9 18.3 625.6 34.1 602.8 46.6 594.1 30.9 small-vehicle 0
616.6 65.5 626.3 75.6 607.5 93.6 597.9 83.5 small-vehicle 0
630.5 71.6 631.9 73.0 630.5 74.4 629.1 73.0 small-vehicle 0
621.0 115.2 635.5 131.7 616.0 148.8 601.5 132.3 small-vehicle 0
542.9 104.5 568.9 105.3 567.8 139.3 541.8 138.4 large-vehicle 0
587.4 219.0 589.4 218.7 589.8 220.6 587.8 221.0 small-vehicle 0
591.9 423.7 612.3 407.5 628.4 427.9 608.0 444.1 small-vehicle 0
639.4 461.6 649.1 446.5 667.6 458.4 657.9 473.5 small-vehicle 0
