435.8 913.0 486.4 859.0 546.3 915.0 495.7 969.0 plane 0
614.1 924.8 653.2 882.0 704.9 929.2 665.8 972.0 plane 0
780.8 917.7 824.8 880.0 878.2 942.3 834.2 980.0 plane 0
359.7 95.3 391.0 37.1 470.3 79.7 439.0 137.9 plane 0
517.5 118.3 542.7 36.1 655.5 70.7 630.3 152.9 plane 0
705.5 106.8 746.9 50.4 806.5 94.2 765.1 150.6 plane 0
840.7 158.6 852.9 37.3 1014.1 53.4 1001.9 174.8 plane 0
922.0 423.0 992.5 445.3 959.3 550.2 888.8 527.8 plane 0
793.0 451.3 827.0 451.4 826.8 513.4 792.8 513.3 plane 0
671.7 442.7 709.2 449.1 698.0 514.1 660.6 507.7 plane 0
551.1 402.1 581.1 402.8 577.9 540.8 547.9 540.1 plane 0
410.7 384.2 448.7 385.6 442.8 543.5 404.8 542.1 plane 0
470.3 534.9 511.8 528.1 523.7 601.1 482.2 607.9 plane 0
557.4 549.1 664.4 523.5 680.7 591.5 573.7 617.2 plane 0
674.9 557.8 776.3 515.1 808.1 590.7 706.8 633.4 plane 0
814.5 558.1 902.4 538.6 917.5 607.0 829.6 626.4 plane 0
964.4 556.7 1025.5 545.9 1037.0 610.9 975.9 621.7 plane 0
