341.5 266.6 374.4 234.5 406.5 267.4 373.6 299.5 plane 0
931.5 269.1 974.1 251.8 997.4 309.2 954.8 326.5 plane 0
834.1 284.1 866.5 251.5 899.1 284.0 866.6 316.5 plane 0
730.5 273.4 770.0 242.8 805.5 288.6 766.0 319.2 plane 0
631.9 248.7 692.6 235.9 707.9 308.3 647.2 321.1 plane 0
594.8 289.5 662.7 318.9 641.2 368.4 573.3 339.1 plane 0
556.7 238.3 582.7 238.1 583.1 312.1 557.1 312.3 plane 0
493.1 287.4 547.1 286.5 548.4 364.5 494.4 365.4 plane 0
439.2 281.8 466.9 235.5 509.8 261.1 482.1 307.5 plane 0
388.7 333.0 419.5 288.6 457.3 314.9 426.4 359.2 plane 0
287.0 308.5 335.6 284.9 359.2 333.5 310.6 357.1 plane 0
185.5 319.8 223.1 293.2 254.3 337.3 216.7 363.8 plane 0
88.4 305.8 148.1 289.2 162.6 341.2 102.9 357.8 plane 0
-6.1 317.4 35.0 282.3 70.1 323.3 29.1 358.5 plane 0
970.2 585.3 1027.6 577.6 1036.9 647.0 979.4 654.7 plane 0
5.1 499.3 27.0 497.9 31.9 571.7 10.0 573.1 plane 0
24.6 571.0 72.1 545.3 103.4 603.4 55.9 629.0 plane 0
96.7 494.2 122.7 492.9 127.3 578.8 101.3 580.1 plane 0
140.5 550.4 202.3 573.6 180.5 631.6 118.7 608.4 plane 0
165.0 536.4 214.2 498.7 247.0 541.6 197.8 579.3 plane 0
210.1 578.5 265.6 551.0 293.2 606.5 237.6 634.1 plane 0
323.8 555.7 381.1 564.8 370.2 633.9 312.9 624.9 plane 0
422.3 568.2 447.8 563.1 460.7 627.8 435.2 632.9 plane 0
289.0 497.7 341.9 521.6 313.0 585.3 260.1 561.4 plane 0
357.9 532.7 403.4 503.5 434.6 552.4 389.2 581.5 plane 0
464.7 510.8 494.0 504.1 511.3 580.2 482.0 586.9 plane 0
563.6 510.5 624.1 537.0 602.4 586.5 541.9 560.0 plane 0
868.5 583.8 933.0 569.9 948.5 642.2 884.0 656.1 plane 0
53.4 780.0 75.2 782.4 67.6 852.0 45.8 849.6 plane 0
715.9 791.3 751.7 846.7 713.1 871.7 677.3 816.3 plane 0
753.7 819.4 843.1 790.2 862.3 849.2 773.0 878.4 plane 0
887.2 788.0 913.2 787.0 917.0 876.9 891.0 878.0 plane 0
956.3 818.5 1016.3 803.0 1029.8 855.3 969.8 870.8 plane 0
923.7 765.2 951.7 754.5 975.3 816.2 947.3 826.9 plane 0
820.8 780.2 864.8 748.8 896.2 792.8 852.2 824.2 plane 0
750.0 752.2 767.8 749.6 777.2 814.9 759.4 817.5 plane 0
441.8 779.7 482.6 733.0 526.3 771.2 485.5 817.9 plane 0
376.0 735.2 393.8 732.6 405.0 809.8 387.2 812.4 plane 0
182.3 733.2 238.0 749.7 222.7 801.5 167.0 785.0 plane 0
67.5 743.8 130.5 724.2 150.1 787.2 87.0 806.8 plane 0
136.9 783.7 162.7 780.0 173.1 853.3 147.3 857.0 plane 0
234.9 788.6 280.2 809.8 260.7 851.4 215.4 830.3 plane 0
64.3 963.5 125.5 953.4 136.9 1022.5 75.8 1032.6 plane 0
173.0 955.1 234.5 979.1 212.0 1036.9 150.5 1012.9 plane 0
249.7 992.8 292.7 960.2 325.3 1003.2 282.3 1035.8 plane 0
354.1 959.0 421.7 976.9 404.8 1040.7 337.1 1022.7 plane 0
434.7 971.7 495.7 960.5 509.0 1033.3 448.1 1044.5 plane 0
529.9 1000.0 573.3 967.8 603.1 1008.0 559.7 1040.2 plane 0
622.0 1035.0 628.4 973.3 702.0 981.0 695.6 1042.7 plane 0
714.6 1002.8 760.0 966.8 796.0 1012.2 750.6 1048.3 plane 0
812.1 1022.2 827.6 978.9 885.9 999.8 870.4 1043.1 plane 0
582.1 799.7 651.1 787.6 663.9 860.4 594.9 872.5 plane 0
514.4 791.9 532.3 790.2 539.6 863.8 521.7 865.6 plane 0
394.7 808.3 447.7 784.7 471.3 837.7 418.3 861.3 plane 0
309.3 800.8 339.5 785.2 369.7 843.9 339.5 859.5 plane 0
