41.6 581.5 125.9 613.1 84.4 723.5 0.1 691.9 plane 0
174.3 573.4 317.9 616.8 282.7 733.6 139.1 690.2 plane 0
393.6 599.8 458.5 650.0 403.4 721.2 338.5 671.0 plane 0
523.2 579.7 605.2 580.3 603.8 746.3 521.8 745.7 plane 0
689.3 586.9 775.3 586.1 776.7 748.1 690.7 748.9 plane 0
857.4 163.6 901.1 177.7 879.6 244.4 835.9 230.3 plane 0
580.7 150.3 698.7 150.7 698.3 288.7 580.3 288.3 plane 0
756.7 157.4 802.3 163.4 785.5 292.3 739.9 286.3 plane 0
459.8 138.1 579.7 160.8 559.2 268.9 439.3 246.2 plane 0
358.4 151.5 439.7 179.5 415.6 249.5 334.3 221.5 plane 0
16.0 175.1 56.9 154.0 78.0 194.9 37.1 216.0 plane 0
98.6 171.6 126.4 145.7 160.4 182.4 132.6 208.3 plane 0
153.5 157.7 189.8 146.6 205.5 198.3 169.2 209.4 plane 0
196.4 161.0 232.0 138.7 258.6 181.0 223.0 203.3 plane 0
268.3 193.7 293.3 141.4 334.8 161.2 309.8 213.6 plane 0
