550.7 429.1 586.9 440.8 544.4 572.1 508.2 560.4 plane 0
59.3 408.7 115.5 422.9 83.8 549.0 27.5 534.8 plane 0
180.0 411.4 228.8 422.3 199.7 553.1 150.9 542.2 plane 0
444.6 449.0 475.1 503.0 417.6 535.4 387.1 481.4 plane 0
663.9 437.6 714.0 457.9 666.6 574.6 616.5 554.3 plane 0
692.4 132.3 737.7 123.9 763.4 263.6 718.2 271.9 plane 0
784.7 458.4 831.1 499.5 779.3 557.9 732.9 516.8 plane 0
895.7 440.3 940.8 449.5 912.3 588.7 867.3 579.5 plane 0
808.6 130.7 890.3 137.3 879.4 270.9 797.7 264.2 plane 0
676.7 117.7 707.7 139.7 662.4 203.3 631.5 181.3 plane 0
542.8 85.7 583.9 94.0 557.2 225.3 516.1 217.0 plane 0
492.5 146.6 528.7 174.9 492.9 220.6 456.7 192.2 plane 0
