120.1 814.8 139.8 792.1 213.9 856.2 194.2 878.9 large-vehicle 0
96.9 761.7 117.2 734.5 227.8 817.1 207.4 844.3 large-vehicle 0
290.9 534.8 328.6 561.2 297.5 605.4 259.9 579.0 large-vehicle 0
642.4 451.6 657.4 430.4 789.9 523.6 774.9 544.9 large-vehicle 0
177.8 641.8 196.6 613.5 318.1 694.4 299.3 722.7 large-vehicle 0
192.8 622.5 204.6 594.9 346.2 655.5 334.4 683.1 large-vehicle 0
228.6 503.0 246.3 478.8 283.4 506.0 265.7 530.2 large-vehicle 0
148.8 736.7 161.6 724.1 224.9 788.0 212.1 800.7 large-vehicle 0
345.6 430.5 371.4 415.2 397.0 458.1 371.2 473.5 large-vehicle 0
390.8 418.4 421.8 404.4 432.5 428.1 401.5 442.1 large-vehicle 0
257.5 380.5 257.5 338.5 307.5 338.5 307.5 380.5 large-vehicle 0
370.4 373.2 377.0 360.8 445.7 397.9 439.0 410.2 large-vehicle 0
254.2 326.8 276.0 306.1 291.1 322.1 269.4 342.7 large-vehicle 0
540.8 323.0 569.8 347.5 550.4 370.4 521.4 345.9 large-vehicle 0
128.3 473.8 140.3 460.3 204.5 517.5 192.5 531.0 large-vehicle 0
-7.2 673.9 4.7 646.4 98.2 687.1 86.3 714.6 large-vehicle 0
149.2 712.0 169.4 684.6 251.4 745.3 231.1 772.7 large-vehicle 0
6.4 627.8 27.5 601.1 107.6 664.2 86.5 690.9 large-vehicle 0
181.9 681.9 192.2 667.1 269.1 721.1 258.8 735.9 large-vehicle 0
49.6 603.1 74.8 580.2 140.6 652.9 115.4 675.7 large-vehicle 0
122.9 556.6 123.9 558.4 122.1 559.4 121.1 557.6 large-vehicle 0
-8.8 407.0 13.9 381.7 77.8 439.2 55.1 464.5 large-vehicle 0
5.0 371.1 25.4 349.1 65.0 385.9 44.6 407.9 large-vehicle 0
92.0 284.9 103.2 270.8 126.7 289.4 115.5 303.5 large-vehicle 0
135.5 264.7 153.9 246.4 189.2 281.8 170.8 300.2 large-vehicle 0
5.0 215.5 20.6 200.0 55.8 235.5 40.2 251.0 large-vehicle 0
63.1 150.3 79.2 129.9 149.9 185.7 133.8 206.1 large-vehicle 0
120.3 3.3 133.5 -23.6 246.7 31.7 233.5 58.6 large-vehicle 0
662.0 134.6 670.0 128.6 695.0 162.4 687.0 168.4 small-vehicle 0
306.0 966.4 321.2 945.3 358.5 972.3 343.2 993.3 small-vehicle 0
353.5 993.2 371.5 964.4 410.5 988.8 392.5 1017.6 small-vehicle 0
648.4 61.8 652.4 52.7 694.6 71.2 690.6 80.3 small-vehicle 0
636.1 75.5 641.7 67.2 682.9 95.5 677.3 103.8 small-vehicle 0
628.7 92.5 636.0 85.7 667.3 119.5 660.0 126.3 small-vehicle 0
620.9 116.2 627.3 108.5 656.5 132.8 650.1 140.5 small-vehicle 0
601.8 137.9 606.4 129.0 654.2 154.1 649.6 163.0 small-vehicle 0
700.9 62.4 739.2 79.8 721.8 118.1 683.5 100.7 small-vehicle 0
672.6 124.9 677.7 116.3 703.5 131.5 698.5 140.2 small-vehicle 0
650.1 169.1 667.3 149.5 692.9 171.9 675.7 191.5 small-vehicle 0
802.1 117.6 821.4 145.6 806.6 155.9 787.3 127.9 small-vehicle 0
760.8 154.9 779.5 131.5 815.4 160.2 796.7 183.6 small-vehicle 0
824.9 151.8 834.5 141.6 868.1 173.2 858.5 183.4 small-vehicle 0
814.5 170.3 822.9 164.8 845.9 200.0 837.5 205.4 small-vehicle 0
803.0 194.9 810.2 187.9 836.6 215.3 829.4 222.2 small-vehicle 0
803.8 208.7 809.3 206.4 825.2 245.3 819.7 247.6 small-vehicle 0
742.1 202.1 763.1 175.4 792.9 198.9 771.9 225.6 small-vehicle 0
813.5 200.4 848.3 224.0 797.9 298.5 763.1 275.0 large-vehicle 0
919.3 263.2 939.7 279.3 898.6 331.0 878.2 314.8 small-vehicle 0
890.7 58.1 895.8 24.5 937.4 30.9 932.2 64.5 small-vehicle 0
881.7 3.0 886.0 32.7 856.3 37.0 852.0 7.3 small-vehicle 0
