53.2 121.1 53.9 119.2 55.8 119.9 55.1 121.8 ship 0
32.3 170.9 51.9 187.9 8.8 237.8 -10.9 220.8 ship 0
252.8 -7.3 277.9 9.1 235.2 74.3 210.1 57.9 ship 0
260.5 71.0 262.5 70.7 262.8 72.7 260.9 73.0 ship 0
227.0 105.4 241.4 94.5 274.0 137.6 259.6 148.5 ship 0
640.2 119.5 686.7 84.8 702.2 105.6 655.8 140.3 ship 0
726.1 281.4 735.4 271.0 852.9 376.6 843.6 387.0 ship 0
699.5 381.9 720.0 359.9 765.3 402.2 744.9 424.2 ship 0
806.3 357.9 816.9 288.7 838.7 292.1 828.1 361.3 ship 0
849.5 272.8 876.1 294.1 857.3 317.5 830.8 296.2 ship 0
442.1 59.4 520.0 -18.3 586.4 48.3 508.4 126.0 ship 0
