809.9 308.2 811.3 309.6 809.9 311.0 808.5 309.6 ship 0
802.4 282.9 816.7 293.9 793.6 324.1 779.3 313.1 ship 0
486.9 809.5 488.8 810.1 488.2 812.0 486.3 811.4 ship 0
558.7 828.3 560.0 826.7 561.5 828.0 560.3 829.5 ship 0
550.6 801.7 551.7 803.3 550.1 804.5 549.0 802.8 ship 0
725.6 561.3 727.1 560.1 728.4 561.6 726.9 562.9 ship 0
758.7 278.1 759.9 279.7 758.3 280.9 757.1 279.3 ship 0
784.4 289.4 785.9 290.7 784.5 292.2 783.0 290.9 ship 0
911.6 197.5 913.0 196.1 914.4 197.5 913.0 198.9 ship 0
982.8 184.3 984.7 184.8 984.2 186.7 982.3 186.2 ship 0
944.4 228.6 949.9 236.9 941.6 242.4 936.1 234.1 ship 0
996.5 203.0 997.9 204.4 996.5 205.8 995.1 204.4 ship 0
363.3 880.2 364.4 878.5 366.1 879.6 365.0 881.3 ship 0
