76.0 964.4 95.1 1006.3 35.0 1033.6 15.9 991.7 large-vehicle 0
676.4 249.4 700.5 231.4 720.8 258.7 696.8 276.6 small-vehicle 0
-14.1 446.0 19.0 403.4 71.2 443.9 38.0 486.5 large-vehicle 0
338.4 395.0 346.1 388.7 367.6 415.0 359.9 421.3 small-vehicle 0
388.0 376.1 392.7 379.9 356.0 424.9 351.3 421.1 small-vehicle 0
570.6 804.1 583.6 864.7 550.4 871.9 537.4 811.3 small-vehicle 0
541.3 791.7 575.3 790.4 576.7 828.3 542.7 829.6 large-vehicle 0
574.2 746.9 575.4 760.9 525.6 765.2 524.4 751.2 large-vehicle 0
518.3 727.1 521.5 717.6 576.5 736.3 573.2 745.7 large-vehicle 0
512.0 694.5 516.2 685.4 572.6 711.3 568.4 720.4 large-vehicle 0
511.4 664.1 517.6 656.3 569.6 696.9 563.4 704.7 large-vehicle 0
498.7 631.3 504.2 622.9 572.8 667.8 567.4 676.2 large-vehicle 0
769.4 748.7 770.6 774.6 736.6 776.2 735.4 750.2 small-vehicle 0
739.2 703.1 767.5 721.9 750.8 746.9 722.5 728.1 small-vehicle 0
737.7 629.7 754.9 654.3 730.3 671.5 713.1 646.9 small-vehicle 0
727.5 526.2 731.8 530.3 705.5 557.8 701.2 553.7 small-vehicle 0
722.1 504.9 732.6 528.6 708.9 539.1 698.4 515.4 small-vehicle 0
563.7 472.0 589.4 443.9 635.1 485.8 609.4 513.9 large-vehicle 0
478.2 442.6 484.6 434.9 529.2 472.0 522.8 479.7 large-vehicle 0
470.9 412.1 478.5 400.3 527.3 431.7 519.7 443.4 large-vehicle 0
339.5 400.9 398.0 337.8 443.5 379.9 385.0 443.0 large-vehicle 0
479.6 478.7 487.3 467.0 539.2 501.0 531.5 512.7 large-vehicle 0
506.7 633.3 508.4 599.4 554.3 601.7 552.6 635.6 large-vehicle 0
579.8 635.6 601.4 614.8 647.2 662.4 625.6 683.2 large-vehicle 0
571.4 594.0 593.8 568.5 658.4 625.2 636.0 650.7 large-vehicle 0
574.0 543.7 583.9 533.8 636.0 586.3 626.1 596.2 large-vehicle 0
566.4 511.7 583.8 492.3 636.0 538.9 618.7 558.3 large-vehicle 0
414.9 381.1 440.7 365.7 458.1 394.9 432.3 410.3 small-vehicle 0
595.7 886.1 615.9 918.3 570.3 947.1 550.0 914.9 large-vehicle 0
884.0 406.0 929.4 385.0 952.0 434.0 906.6 455.0 large-vehicle 0
896.0 569.2 925.8 552.9 946.0 589.8 916.2 606.1 small-vehicle 0
928.0 651.2 954.5 637.3 972.2 670.9 945.6 684.8 small-vehicle 0
925.5 894.8 947.1 873.9 973.5 901.2 951.9 922.1 small-vehicle 0
934.1 914.3 956.5 939.9 933.9 959.7 911.5 934.1 small-vehicle 0
956.0 986.6 972.0 956.5 1002.0 972.5 986.0 1002.5 small-vehicle 0
917.8 964.1 943.3 958.7 952.9 1003.7 927.4 1009.1 small-vehicle 0
543.2 898.1 552.0 931.0 534.6 935.6 525.8 902.8 small-vehicle 0
507.7 906.1 517.5 903.8 525.3 936.9 515.5 939.2 small-vehicle 0
444.6 917.4 453.0 950.3 420.0 958.7 411.6 925.8 small-vehicle 0
768.5 894.3 805.1 904.4 791.7 952.6 755.1 942.4 large-vehicle 0
495.0 902.4 504.8 904.0 498.9 941.5 489.0 940.0 small-vehicle 0
