939.0 798.7 945.2 811.2 879.0 844.3 872.8 831.8 large-vehicle 0
924.2 824.7 936.7 847.5 885.8 875.3 873.3 852.5 large-vehicle 0
928.0 774.6 934.6 787.0 887.0 812.4 880.4 800.0 large-vehicle 0
919.1 765.3 919.6 775.3 857.7 778.5 857.2 768.5 large-vehicle 0
846.6 117.0 879.1 165.0 804.6 215.5 772.1 167.5 large-vehicle 0
982.9 83.3 1010.6 129.6 943.6 169.6 915.9 123.3 large-vehicle 0
904.1 321.9 937.9 279.8 951.9 291.1 918.1 333.2 large-vehicle 0
959.6 307.8 967.4 319.4 922.4 349.2 914.6 337.6 large-vehicle 0
889.0 648.0 894.6 660.9 826.7 690.4 821.1 677.5 large-vehicle 0
899.0 674.8 903.9 687.9 834.7 714.0 829.8 700.9 large-vehicle 0
914.9 705.1 917.6 718.8 841.1 733.9 838.4 720.2 large-vehicle 0
838.6 802.9 879.5 696.5 896.3 702.9 855.4 809.3 large-vehicle 0
222.6 366.0 227.9 357.6 263.4 380.0 258.1 388.4 small-vehicle 0
245.1 430.3 248.9 404.5 282.6 409.6 278.7 435.3 small-vehicle 0
274.9 537.3 293.7 513.9 317.1 532.7 298.3 556.1 small-vehicle 0
219.3 648.5 249.4 632.7 270.7 673.5 240.6 689.3 small-vehicle 0
842.5 493.4 867.1 470.0 890.5 494.6 865.9 518.0 small-vehicle 0
988.6 462.2 1005.1 487.3 963.4 514.8 946.9 489.7 small-vehicle 0
943.5 452.1 946.8 442.7 1001.5 461.9 998.2 471.3 large-vehicle 0
990.7 412.9 996.4 425.7 943.3 449.1 937.7 436.3 large-vehicle 0
982.0 386.8 988.8 399.0 938.1 427.2 931.3 415.0 large-vehicle 0
980.1 367.6 983.0 381.4 930.1 392.3 927.2 378.6 large-vehicle 0
980.7 333.8 986.2 346.7 929.4 371.4 923.8 358.6 large-vehicle 0
238.2 401.7 262.3 383.8 273.0 398.3 248.9 416.1 small-vehicle 0
164.4 127.2 177.1 104.5 206.8 121.1 194.1 143.8 small-vehicle 0
133.6 16.8 157.6 -1.2 180.4 29.2 156.4 47.2 small-vehicle 0
