731.1 392.9 734.1 351.0 780.0 354.3 777.0 396.2 plane 0
602.5 506.3 639.6 486.6 672.5 548.4 635.4 568.1 plane 0
730.4 448.9 771.8 428.8 814.6 516.9 773.3 537.1 plane 0
898.1 613.0 943.3 621.1 933.7 674.3 888.5 666.1 plane 0
926.7 965.9 961.0 990.2 929.8 1034.2 895.5 1010.0 plane 0
862.7 961.6 897.7 984.7 865.8 1033.1 830.8 1010.0 plane 0
775.6 966.7 805.6 990.0 777.4 1026.3 747.4 1003.0 plane 0
607.9 840.8 635.9 809.5 670.1 840.2 642.1 871.5 plane 0
42.9 518.2 78.4 467.4 145.6 514.2 110.2 565.1 plane 0
-21.6 549.7 15.7 510.6 43.2 536.9 5.9 575.9 plane 0
