356.6 44.6 377.8 29.6 397.4 57.4 376.1 72.4 small-vehicle 0
348.4 102.1 355.1 94.7 380.3 117.6 373.5 125.0 small-vehicle 0
340.4 118.7 366.2 122.5 363.6 140.3 337.8 136.5 small-vehicle 0
560.8 993.7 573.7 966.7 590.0 974.4 577.1 1001.5 small-vehicle 0
609.7 988.7 637.1 976.5 652.6 1011.2 625.2 1023.4 small-vehicle 0
333.2 151.0 335.3 141.2 364.6 147.6 362.5 157.4 small-vehicle 0
577.6 992.9 595.4 968.7 616.4 984.1 598.6 1008.3 small-vehicle 0
326.0 154.5 334.4 149.0 353.0 177.5 344.6 183.0 small-vehicle 0
464.1 596.1 493.9 592.7 498.7 634.4 468.9 637.8 small-vehicle 0
192.8 869.1 213.0 885.5 194.1 908.8 173.9 892.4 small-vehicle 0
