432.2 142.6 438.6 176.0 405.2 182.4 398.8 149.1 small-vehicle 0
629.4 1.0 640.3 24.6 609.4 38.8 598.5 15.2 small-vehicle 0
377.0 176.2 392.5 141.5 409.0 148.8 393.5 183.5 small-vehicle 0
685.2 387.5 712.6 367.3 732.8 394.7 705.4 414.9 small-vehicle 0
484.1 322.4 507.3 352.5 470.9 380.6 447.7 350.5 small-vehicle 0
564.4 272.0 582.9 295.6 559.4 314.2 540.8 290.6 small-vehicle 0
566.7 321.8 593.7 335.0 580.5 362.0 553.6 348.8 small-vehicle 0
625.1 387.9 627.5 421.8 605.5 423.3 603.2 389.4 small-vehicle 0
673.6 379.2 687.4 376.6 695.4 417.8 681.6 420.4 small-vehicle 0
624.0 415.9 633.1 383.1 662.0 391.1 652.9 423.9 small-vehicle 0
455.0 944.4 466.9 925.9 492.2 942.0 480.3 960.6 large-vehicle 0
387.6 933.9 414.1 947.9 403.9 967.4 377.3 953.4 large-vehicle 0
504.4 408.7 508.9 430.3 475.6 437.3 471.1 415.7 small-vehicle 0
