225.2 465.7 225.7 487.7 191.7 488.4 191.2 466.4 small-vehicle 0
278.3 451.0 284.0 472.2 243.5 483.2 237.7 462.0 small-vehicle 0
485.8 28.5 487.1 50.5 433.2 53.5 431.9 31.5 small-vehicle 0
429.4 29.1 439.9 57.2 400.6 71.9 390.1 43.8 small-vehicle 0
691.7 610.9 717.1 594.8 739.6 630.2 714.2 646.3 small-vehicle 0
61.4 952.5 81.9 979.6 51.6 1002.5 31.1 975.4 small-vehicle 0
680.9 570.5 710.2 546.4 734.3 575.7 705.0 599.9 small-vehicle 0
814.4 175.3 814.6 201.3 768.6 201.7 768.4 175.7 small-vehicle 0
606.1 942.4 608.6 972.3 546.8 977.5 544.3 947.6 small-vehicle 0
486.2 766.5 496.7 781.2 475.5 796.3 465.1 781.6 small-vehicle 0
539.5 729.0 567.4 703.2 601.4 739.8 573.5 765.7 small-vehicle 0
