911.8 75.2 921.1 78.9 898.3 136.6 889.0 132.9 large-vehicle 0
934.6 79.0 943.4 83.8 917.8 131.3 909.0 126.6 large-vehicle 0
949.9 87.5 959.2 91.2 943.5 130.2 934.2 126.4 large-vehicle 0
967.2 107.9 975.6 113.4 957.1 141.9 948.7 136.4 large-vehicle 0
721.4 531.1 743.4 530.0 745.6 575.9 723.6 577.0 large-vehicle 0
62.1 150.3 70.7 155.5 38.9 208.7 30.3 203.5 large-vehicle 0
115.6 166.9 128.2 173.0 80.4 272.1 67.8 266.0 large-vehicle 0
148.4 172.7 160.6 179.6 102.6 282.3 90.4 275.4 large-vehicle 0
170.0 181.8 182.3 188.4 130.3 285.3 117.9 278.7 large-vehicle 0
198.5 185.3 210.8 192.0 154.5 295.7 142.2 289.0 large-vehicle 0
38.2 147.7 46.5 153.2 12.2 204.8 3.9 199.3 large-vehicle 0
