456.0 218.4 482.0 240.3 462.7 263.2 436.7 241.3 small-vehicle 0
924.9 34.8 947.6 47.4 931.1 77.2 908.4 64.6 small-vehicle 0
815.6 679.1 827.1 702.4 789.5 721.0 777.9 697.7 large-vehicle 0
646.5 132.7 670.9 150.1 646.5 184.3 622.1 166.9 small-vehicle 0
482.9 291.1 499.5 311.2 467.1 337.9 450.5 317.8 small-vehicle 0
363.1 235.7 379.3 270.1 344.9 286.3 328.7 251.9 small-vehicle 0
619.2 661.3 637.2 673.9 620.0 698.5 602.0 685.8 small-vehicle 0
534.2 707.4 559.4 701.0 567.7 733.9 542.5 740.3 small-vehicle 0
741.2 640.5 755.6 657.2 732.9 676.8 718.5 660.2 small-vehicle 0
570.2 696.5 580.2 697.5 576.6 735.3 566.6 734.4 small-vehicle 0
415.6 682.4 423.4 703.0 384.2 717.8 376.4 697.3 small-vehicle 0
