351.6 976.2 385.3 1007.5 353.9 1041.2 320.2 1009.9 large-vehicle 0
281.5 424.9 290.8 453.4 258.5 464.1 249.2 435.6 small-vehicle 0
547.2 948.6 575.4 967.7 551.8 1002.4 523.6 983.3 small-vehicle 0
583.8 879.3 606.4 909.9 579.0 930.1 556.5 899.5 small-vehicle 0
412.8 830.6 444.9 819.5 457.2 855.4 425.1 866.5 small-vehicle 0
418.6 868.7 438.2 891.4 409.4 916.3 389.8 893.6 small-vehicle 0
397.3 968.1 422.8 983.8 398.7 1022.9 373.2 1007.2 small-vehicle 0
651.0 741.1 673.1 766.9 641.3 794.2 619.1 768.4 small-vehicle 0
547.2 440.2 567.8 413.2 594.8 433.8 574.2 460.8 small-vehicle 0
697.7 294.4 729.7 305.9 712.8 353.0 680.8 341.5 small-vehicle 0
747.1 235.1 776.3 228.0 787.2 272.7 758.0 279.8 small-vehicle 0
183.8 410.5 217.3 405.0 223.5 442.5 189.9 448.0 small-vehicle 0
942.0 388.7 953.9 396.0 930.0 435.3 918.1 428.0 small-vehicle 0
919.5 370.9 930.7 379.3 898.5 422.6 887.3 414.3 small-vehicle 0
505.4 279.3 524.5 268.3 543.4 301.3 524.3 312.2 small-vehicle 0
558.8 353.6 581.8 365.9 567.5 392.4 544.6 380.0 small-vehicle 0
529.5 404.8 552.7 393.1 564.4 416.3 541.2 428.0 small-vehicle 0
765.2 175.0 788.0 200.2 753.8 231.0 731.0 205.8 small-vehicle 0
