979.6 352.7 983.5 357.3 942.4 392.3 938.5 387.7 small-vehicle 0
939.7 381.8 947.1 375.1 975.3 406.2 967.9 412.9 small-vehicle 0
968.4 712.1 993.4 735.1 959.6 771.9 934.6 748.9 small-vehicle 0
978.1 676.0 1001.0 688.4 981.1 725.4 958.2 713.0 small-vehicle 0
995.2 933.9 1021.5 955.4 989.8 994.1 963.5 972.6 small-vehicle 0
925.9 801.4 948.3 821.3 915.1 858.6 892.7 838.7 small-vehicle 0
537.2 982.3 546.1 977.6 571.2 1025.4 562.4 1030.0 small-vehicle 0
514.1 985.9 518.7 982.1 545.9 1014.1 541.3 1017.9 small-vehicle 0
486.2 966.7 515.1 974.5 505.2 1011.2 476.2 1003.4 small-vehicle 0
427.6 943.0 452.9 949.0 444.1 986.0 418.8 980.0 small-vehicle 0
353.5 984.5 357.9 980.5 383.5 1008.5 379.1 1012.5 small-vehicle 0
941.3 756.7 973.1 777.5 945.7 819.3 913.9 798.5 small-vehicle 0
896.5 850.0 922.5 865.0 907.5 891.0 881.5 876.0 small-vehicle 0
935.9 406.3 942.1 398.4 972.1 421.7 965.9 429.6 small-vehicle 0
876.8 890.6 906.6 907.1 888.2 940.4 858.4 923.9 small-vehicle 0
782.6 493.4 793.1 465.3 817.5 474.4 807.0 502.5 small-vehicle 0
800.3 501.7 829.6 471.6 839.7 481.3 810.4 511.4 small-vehicle 0
855.9 478.1 863.3 484.8 835.1 515.9 827.7 509.2 small-vehicle 0
871.9 491.9 880.1 497.6 856.1 532.1 847.9 526.4 small-vehicle 0
891.1 494.3 919.7 512.8 896.8 548.0 868.3 529.5 small-vehicle 0
919.6 502.0 941.9 515.4 922.4 548.0 900.1 534.6 small-vehicle 0
947.1 508.8 956.0 513.3 938.9 547.2 930.0 542.7 small-vehicle 0
973.6 524.6 983.6 534.3 954.4 564.4 944.4 554.7 small-vehicle 0
846.9 947.9 867.4 963.9 839.1 1000.1 818.6 984.1 small-vehicle 0
874.8 571.3 900.5 586.8 889.2 605.7 863.5 590.2 small-vehicle 0
919.1 581.0 940.2 596.2 917.9 627.0 896.8 611.8 small-vehicle 0
822.6 584.4 836.1 553.1 867.4 566.6 853.9 597.9 small-vehicle 0
343.3 1009.9 344.7 1004.1 381.7 1013.1 380.3 1018.9 small-vehicle 0
846.3 611.6 864.1 592.6 894.7 621.4 876.9 640.4 small-vehicle 0
858.2 670.2 882.9 653.2 890.8 664.8 866.1 681.8 small-vehicle 0
839.6 672.1 853.3 636.6 870.1 643.1 856.5 678.6 small-vehicle 0
849.4 627.0 855.8 634.7 817.6 667.0 811.2 659.3 small-vehicle 0
801.9 611.3 830.9 619.1 820.1 659.7 791.1 651.9 small-vehicle 0
691.4 542.0 696.2 538.4 723.4 575.6 718.5 579.1 small-vehicle 0
677.9 577.8 689.9 554.7 727.1 574.2 715.1 597.3 small-vehicle 0
800.8 599.0 810.9 608.6 779.2 642.0 769.1 632.4 small-vehicle 0
773.3 576.0 799.2 598.1 766.7 636.0 740.8 613.9 small-vehicle 0
