733.5 286.7 747.1 259.9 777.5 275.3 763.9 302.1 small-vehicle 0
144.5 162.2 167.0 187.8 138.4 212.9 116.0 187.4 small-vehicle 0
177.3 22.2 200.7 10.8 213.7 37.8 190.3 49.2 small-vehicle 0
714.4 310.0 727.0 278.4 762.3 292.5 749.7 324.1 small-vehicle 0
720.7 189.9 735.7 173.8 769.3 205.1 754.3 221.2 small-vehicle 0
393.5 579.4 397.4 613.1 359.7 617.5 355.7 583.8 small-vehicle 0
83.4 956.9 97.3 935.0 122.6 951.1 108.7 973.0 small-vehicle 0
432.2 690.5 452.7 706.4 434.3 730.1 413.8 714.2 small-vehicle 0
599.0 403.9 618.5 436.5 582.4 458.0 562.9 425.4 small-vehicle 0
501.9 400.3 530.1 381.3 551.3 412.8 523.1 431.8 small-vehicle 0
712.1 50.1 745.7 44.6 751.2 78.1 717.6 83.6 small-vehicle 0
705.0 609.7 712.3 602.9 743.8 636.4 736.5 643.3 small-vehicle 0
711.9 596.8 717.3 588.3 752.8 610.7 747.5 619.2 small-vehicle 0
820.4 738.8 842.3 718.3 871.0 748.9 849.2 769.4 small-vehicle 0
900.1 782.9 922.1 751.9 959.7 778.5 937.7 809.5 small-vehicle 0
385.7 979.0 420.2 963.0 434.5 993.8 400.1 1009.8 small-vehicle 0
248.9 746.3 261.7 723.7 291.3 740.5 278.4 763.1 small-vehicle 0
399.4 749.8 433.0 754.6 427.6 792.2 394.0 787.4 small-vehicle 0
970.6 814.4 990.8 787.0 1021.4 809.6 1001.2 837.0 small-vehicle 0
