503.4 444.3 518.3 460.5 487.4 488.9 472.5 472.7 small-vehicle 0
412.9 694.0 425.1 700.8 395.1 755.0 382.9 748.2 large-vehicle 0
390.7 455.8 407.7 475.5 369.9 508.2 352.9 488.5 small-vehicle 0
48.5 1003.3 70.3 1000.1 74.0 1025.9 52.2 1029.0 large-vehicle 0
-8.7 1019.3 -8.3 965.3 37.7 965.7 37.3 1019.7 large-vehicle 0
674.4 717.6 692.2 781.2 655.6 791.4 637.8 727.8 large-vehicle 0
553.1 714.2 582.9 711.0 589.6 772.6 559.8 775.8 large-vehicle 0
478.9 698.5 490.1 707.0 450.1 759.5 438.9 751.0 large-vehicle 0
509.3 704.1 520.3 712.7 484.6 758.4 473.6 749.8 large-vehicle 0
446.6 699.0 457.6 707.7 421.4 753.0 410.4 744.3 large-vehicle 0
85.2 508.1 95.5 536.3 52.3 552.1 42.0 523.9 small-vehicle 0
