194.1 501.8 201.7 508.3 174.5 540.3 166.9 533.8 small-vehicle 0
172.9 371.6 182.5 361.4 230.6 406.6 221.1 416.8 large-vehicle 0
669.4 228.9 741.1 276.4 709.1 324.8 637.4 277.3 large-vehicle 0
235.9 431.3 246.3 422.0 263.7 441.3 253.3 450.7 large-vehicle 0
244.6 472.2 253.7 461.6 279.4 483.8 270.3 494.4 large-vehicle 0
198.2 433.6 209.0 424.6 230.8 450.7 220.1 459.7 large-vehicle 0
-13.9 392.6 8.7 372.8 54.9 425.4 32.3 445.2 large-vehicle 0
-0.7 357.3 15.3 342.2 77.3 407.4 61.4 422.5 large-vehicle 0
25.4 341.0 34.8 330.6 92.6 383.0 83.2 393.4 large-vehicle 0
51.5 326.1 71.8 309.9 100.5 345.9 80.2 362.1 large-vehicle 0
53.0 292.2 71.6 274.0 128.9 332.7 110.3 350.8 large-vehicle 0
78.2 270.2 94.8 255.8 143.2 311.7 126.6 326.1 large-vehicle 0
89.7 242.3 109.0 224.9 169.3 291.7 150.0 309.1 large-vehicle 0
288.9 506.9 297.9 496.2 317.8 512.9 308.8 523.6 large-vehicle 0
296.6 440.3 305.6 429.6 405.0 513.4 396.0 524.1 large-vehicle 0
225.0 631.1 393.2 446.2 412.5 463.7 244.2 648.6 large-vehicle 0
277.5 462.6 286.8 452.1 312.2 474.7 302.9 485.2 large-vehicle 0
319.0 494.2 328.5 483.9 353.5 506.9 344.0 517.2 large-vehicle 0
193.6 499.7 195.3 505.4 151.1 518.4 149.4 512.6 small-vehicle 0
648.7 222.9 679.4 251.5 645.3 288.1 614.6 259.5 small-vehicle 0
411.3 166.5 433.2 146.0 464.7 179.5 442.8 200.0 large-vehicle 0
480.5 217.4 503.1 192.1 537.4 222.7 514.8 248.1 large-vehicle 0
515.1 266.6 561.9 209.3 588.3 230.8 541.4 288.1 large-vehicle 0
570.5 265.5 588.5 253.0 612.5 287.5 594.5 300.0 small-vehicle 0
494.4 274.0 511.1 244.4 554.6 269.0 537.9 298.6 small-vehicle 0
486.8 347.8 502.4 296.1 554.1 311.7 538.5 363.4 large-vehicle 0
539.4 355.6 558.0 327.1 599.9 354.5 581.3 383.0 large-vehicle 0
219.1 479.8 230.0 471.0 251.3 497.5 240.4 506.3 large-vehicle 0
98.9 503.3 359.8 526.9 357.1 556.7 96.2 533.1 large-vehicle 0
361.3 413.0 369.1 419.2 342.9 452.0 335.1 445.8 large-vehicle 0
367.4 431.1 376.9 434.3 368.6 458.9 359.1 455.7 large-vehicle 0
257.6 560.3 279.2 581.2 210.9 651.5 189.4 630.6 large-vehicle 0
972.7 605.6 979.1 613.2 943.9 642.7 937.4 635.1 large-vehicle 0
949.6 570.3 973.2 588.9 912.4 665.7 888.8 647.1 large-vehicle 0
428.9 279.0 462.6 236.8 489.1 258.0 455.4 300.2 large-vehicle 0
383.5 243.8 426.8 205.2 449.4 230.6 406.2 269.2 large-vehicle 0
363.2 143.4 388.9 115.4 422.8 146.6 397.1 174.6 large-vehicle 0
615.9 203.0 635.9 235.4 603.5 255.3 583.6 223.0 small-vehicle 0
551.9 209.5 582.5 187.0 593.1 201.5 562.5 224.0 small-vehicle 0
235.5 976.2 241.5 1021.8 207.7 1026.2 201.7 980.6 small-vehicle 0
163.7 185.3 191.5 159.3 242.0 213.4 214.3 239.3 small-vehicle 0
264.4 124.0 308.8 154.6 282.7 192.5 238.3 161.8 large-vehicle 0
335.7 72.6 337.4 30.7 379.3 32.4 377.6 74.3 small-vehicle 0
541.8 151.3 561.9 167.8 535.3 200.3 515.2 183.9 small-vehicle 0
769.9 116.7 793.2 135.7 764.1 171.3 740.8 152.3 small-vehicle 0
772.9 132.5 777.9 129.3 809.2 178.1 804.2 181.3 small-vehicle 0
564.4 173.6 572.1 179.9 545.6 212.4 537.9 206.1 small-vehicle 0
