445.4 740.5 477.0 761.6 413.7 856.4 382.1 835.3 large-vehicle 0
630.2 841.0 650.1 813.4 693.9 845.0 674.0 872.6 large-vehicle 0
677.5 982.6 684.6 975.5 725.7 1016.4 718.6 1023.5 large-vehicle 0
681.9 964.4 687.4 956.1 735.8 988.0 730.3 996.4 large-vehicle 0
705.5 950.4 714.1 939.4 750.5 967.6 741.9 978.6 large-vehicle 0
713.5 918.8 720.6 911.8 755.7 947.3 748.6 954.3 large-vehicle 0
806.8 249.0 840.6 231.8 857.9 265.6 824.0 282.9 large-vehicle 0
694.0 703.7 697.2 661.8 755.0 666.3 751.8 708.2 large-vehicle 0
732.9 695.8 750.0 729.8 691.1 759.5 674.0 725.5 large-vehicle 0
716.4 757.4 721.1 778.9 664.4 791.2 659.7 769.7 large-vehicle 0
745.4 840.2 749.5 831.1 798.6 853.7 794.4 862.8 large-vehicle 0
743.4 858.2 749.3 850.2 789.6 879.8 783.7 887.8 large-vehicle 0
772.6 795.7 781.1 784.6 830.4 822.3 821.9 833.4 large-vehicle 0
829.1 554.0 854.6 538.1 898.1 607.6 872.6 623.5 large-vehicle 0
826.5 668.9 849.6 657.0 861.5 680.1 838.4 692.0 large-vehicle 0
818.5 637.6 825.8 621.2 908.0 657.7 900.7 674.2 large-vehicle 0
948.1 572.9 949.5 574.3 948.1 575.7 946.7 574.3 large-vehicle 0
873.7 469.6 892.4 441.2 970.9 492.8 952.2 521.3 large-vehicle 0
356.5 166.0 374.2 185.1 337.5 219.0 319.8 199.9 small-vehicle 0
366.7 194.2 372.8 202.2 336.2 230.0 330.1 222.1 small-vehicle 0
392.5 153.5 420.9 128.2 451.5 162.5 423.1 187.8 small-vehicle 0
443.2 186.1 473.7 157.3 499.8 184.9 469.3 213.7 small-vehicle 0
770.3 362.8 795.8 378.5 769.7 421.2 744.2 405.5 small-vehicle 0
785.4 318.1 812.5 330.9 794.6 368.9 767.5 356.1 small-vehicle 0
974.4 345.6 976.0 344.4 977.2 346.0 975.6 347.2 large-vehicle 0
908.6 410.6 913.8 397.6 982.4 425.4 977.2 438.4 large-vehicle 0
901.8 430.5 910.6 419.6 965.2 463.5 956.4 474.4 large-vehicle 0
753.3 809.7 759.6 801.9 804.7 838.3 798.4 846.1 large-vehicle 0
770.9 764.7 780.8 754.8 824.7 798.7 814.7 808.5 large-vehicle 0
785.9 752.2 792.7 740.0 846.7 770.5 839.9 782.7 large-vehicle 0
802.7 719.4 811.7 699.3 886.6 732.7 877.6 752.8 large-vehicle 0
1002.4 513.9 1025.4 539.0 991.6 570.1 968.6 545.0 large-vehicle 0
431.2 418.9 454.1 379.0 490.5 399.8 467.7 439.7 small-vehicle 0
893.8 491.6 901.5 485.1 933.7 523.4 926.0 529.8 large-vehicle 0
881.9 513.0 893.3 504.9 931.5 558.7 920.1 566.8 large-vehicle 0
979.2 180.7 1000.2 159.3 1035.8 194.3 1014.8 215.7 small-vehicle 0
871.2 546.4 881.6 536.9 920.8 579.6 910.4 589.1 large-vehicle 0
62.7 958.1 82.0 935.2 114.1 962.3 94.7 985.2 small-vehicle 0
41.7 909.3 58.6 884.5 103.2 914.9 86.3 939.7 small-vehicle 0
