535.0 856.9 542.0 864.0 506.2 899.0 499.2 891.8 small-vehicle 0
582.7 703.9 609.2 718.1 589.3 755.1 562.8 740.9 small-vehicle 0
597.5 745.3 627.3 748.4 623.0 790.2 593.2 787.1 small-vehicle 0
566.4 741.7 573.7 748.6 542.0 781.9 534.7 775.0 small-vehicle 0
541.3 725.8 555.2 737.4 533.4 763.5 519.5 751.9 small-vehicle 0
534.2 713.4 541.5 720.2 512.6 750.8 505.4 743.9 small-vehicle 0
628.8 959.4 657.2 995.6 630.5 1016.6 602.1 980.5 small-vehicle 0
487.4 803.4 495.6 809.2 471.6 843.6 463.4 837.8 small-vehicle 0
30.4 620.8 73.2 537.2 160.4 581.8 117.6 665.5 plane 0
146.3 441.8 259.1 395.4 307.1 511.9 194.3 558.4 plane 0
237.5 357.1 326.4 273.6 401.7 353.8 312.7 437.3 plane 0
450.7 289.8 536.4 208.7 675.3 355.4 589.6 436.5 plane 0
351.9 421.3 412.9 355.1 526.1 459.6 465.1 525.7 plane 0
282.6 555.7 343.2 506.5 397.4 573.3 336.8 622.5 plane 0
87.5 949.4 132.5 901.1 189.6 954.2 144.6 1002.6 plane 0
386.9 890.7 420.1 909.2 382.1 977.3 348.9 958.8 large-vehicle 0
579.6 763.7 586.4 771.0 555.4 799.3 548.6 792.0 small-vehicle 0
375.0 850.8 404.5 880.8 340.2 943.9 310.8 913.9 large-vehicle 0
585.2 783.0 592.7 789.6 572.8 812.0 565.3 805.4 small-vehicle 0
595.8 795.7 604.6 800.5 588.2 830.3 579.4 825.5 small-vehicle 0
592.6 842.2 612.6 805.2 628.4 813.8 608.4 850.8 small-vehicle 0
475.8 779.5 485.7 789.5 455.8 819.0 445.9 809.0 small-vehicle 0
502.0 816.5 510.8 821.3 488.8 861.7 480.0 856.9 small-vehicle 0
520.5 836.4 527.6 843.5 495.1 876.0 488.0 868.9 small-vehicle 0
532.3 876.2 547.4 885.9 529.0 914.5 513.9 904.8 small-vehicle 0
353.0 997.1 373.2 980.8 399.5 1013.5 379.3 1029.8 small-vehicle 0
425.5 953.5 449.7 977.4 417.5 1010.1 393.2 986.3 small-vehicle 0
655.5 897.2 681.5 896.8 682.1 934.8 656.1 935.2 small-vehicle 0
717.9 991.4 736.1 972.8 746.1 982.6 727.9 1001.2 small-vehicle 0
735.4 981.5 753.2 978.9 758.6 1016.5 740.8 1019.1 small-vehicle 0
