706.9 89.0 736.2 82.4 740.1 100.0 710.8 106.6 plane 0
700.1 46.2 730.0 48.7 728.9 62.6 699.0 60.2 plane 0
638.0 70.1 651.9 48.1 673.9 62.1 659.9 84.0 plane 0
363.7 505.9 366.4 480.0 396.3 483.1 393.6 509.0 plane 0
393.3 474.8 406.9 471.1 413.7 496.2 400.1 499.9 plane 0
348.7 444.0 373.2 426.6 388.2 447.8 363.8 465.2 plane 0
348.2 377.3 372.1 367.1 383.8 394.7 359.9 404.9 plane 0
310.4 525.2 311.6 551.2 297.6 551.8 296.4 525.8 plane 0
286.1 524.1 301.7 533.1 286.7 559.1 271.1 550.1 plane 0
224.0 542.4 238.7 552.7 223.8 574.0 209.0 563.6 plane 0
223.8 567.2 239.4 551.8 249.2 561.8 233.6 577.2 plane 0
318.0 307.6 323.6 305.5 334.3 333.5 328.7 335.6 plane 0
326.5 334.2 338.1 315.5 350.0 322.9 338.4 341.6 plane 0
321.4 322.2 326.0 325.9 314.7 339.9 310.0 336.1 plane 0
303.9 313.9 317.6 325.6 308.5 336.2 294.8 324.5 plane 0
284.5 331.3 287.7 326.2 309.6 340.3 306.4 345.3 plane 0
709.9 109.0 738.1 98.6 747.1 123.0 718.9 133.4 plane 0
702.7 70.5 731.7 62.9 735.3 76.5 706.3 84.1 plane 0
