915.1 817.9 941.7 804.1 961.1 841.4 934.4 855.2 ship 0
899.1 918.4 918.5 901.1 943.7 929.6 924.2 946.8 ship 0
697.6 331.8 704.1 339.4 672.3 366.8 665.8 359.2 ship 0
687.9 315.5 692.7 319.2 667.1 352.5 662.3 348.8 ship 0
655.9 408.3 681.8 411.0 677.1 456.7 651.2 454.0 harbor 0
719.5 520.2 720.9 521.7 719.4 523.0 718.1 521.6 harbor 0
767.7 575.4 769.0 576.9 767.4 578.2 766.1 576.6 harbor 0
799.6 632.6 800.9 634.1 799.4 635.4 798.1 633.9 harbor 0
828.2 680.3 829.5 681.8 828.1 683.1 826.7 681.7 harbor 0
862.7 720.6 864.0 722.1 862.5 723.4 861.2 721.9 harbor 0
884.4 755.0 885.6 756.6 884.0 757.8 882.8 756.2 harbor 0
912.7 783.3 924.7 796.7 902.3 816.7 890.3 803.3 harbor 0
922.4 878.4 925.8 873.4 940.6 883.6 937.2 888.6 ship 0
913.2 893.7 920.7 881.9 932.5 889.4 925.0 901.2 ship 0
920.4 949.9 922.3 950.7 921.5 952.5 919.7 951.8 ship 0
919.1 857.8 936.9 860.5 934.7 874.4 917.0 871.6 ship 0
414.3 86.8 437.5 98.5 398.7 175.2 375.5 163.5 ship 0
497.0 130.1 521.2 147.8 489.3 191.4 465.1 173.7 ship 0
538.7 153.2 559.6 168.6 532.4 205.6 511.4 190.3 ship 0
624.5 212.9 631.2 220.3 600.1 248.5 593.4 241.0 ship 0
634.2 233.0 640.8 240.5 606.2 270.8 599.6 263.3 ship 0
647.4 250.4 653.9 258.0 619.0 287.9 612.5 280.3 ship 0
653.7 270.6 660.2 278.2 628.3 305.4 621.8 297.8 ship 0
650.8 314.6 684.4 309.4 686.6 323.2 653.0 328.4 ship 0
