841.2 443.2 877.4 483.3 834.3 522.1 798.1 482.1 plane 0
804.2 506.6 832.9 537.3 790.5 576.9 761.8 546.2 plane 0
718.4 619.9 718.4 665.9 684.4 665.9 684.4 619.9 plane 0
692.6 599.5 741.2 567.8 755.4 589.5 706.8 621.2 plane 0
723.1 612.9 736.5 600.9 769.9 638.1 756.5 650.1 plane 0
722.9 532.3 827.7 639.6 809.1 657.7 704.3 550.4 plane 0
865.6 248.2 911.5 289.9 859.0 347.6 813.1 305.8 plane 0
635.9 495.3 646.1 504.9 589.9 564.6 579.7 555.0 plane 0
659.2 507.4 669.6 516.7 620.3 571.9 609.9 562.5 plane 0
640.3 592.6 660.8 521.5 678.1 526.5 657.6 597.6 plane 0
688.1 562.4 698.0 572.3 676.9 593.6 667.0 583.7 plane 0
663.2 562.1 738.3 487.3 753.8 502.9 678.7 577.7 plane 0
674.8 577.6 761.1 516.1 773.9 534.1 687.5 595.6 plane 0
