927.7 621.8 936.1 597.2 968.3 608.2 959.9 632.8 storage-tank 0
861.6 683.4 876.9 713.8 839.4 732.6 824.1 702.2 storage-tank 0
898.3 714.5 930.3 693.9 948.7 722.5 916.7 743.1 storage-tank 0
919.1 677.5 935.7 647.8 961.9 662.5 945.3 692.2 storage-tank 0
908.9 632.2 921.4 663.8 886.1 677.8 873.6 646.2 storage-tank 0
892.0 606.1 922.3 590.7 934.0 613.9 903.7 629.3 storage-tank 0
931.1 623.1 936.2 619.9 953.9 648.9 948.8 652.1 storage-tank 0
992.8 556.5 1018.0 579.3 995.2 604.5 970.0 581.7 storage-tank 0
970.1 538.3 983.6 550.2 947.9 590.7 934.4 578.8 storage-tank 0
109.1 237.2 110.0 235.4 111.8 236.4 110.9 238.1 harbor 0
74.1 154.1 75.4 152.6 76.9 153.9 75.6 155.4 harbor 0
25.1 275.1 26.4 273.6 27.9 274.9 26.6 276.4 harbor 0
38.6 335.7 39.8 334.1 41.4 335.3 40.2 336.9 harbor 0
231.0 960.0 232.3 958.4 233.8 959.7 232.5 961.3 harbor 0
182.0 989.4 183.6 988.2 184.8 989.7 183.3 991.0 harbor 0
137.3 1013.3 139.2 1012.8 139.7 1014.7 137.8 1015.2 harbor 0
98.5 967.7 100.5 968.0 100.2 970.0 98.2 969.7 harbor 0
58.6 982.8 60.2 981.6 61.4 983.2 59.8 984.4 harbor 0
24.6 1007.1 25.9 1008.6 24.4 1009.9 23.1 1008.4 harbor 0
353.3 637.6 374.9 623.2 400.4 661.5 378.7 675.9 ship 0
