100.7 623.3 106.2 597.9 147.3 606.7 141.8 632.1 storage-tank 0
189.6 660.0 230.8 652.1 242.4 713.0 201.2 720.9 storage-tank 0
33.3 672.9 57.8 725.5 19.7 743.1 -4.8 690.5 storage-tank 0
70.2 713.4 104.6 689.2 128.8 723.6 94.4 747.8 storage-tank 0
89.9 679.6 104.3 644.4 143.1 660.4 128.7 695.6 storage-tank 0
89.5 633.2 98.1 666.1 57.5 676.8 48.9 643.9 storage-tank 0
64.4 595.4 95.8 582.2 113.6 624.6 82.2 637.8 storage-tank 0
106.9 623.2 112.0 620.0 130.1 648.8 125.0 652.0 storage-tank 0
469.0 155.5 498.1 185.9 462.0 220.5 432.9 190.1 storage-tank 0
171.5 553.5 196.7 576.4 168.5 607.5 143.3 584.6 storage-tank 0
209.2 604.1 234.2 570.3 264.8 592.9 239.8 626.7 storage-tank 0
229.2 570.8 230.8 532.8 264.8 534.2 263.2 572.2 storage-tank 0
263.3 553.1 289.5 538.6 311.7 578.9 285.5 593.4 storage-tank 0
147.9 537.0 161.2 549.1 122.1 592.0 108.8 579.9 storage-tank 0
395.1 481.2 399.0 498.7 361.9 506.8 358.0 489.3 storage-tank 0
455.1 375.9 462.4 326.4 507.9 333.1 500.6 382.6 storage-tank 0
478.6 387.3 490.7 464.3 437.4 472.7 425.3 395.7 storage-tank 0
515.3 276.9 559.3 290.3 544.7 338.1 500.7 324.7 storage-tank 0
565.1 349.0 589.2 392.9 548.9 415.0 524.8 371.1 storage-tank 0
366.1 468.8 382.8 425.9 421.9 441.2 405.2 484.1 storage-tank 0
286.2 339.1 335.4 404.7 317.8 417.9 268.6 352.3 storage-tank 0
272.4 986.6 308.7 997.9 298.6 1030.4 262.3 1019.1 storage-tank 0
293.7 311.8 307.7 323.1 271.3 368.2 257.3 356.9 storage-tank 0
499.6 196.0 511.6 209.4 477.4 240.0 465.4 226.6 storage-tank 0
331.4 342.5 333.8 352.2 308.6 358.5 306.2 348.8 storage-tank 0
364.9 311.1 381.1 341.0 344.1 360.9 327.9 331.0 storage-tank 0
347.2 258.6 378.9 246.3 399.8 300.4 368.1 312.7 storage-tank 0
378.4 314.0 394.5 262.5 434.6 275.0 418.5 326.5 storage-tank 0
401.3 201.7 423.1 227.9 387.7 257.3 365.9 231.1 storage-tank 0
440.1 240.3 457.5 226.8 480.9 256.7 463.5 270.2 storage-tank 0
