51.0 518.5 72.7 514.6 94.0 634.8 72.4 638.6 large-vehicle 0
148.9 532.1 177.7 540.6 159.1 603.9 130.3 595.4 large-vehicle 0
213.9 528.2 243.3 522.3 258.1 594.8 228.7 600.7 large-vehicle 0
234.2 330.4 248.2 331.4 242.8 409.2 228.8 408.2 large-vehicle 0
259.6 336.5 273.6 337.4 269.4 403.3 255.4 402.4 large-vehicle 0
293.4 333.2 322.8 327.6 337.6 404.1 308.2 409.8 large-vehicle 0
322.0 326.5 350.7 317.9 374.0 396.5 345.3 405.1 large-vehicle 0
407.9 331.5 431.0 319.6 463.2 381.7 440.1 393.7 large-vehicle 0
358.9 319.5 392.8 316.7 399.4 398.5 365.5 401.2 large-vehicle 0
504.1 372.5 517.3 394.9 463.9 426.5 450.7 404.1 large-vehicle 0
382.1 509.6 416.1 509.4 416.9 627.4 382.9 627.6 large-vehicle 0
416.5 544.5 450.4 545.5 447.5 639.5 413.6 638.5 large-vehicle 0
439.1 561.6 467.4 551.7 492.9 625.4 464.6 635.3 large-vehicle 0
479.8 569.9 493.4 566.4 511.2 634.1 497.6 637.6 large-vehicle 0
506.1 555.8 519.6 552.0 539.9 623.2 526.4 627.0 large-vehicle 0
528.3 545.7 541.1 540.0 572.7 611.3 559.9 617.0 large-vehicle 0
681.1 532.6 696.5 548.3 675.1 569.3 659.7 553.6 large-vehicle 0
649.2 609.9 665.2 630.4 638.3 651.2 622.4 630.7 small-vehicle 0
705.1 599.0 717.5 630.6 685.9 643.0 673.5 611.4 small-vehicle 0
688.1 380.6 689.9 379.6 690.9 381.4 689.1 382.4 large-vehicle 0
741.2 471.9 775.2 472.1 774.8 538.1 740.8 537.9 large-vehicle 0
110.5 147.3 132.7 133.7 150.5 162.7 128.3 176.3 small-vehicle 0
