143.1 690.8 144.8 689.7 156.9 708.2 155.2 709.3 small-vehicle 0
204.7 527.5 225.0 549.6 188.3 583.5 168.0 561.4 small-vehicle 0
232.1 507.5 253.1 528.9 231.7 549.9 210.7 528.4 small-vehicle 0
283.7 463.9 304.8 485.2 266.3 523.1 245.2 501.8 small-vehicle 0
331.2 425.4 355.7 448.9 318.3 487.9 293.8 464.3 small-vehicle 0
369.4 396.5 394.7 419.2 366.6 450.5 341.3 427.8 small-vehicle 0
521.3 285.6 543.5 305.9 507.0 345.7 484.9 325.5 small-vehicle 0
559.6 235.1 590.9 256.8 564.7 294.6 533.4 273.0 small-vehicle 0
648.1 186.6 672.8 203.6 644.3 244.7 619.7 227.7 small-vehicle 0
681.7 152.7 710.3 171.0 683.3 213.1 654.7 194.8 small-vehicle 0
732.9 192.6 761.5 217.6 731.3 252.2 702.7 227.3 small-vehicle 0
841.1 36.2 865.5 65.3 833.2 92.3 808.9 63.1 small-vehicle 0
874.8 18.3 894.7 40.8 872.2 60.7 852.3 38.2 small-vehicle 0
174.0 623.0 175.6 624.3 144.0 663.0 142.4 661.7 small-vehicle 0
182.6 589.4 220.2 594.8 213.6 640.4 176.0 634.9 small-vehicle 0
241.0 553.8 268.1 574.3 238.0 614.2 210.9 593.7 small-vehicle 0
348.2 491.0 368.2 513.4 333.8 544.0 313.8 521.6 small-vehicle 0
388.7 462.8 411.2 482.7 383.3 514.2 360.8 494.3 small-vehicle 0
413.0 444.9 441.1 463.9 426.6 485.5 398.4 466.4 small-vehicle 0
462.5 412.5 484.5 432.9 450.5 469.5 428.5 449.1 small-vehicle 0
389.6 378.7 419.5 380.3 417.4 418.3 387.5 416.7 small-vehicle 0
174.2 561.2 175.7 562.5 139.8 602.8 138.3 601.5 small-vehicle 0
947.4 81.3 966.9 26.7 998.9 38.1 979.5 92.7 large-vehicle 0
914.7 82.9 931.7 102.6 875.7 150.9 858.7 131.2 large-vehicle 0
173.8 622.3 175.3 623.6 143.7 662.3 142.2 661.1 small-vehicle 0
29.4 611.0 51.3 597.0 73.8 632.4 51.9 646.4 small-vehicle 0
59.6 608.2 66.6 601.1 82.3 616.6 75.2 623.7 small-vehicle 0
81.6 622.1 106.0 645.7 79.5 673.0 55.1 649.4 small-vehicle 0
136.1 653.3 148.1 666.7 107.9 702.7 95.9 689.3 small-vehicle 0
143.4 689.7 145.1 688.6 156.6 707.3 154.9 708.4 small-vehicle 0
121.0 587.3 143.5 612.8 121.0 632.7 98.5 607.2 small-vehicle 0
174.7 561.9 176.2 563.3 139.5 602.9 138.0 601.6 small-vehicle 0
571.0 621.9 602.2 593.8 633.0 628.0 601.7 656.1 large-vehicle 0
709.4 846.8 733.1 871.2 671.4 931.1 647.7 906.7 large-vehicle 0
684.4 827.7 696.6 841.0 642.2 891.2 630.0 877.9 large-vehicle 0
654.1 800.7 672.8 824.2 621.2 865.3 602.5 841.9 large-vehicle 0
649.3 781.4 657.6 792.7 598.0 836.6 589.7 825.3 large-vehicle 0
637.0 738.2 660.8 762.4 639.5 783.4 615.6 759.2 large-vehicle 0
646.5 705.3 655.5 716.1 586.2 773.6 577.3 762.8 large-vehicle 0
631.9 573.7 661.3 568.1 670.6 617.3 641.1 622.8 large-vehicle 0
440.5 345.1 462.7 365.3 437.1 393.4 414.9 373.2 small-vehicle 0
482.2 321.1 498.2 336.2 466.6 369.6 450.6 354.5 small-vehicle 0
570.0 308.1 605.6 321.4 589.4 364.5 553.8 351.1 small-vehicle 0
623.6 271.5 649.1 294.0 613.4 334.5 587.9 312.0 small-vehicle 0
