784.5 494.8 792.0 488.2 822.3 522.8 814.8 529.4 small-vehicle 0
805.1 496.1 822.7 477.0 838.9 491.9 821.3 511.0 small-vehicle 0
786.7 461.5 810.3 443.0 826.3 463.5 802.7 482.0 small-vehicle 0
737.3 476.6 760.5 457.6 787.1 490.1 763.9 509.1 small-vehicle 0
850.4 548.9 873.1 536.3 889.6 566.1 866.9 578.7 small-vehicle 0
860.7 619.3 871.8 647.1 840.3 659.8 829.1 631.9 small-vehicle 0
748.0 365.5 749.6 364.3 773.6 393.7 772.1 394.9 small-vehicle 0
330.9 728.7 423.3 711.2 454.1 874.3 361.7 891.8 tennis-court 0
473.0 700.4 544.7 718.6 529.5 778.7 457.7 760.4 tennis-court 0
479.6 622.7 558.0 545.5 741.8 732.2 663.4 809.4 tennis-court 0
618.7 576.4 700.5 509.0 821.3 655.6 739.5 723.0 tennis-court 0
776.2 547.5 802.6 526.2 824.0 552.7 797.5 574.0 small-vehicle 0
904.5 659.2 920.5 644.1 946.5 671.8 930.5 686.9 small-vehicle 0
882.3 616.8 902.2 600.0 931.9 635.1 912.0 651.9 small-vehicle 0
978.7 813.1 999.6 797.6 1027.1 834.5 1006.2 850.0 small-vehicle 0
955.3 882.6 974.4 859.5 1006.7 886.4 987.6 909.5 small-vehicle 0
956.2 775.5 975.9 758.6 1005.8 793.5 986.1 810.4 small-vehicle 0
937.8 736.3 959.7 722.2 984.6 760.9 962.7 775.0 small-vehicle 0
919.8 697.0 943.7 686.8 958.6 721.8 934.7 732.0 small-vehicle 0
182.5 785.6 284.8 735.1 386.5 941.4 284.2 991.9 tennis-court 0
595.3 209.9 615.6 193.6 647.0 232.5 626.8 248.8 small-vehicle 0
573.2 173.0 591.9 154.9 623.8 188.0 605.1 206.1 small-vehicle 0
653.5 187.7 677.4 177.4 692.5 212.3 668.6 222.6 small-vehicle 0
743.3 391.3 774.9 363.6 778.9 368.1 747.3 395.8 small-vehicle 0
740.8 310.1 754.3 341.3 726.7 353.2 713.3 322.0 small-vehicle 0
690.7 276.9 709.8 266.0 732.5 306.1 713.3 316.9 small-vehicle 0
670.3 251.5 694.4 233.6 712.3 257.8 688.1 275.6 small-vehicle 0
630.1 162.1 651.3 140.9 678.2 167.7 657.1 188.9 small-vehicle 0
594.4 95.0 617.8 76.2 646.6 112.0 623.2 130.8 small-vehicle 0
584.0 58.7 603.7 49.1 616.9 76.0 597.2 85.7 small-vehicle 0
