710.9 32.7 719.7 28.1 739.1 65.3 730.3 69.9 small-vehicle 0
685.2 32.1 694.0 27.3 718.3 71.0 709.5 75.8 small-vehicle 0
639.0 28.9 647.7 23.9 676.4 74.3 667.7 79.3 small-vehicle 0
629.4 41.9 639.4 41.2 641.6 71.1 631.6 71.8 small-vehicle 0
436.5 92.9 454.3 68.8 478.4 86.7 460.6 110.8 small-vehicle 0
392.8 74.1 422.8 73.2 423.9 115.2 393.9 116.1 small-vehicle 0
348.3 80.6 366.8 92.5 342.0 131.2 323.5 119.3 small-vehicle 0
198.8 258.5 206.6 238.0 242.2 251.5 234.4 272.0 small-vehicle 0
269.4 103.9 269.6 129.9 235.6 130.1 235.4 104.1 small-vehicle 0
156.6 91.8 182.3 87.7 188.4 125.2 162.7 129.3 small-vehicle 0
877.9 579.9 980.0 842.8 691.1 955.1 589.0 692.2 soccer-ball-field 0
90.7 271.5 96.8 292.7 56.5 304.4 50.4 283.3 small-vehicle 0
86.6 123.3 105.2 111.5 121.3 136.9 102.7 148.6 small-vehicle 0
30.5 144.5 37.2 165.4 12.5 173.4 5.7 152.5 small-vehicle 0
788.8 20.0 813.2 11.1 824.9 43.0 800.5 52.0 small-vehicle 0
818.1 20.1 840.7 7.3 857.4 36.9 834.8 49.7 small-vehicle 0
419.2 17.4 447.7 36.0 424.7 71.1 396.2 52.5 small-vehicle 0
