586.7 311.6 605.9 329.2 588.3 348.4 569.1 330.8 small-vehicle 0
715.8 987.6 724.7 976.7 757.2 1003.4 748.3 1014.3 large-vehicle 0
917.4 967.2 922.4 954.2 998.9 983.8 993.8 996.9 large-vehicle 0
986.7 924.3 992.8 953.7 920.3 968.7 914.2 939.3 large-vehicle 0
972.4 895.8 978.2 925.2 901.6 940.2 895.8 910.8 large-vehicle 0
930.3 845.2 940.5 873.4 889.7 891.8 879.5 863.6 large-vehicle 0
934.1 822.7 937.1 836.4 860.9 853.3 857.9 839.6 large-vehicle 0
845.4 813.0 851.8 787.8 919.6 805.0 913.2 830.2 large-vehicle 0
863.3 708.5 870.5 733.5 814.7 749.5 807.5 724.5 large-vehicle 0
867.9 684.6 868.0 710.6 802.0 710.7 801.9 684.7 large-vehicle 0
661.9 181.7 682.8 154.9 715.9 180.6 695.1 207.5 small-vehicle 0
712.4 174.3 738.3 152.3 768.0 187.4 742.1 209.4 small-vehicle 0
402.5 406.8 420.5 440.3 383.5 460.2 365.5 426.7 small-vehicle 0
300.8 465.8 325.2 456.9 335.5 485.1 311.1 494.0 small-vehicle 0
301.9 473.7 309.5 494.3 285.1 503.3 277.5 482.7 small-vehicle 0
745.7 975.8 754.2 964.6 781.3 985.2 772.8 996.4 large-vehicle 0
894.0 32.5 910.8 52.4 878.8 79.5 862.0 59.7 small-vehicle 0
545.9 501.2 560.7 511.5 539.1 542.8 524.3 532.5 large-vehicle 0
440.6 716.9 482.7 683.2 531.4 744.1 489.3 777.8 large-vehicle 0
710.1 511.9 723.7 515.6 709.6 567.7 696.1 564.1 large-vehicle 0
701.1 636.4 723.0 638.0 721.1 664.0 699.1 662.3 large-vehicle 0
651.8 568.8 670.1 535.5 703.4 553.9 685.1 587.1 large-vehicle 0
413.3 559.6 431.7 583.3 379.5 623.7 361.1 600.0 large-vehicle 0
480.6 522.7 513.3 532.0 501.9 572.4 469.2 563.1 large-vehicle 0
126.4 568.2 141.9 593.9 116.2 609.4 100.7 583.7 large-vehicle 0
767.4 961.6 785.1 942.5 824.8 979.1 807.1 998.2 large-vehicle 0
520.2 341.8 575.4 305.5 600.6 344.0 545.5 380.2 large-vehicle 0
95.7 454.8 107.7 477.9 59.8 502.7 47.8 479.7 large-vehicle 0
77.7 427.5 95.3 451.8 48.5 485.9 30.8 461.7 large-vehicle 0
73.0 321.6 91.1 309.1 122.0 353.4 103.9 365.9 large-vehicle 0
773.5 190.9 789.4 216.3 658.8 297.9 642.9 272.5 large-vehicle 0
855.5 129.7 868.9 141.6 819.8 196.9 806.3 185.0 large-vehicle 0
426.3 717.8 455.8 700.9 484.7 751.2 455.2 768.1 large-vehicle 0
317.8 723.9 328.9 691.8 402.6 717.3 391.5 749.4 large-vehicle 0
240.6 744.4 283.7 719.0 329.4 796.6 286.3 822.0 large-vehicle 0
204.6 796.6 219.6 775.3 270.2 811.1 255.2 832.3 large-vehicle 0
320.6 871.7 376.2 907.4 338.4 966.3 282.8 930.6 large-vehicle 0
603.5 826.6 604.9 828.0 603.5 829.4 602.1 828.0 large-vehicle 0
495.1 700.3 496.2 698.6 497.9 699.7 496.8 701.4 large-vehicle 0
513.0 690.6 514.6 689.4 515.8 691.0 514.2 692.2 large-vehicle 0
803.3 933.6 824.0 926.0 845.4 984.2 824.8 991.8 large-vehicle 0
225.3 505.3 247.5 525.5 224.7 550.7 202.5 530.5 small-vehicle 0
195.7 518.1 218.0 531.5 200.5 560.7 178.2 547.3 small-vehicle 0
178.1 531.4 196.7 555.0 166.9 578.6 148.3 555.0 small-vehicle 0
496.8 735.6 499.6 730.3 529.6 746.2 526.8 751.5 small-vehicle 0
631.7 872.8 653.5 852.1 682.4 882.6 660.7 903.2 small-vehicle 0
660.0 855.1 666.6 847.6 695.0 872.9 688.4 880.4 small-vehicle 0
681.6 849.7 689.0 843.0 714.4 871.3 707.0 878.0 small-vehicle 0
704.7 835.5 716.9 828.7 741.3 872.3 729.1 879.2 small-vehicle 0
702.1 806.9 712.1 821.9 677.2 845.2 667.2 830.3 small-vehicle 0
509.8 729.9 527.9 711.3 552.2 735.1 534.1 753.7 small-vehicle 0
492.5 353.6 510.4 366.4 490.6 394.1 472.7 381.3 small-vehicle 0
334.9 900.9 357.8 888.6 381.4 932.7 358.5 945.0 small-vehicle 0
355.7 867.4 371.7 852.4 403.2 885.9 387.2 900.9 small-vehicle 0
446.4 829.3 464.7 817.2 490.1 855.6 471.7 867.7 small-vehicle 0
489.8 834.2 508.6 822.8 526.3 851.9 507.4 863.3 small-vehicle 0
505.9 818.9 513.5 812.4 540.8 844.3 533.2 850.8 small-vehicle 0
525.4 801.0 534.7 797.4 551.3 840.3 542.0 843.9 small-vehicle 0
824.9 761.8 838.9 730.9 877.1 748.2 863.1 779.1 small-vehicle 0
845.1 780.7 848.9 771.4 880.3 784.3 876.5 793.6 small-vehicle 0
547.0 793.2 556.5 789.9 569.0 825.8 559.5 829.1 small-vehicle 0
601.1 803.3 629.4 784.4 654.9 822.7 626.6 841.6 small-vehicle 0
585.7 774.8 606.8 753.5 636.7 783.0 615.6 804.3 small-vehicle 0
453.9 526.0 475.9 526.0 476.1 584.0 454.1 584.0 small-vehicle 0
599.5 488.6 602.6 518.4 568.8 522.0 565.7 492.2 small-vehicle 0
431.4 473.1 454.1 485.7 439.6 511.9 416.9 499.3 small-vehicle 0
341.8 538.4 343.7 576.3 305.7 578.3 303.8 540.3 small-vehicle 0
263.8 578.4 282.0 554.6 312.2 577.6 294.0 601.4 small-vehicle 0
231.1 587.4 238.5 580.6 266.9 611.6 259.5 618.4 small-vehicle 0
235.7 593.3 246.5 621.3 222.3 630.7 211.5 602.7 small-vehicle 0
175.4 620.9 183.8 615.5 213.0 660.9 204.6 666.3 small-vehicle 0
154.6 632.3 161.9 625.5 193.2 659.2 185.9 666.0 small-vehicle 0
134.8 648.3 140.5 640.0 175.2 663.7 169.5 672.0 small-vehicle 0
256.7 662.2 268.0 654.0 290.3 684.8 279.0 693.0 small-vehicle 0
285.4 640.3 315.3 641.7 313.6 679.7 283.7 678.3 small-vehicle 0
312.7 629.5 325.7 624.4 339.4 659.8 326.4 664.9 small-vehicle 0
339.9 604.1 369.9 605.4 367.7 655.3 337.7 654.0 small-vehicle 0
421.5 555.5 451.5 553.3 454.5 595.2 424.6 597.4 small-vehicle 0
567.3 568.6 588.5 553.6 615.1 591.2 593.9 606.2 small-vehicle 0
635.3 787.2 657.1 766.6 680.5 791.3 658.7 811.9 small-vehicle 0
541.0 575.6 548.5 569.0 579.0 603.4 571.5 610.0 small-vehicle 0
520.8 583.5 528.4 577.0 555.8 608.8 548.2 615.4 small-vehicle 0
502.3 590.7 510.0 584.2 539.7 619.3 532.0 625.8 small-vehicle 0
483.2 595.7 491.9 590.8 514.6 630.8 505.9 635.7 small-vehicle 0
451.6 620.5 459.5 614.4 482.9 644.4 475.0 650.5 small-vehicle 0
426.9 651.9 434.6 627.1 467.1 637.1 459.4 662.0 small-vehicle 0
403.3 643.9 411.8 638.7 431.7 671.1 423.2 676.3 small-vehicle 0
383.5 654.6 391.6 648.6 416.5 682.4 408.4 688.4 small-vehicle 0
294.4 716.3 310.3 695.7 346.7 723.8 330.8 744.4 small-vehicle 0
184.6 703.7 204.6 720.2 185.4 743.3 165.4 726.8 small-vehicle 0
558.6 682.8 578.5 666.1 608.0 701.4 588.1 718.1 small-vehicle 0
590.1 669.4 599.1 665.1 618.9 706.6 609.9 710.9 small-vehicle 0
559.2 637.4 580.1 622.0 612.2 665.4 591.3 680.9 small-vehicle 0
588.2 629.7 609.2 614.3 636.3 651.5 615.3 666.8 small-vehicle 0
927.2 80.2 947.3 102.4 904.3 141.3 884.1 119.1 large-vehicle 0
