286.4 315.9 317.7 248.8 363.0 270.0 331.7 337.1 large-vehicle 0
420.0 115.3 430.1 100.4 468.2 126.1 458.1 141.0 large-vehicle 0
402.3 154.0 425.2 123.6 455.5 146.5 432.7 176.8 large-vehicle 0
374.0 170.7 395.7 144.5 462.0 199.3 440.3 225.5 large-vehicle 0
388.1 211.5 396.1 200.1 427.2 222.0 419.1 233.4 large-vehicle 0
356.5 231.8 365.0 220.7 436.5 275.2 428.0 286.3 large-vehicle 0
357.6 269.6 365.7 258.2 439.0 310.5 430.9 321.9 large-vehicle 0
349.7 309.7 368.1 281.1 430.3 321.3 411.9 349.9 large-vehicle 0
334.4 177.2 374.0 200.6 348.5 243.6 308.9 220.2 large-vehicle 0
21.4 900.2 25.5 822.3 99.4 826.1 95.3 904.0 large-vehicle 0
316.6 397.2 335.7 414.8 304.5 448.6 285.4 431.0 small-vehicle 0
269.3 417.0 294.8 394.5 306.7 408.0 281.2 430.5 small-vehicle 0
351.8 114.9 372.1 106.4 389.9 148.9 369.6 157.4 large-vehicle 0
551.6 209.1 582.9 175.4 637.1 225.8 605.8 259.5 large-vehicle 0
589.1 321.4 614.6 288.0 660.7 323.3 635.1 356.6 large-vehicle 0
743.6 137.6 763.9 105.5 836.5 151.6 816.2 183.6 large-vehicle 0
906.1 201.1 929.9 161.7 989.9 197.9 966.1 237.3 large-vehicle 0
853.0 173.5 872.0 150.3 910.7 181.9 891.7 205.2 small-vehicle 0
100.5 872.4 129.1 854.0 154.0 892.7 125.4 911.1 small-vehicle 0
156.5 887.9 184.6 868.8 206.0 900.2 177.9 919.3 small-vehicle 0
456.8 180.1 505.5 129.8 532.8 156.3 484.1 206.5 large-vehicle 0
