202.8 394.0 219.9 369.3 313.6 434.2 296.5 458.9 large-vehicle 0
192.9 435.3 209.7 410.4 297.7 469.5 280.9 494.4 large-vehicle 0
186.7 475.3 203.1 450.2 281.8 501.5 265.5 526.6 large-vehicle 0
147.2 511.4 165.0 487.3 259.8 557.6 242.0 581.7 large-vehicle 0
637.6 411.3 659.8 431.5 566.8 533.5 544.6 513.2 large-vehicle 0
354.5 677.6 368.3 646.6 417.6 668.5 403.8 699.6 small-vehicle 0
615.5 683.2 627.9 689.7 606.3 730.4 593.9 723.8 small-vehicle 0
640.9 710.4 661.4 678.4 690.1 696.7 669.6 728.7 small-vehicle 0
685.6 689.1 699.4 691.6 691.4 736.9 677.6 734.4 small-vehicle 0
448.5 421.0 458.8 401.6 506.5 427.0 496.2 446.4 small-vehicle 0
894.1 742.2 918.6 724.8 936.0 749.2 911.5 766.6 small-vehicle 0
967.8 729.2 994.9 742.1 975.1 783.6 948.0 770.7 small-vehicle 0
555.8 668.3 560.0 677.4 518.2 696.7 514.0 687.6 small-vehicle 0
554.0 672.6 564.0 672.4 565.0 710.4 555.0 710.6 small-vehicle 0
587.5 666.9 600.5 672.1 580.7 722.3 567.7 717.2 small-vehicle 0
246.5 319.6 264.0 295.3 350.1 357.1 332.6 381.5 large-vehicle 0
