949.1 55.4 966.5 79.9 938.9 99.6 921.5 75.1 small-vehicle 0
931.3 151.2 931.7 133.2 961.7 133.8 961.3 151.8 small-vehicle 0
634.9 76.4 635.8 78.2 634.0 79.1 633.1 77.3 large-vehicle 0
776.3 77.2 791.0 51.1 813.7 63.8 799.0 89.9 small-vehicle 0
913.5 -3.3 939.5 18.7 917.6 44.6 891.6 22.7 small-vehicle 0
742.1 939.3 760.5 915.6 777.9 929.1 759.5 952.8 small-vehicle 0
550.9 424.0 596.0 415.0 616.1 515.0 571.0 524.0 large-vehicle 0
566.2 756.1 583.0 749.6 613.8 829.9 597.0 836.4 large-vehicle 0
599.0 761.9 631.5 752.0 655.5 830.4 623.0 840.3 large-vehicle 0
871.9 328.1 915.7 313.9 941.1 391.9 897.3 406.1 large-vehicle 0
896.2 509.1 954.2 507.9 955.8 589.9 897.8 591.1 large-vehicle 0
729.5 910.3 759.5 894.3 767.9 910.2 737.9 926.2 small-vehicle 0
698.4 884.7 720.2 870.7 738.6 899.3 716.8 913.3 small-vehicle 0
775.2 802.6 789.5 776.2 819.4 792.3 805.2 818.7 small-vehicle 0
780.7 859.6 802.5 838.9 831.3 869.4 809.5 890.1 small-vehicle 0
819.8 893.5 837.6 931.5 799.6 949.3 781.8 911.3 small-vehicle 0
751.1 991.5 758.4 984.7 787.0 1015.6 779.6 1022.3 small-vehicle 0
828.3 996.5 831.1 1006.1 794.6 1016.7 791.8 1007.0 small-vehicle 0
685.9 360.0 740.5 340.5 773.4 432.9 718.7 452.3 large-vehicle 0
823.9 972.8 827.7 977.5 795.2 1004.1 791.4 999.5 small-vehicle 0
729.0 997.7 735.9 990.4 766.2 1019.5 759.3 1026.7 small-vehicle 0
958.5 930.7 983.6 923.9 996.5 972.2 971.4 978.9 small-vehicle 0
925.6 774.6 954.2 756.2 981.2 798.3 952.6 816.7 small-vehicle 0
811.0 633.3 836.0 626.1 846.6 662.6 821.6 669.8 small-vehicle 0
799.0 595.5 818.7 578.6 846.0 610.5 826.3 627.4 small-vehicle 0
793.7 550.6 816.7 538.4 836.3 575.5 813.3 587.7 small-vehicle 0
786.3 513.7 805.2 490.5 834.7 514.5 815.7 537.7 small-vehicle 0
816.2 362.8 844.2 343.5 865.7 374.9 837.7 394.1 small-vehicle 0
798.2 276.7 821.8 252.3 854.8 284.3 831.2 308.7 small-vehicle 0
616.1 424.4 645.7 419.8 657.8 496.8 628.1 501.5 large-vehicle 0
453.9 681.1 456.3 694.9 344.1 714.9 341.7 701.1 large-vehicle 0
485.5 433.2 535.0 425.9 549.9 526.8 500.5 534.1 large-vehicle 0
307.6 481.0 357.0 472.9 370.9 557.8 321.6 565.9 large-vehicle 0
425.6 577.4 431.4 598.6 329.3 626.9 323.4 605.7 large-vehicle 0
399.4 618.7 409.1 628.8 367.3 669.1 357.6 659.0 large-vehicle 0
456.7 648.4 460.5 661.8 343.0 694.7 339.2 681.2 large-vehicle 0
456.2 708.1 458.5 717.8 339.8 745.9 337.5 736.2 large-vehicle 0
53.2 615.0 57.2 624.1 15.2 642.8 11.1 633.7 small-vehicle 0
457.8 732.5 460.1 742.3 345.0 768.6 342.8 758.8 large-vehicle 0
443.6 761.2 445.6 771.0 357.4 788.8 355.4 779.0 large-vehicle 0
491.6 831.8 520.5 814.0 540.5 846.3 511.5 864.2 large-vehicle 0
44.2 588.7 50.0 596.9 15.8 621.3 10.0 613.1 small-vehicle 0
