78.7 213.0 91.2 206.6 110.3 244.0 97.8 250.4 small-vehicle 0
297.0 352.9 308.6 380.6 229.2 413.7 217.6 386.0 large-vehicle 0
299.6 407.3 311.8 430.3 246.3 464.9 234.2 441.9 large-vehicle 0
556.4 470.4 568.1 498.0 481.6 534.6 469.9 507.0 large-vehicle 0
53.4 134.4 84.0 111.9 113.7 152.2 83.1 174.7 small-vehicle 0
42.9 231.9 68.9 210.1 93.4 239.2 67.3 261.0 small-vehicle 0
630.9 14.8 636.3 23.2 604.2 43.6 598.8 35.2 small-vehicle 0
92.0 299.0 104.5 292.5 122.0 326.3 109.6 332.7 small-vehicle 0
60.6 312.9 91.3 298.2 109.4 336.1 78.7 350.8 small-vehicle 0
989.9 329.3 998.9 357.9 993.1 359.7 984.1 331.1 small-vehicle 0
870.9 350.8 880.3 383.5 836.1 396.2 826.7 363.5 small-vehicle 0
294.3 322.1 305.0 350.1 217.2 383.7 206.5 355.7 large-vehicle 0
314.2 281.0 325.3 308.9 185.8 364.0 174.7 336.1 large-vehicle 0
982.9 -9.6 990.8 23.4 899.5 45.5 891.5 12.4 large-vehicle 0
514.7 1.6 522.7 -4.4 545.6 25.9 537.6 31.9 large-vehicle 0
469.2 -4.9 475.8 -12.5 541.1 43.5 534.6 51.1 large-vehicle 0
588.7 15.0 592.0 -6.7 629.6 -1.1 626.3 20.7 small-vehicle 0
187.3 868.1 244.6 858.7 254.7 919.9 197.4 929.3 small-vehicle 0
153.6 907.0 174.4 861.5 234.4 889.0 213.6 934.5 large-vehicle 0
135.1 668.4 164.1 650.8 188.0 690.1 158.9 707.8 small-vehicle 0
744.6 930.1 759.6 965.0 728.4 978.5 713.3 943.5 small-vehicle 0
990.6 329.3 999.1 358.0 993.4 359.7 984.9 331.0 small-vehicle 0
596.6 58.4 635.3 33.5 645.0 48.7 606.3 73.5 small-vehicle 0
