19.4 873.2 57.1 868.6 62.7 914.3 24.9 918.9 small-vehicle 0
345.1 766.1 349.4 775.2 296.9 799.9 292.6 790.8 large-vehicle 0
230.1 816.3 235.0 825.0 201.9 843.7 197.0 835.0 large-vehicle 0
287.6 805.0 292.3 813.8 262.4 830.0 257.7 821.2 large-vehicle 0
339.6 792.7 343.1 802.1 311.2 814.0 307.7 804.6 large-vehicle 0
173.6 811.2 178.9 819.6 146.9 840.0 141.5 831.5 large-vehicle 0
228.9 800.6 232.6 809.8 201.1 822.4 197.4 813.2 large-vehicle 0
281.9 785.0 287.0 793.5 257.9 811.1 252.8 802.6 large-vehicle 0
170.5 795.3 173.8 804.7 138.0 817.4 134.7 807.9 large-vehicle 0
143.7 671.2 153.6 695.3 100.0 717.4 90.1 693.4 large-vehicle 0
218.1 779.6 223.6 787.9 195.2 806.6 189.7 798.3 large-vehicle 0
282.1 753.9 289.4 765.9 232.9 800.1 225.6 788.1 large-vehicle 0
332.0 742.9 337.6 751.1 289.9 784.1 284.2 775.9 large-vehicle 0
226.1 756.3 230.1 765.5 176.9 788.7 172.9 779.5 large-vehicle 0
162.7 773.2 167.4 782.0 133.9 799.8 129.2 791.0 large-vehicle 0
182.0 743.0 186.1 752.1 104.2 789.4 100.0 780.3 large-vehicle 0
334.7 813.2 339.4 822.0 309.3 837.8 304.6 829.0 large-vehicle 0
289.4 830.1 292.5 839.6 260.1 849.9 257.0 840.4 large-vehicle 0
236.8 839.7 240.5 849.0 209.0 861.6 205.2 852.4 large-vehicle 0
175.3 833.5 179.7 842.5 145.7 859.5 141.3 850.5 large-vehicle 0
185.7 858.5 187.7 868.3 154.4 875.2 152.4 865.4 large-vehicle 0
340.0 835.3 344.0 844.5 312.8 858.0 308.8 848.8 large-vehicle 0
289.2 847.9 293.9 856.8 263.9 872.7 259.2 863.9 large-vehicle 0
233.6 861.3 239.5 869.3 212.1 889.5 206.2 881.4 large-vehicle 0
184.3 874.9 189.3 883.6 159.9 900.6 154.9 892.0 large-vehicle 0
342.7 850.4 349.4 857.9 324.1 880.6 317.4 873.2 large-vehicle 0
294.6 867.0 299.5 875.8 269.8 892.4 264.9 883.7 large-vehicle 0
244.5 880.3 250.2 888.5 225.5 905.7 219.8 897.5 large-vehicle 0
194.3 895.4 199.1 904.2 169.2 920.4 164.4 911.6 large-vehicle 0
358.7 869.2 363.6 877.9 316.8 904.7 311.8 896.0 large-vehicle 0
301.6 887.1 306.0 896.1 275.4 910.9 271.0 901.9 large-vehicle 0
251.4 899.4 257.0 907.7 228.9 926.8 223.3 918.5 large-vehicle 0
200.0 915.2 204.6 924.1 171.0 941.8 166.4 932.9 large-vehicle 0
178.7 720.1 182.7 729.3 96.5 766.8 92.5 757.7 large-vehicle 0
174.8 640.8 212.2 685.1 174.1 717.4 136.6 673.1 large-vehicle 0
262.2 923.4 265.7 932.8 233.9 944.8 230.4 935.5 large-vehicle 0
756.2 170.1 793.5 177.4 784.6 222.5 747.3 215.2 large-vehicle 0
861.1 270.9 870.9 272.5 865.9 302.1 856.1 300.5 large-vehicle 0
831.8 221.5 863.6 254.7 836.2 281.0 804.4 247.8 large-vehicle 0
888.0 166.2 916.5 156.7 936.1 215.5 907.6 225.0 large-vehicle 0
871.8 162.0 885.5 159.1 898.3 219.8 884.6 222.7 large-vehicle 0
843.6 171.1 852.4 166.3 876.4 210.1 867.7 214.9 large-vehicle 0
837.1 128.4 850.6 132.0 831.9 203.6 818.4 200.0 large-vehicle 0
694.6 185.0 728.7 168.1 750.9 212.9 716.9 229.8 large-vehicle 0
239.1 616.4 256.3 645.7 209.8 673.0 192.5 643.7 large-vehicle 0
989.3 116.0 995.6 108.2 1037.7 142.0 1031.4 149.8 large-vehicle 0
969.6 108.0 978.6 103.6 1002.4 152.0 993.4 156.4 large-vehicle 0
947.6 105.2 961.3 102.0 974.4 158.5 960.8 161.7 large-vehicle 0
924.6 104.6 938.5 102.9 946.4 164.4 932.5 166.1 large-vehicle 0
900.0 116.4 913.9 114.8 918.0 152.6 904.1 154.2 large-vehicle 0
878.0 264.6 903.7 268.8 897.6 306.3 871.9 302.1 large-vehicle 0
843.7 305.6 856.6 311.2 838.3 353.4 825.4 347.8 large-vehicle 0
923.2 313.4 931.8 318.4 906.8 361.6 898.2 356.6 large-vehicle 0
877.5 316.8 887.2 314.2 902.5 370.2 892.8 372.8 large-vehicle 0
856.2 337.9 860.1 333.4 876.9 347.6 873.0 352.2 large-vehicle 0
860.1 453.4 873.3 448.7 885.9 484.5 872.7 489.2 large-vehicle 0
891.8 451.6 905.8 451.4 906.2 489.4 892.2 489.6 large-vehicle 0
901.6 444.0 934.6 435.9 948.3 492.3 915.3 500.3 large-vehicle 0
858.2 504.1 872.0 501.8 879.9 551.2 866.1 553.4 large-vehicle 0
873.0 549.4 898.9 497.5 915.0 505.6 889.1 557.5 large-vehicle 0
898.3 505.2 923.6 498.9 937.6 555.2 912.4 561.5 large-vehicle 0
427.6 557.1 440.6 552.0 473.9 635.6 460.8 640.8 large-vehicle 0
401.0 549.0 414.3 544.6 446.4 641.4 433.1 645.8 large-vehicle 0
379.1 571.6 387.8 566.7 414.5 613.6 405.8 618.6 large-vehicle 0
343.2 563.0 355.6 556.5 396.9 636.5 384.4 642.9 large-vehicle 0
334.5 803.7 371.8 784.4 409.5 857.3 372.2 876.6 large-vehicle 0
292.6 605.6 310.5 629.7 270.3 659.5 252.4 635.4 large-vehicle 0
313.4 903.8 319.3 911.9 295.2 929.7 289.3 921.7 large-vehicle 0
206.4 933.9 210.8 942.8 176.7 959.7 172.3 950.7 large-vehicle 0
216.3 424.5 219.1 414.9 259.4 426.4 256.7 436.1 small-vehicle 0
254.6 449.6 258.8 453.9 231.7 480.6 227.5 476.3 small-vehicle 0
258.6 399.8 260.3 409.7 219.0 417.0 217.3 407.1 small-vehicle 0
255.4 427.7 261.8 435.4 229.4 462.1 223.0 454.4 small-vehicle 0
533.0 576.7 534.8 577.5 534.0 579.3 532.2 578.5 large-vehicle 0
296.2 420.5 330.6 390.0 355.8 418.5 321.4 449.0 small-vehicle 0
701.1 401.0 704.7 396.2 776.1 451.1 772.4 455.9 small-vehicle 0
763.0 394.8 771.9 456.2 758.0 458.2 749.1 396.8 small-vehicle 0
770.0 399.3 791.9 400.2 789.9 450.1 767.9 449.3 small-vehicle 0
768.7 404.9 799.5 485.1 726.7 513.1 695.9 432.8 large-vehicle 0
273.8 531.1 332.6 501.1 358.9 552.8 300.1 582.8 large-vehicle 0
591.2 736.9 611.4 759.1 583.2 784.7 563.1 762.5 large-vehicle 0
587.5 797.5 591.9 827.1 542.5 834.5 538.1 804.9 large-vehicle 0
497.0 859.8 508.7 841.1 578.1 884.7 566.5 903.3 large-vehicle 0
479.1 925.0 489.7 901.3 549.9 928.4 539.2 952.1 large-vehicle 0
453.0 951.8 461.4 927.2 554.2 958.8 545.8 983.4 large-vehicle 0
461.8 976.8 476.9 955.6 524.2 989.2 509.1 1010.4 large-vehicle 0
418.5 814.0 456.9 781.9 499.2 832.6 460.9 864.6 large-vehicle 0
642.9 618.0 661.7 636.0 627.1 672.0 608.3 654.0 large-vehicle 0
331.9 918.2 336.9 926.8 286.6 955.7 281.6 947.0 large-vehicle 0
447.7 944.0 472.6 960.8 422.3 1035.4 397.4 1018.6 large-vehicle 0
279.7 979.9 285.0 988.4 215.4 1031.8 210.1 1023.3 large-vehicle 0
207.4 972.6 211.3 977.1 185.6 999.4 181.7 994.9 large-vehicle 0
271.5 965.0 273.6 974.8 236.5 983.0 234.4 973.2 large-vehicle 0
341.5 951.5 342.2 961.5 280.3 965.7 279.6 955.7 large-vehicle 0
211.2 956.4 214.4 965.8 178.4 978.0 175.2 968.6 large-vehicle 0
261.1 941.6 266.1 950.2 236.7 967.2 231.7 958.5 large-vehicle 0
885.6 116.3 895.0 119.7 883.4 151.7 874.0 148.3 large-vehicle 0
