660.7 654.5 670.9 687.0 630.8 699.6 620.7 667.1 small-vehicle 0
432.4 597.9 451.4 569.8 469.6 582.1 450.6 610.2 small-vehicle 0
362.1 531.9 370.5 543.1 340.1 565.9 331.7 554.7 small-vehicle 0
343.8 524.5 346.5 534.1 302.2 546.5 299.5 536.9 small-vehicle 0
407.2 965.8 424.8 941.5 458.8 966.2 441.2 990.5 small-vehicle 0
589.0 629.1 594.6 637.4 563.0 658.5 557.4 650.2 small-vehicle 0
608.1 638.1 614.8 645.5 583.9 673.9 577.1 666.5 small-vehicle 0
572.4 616.8 576.8 625.8 535.6 646.2 531.2 637.2 small-vehicle 0
722.7 693.7 755.7 656.1 799.3 694.3 766.3 731.9 large-vehicle 0
791.0 716.3 796.8 682.8 854.0 692.7 848.2 726.2 large-vehicle 0
121.7 42.0 135.6 20.1 191.3 55.4 177.4 77.4 large-vehicle 0
114.7 69.7 130.7 49.2 176.5 84.8 160.5 105.3 large-vehicle 0
105.3 93.8 123.6 75.3 164.7 116.2 146.4 134.7 large-vehicle 0
129.4 141.5 136.8 174.7 91.9 184.6 84.5 151.4 large-vehicle 0
934.9 793.0 952.8 817.1 919.0 842.1 901.2 817.9 small-vehicle 0
960.1 465.3 990.7 487.8 965.9 521.7 935.3 499.2 large-vehicle 0
465.5 614.2 467.6 588.3 485.5 589.8 483.4 615.7 small-vehicle 0
955.9 387.9 980.5 370.7 1004.6 405.2 980.0 422.3 small-vehicle 0
285.3 383.0 301.0 362.2 385.7 426.0 370.0 446.8 large-vehicle 0
898.2 693.9 907.1 683.0 980.1 742.2 971.3 753.1 large-vehicle 0
891.6 733.7 916.8 710.9 961.1 759.8 935.8 782.6 large-vehicle 0
-12.2 482.6 23.4 469.5 35.2 501.4 -0.4 514.5 large-vehicle 0
12.4 411.8 21.0 416.9 -0.4 453.1 -9.0 448.0 large-vehicle 0
24.3 417.2 46.1 431.2 27.7 459.8 5.9 445.8 large-vehicle 0
78.4 84.3 102.6 101.9 75.6 139.1 51.3 121.5 large-vehicle 0
894.9 668.0 913.0 644.1 1010.1 718.0 992.0 741.9 large-vehicle 0
761.1 647.9 769.8 623.4 816.9 640.1 808.2 664.6 large-vehicle 0
930.0 643.5 937.8 614.5 986.0 627.5 978.2 656.5 large-vehicle 0
957.2 582.4 958.8 583.6 957.6 585.2 956.0 584.0 large-vehicle 0
916.5 405.9 938.8 419.3 898.5 486.1 876.2 472.7 large-vehicle 0
867.9 385.8 886.6 397.4 854.1 450.2 835.4 438.6 large-vehicle 0
969.3 146.4 1001.0 158.8 982.8 205.4 951.1 193.0 large-vehicle 0
893.0 268.9 914.6 283.4 900.1 305.0 878.5 290.5 large-vehicle 0
894.7 206.2 910.1 215.7 854.3 305.8 838.9 296.3 large-vehicle 0
754.6 328.0 829.8 369.7 811.4 403.0 736.2 361.3 storage-tank 0
815.6 319.5 829.5 320.8 823.4 382.5 809.5 381.2 storage-tank 0
749.7 409.4 767.3 422.6 749.3 446.6 731.7 433.4 storage-tank 0
801.1 419.4 816.0 449.9 781.9 466.6 767.0 436.1 storage-tank 0
704.1 469.3 728.0 445.1 757.9 474.7 734.0 498.9 storage-tank 0
752.3 487.1 772.9 465.3 794.7 485.9 774.1 507.7 storage-tank 0
793.1 323.0 805.2 330.1 793.9 349.0 781.8 341.9 storage-tank 0
