377.4 74.9 391.8 114.4 363.7 124.7 349.2 85.3 small-vehicle 0
290.5 93.2 297.7 86.3 326.6 116.8 319.3 123.7 small-vehicle 0
258.7 98.9 275.0 84.1 303.3 115.1 287.0 129.9 small-vehicle 0
246.3 86.1 260.2 87.2 256.8 129.1 242.8 127.9 small-vehicle 0
106.9 126.4 112.8 96.9 146.1 103.6 140.2 133.1 small-vehicle 0
43.0 91.1 63.6 123.0 35.0 141.4 14.4 109.5 small-vehicle 0
217.0 64.7 240.3 40.0 265.0 63.3 241.7 88.0 small-vehicle 0
-5.5 48.8 -2.4 19.0 19.5 21.2 16.4 51.0 small-vehicle 0
219.8 26.2 232.3 3.4 262.2 19.8 249.7 42.6 small-vehicle 0
272.9 0.2 287.0 17.1 267.1 33.8 253.0 16.9 small-vehicle 0
367.7 -8.5 383.5 0.2 369.0 26.4 353.2 17.7 small-vehicle 0
343.7 -1.5 355.1 21.9 335.3 31.5 323.9 8.1 small-vehicle 0
313.7 2.2 319.3 10.5 291.3 29.8 285.7 21.5 small-vehicle 0
191.8 29.4 207.7 -0.6 227.2 9.7 211.2 39.7 small-vehicle 0
27.4 13.2 41.1 10.5 48.6 47.7 34.9 50.5 small-vehicle 0
132.8 14.6 161.2 -4.2 182.2 27.4 153.8 46.2 small-vehicle 0
129.7 10.4 137.8 16.3 120.3 40.6 112.2 34.7 small-vehicle 0
88.3 43.7 91.8 1.9 109.7 3.4 106.2 45.2 small-vehicle 0
44.4 24.9 62.8 6.5 92.6 36.1 74.2 54.5 small-vehicle 0
726.3 964.5 745.0 936.1 790.1 965.8 771.4 994.2 small-vehicle 0
615.9 645.7 622.1 653.6 592.2 677.1 586.0 669.2 small-vehicle 0
544.0 700.6 547.2 691.1 587.0 704.4 583.8 713.9 small-vehicle 0
577.3 707.9 581.3 712.3 556.1 735.1 552.1 730.7 small-vehicle 0
590.7 822.0 617.9 795.6 644.4 822.9 617.1 849.3 small-vehicle 0
683.9 418.8 713.6 395.1 724.9 409.1 695.2 432.9 small-vehicle 0
731.6 422.6 732.1 428.6 714.1 430.0 713.6 424.1 small-vehicle 0
751.2 409.3 760.2 413.8 746.8 440.7 737.8 436.2 small-vehicle 0
786.9 436.0 787.5 445.9 745.5 448.4 745.0 438.4 small-vehicle 0
797.0 439.6 803.2 447.5 767.2 476.1 761.0 468.3 small-vehicle 0
814.3 447.9 821.2 455.1 790.7 484.1 783.8 476.9 small-vehicle 0
654.0 482.1 678.9 465.4 700.0 496.9 675.1 513.6 small-vehicle 0
670.1 529.8 673.9 516.3 698.9 523.2 695.1 536.7 small-vehicle 0
697.3 561.6 715.2 585.7 684.7 608.4 666.8 584.3 small-vehicle 0
709.6 606.1 718.2 630.6 682.4 643.2 673.8 618.7 small-vehicle 0
804.9 514.2 826.8 483.1 841.5 493.5 819.7 524.6 small-vehicle 0
838.3 501.0 857.9 518.2 830.2 549.8 810.6 532.6 small-vehicle 0
853.9 533.0 858.6 541.8 832.1 556.0 827.4 547.2 small-vehicle 0
816.9 572.6 828.3 549.2 869.7 569.3 858.3 592.7 small-vehicle 0
718.2 720.9 729.3 753.1 685.8 768.1 674.7 735.9 small-vehicle 0
713.1 768.5 720.5 784.9 685.9 800.5 678.5 784.1 small-vehicle 0
710.6 819.6 724.4 850.6 693.4 864.4 679.6 833.4 small-vehicle 0
611.4 620.1 623.0 638.8 590.7 658.9 579.1 640.2 small-vehicle 0
540.8 649.6 547.1 628.6 579.7 638.4 573.4 659.4 small-vehicle 0
577.5 575.7 590.5 558.0 627.5 585.3 614.5 603.0 small-vehicle 0
590.4 428.6 592.4 428.4 592.6 430.4 590.6 430.6 small-vehicle 0
684.6 353.1 686.5 327.2 724.4 329.9 722.5 355.8 small-vehicle 0
716.0 339.6 725.7 337.5 736.0 386.4 726.3 388.5 small-vehicle 0
766.8 383.1 783.4 363.1 818.9 392.5 802.3 412.5 small-vehicle 0
837.5 452.9 858.2 431.2 888.5 460.1 867.8 481.8 small-vehicle 0
559.8 378.8 563.7 388.0 532.4 401.2 528.5 392.0 small-vehicle 0
571.2 389.6 572.0 379.6 605.8 382.4 605.0 392.4 small-vehicle 0
529.6 405.8 558.2 396.8 562.4 410.2 533.8 419.2 small-vehicle 0
574.7 393.4 596.3 389.1 601.3 414.6 579.7 418.9 small-vehicle 0
549.9 430.4 550.8 428.6 552.6 429.6 551.6 431.4 small-vehicle 0
567.0 435.5 570.7 461.3 541.0 465.5 537.3 439.7 small-vehicle 0
540.6 565.5 574.2 560.1 581.4 605.5 547.8 610.9 small-vehicle 0
573.9 444.8 586.1 431.5 614.1 457.3 601.9 470.5 small-vehicle 0
614.8 450.8 621.1 458.5 576.2 495.2 569.9 487.5 small-vehicle 0
561.9 459.9 566.6 463.7 545.1 490.1 540.4 486.3 small-vehicle 0
574.6 491.9 578.1 482.5 617.5 497.2 613.9 506.6 small-vehicle 0
609.2 500.7 615.0 508.9 580.9 533.3 575.0 525.2 small-vehicle 0
545.0 526.0 556.2 502.5 576.0 512.0 564.8 535.5 small-vehicle 0
573.0 520.2 577.7 523.9 549.0 559.8 544.3 556.1 small-vehicle 0
580.7 536.9 604.1 525.5 610.3 538.1 586.9 549.5 small-vehicle 0
614.0 543.2 618.2 552.3 580.0 569.8 575.8 560.7 small-vehicle 0
779.0 861.9 797.4 843.5 830.0 876.1 811.6 894.5 small-vehicle 0
423.4 959.7 434.9 919.3 490.6 935.3 479.1 975.7 small-vehicle 0
943.1 575.6 969.7 554.5 998.3 590.6 971.6 611.7 small-vehicle 0
1003.2 450.9 1008.8 459.1 977.3 480.5 971.7 472.2 small-vehicle 0
1010.6 477.2 1014.8 486.3 980.5 502.4 976.2 493.4 small-vehicle 0
1017.0 501.6 1019.8 511.2 987.3 520.9 984.4 511.3 small-vehicle 0
927.9 303.7 937.8 302.5 943.1 348.2 933.2 349.4 small-vehicle 0
947.4 309.5 956.9 306.3 967.6 338.5 958.1 341.7 small-vehicle 0
956.3 334.8 990.9 293.3 1001.7 302.2 967.1 343.7 small-vehicle 0
984.1 335.6 1003.9 303.1 1015.9 310.4 996.1 342.9 small-vehicle 0
1005.5 314.2 1027.3 311.0 1030.5 332.8 1008.7 336.0 small-vehicle 0
591.7 327.6 614.9 339.2 603.3 362.4 580.1 350.8 small-vehicle 0
208.7 834.1 210.1 796.1 252.0 797.6 250.7 835.5 small-vehicle 0
55.4 458.8 57.8 449.1 98.6 458.9 96.3 468.6 small-vehicle 0
83.7 261.2 92.5 265.9 68.6 309.8 59.8 305.0 small-vehicle 0
44.7 273.4 54.4 271.1 63.3 308.0 53.6 310.4 small-vehicle 0
10.6 277.0 17.8 270.0 52.4 306.0 45.2 313.0 small-vehicle 0
9.4 273.4 19.2 275.4 10.6 316.6 0.8 314.6 small-vehicle 0
361.3 292.8 386.2 285.2 399.7 329.2 374.8 336.8 small-vehicle 0
334.1 297.6 340.9 290.1 380.9 326.4 374.1 333.9 small-vehicle 0
330.5 295.5 352.8 326.3 341.5 334.5 319.2 303.7 small-vehicle 0
303.6 299.9 313.6 298.5 319.4 340.1 309.4 341.5 small-vehicle 0
307.7 298.0 312.3 301.9 277.2 343.0 272.6 339.1 small-vehicle 0
255.3 337.6 275.3 300.7 287.7 307.4 267.7 344.3 small-vehicle 0
257.6 304.7 261.4 338.5 243.5 340.5 239.7 306.7 small-vehicle 0
221.0 304.1 230.9 303.1 235.0 344.9 225.1 345.9 small-vehicle 0
166.5 314.6 189.9 303.3 204.6 334.0 181.1 345.2 small-vehicle 0
149.3 339.0 159.5 306.6 176.7 312.0 166.5 344.4 small-vehicle 0
129.7 307.4 139.1 304.1 153.2 343.7 143.8 347.0 small-vehicle 0
93.6 318.7 103.8 303.9 148.4 334.3 138.2 349.1 small-vehicle 0
105.3 309.1 110.5 342.7 96.7 344.9 91.5 311.3 small-vehicle 0
66.8 312.6 76.2 345.3 51.2 352.4 41.8 319.7 small-vehicle 0
32.2 293.1 55.0 367.7 37.8 373.0 15.0 298.4 small-vehicle 0
60.8 405.8 62.8 431.7 16.9 435.2 15.0 409.2 small-vehicle 0
82.0 295.6 102.2 263.4 114.0 270.9 93.8 303.1 small-vehicle 0
118.9 265.2 128.5 267.9 117.0 308.3 107.4 305.6 small-vehicle 0
128.4 268.8 137.8 265.5 151.6 305.2 142.2 308.5 small-vehicle 0
157.8 171.1 171.7 171.0 172.2 217.0 158.2 217.1 small-vehicle 0
340.1 166.9 385.9 162.4 389.9 204.2 344.1 208.7 small-vehicle 0
290.3 167.0 320.2 168.1 318.7 210.0 288.8 208.9 small-vehicle 0
280.5 165.0 285.6 210.7 267.7 212.7 262.6 167.0 small-vehicle 0
235.7 204.3 247.6 172.4 264.5 178.8 252.5 210.6 small-vehicle 0
174.3 175.9 203.1 167.6 213.6 204.1 184.7 212.4 small-vehicle 0
113.5 184.4 121.0 177.8 151.4 212.3 143.9 218.9 small-vehicle 0
143.7 262.7 165.1 257.7 176.5 306.4 155.1 311.4 small-vehicle 0
88.0 207.0 102.2 180.5 118.0 189.0 103.8 215.5 small-vehicle 0
362.2 250.2 371.0 245.4 393.0 285.8 384.2 290.6 small-vehicle 0
340.6 251.4 349.9 247.9 366.3 290.8 357.0 294.4 small-vehicle 0
334.4 251.5 344.1 254.0 332.6 298.5 322.9 296.0 small-vehicle 0
292.0 261.1 299.5 254.5 330.0 289.0 322.5 295.6 small-vehicle 0
277.1 263.7 286.1 259.2 302.9 293.3 293.9 297.8 small-vehicle 0
224.6 277.2 243.9 259.7 269.4 287.8 250.1 305.3 small-vehicle 0
251.4 259.2 255.3 263.8 202.6 309.8 198.7 305.2 small-vehicle 0
185.1 271.7 189.0 267.1 227.0 299.6 223.1 304.1 small-vehicle 0
56.1 424.4 62.1 432.3 28.7 457.7 22.7 449.8 small-vehicle 0
96.9 472.3 98.6 482.1 61.2 488.7 59.5 478.9 small-vehicle 0
442.4 746.6 469.5 773.3 445.6 797.4 418.5 770.7 small-vehicle 0
186.0 407.9 186.0 417.9 136.0 418.1 136.0 408.1 small-vehicle 0
324.9 650.2 353.5 631.8 374.1 663.8 345.5 682.2 small-vehicle 0
248.6 663.0 264.8 642.7 291.4 664.0 275.2 684.3 small-vehicle 0
167.1 748.2 186.4 725.2 209.3 744.5 190.0 767.5 small-vehicle 0
395.6 393.9 419.7 370.0 446.4 397.1 422.3 421.0 small-vehicle 0
443.8 390.7 462.1 372.3 486.2 396.3 467.9 414.7 small-vehicle 0
440.6 408.0 446.0 399.5 481.4 422.0 476.0 430.5 small-vehicle 0
398.7 439.4 417.6 416.1 450.3 442.6 431.4 465.9 small-vehicle 0
441.0 439.6 475.3 423.2 483.0 439.4 448.7 455.8 small-vehicle 0
480.3 444.7 486.4 452.6 449.7 480.3 443.6 472.4 small-vehicle 0
446.3 470.0 450.3 465.5 484.7 496.0 480.7 500.5 small-vehicle 0
406.8 485.3 417.5 466.1 440.2 478.7 429.5 497.9 small-vehicle 0
364.8 527.5 393.2 508.8 416.3 543.9 387.9 562.6 small-vehicle 0
450.9 565.9 465.0 549.0 488.1 568.1 474.0 585.0 small-vehicle 0
443.8 555.2 448.9 572.4 420.1 580.9 415.1 563.6 small-vehicle 0
407.9 577.0 414.7 569.7 451.1 604.0 444.3 611.3 small-vehicle 0
475.9 589.4 496.9 616.1 467.1 639.6 446.1 612.9 small-vehicle 0
411.5 632.3 424.5 609.8 457.5 628.7 444.5 651.2 small-vehicle 0
453.9 651.7 466.0 628.7 503.1 648.3 491.0 671.3 small-vehicle 0
476.1 686.0 502.0 701.1 486.9 727.0 461.0 711.9 small-vehicle 0
419.3 741.8 429.2 709.3 461.7 719.2 451.8 751.7 small-vehicle 0
469.8 727.3 500.0 742.9 486.2 769.6 456.0 753.9 small-vehicle 0
320.5 644.7 326.7 652.6 297.0 676.2 290.8 668.4 small-vehicle 0
349.8 576.9 362.1 599.8 335.7 614.0 323.4 591.1 small-vehicle 0
273.1 556.3 288.3 530.4 327.9 553.7 312.7 579.6 small-vehicle 0
-3.6 609.1 13.0 575.0 43.6 589.9 27.0 624.0 small-vehicle 0
179.6 414.6 185.6 422.7 145.4 452.4 139.4 444.3 small-vehicle 0
140.9 440.6 154.2 428.5 190.6 468.4 177.3 480.5 small-vehicle 0
186.4 459.6 192.2 467.8 154.7 494.3 148.9 486.2 small-vehicle 0
182.8 480.1 187.2 484.2 158.6 514.9 154.2 510.9 small-vehicle 0
218.5 420.1 223.1 429.0 196.5 442.9 191.9 434.0 small-vehicle 0
186.5 417.0 195.8 392.7 227.5 405.0 218.2 429.3 small-vehicle 0
236.0 399.1 263.8 410.4 251.0 441.9 223.2 430.6 small-vehicle 0
281.7 383.5 311.2 400.4 296.3 426.5 266.8 409.6 small-vehicle 0
77.4 653.3 106.1 628.5 131.0 657.2 102.3 682.1 small-vehicle 0
319.0 521.8 341.3 501.8 364.0 527.2 341.6 547.1 small-vehicle 0
179.6 521.7 197.3 502.6 216.4 520.3 198.7 539.4 small-vehicle 0
213.9 562.4 233.0 585.6 216.1 599.6 197.0 576.4 small-vehicle 0
211.2 607.3 226.5 581.4 255.8 598.7 240.5 624.6 small-vehicle 0
188.8 635.9 194.3 610.4 239.2 620.1 233.7 645.6 small-vehicle 0
350.9 399.0 351.1 409.0 309.1 409.9 308.9 399.9 small-vehicle 0
350.5 414.8 354.8 423.8 320.5 440.2 316.2 431.2 small-vehicle 0
292.6 447.7 293.8 446.1 295.4 447.3 294.2 448.9 small-vehicle 0
333.3 451.4 349.5 459.3 338.1 482.6 322.0 474.7 small-vehicle 0
307.3 466.7 318.4 507.2 281.7 517.3 270.6 476.8 small-vehicle 0
