938.8 487.5 971.7 535.3 874.6 602.2 841.7 554.5 large-vehicle 0
565.5 870.8 584.5 853.1 602.2 872.1 583.2 889.8 small-vehicle 0
326.3 963.3 330.3 984.9 304.7 989.7 300.7 968.1 storage-tank 0
326.8 963.2 328.6 949.3 378.2 955.8 376.4 969.7 storage-tank 0
365.4 942.7 384.0 919.2 410.6 940.3 392.0 963.8 storage-tank 0
547.5 109.2 552.9 138.7 519.5 144.8 514.1 115.3 small-vehicle 0
319.1 605.7 325.9 617.9 243.9 663.9 237.1 651.7 large-vehicle 0
296.2 650.7 303.5 662.7 243.7 699.1 236.4 687.2 large-vehicle 0
143.1 672.2 178.2 649.2 209.9 697.8 174.8 720.8 large-vehicle 0
134.6 678.9 168.0 685.3 160.8 722.6 127.4 716.2 large-vehicle 0
111.7 668.2 131.5 690.7 96.9 721.1 77.1 698.6 small-vehicle 0
121.4 725.1 135.3 760.5 103.6 772.9 89.7 737.5 small-vehicle 0
624.2 641.1 664.4 698.4 580.8 756.9 540.6 699.6 large-vehicle 0
446.5 766.7 461.6 710.7 540.8 732.1 525.7 788.1 large-vehicle 0
422.2 755.9 451.0 801.5 402.0 832.5 373.2 786.8 large-vehicle 0
348.9 804.1 366.6 828.3 300.4 876.8 282.7 852.5 large-vehicle 0
266.5 844.4 287.5 880.8 206.1 927.8 185.1 891.4 large-vehicle 0
173.1 879.5 196.1 909.7 127.7 961.8 104.7 931.5 large-vehicle 0
744.3 740.0 793.4 790.0 752.0 830.6 702.9 780.7 large-vehicle 0
384.8 853.2 401.5 873.1 360.2 907.8 343.5 887.9 large-vehicle 0
524.7 70.1 542.7 88.9 512.3 117.9 494.3 99.1 small-vehicle 0
