259.6 235.0 274.6 265.5 172.4 316.0 157.4 285.5 large-vehicle 0
341.8 252.4 342.9 250.7 378.2 273.6 377.1 275.3 small-vehicle 0
386.4 475.7 389.3 462.0 418.6 468.3 415.7 482.0 small-vehicle 0
397.3 522.2 425.7 512.3 436.8 544.5 408.4 554.3 small-vehicle 0
389.3 505.6 416.8 485.6 429.7 503.4 402.2 523.4 small-vehicle 0
476.4 785.8 506.2 788.4 503.3 822.3 473.4 819.7 small-vehicle 0
756.4 109.1 767.1 100.1 778.7 113.9 768.0 122.9 small-vehicle 0
608.9 35.0 634.2 29.1 642.8 66.1 617.5 72.0 small-vehicle 0
342.3 250.9 343.6 249.3 376.8 275.1 375.5 276.6 small-vehicle 0
447.1 201.3 452.3 198.2 488.9 257.8 483.8 260.9 small-vehicle 0
480.8 210.3 510.3 215.4 501.9 264.7 472.3 259.6 small-vehicle 0
494.7 214.1 520.9 199.5 541.4 236.2 515.2 250.8 small-vehicle 0
512.3 162.5 541.9 157.9 547.7 195.5 518.1 200.1 small-vehicle 0
569.2 149.0 587.1 151.3 581.8 193.0 563.9 190.7 small-vehicle 0
652.6 24.2 681.6 16.5 691.3 53.2 662.3 60.9 small-vehicle 0
