573.0 953.0 579.7 1002.5 506.3 1012.4 499.7 962.8 large-vehicle 0
517.7 845.9 535.4 883.9 446.7 925.4 428.9 887.4 large-vehicle 0
103.8 490.1 141.1 544.5 63.6 597.7 26.3 543.3 large-vehicle 0
501.9 600.2 524.0 613.9 506.1 642.8 484.0 629.1 small-vehicle 0
669.5 464.1 690.9 485.1 664.3 512.2 642.9 491.2 small-vehicle 0
354.0 759.8 397.1 776.0 366.7 856.5 323.7 840.2 large-vehicle 0
300.0 949.3 304.2 970.9 196.2 991.8 192.0 970.2 large-vehicle 0
324.1 983.1 332.3 1020.2 244.4 1039.6 236.2 1002.5 large-vehicle 0
650.7 884.4 673.3 871.5 692.1 904.6 669.5 917.4 small-vehicle 0
675.4 556.1 691.1 571.5 656.0 607.2 640.3 591.7 small-vehicle 0
840.0 415.5 868.0 441.3 842.2 469.2 814.3 443.5 small-vehicle 0
949.8 50.6 979.1 44.3 986.3 77.5 956.9 83.9 small-vehicle 0
964.1 565.8 1041.5 593.1 1010.2 681.7 932.9 654.4 large-vehicle 0
1007.8 692.4 1032.0 740.6 998.1 757.7 973.8 709.5 small-vehicle 0
