814.4 951.1 832.4 932.3 862.8 961.3 844.8 980.1 small-vehicle 0
509.8 506.3 526.7 481.5 568.0 509.6 551.1 534.4 small-vehicle 0
445.5 550.0 454.2 545.1 476.7 585.2 468.0 590.1 small-vehicle 0
433.5 579.6 440.1 572.1 459.5 589.4 452.9 596.9 small-vehicle 0
437.9 609.5 439.7 608.8 440.4 610.7 438.5 611.4 small-vehicle 0
273.9 587.5 295.1 572.5 321.6 610.2 300.4 625.1 small-vehicle 0
709.3 406.5 731.0 392.1 749.7 420.5 728.0 434.9 small-vehicle 0
643.3 489.2 653.2 487.9 658.4 525.5 648.4 526.9 small-vehicle 0
614.9 519.7 635.7 504.1 656.1 531.3 635.3 546.9 small-vehicle 0
575.0 553.4 605.5 530.7 633.0 567.6 602.5 590.3 small-vehicle 0
554.0 590.0 577.9 571.8 601.0 602.0 577.1 620.2 small-vehicle 0
679.7 513.5 687.5 507.3 713.7 540.2 705.8 546.4 small-vehicle 0
679.2 529.2 685.2 530.0 681.8 555.8 675.8 555.0 small-vehicle 0
647.1 549.1 665.1 548.6 666.6 602.6 648.6 603.1 small-vehicle 0
625.6 583.9 632.3 576.5 657.6 599.2 650.9 606.6 small-vehicle 0
580.9 587.3 602.0 566.0 646.1 609.7 625.0 631.0 small-vehicle 0
772.3 617.0 773.5 615.4 775.1 616.6 773.9 618.2 small-vehicle 0
722.2 616.4 742.0 599.5 761.5 622.3 741.7 639.2 small-vehicle 0
756.5 642.1 774.9 629.9 793.7 658.2 775.4 670.4 small-vehicle 0
585.2 756.1 593.4 750.4 619.3 788.4 611.1 794.1 small-vehicle 0
565.8 775.0 573.0 768.1 605.2 801.0 598.0 807.9 small-vehicle 0
546.1 784.6 565.3 773.9 589.5 817.6 570.3 828.3 small-vehicle 0
522.9 818.8 544.9 792.9 583.1 825.2 561.1 851.1 small-vehicle 0
632.4 858.6 657.4 865.7 649.3 894.6 624.2 887.5 small-vehicle 0
472.6 909.2 493.6 887.8 529.4 922.8 508.4 944.2 small-vehicle 0
514.6 511.0 532.1 540.1 509.9 553.5 492.3 524.4 small-vehicle 0
133.8 385.3 173.9 415.2 151.2 445.7 111.1 415.8 large-vehicle 0
122.0 351.5 133.0 337.2 163.0 360.5 152.0 374.8 small-vehicle 0
408.2 43.7 427.9 21.1 462.6 51.4 442.8 74.0 small-vehicle 0
492.3 50.4 496.4 80.1 462.7 84.6 458.6 54.9 small-vehicle 0
202.3 71.9 222.6 49.8 256.5 80.9 236.2 103.0 small-vehicle 0
7.4 31.1 29.3 17.2 47.6 45.9 25.7 59.8 small-vehicle 0
38.6 105.9 63.7 99.3 73.4 136.1 48.3 142.7 small-vehicle 0
564.7 207.9 581.8 183.2 616.3 207.1 599.2 231.8 small-vehicle 0
659.7 32.0 679.3 22.0 700.1 63.1 680.5 73.0 small-vehicle 0
691.7 21.5 705.3 18.2 719.3 74.5 705.7 77.8 small-vehicle 0
667.4 125.3 691.6 134.9 674.6 177.7 650.4 168.1 small-vehicle 0
682.4 128.1 690.8 122.7 713.7 157.9 705.3 163.4 small-vehicle 0
764.5 46.6 787.2 33.8 815.8 84.2 793.2 97.0 small-vehicle 0
710.7 127.1 719.9 123.1 735.3 157.9 726.1 161.9 small-vehicle 0
812.6 44.3 822.6 44.8 819.4 98.7 809.4 98.2 small-vehicle 0
727.7 136.8 747.9 120.5 774.3 153.2 754.1 169.5 small-vehicle 0
842.9 50.6 851.8 55.3 832.1 92.4 823.2 87.7 small-vehicle 0
851.8 69.3 855.7 64.8 869.2 76.7 865.3 81.2 small-vehicle 0
871.7 66.7 876.8 63.7 896.3 96.3 891.2 99.3 small-vehicle 0
759.4 131.1 768.2 126.2 788.6 162.9 779.8 167.8 small-vehicle 0
790.9 141.2 799.8 136.7 816.9 170.6 808.0 175.1 small-vehicle 0
820.3 159.7 847.3 146.6 865.7 184.3 838.7 197.4 small-vehicle 0
861.0 148.7 875.0 148.4 876.0 190.3 862.0 190.6 small-vehicle 0
996.0 99.6 1039.5 138.0 1009.0 172.4 965.5 134.0 large-vehicle 0
148.0 324.1 177.3 317.8 185.2 355.0 155.9 361.2 small-vehicle 0
989.3 953.4 1005.8 938.9 1038.7 976.6 1022.2 991.1 small-vehicle 0
989.1 801.6 1016.6 781.6 1036.6 809.2 1009.1 829.1 small-vehicle 0
947.5 850.5 953.6 842.7 989.9 870.9 983.8 878.8 small-vehicle 0
935.0 863.8 942.2 856.8 976.8 893.0 969.5 899.9 small-vehicle 0
960.0 432.8 984.7 424.7 994.0 453.2 969.3 461.3 small-vehicle 0
1001.3 593.7 1019.2 580.9 1036.7 605.3 1018.8 618.1 small-vehicle 0
884.1 645.6 904.8 623.9 941.0 658.5 920.3 680.2 small-vehicle 0
915.2 881.1 932.8 867.9 962.8 907.9 945.2 921.1 small-vehicle 0
830.5 255.8 845.5 239.7 867.5 260.2 852.5 276.3 small-vehicle 0
748.2 397.5 762.1 395.7 768.6 445.2 754.8 447.1 small-vehicle 0
782.8 400.5 810.4 412.2 797.2 443.5 769.6 431.8 small-vehicle 0
835.7 419.2 865.7 418.8 866.3 464.8 836.3 465.2 small-vehicle 0
896.1 444.5 908.7 421.8 927.9 432.5 915.3 455.2 small-vehicle 0
926.8 436.7 943.1 422.0 963.2 444.3 946.9 459.0 small-vehicle 0
366.6 16.2 388.6 -4.2 414.5 23.6 392.5 44.0 small-vehicle 0
