576.2 171.9 614.0 139.1 649.4 179.8 611.6 212.6 ship 0
410.4 992.7 413.4 987.5 443.0 1004.2 440.0 1009.4 ship 0
489.7 787.4 491.8 793.0 456.3 806.6 454.2 801.0 ship 0
487.5 776.8 488.5 782.7 451.1 789.3 450.0 783.4 ship 0
466.5 818.5 471.0 814.6 490.5 837.5 486.0 841.4 ship 0
472.1 814.8 484.9 802.1 508.9 826.2 496.1 838.9 ship 0
367.1 914.2 411.8 978.1 390.5 993.0 345.8 929.1 ship 0
421.3 903.6 445.7 937.8 405.0 966.8 380.6 932.7 ship 0
416.2 962.8 450.0 959.1 451.5 973.0 417.8 976.8 ship 0
411.7 979.6 413.7 973.9 449.6 986.5 447.6 992.2 ship 0
437.6 998.5 438.9 1000.0 406.3 1026.5 405.0 1024.9 ship 0
470.0 748.5 472.5 754.0 441.4 767.8 439.0 762.3 ship 0
481.4 760.8 483.4 766.5 447.7 779.4 445.7 773.7 ship 0
415.3 756.1 420.4 753.1 435.7 778.9 430.6 781.9 ship 0
264.3 825.7 268.0 820.9 307.7 851.3 304.0 856.1 ship 0
225.3 851.5 233.4 845.7 255.7 876.5 247.6 882.3 ship 0
261.9 801.0 269.2 898.7 255.2 899.7 248.0 802.0 ship 0
271.5 826.3 277.4 826.9 273.5 864.7 267.6 864.1 ship 0
282.0 816.0 286.9 812.6 311.0 847.0 306.1 850.4 ship 0
405.3 753.4 411.2 752.6 416.8 794.2 410.9 795.0 ship 0
295.8 812.5 300.6 808.9 323.9 838.9 319.1 842.6 ship 0
312.1 805.1 317.3 802.2 333.9 831.9 328.7 834.8 ship 0
329.4 796.3 335.3 795.2 341.6 828.7 335.7 829.8 ship 0
335.6 782.5 341.2 780.5 359.3 831.3 353.7 833.3 ship 0
349.9 785.3 355.3 782.7 371.2 817.2 365.8 819.8 ship 0
361.6 784.7 366.1 780.8 385.9 803.3 381.4 807.3 ship 0
378.2 771.6 383.9 769.9 393.8 802.4 388.1 804.1 ship 0
387.4 767.7 392.7 764.8 409.2 794.5 403.9 797.4 ship 0
91.2 928.1 117.9 955.2 79.4 993.1 52.7 966.0 ship 0
301.0 919.7 342.0 891.0 373.0 935.3 332.0 964.0 ship 0
265.8 886.1 271.1 883.2 295.2 926.9 289.9 929.8 ship 0
246.8 917.3 247.4 911.3 293.2 915.7 292.6 921.7 ship 0
227.2 918.1 233.8 925.6 193.1 961.1 186.6 953.6 ship 0
216.7 875.4 236.3 903.2 211.7 920.4 192.1 892.6 ship 0
164.6 895.7 185.6 922.4 143.1 955.8 122.1 929.1 ship 0
223.7 950.2 230.6 957.4 203.3 983.8 196.4 976.6 ship 0
157.4 948.7 165.0 955.2 132.5 993.2 124.9 986.6 ship 0
174.0 962.2 180.8 969.5 138.3 1009.0 131.5 1001.7 ship 0
181.9 983.8 188.0 991.8 151.2 1019.5 145.2 1011.5 ship 0
121.2 973.0 126.8 981.3 75.4 1016.0 69.8 1007.7 ship 0
118.8 997.0 124.7 1005.0 97.2 1025.1 91.3 1017.0 ship 0
68.0 983.9 84.3 1039.5 36.3 1053.6 20.0 997.9 ship 0
226.0 265.1 517.9 505.2 478.5 553.1 186.6 312.9 harbor 0
137.1 738.7 138.8 737.6 139.9 739.3 138.2 740.4 harbor 0
87.8 319.3 201.7 315.8 203.2 365.7 89.3 369.2 ship 0
