136.4 859.6 233.1 875.7 218.3 964.5 121.7 948.4 plane 0
633.7 856.5 652.8 884.6 588.3 928.5 569.2 900.4 plane 0
743.6 376.6 796.8 325.1 839.9 369.7 786.7 421.1 plane 0
844.9 438.3 876.9 481.8 772.1 558.7 740.1 515.2 plane 0
895.4 554.9 935.1 607.7 837.6 681.1 797.9 628.3 plane 0
561.9 664.9 635.4 691.0 605.3 775.8 531.8 749.8 plane 0
584.9 782.6 629.6 819.6 590.1 867.4 545.4 830.4 plane 0
934.7 800.3 997.0 822.1 980.5 869.3 918.2 847.5 plane 0
916.8 840.5 963.2 887.4 916.3 933.8 869.9 886.9 plane 0
631.9 916.5 673.6 950.8 636.9 995.6 595.1 961.4 plane 0
373.7 768.6 431.1 862.5 313.3 934.4 255.9 840.5 plane 0
