1010.4 24.4 1028.3 25.8 1022.6 99.6 1004.7 98.2 ship 0
898.3 37.8 924.5 59.4 887.7 104.2 861.5 82.6 ship 0
939.1 38.7 977.0 20.6 1013.9 98.3 976.0 116.4 ship 0
934.9 35.0 968.4 52.9 941.1 104.0 907.6 86.1 ship 0
834.0 28.7 867.9 26.5 874.0 120.3 840.1 122.5 ship 0
865.4 679.3 921.8 759.4 864.6 799.7 808.2 719.6 ship 0
849.9 840.8 876.0 826.1 914.1 894.2 888.0 908.9 ship 0
934.6 822.8 960.4 826.0 948.4 923.2 922.6 920.0 ship 0
656.9 571.4 685.0 552.3 713.1 593.6 685.0 612.7 ship 0
957.2 398.9 970.9 401.9 953.8 482.1 940.1 479.1 ship 0
857.5 393.5 894.7 385.7 906.5 442.5 869.3 450.3 ship 0
886.0 314.6 889.6 288.9 943.0 296.4 939.4 322.1 ship 0
899.0 448.9 936.2 441.2 947.0 494.1 909.8 501.8 ship 0
886.7 404.8 918.3 377.0 951.3 414.6 919.8 442.3 ship 0
978.9 264.1 1006.4 252.2 1029.4 305.4 1001.9 317.3 ship 0
954.4 319.3 985.7 332.4 972.6 363.7 941.3 350.6 ship 0
995.4 683.7 1027.0 696.3 996.5 772.4 964.9 759.8 ship 0
930.1 687.3 967.8 705.8 936.9 768.7 899.2 750.2 ship 0
