891.3 467.1 921.0 462.7 930.7 527.9 901.0 532.3 ship 0
858.6 469.2 892.2 474.7 881.4 539.8 847.8 534.3 ship 0
819.0 471.1 836.9 468.6 846.0 533.9 828.1 536.4 ship 0
782.3 470.7 816.1 473.6 809.7 547.3 775.9 544.4 ship 0
717.3 468.5 734.8 472.9 715.7 548.5 698.2 544.1 ship 0
657.0 478.0 678.5 473.2 698.0 561.0 676.5 565.8 ship 0
932.4 717.0 962.4 717.0 962.6 779.0 932.6 779.0 ship 0
894.4 717.4 924.3 715.9 927.6 781.9 897.6 783.4 ship 0
1015.1 388.0 1016.5 386.6 1017.9 388.0 1016.5 389.4 ship 0
894.0 814.5 926.7 805.0 944.0 864.5 911.3 874.0 ship 0
398.9 492.1 405.2 499.9 323.1 566.9 316.8 559.1 ship 0
434.1 487.9 452.1 488.1 450.9 562.1 432.9 561.9 ship 0
405.8 482.9 423.0 488.4 397.1 570.4 380.0 565.0 ship 0
246.4 487.1 263.9 491.4 242.6 578.8 225.1 574.6 ship 0
170.5 489.9 188.0 494.0 166.5 585.5 149.0 581.4 ship 0
61.9 497.3 99.9 496.7 101.1 574.7 63.1 575.3 ship 0
191.5 499.3 225.5 499.7 224.5 577.7 190.5 577.3 ship 0
268.0 495.4 285.7 492.5 297.0 561.6 279.3 564.5 ship 0
305.4 489.1 323.3 486.6 333.6 559.9 315.7 562.4 ship 0
360.4 575.7 390.0 570.7 395.6 604.3 366.0 609.3 ship 0
978.4 357.6 991.4 362.8 968.6 420.4 955.6 415.2 ship 0
459.7 497.5 475.7 489.5 505.3 548.5 489.3 556.5 ship 0
496.9 485.5 530.3 479.0 546.1 559.5 512.7 566.0 ship 0
562.7 502.6 601.1 477.3 637.3 532.4 598.9 557.7 ship 0
419.7 365.5 441.6 363.8 448.3 449.5 426.4 451.2 ship 0
532.9 382.3 566.1 375.1 579.1 435.7 545.9 442.9 ship 0
334.7 382.8 372.2 376.2 384.3 445.2 346.8 451.8 ship 0
736.5 359.3 774.2 364.3 764.5 437.7 726.8 432.7 ship 0
855.7 363.7 884.7 371.1 870.3 427.3 841.3 419.9 ship 0
885.5 720.0 897.9 726.4 871.5 778.0 859.1 771.6 ship 0
882.0 808.9 910.0 819.7 885.0 885.1 857.0 874.3 ship 0
947.6 463.9 975.1 476.0 948.4 536.4 921.0 524.3 ship 0
612.3 707.6 630.1 710.4 616.7 795.4 598.9 792.6 ship 0
729.1 706.2 746.4 711.4 730.9 763.1 713.7 758.0 ship 0
445.4 720.1 479.3 723.3 471.6 804.9 437.7 801.7 ship 0
303.1 728.9 347.2 715.7 371.9 798.1 327.8 811.3 ship 0
283.3 718.3 305.3 717.7 307.7 807.7 285.7 808.3 ship 0
155.5 727.0 171.7 734.9 137.5 805.0 121.3 797.1 ship 0
85.7 723.2 119.5 719.4 130.3 816.8 96.5 820.6 ship 0
174.1 716.2 208.0 719.1 199.9 812.8 166.0 809.9 ship 0
165.2 865.1 180.0 854.8 217.8 908.9 203.0 919.2 ship 0
701.9 697.0 715.2 701.4 688.1 783.0 674.8 778.6 ship 0
192.9 840.5 204.7 833.0 268.1 932.5 256.3 940.0 ship 0
316.2 834.1 362.0 829.4 371.8 922.9 326.0 927.6 ship 0
522.8 829.6 560.8 829.4 561.2 911.4 523.2 911.6 ship 0
761.6 843.8 777.8 836.0 794.4 870.2 778.2 878.0 ship 0
801.4 818.2 819.3 816.9 824.6 890.8 806.7 892.1 ship 0
844.3 817.5 862.1 820.4 850.7 889.5 832.9 886.6 ship 0
971.2 813.1 1005.2 811.9 1007.8 881.9 973.8 883.1 ship 0
638.2 717.3 659.7 713.1 673.8 785.7 652.3 789.9 ship 0
819.0 710.3 827.4 704.8 868.0 766.7 859.6 772.2 ship 0
617.1 833.1 653.0 854.8 622.9 904.4 587.0 882.6 ship 0
58.6 851.8 95.6 860.2 77.4 940.2 40.4 931.8 ship 0
567.7 825.8 605.2 831.5 592.4 916.5 554.8 910.8 ship 0
473.3 855.5 503.5 840.1 531.8 895.3 501.5 910.7 ship 0
473.2 845.2 485.0 858.7 417.1 917.8 405.3 904.2 ship 0
362.0 848.8 377.6 839.7 420.9 914.0 405.3 923.1 ship 0
307.3 848.7 328.3 855.2 302.7 937.3 281.7 930.8 ship 0
251.5 843.7 289.1 849.1 277.5 930.3 239.9 924.9 ship 0
118.6 856.1 134.0 846.8 184.4 930.9 169.0 940.2 ship 0
100.2 852.5 118.1 850.9 125.8 936.5 107.9 938.1 ship 0
22.4 866.5 54.5 877.6 35.6 932.5 3.5 921.4 ship 0
960.2 716.9 997.3 708.6 1010.8 769.1 973.7 777.4 ship 0
32.4 732.9 61.1 751.2 12.6 827.1 -16.1 808.8 ship 0
53.0 722.8 86.6 728.3 72.0 817.2 38.4 811.7 ship 0
492.3 720.5 524.6 731.0 501.7 801.4 469.4 790.8 ship 0
517.9 725.2 535.5 721.5 550.6 793.9 533.0 797.6 ship 0
548.5 715.9 585.6 707.6 605.5 795.3 568.4 803.7 ship 0
741.1 721.7 774.0 713.0 792.8 784.6 760.0 793.2 ship 0
790.8 719.2 820.8 719.1 821.1 781.1 791.1 781.2 ship 0
725.6 489.6 740.3 479.3 787.4 546.4 772.7 556.7 ship 0
991.5 486.8 1016.7 464.0 1039.5 489.2 1014.3 512.0 ship 0
473.5 369.5 491.5 370.4 487.6 452.3 469.6 451.4 ship 0
842.0 237.0 860.4 255.3 828.0 288.0 809.6 269.7 ship 0
894.7 220.9 900.6 228.9 873.3 249.1 867.4 241.1 ship 0
897.5 195.0 902.9 203.4 854.3 235.1 848.9 226.7 ship 0
14.5 402.7 40.5 401.7 43.7 483.6 17.7 484.7 ship 0
82.7 378.7 118.2 401.2 74.3 470.5 38.8 448.0 ship 0
105.3 382.7 150.3 391.9 135.5 464.4 90.5 455.2 ship 0
196.4 371.5 218.0 375.4 202.9 460.0 181.3 456.1 ship 0
218.4 378.8 252.1 374.8 262.1 460.2 228.4 464.2 ship 0
496.1 371.6 513.3 366.2 537.9 444.4 520.7 449.8 ship 0
847.5 204.7 855.0 216.5 836.5 228.3 829.0 216.5 ship 0
583.3 382.1 601.1 379.5 610.7 444.9 592.9 447.5 ship 0
643.0 369.5 663.5 385.4 623.0 437.5 602.5 421.6 ship 0
674.4 378.7 712.7 361.6 744.6 432.8 706.3 449.9 ship 0
818.2 372.3 836.1 370.3 842.8 432.0 824.9 433.9 ship 0
887.6 358.4 921.4 362.1 913.4 435.6 879.6 431.9 ship 0
932.6 366.1 950.5 367.1 947.2 429.0 929.2 428.0 ship 0
832.9 232.4 838.7 240.6 820.8 253.3 815.0 245.1 ship 0
775.6 260.4 828.9 187.9 843.4 198.6 790.1 271.1 ship 0
967.3 112.4 980.2 124.9 945.3 160.8 932.4 148.3 ship 0
831.8 193.8 834.6 203.4 798.2 214.2 795.4 204.6 ship 0
989.1 148.7 995.2 156.6 949.5 192.3 943.3 184.4 ship 0
993.7 168.6 1000.0 176.4 964.3 205.4 958.0 197.6 ship 0
899.6 135.1 916.0 149.8 869.4 201.9 853.0 187.2 ship 0
935.7 182.2 940.5 190.9 910.7 207.3 905.9 198.5 ship 0
943.9 199.9 949.4 208.2 921.1 227.1 915.6 218.8 ship 0
534.3 402.9 555.2 387.4 637.6 498.1 616.7 513.6 harbor 0
543.3 810.8 544.9 809.6 546.1 811.2 544.5 812.4 harbor 0
