297.5 830.3 316.0 812.0 339.9 836.2 321.4 854.5 small-vehicle 0
913.8 261.9 981.4 223.0 1078.2 391.1 1010.6 430.0 tennis-court 0
854.9 406.8 877.5 437.4 843.7 462.3 821.1 431.8 small-vehicle 0
805.9 388.9 836.0 365.7 864.1 402.1 834.0 425.3 small-vehicle 0
786.8 268.0 815.5 259.4 825.2 292.0 796.5 300.6 small-vehicle 0
970.0 772.0 992.5 791.9 967.3 820.3 944.8 800.4 small-vehicle 0
808.0 403.1 829.4 429.6 799.8 453.4 778.5 427.0 small-vehicle 0
285.7 783.5 313.9 793.6 303.7 821.9 275.5 811.7 small-vehicle 0
283.4 971.9 314.3 957.9 336.6 1007.1 305.7 1021.1 large-vehicle 0
598.8 999.4 611.6 976.8 637.7 991.6 625.0 1014.2 small-vehicle 0
