727.9 541.6 739.3 464.4 848.1 480.4 836.7 557.6 plane 0
741.4 411.1 760.3 387.8 814.6 431.9 795.7 455.2 plane 0
246.9 648.7 272.2 615.2 312.1 645.3 286.8 678.8 plane 0
259.4 593.1 270.5 579.0 303.6 604.9 292.5 619.0 plane 0
431.3 376.1 452.0 326.2 516.7 352.9 496.0 402.8 plane 0
287.5 514.4 314.1 541.5 278.5 576.6 251.9 549.5 plane 0
246.5 479.9 272.6 458.1 322.5 518.1 296.4 539.9 plane 0
317.3 415.0 332.4 458.4 258.7 484.0 243.6 440.6 plane 0
266.8 391.4 277.9 377.3 314.2 405.6 303.1 419.7 plane 0
258.3 333.8 314.1 318.1 327.7 366.2 271.9 381.9 plane 0
322.9 286.3 324.9 312.3 267.1 316.7 265.1 290.7 plane 0
119.9 231.4 148.5 213.2 171.1 248.6 142.5 266.8 plane 0
115.7 275.3 129.0 263.1 168.3 305.7 155.0 317.9 plane 0
115.5 320.4 127.1 312.6 159.5 360.7 147.9 368.5 plane 0
161.5 378.2 173.8 365.1 221.9 410.3 209.6 423.4 plane 0
113.4 382.8 124.7 368.8 163.6 400.2 152.3 414.2 plane 0
164.3 460.7 172.9 419.6 217.9 429.0 209.3 470.1 plane 0
