958.2 285.0 996.3 317.3 989.8 325.0 951.7 292.7 small-vehicle 0
292.8 54.6 294.2 84.5 276.2 85.4 274.8 55.5 small-vehicle 0
-1.8 54.2 20.6 41.0 35.8 66.8 13.4 80.0 small-vehicle 0
69.8 -0.3 89.2 17.0 69.2 39.3 49.8 22.0 small-vehicle 0
96.0 11.0 100.3 15.2 85.0 31.0 80.7 26.8 small-vehicle 0
131.5 96.8 151.2 119.5 128.5 139.2 108.8 116.5 small-vehicle 0
124.7 62.7 141.8 43.2 161.3 60.3 144.2 79.8 small-vehicle 0
95.0 18.3 111.5 3.8 126.0 20.4 109.4 34.8 small-vehicle 0
294.8 63.5 302.0 56.6 317.2 72.5 310.0 79.4 small-vehicle 0
978.1 295.9 983.4 293.2 989.7 305.7 984.4 308.4 small-vehicle 0
325.5 55.3 335.3 57.1 330.5 82.7 320.7 80.9 small-vehicle 0
348.6 136.1 354.2 110.7 387.4 117.9 381.8 143.3 small-vehicle 0
390.0 117.1 395.4 114.6 406.0 138.4 400.5 140.8 small-vehicle 0
407.0 113.8 412.9 114.3 411.0 140.2 405.1 139.7 small-vehicle 0
419.2 115.2 425.1 116.0 421.8 141.8 415.9 141.0 small-vehicle 0
385.7 56.4 395.6 57.9 392.3 79.6 382.4 78.1 small-vehicle 0
392.4 58.7 398.0 56.6 407.5 80.8 402.0 82.9 small-vehicle 0
415.1 61.8 421.1 62.3 418.9 88.2 412.9 87.7 small-vehicle 0
438.3 61.1 442.6 65.3 421.7 86.9 417.4 82.7 small-vehicle 0
595.8 358.3 650.4 471.9 616.1 488.4 561.5 374.8 tennis-court 0
510.6 383.7 618.9 475.6 596.9 501.5 488.6 409.6 tennis-court 0
860.8 397.3 864.2 311.4 898.2 312.7 894.8 398.6 tennis-court 0
57.4 216.5 82.0 323.7 21.6 337.5 -3.0 230.3 tennis-court 0
141.8 235.9 152.0 250.7 48.2 322.1 38.0 307.3 tennis-court 0
208.6 250.3 215.9 262.2 139.4 309.7 132.1 297.8 tennis-court 0
294.6 235.3 301.8 247.3 166.4 328.7 159.2 316.7 tennis-court 0
73.8 372.3 89.5 387.7 1.2 477.6 -14.5 462.2 tennis-court 0
80.8 364.4 136.3 473.1 106.0 488.6 50.6 379.9 tennis-court 0
175.7 348.9 200.9 500.9 163.4 507.1 138.2 355.1 tennis-court 0
191.3 467.6 230.6 377.8 261.7 391.4 222.4 481.2 tennis-court 0
398.9 311.9 441.7 328.6 406.1 419.9 363.2 403.2 swimming-pool 0
621.1 211.4 695.3 303.2 668.9 324.6 594.7 232.8 tennis-court 0
678.0 190.9 743.3 289.2 715.0 308.1 649.7 209.8 tennis-court 0
745.8 159.0 822.6 263.9 795.2 284.0 718.4 179.1 tennis-court 0
823.0 131.1 857.3 264.7 820.5 274.2 786.2 140.5 tennis-court 0
678.2 359.9 751.5 462.4 723.8 482.1 650.5 379.6 tennis-court 0
735.5 347.0 797.6 437.8 769.5 457.0 707.4 366.2 tennis-court 0
825.4 295.7 888.7 422.9 829.6 452.3 766.3 325.1 tennis-court 0
440.6 73.7 442.1 72.4 443.4 73.9 441.9 75.2 small-vehicle 0
443.5 64.9 457.3 63.2 459.5 81.1 445.7 82.8 small-vehicle 0
458.0 60.9 474.1 69.0 466.0 85.1 449.9 77.0 small-vehicle 0
652.7 67.7 658.3 69.9 650.3 90.3 644.7 88.1 small-vehicle 0
663.8 71.6 669.1 68.9 679.2 88.4 673.9 91.1 small-vehicle 0
644.7 124.5 662.2 120.3 668.2 145.6 650.7 149.7 small-vehicle 0
663.5 118.5 669.5 118.5 669.5 152.5 663.5 152.5 small-vehicle 0
670.9 122.0 676.8 120.7 683.1 150.0 677.2 151.3 small-vehicle 0
690.3 114.7 696.1 116.3 685.7 152.9 679.9 151.3 small-vehicle 0
695.2 120.0 701.1 120.5 698.9 150.4 692.9 149.9 small-vehicle 0
725.6 123.7 741.9 131.5 732.4 151.3 716.1 143.5 small-vehicle 0
935.1 153.4 940.0 144.6 966.2 159.1 961.4 167.9 small-vehicle 0
965.1 155.5 968.2 160.6 942.6 176.2 939.5 171.1 small-vehicle 0
944.1 173.3 944.4 171.3 973.9 176.7 973.6 178.7 small-vehicle 0
973.7 174.4 976.8 179.5 954.6 193.0 951.5 187.9 small-vehicle 0
981.4 187.2 982.6 193.1 957.2 198.4 956.0 192.5 small-vehicle 0
981.8 185.6 986.7 189.1 967.3 217.0 962.4 213.6 small-vehicle 0
990.4 203.3 992.8 208.7 965.5 221.1 963.0 215.7 small-vehicle 0
901.4 226.9 928.4 206.3 946.6 230.1 919.6 250.7 small-vehicle 0
934.8 261.5 951.3 247.0 963.2 260.5 946.7 275.0 small-vehicle 0
968.5 267.5 972.5 272.0 950.1 292.0 946.1 287.5 small-vehicle 0
978.8 275.7 982.3 280.5 958.2 298.3 954.7 293.5 small-vehicle 0
1024.8 255.0 1028.9 284.7 999.2 288.9 995.1 259.2 small-vehicle 0
656.0 80.7 660.5 76.8 667.0 84.3 662.5 88.2 small-vehicle 0
627.8 64.3 629.3 63.0 654.2 91.7 652.7 93.0 small-vehicle 0
470.4 62.6 476.3 63.6 473.6 81.4 467.7 80.4 small-vehicle 0
615.9 73.5 630.7 63.3 643.1 81.5 628.3 91.7 small-vehicle 0
476.8 64.5 482.8 63.7 485.2 81.5 479.2 82.3 small-vehicle 0
489.6 63.8 495.6 64.3 493.4 86.2 487.4 85.7 small-vehicle 0
501.6 64.2 507.5 65.0 504.4 86.8 498.5 86.0 small-vehicle 0
514.1 62.5 526.1 69.6 514.9 88.5 502.9 81.4 small-vehicle 0
523.9 67.5 529.7 69.1 525.1 86.5 519.3 84.9 small-vehicle 0
538.7 66.7 543.6 70.2 528.3 91.3 523.4 87.8 small-vehicle 0
541.7 66.3 547.6 66.8 545.3 92.7 539.4 92.2 small-vehicle 0
559.9 70.6 560.2 84.6 550.2 84.8 549.9 70.8 small-vehicle 0
439.7 114.8 444.4 111.1 468.3 140.6 463.6 144.4 small-vehicle 0
462.1 112.8 468.1 112.6 468.9 142.6 462.9 142.8 small-vehicle 0
480.2 115.9 485.3 119.0 471.8 141.2 466.7 138.1 small-vehicle 0
470.4 117.0 471.8 115.5 502.6 144.0 501.2 145.5 small-vehicle 0
496.3 115.7 502.3 116.6 497.7 146.3 491.7 145.4 small-vehicle 0
503.9 119.5 509.9 119.5 510.1 145.5 504.1 145.5 small-vehicle 0
528.4 118.2 529.9 119.5 507.6 145.2 506.1 143.9 small-vehicle 0
525.7 118.7 531.7 118.3 533.3 144.3 527.3 144.7 small-vehicle 0
553.9 123.3 554.9 125.0 529.1 140.3 528.1 138.6 small-vehicle 0
595.7 62.4 611.0 71.9 599.3 90.6 584.0 81.1 small-vehicle 0
602.9 87.0 603.1 65.0 613.1 65.0 612.9 87.0 small-vehicle 0
