551.0 855.2 560.8 865.3 496.3 928.0 486.5 918.0 large-vehicle 0
363.5 839.4 373.3 849.4 308.9 912.2 299.1 902.2 large-vehicle 0
278.6 888.2 286.2 894.7 256.4 929.8 248.8 923.3 large-vehicle 0
299.1 899.6 306.8 905.9 234.9 994.4 227.2 988.1 large-vehicle 0
290.3 935.7 310.2 952.5 244.5 1030.5 224.6 1013.8 large-vehicle 0
357.3 918.6 365.6 924.1 338.2 965.9 329.9 960.4 large-vehicle 0
377.6 936.7 385.0 943.4 319.4 1016.3 312.0 1009.6 large-vehicle 0
359.8 977.5 381.1 992.4 343.2 1046.5 321.9 1031.6 large-vehicle 0
548.8 960.8 568.3 983.6 515.2 1029.2 495.7 1006.4 large-vehicle 0
536.5 820.3 559.9 845.0 526.5 876.7 503.1 852.0 large-vehicle 0
558.9 727.7 579.5 749.5 514.1 811.3 493.5 789.5 large-vehicle 0
276.1 854.5 283.8 860.9 251.9 899.5 244.2 893.1 large-vehicle 0
340.0 661.2 366.0 683.1 346.7 706.1 320.7 684.2 large-vehicle 0
436.8 219.2 443.4 211.6 520.2 278.8 513.6 286.4 large-vehicle 0
483.6 227.4 493.4 217.4 557.4 280.6 547.6 290.6 large-vehicle 0
502.1 209.6 512.0 199.7 581.4 268.9 571.5 278.8 large-vehicle 0
357.5 422.0 382.3 445.2 323.5 508.0 298.7 484.8 large-vehicle 0
150.7 543.8 181.1 528.5 219.7 605.4 189.4 620.6 large-vehicle 0
288.2 603.5 299.5 611.8 243.8 687.5 232.5 679.2 large-vehicle 0
551.5 546.9 574.3 572.1 504.5 635.1 481.7 609.9 large-vehicle 0
236.4 653.6 310.7 697.0 297.6 719.4 223.3 676.0 large-vehicle 0
347.6 815.3 358.3 824.2 326.4 862.7 315.7 853.8 large-vehicle 0
279.0 701.9 289.0 711.7 251.0 750.1 241.0 740.3 large-vehicle 0
276.5 741.9 284.4 748.1 258.5 781.1 250.6 774.9 large-vehicle 0
337.9 716.2 346.3 721.6 330.1 746.8 321.7 741.4 large-vehicle 0
344.9 744.6 352.8 750.6 325.1 787.4 317.2 781.4 large-vehicle 0
294.3 746.5 302.7 752.0 237.7 850.5 229.3 845.0 large-vehicle 0
211.3 792.0 334.3 862.9 321.3 885.4 198.3 814.5 large-vehicle 0
340.2 786.0 351.1 794.8 324.5 827.3 313.7 818.5 large-vehicle 0
532.3 214.9 554.2 194.4 615.7 260.1 593.8 280.6 large-vehicle 0
932.5 150.2 947.4 124.1 1018.5 164.8 1003.6 190.9 large-vehicle 0
839.4 231.2 860.0 209.4 919.6 265.8 899.0 287.6 large-vehicle 0
907.7 219.0 926.2 200.8 989.3 265.0 970.8 283.2 large-vehicle 0
596.3 790.1 620.8 813.7 591.7 843.9 567.2 820.4 large-vehicle 0
427.4 147.2 449.0 126.3 508.8 188.1 487.2 208.9 large-vehicle 0
