365.6 957.8 370.6 961.2 351.4 989.2 346.4 985.8 ship 0
341.9 951.6 347.9 950.9 352.0 988.7 346.1 989.3 ship 0
333.2 949.5 339.1 950.5 332.9 988.0 327.0 987.0 ship 0
309.8 964.8 313.9 960.4 327.0 972.7 322.9 977.1 ship 0
282.6 942.2 291.6 938.0 307.5 972.5 298.5 976.7 ship 0
-2.7 1013.6 9.7 990.7 53.7 1014.4 41.3 1037.3 ship 0
49.9 976.7 53.5 986.0 3.1 1005.3 -0.5 996.0 ship 0
44.4 920.1 53.4 961.1 4.6 971.9 -4.4 930.9 ship 0
418.5 863.6 424.3 862.0 435.5 902.4 429.7 904.0 ship 0
427.0 861.9 431.0 866.4 396.8 897.1 392.8 892.6 ship 0
400.3 851.8 406.0 853.8 390.7 897.2 385.0 895.2 ship 0
371.7 848.5 377.5 847.0 389.3 891.5 383.5 893.0 ship 0
369.4 968.1 374.2 964.5 399.6 997.9 394.8 1001.5 ship 0
389.6 967.4 395.3 965.5 407.4 1001.6 401.7 1003.5 ship 0
415.4 989.4 416.6 987.7 431.5 997.8 430.4 999.5 ship 0
434.2 974.9 440.2 975.4 436.9 1013.3 430.9 1012.8 ship 0
357.2 997.3 368.1 1011.7 337.8 1034.7 326.9 1020.3 ship 0
347.1 994.9 351.5 999.0 325.9 1027.1 321.5 1023.0 ship 0
325.8 987.8 331.5 989.7 320.0 1025.9 314.3 1024.1 ship 0
302.5 984.2 308.4 982.9 317.5 1023.8 311.6 1025.1 ship 0
288.8 982.0 294.7 980.8 303.2 1022.0 297.3 1023.2 ship 0
291.4 980.8 296.8 983.5 278.5 1021.3 273.1 1018.7 ship 0
253.7 1010.0 274.1 973.2 286.3 980.0 265.9 1016.8 ship 0
835.0 812.4 839.6 816.3 810.0 851.6 805.4 847.7 ship 0
532.2 893.8 538.2 893.3 541.8 935.2 535.8 935.7 ship 0
787.2 915.0 792.9 916.9 779.2 956.6 773.5 954.7 ship 0
804.3 916.8 809.8 919.3 790.7 961.2 785.2 958.7 ship 0
443.8 871.8 449.5 873.6 439.5 906.1 433.7 904.3 ship 0
461.3 872.8 466.9 875.0 452.7 910.2 447.1 908.0 ship 0
473.9 875.6 483.4 878.7 471.6 914.9 462.1 911.8 ship 0
487.5 886.6 492.3 883.0 524.5 926.4 519.7 930.0 ship 0
525.9 890.3 531.4 892.5 517.1 927.7 511.6 925.5 ship 0
559.8 898.8 565.0 901.7 544.2 938.2 539.0 935.3 ship 0
710.3 944.1 719.5 948.1 705.9 979.3 696.7 975.3 ship 0
569.9 903.9 575.7 905.4 566.1 942.1 560.3 940.6 ship 0
579.2 906.2 585.2 905.8 587.8 943.8 581.8 944.2 ship 0
602.0 908.0 607.7 909.8 595.3 949.9 589.5 948.1 ship 0
620.0 935.8 623.6 931.0 641.3 944.1 637.7 948.9 ship 0
637.3 918.2 643.1 916.6 655.7 960.8 649.9 962.4 ship 0
664.3 925.3 673.6 929.0 657.9 968.0 648.6 964.2 ship 0
681.0 934.4 686.6 936.7 671.9 971.7 666.4 969.4 ship 0
764.4 911.0 770.4 911.0 770.6 953.0 764.6 953.0 ship 0
755.4 909.2 764.4 913.6 747.6 947.8 738.6 943.4 ship 0
731.9 902.4 737.9 902.1 740.6 944.0 734.6 944.4 ship 0
709.9 901.5 715.6 899.6 728.1 935.5 722.4 937.4 ship 0
457.9 824.5 467.2 828.2 453.1 863.5 443.8 859.8 ship 0
468.1 828.5 474.1 828.4 474.8 866.4 468.8 866.5 ship 0
488.3 869.4 504.0 834.8 516.7 840.6 501.0 875.2 ship 0
501.9 871.8 522.3 839.7 534.1 847.2 513.7 879.3 ship 0
534.2 844.1 540.0 845.5 530.9 882.4 525.1 881.0 ship 0
549.2 849.4 558.7 852.5 546.8 888.6 537.3 885.5 ship 0
565.8 851.9 575.3 855.1 563.2 891.1 553.7 887.9 ship 0
584.8 855.1 590.5 856.8 578.7 897.1 573.0 895.4 ship 0
603.8 862.7 609.0 865.8 589.4 898.4 584.3 895.3 ship 0
610.3 860.2 616.3 860.4 614.5 914.3 608.5 914.1 ship 0
618.6 866.5 624.5 865.1 636.1 913.7 630.2 915.1 ship 0
625.7 908.4 647.3 872.4 659.3 879.6 637.7 915.6 ship 0
684.0 885.2 686.4 890.7 633.0 913.6 630.7 908.0 ship 0
661.8 892.6 666.6 889.1 686.7 916.5 681.8 920.1 ship 0
690.7 896.9 695.9 894.0 716.5 930.6 711.2 933.5 ship 0
699.1 934.4 704.3 937.4 682.9 973.6 677.7 970.6 ship 0
722.4 944.1 732.3 945.7 725.5 987.2 715.6 985.6 ship 0
746.2 951.7 754.6 957.1 731.8 992.3 723.4 986.9 ship 0
761.1 968.6 763.1 974.2 749.8 978.8 747.9 973.1 ship 0
773.8 959.7 779.5 961.8 766.2 997.3 760.5 995.2 ship 0
805.9 968.5 808.7 973.8 768.1 995.5 765.3 990.2 ship 0
804.0 966.0 809.8 967.7 798.0 1008.0 792.2 1006.3 ship 0
457.3 990.5 459.5 996.1 442.7 1002.5 440.5 996.9 ship 0
468.9 986.2 473.8 989.6 452.1 1020.8 447.2 1017.4 ship 0
477.2 990.4 482.9 992.4 471.8 1024.6 466.1 1022.6 ship 0
488.6 993.7 494.6 994.7 489.4 1028.3 483.4 1027.3 ship 0
495.6 1002.0 501.3 1000.0 511.3 1028.3 505.6 1030.3 ship 0
507.6 1027.4 515.3 1002.5 528.7 1006.7 521.0 1031.5 ship 0
365.8 847.1 375.3 850.3 364.3 882.5 354.8 879.3 ship 0
351.4 840.9 357.1 842.7 345.4 878.9 339.7 877.1 ship 0
325.9 874.1 328.4 836.1 342.4 837.0 339.9 875.0 ship 0
351.3 89.9 358.5 83.0 395.7 122.1 388.5 129.0 ship 0
258.8 406.2 263.6 409.9 225.9 459.1 221.1 455.5 ship 0
225.4 397.3 234.9 400.5 217.6 451.7 208.1 448.5 ship 0
211.0 391.7 219.8 396.6 195.4 440.3 186.7 435.4 ship 0
186.4 390.1 195.2 394.8 171.6 438.9 162.8 434.2 ship 0
304.9 127.7 311.6 120.3 348.6 153.8 341.9 161.2 ship 0
322.0 114.0 329.4 107.2 366.0 147.0 358.6 153.8 ship 0
339.2 106.3 346.3 99.2 378.8 131.7 371.7 138.8 ship 0
367.0 81.7 374.3 74.9 405.6 108.6 398.3 115.4 ship 0
371.6 3.3 378.1 -4.4 416.4 27.7 409.9 35.4 ship 0
384.6 70.8 392.5 64.6 416.1 94.4 408.2 100.6 ship 0
395.2 54.2 402.6 47.5 436.0 84.7 428.6 91.4 ship 0
273.7 99.0 296.5 79.6 318.6 105.4 295.7 124.9 ship 0
306.9 67.3 314.1 60.4 343.1 90.7 335.9 97.6 ship 0
319.0 51.1 326.6 44.6 356.7 79.4 349.1 85.9 ship 0
330.9 41.0 337.9 33.8 370.9 65.8 363.9 73.0 ship 0
340.4 22.6 347.6 15.7 387.9 57.4 380.7 64.4 ship 0
261.9 408.5 271.7 410.7 260.4 459.4 250.7 457.2 ship 0
285.0 421.6 294.3 425.2 279.0 464.4 269.7 460.8 ship 0
325.8 427.6 334.9 431.7 316.0 473.6 306.9 469.5 ship 0
346.1 434.9 355.3 438.9 336.9 481.1 327.7 477.1 ship 0
412.0 512.7 420.6 517.9 396.7 557.2 388.1 552.0 ship 0
392.0 505.3 400.7 510.2 375.9 553.6 367.2 548.7 ship 0
365.2 498.0 374.9 500.4 363.8 545.0 354.1 542.6 ship 0
347.4 497.0 357.0 499.7 344.6 544.0 335.0 541.3 ship 0
319.5 483.7 329.4 482.6 335.5 540.3 325.6 541.4 ship 0
293.3 485.9 302.9 483.2 317.7 535.1 308.1 537.8 ship 0
269.9 469.7 279.3 473.3 261.2 519.9 251.8 516.3 ship 0
252.0 465.7 261.3 469.4 242.8 515.9 233.5 512.2 ship 0
229.8 462.2 239.2 465.7 223.2 508.8 213.8 505.3 ship 0
213.4 458.9 222.4 463.1 204.9 501.3 195.8 497.1 ship 0
181.0 451.9 191.0 451.2 194.0 497.1 184.0 497.8 ship 0
156.1 449.5 165.5 446.2 181.9 493.5 172.5 496.8 ship 0
419.2 453.0 429.0 454.9 419.8 500.0 410.0 498.1 ship 0
386.6 453.7 396.1 450.7 411.4 498.3 401.9 501.3 ship 0
344.1 477.1 364.8 440.6 380.4 449.4 359.7 486.0 ship 0
361.5 16.2 368.4 9.0 401.6 40.8 394.7 48.1 ship 0
317.4 831.1 327.2 833.4 318.4 870.4 308.7 868.1 ship 0
344.5 833.4 477.1 782.6 515.0 881.6 382.4 932.4 harbor 0
380.3 682.2 496.1 607.1 582.0 739.7 466.2 814.8 harbor 0
481.6 409.1 555.9 548.6 416.4 622.9 342.1 483.4 harbor 0
653.5 374.8 665.9 338.9 716.9 356.4 704.6 392.3 harbor 0
399.1 513.3 404.0 509.8 444.9 566.7 440.0 570.2 ship 0
122.2 570.5 131.2 574.8 107.8 623.5 98.8 619.2 ship 0
133.5 577.8 143.5 578.3 141.5 620.2 131.5 619.7 ship 0
282.4 775.2 288.3 776.2 282.1 813.7 276.2 812.7 ship 0
401.2 823.1 401.6 825.1 387.9 827.7 387.5 825.7 ship 0
379.8 803.1 385.4 805.2 373.2 836.9 367.6 834.8 ship 0
347.3 828.5 365.0 794.9 377.4 801.4 359.7 835.0 ship 0
360.7 794.7 364.4 799.4 331.3 825.3 327.6 820.6 ship 0
317.3 795.9 321.9 792.1 343.2 818.7 338.5 822.4 ship 0
317.0 784.5 322.6 786.7 308.9 822.1 303.3 820.0 ship 0
292.2 776.7 298.1 775.4 308.8 820.1 302.9 821.5 ship 0
263.3 769.3 269.3 768.8 272.7 810.7 266.7 811.2 ship 0
144.2 576.7 153.9 574.5 164.8 623.3 155.1 625.5 ship 0
248.6 766.4 254.6 766.7 252.4 808.6 246.4 808.3 ship 0
236.9 763.4 242.7 764.7 234.7 801.8 228.9 800.5 ship 0
219.7 759.0 225.6 759.5 222.1 797.3 216.1 796.8 ship 0
204.9 751.9 210.8 752.9 203.8 794.3 197.8 793.3 ship 0
194.3 747.1 199.9 749.4 183.8 788.2 178.2 785.9 ship 0
175.2 746.4 181.0 747.9 171.8 784.7 165.9 783.3 ship 0
162.6 741.4 171.4 746.1 153.4 779.6 144.6 774.9 ship 0
410.3 811.4 416.1 812.9 406.7 849.7 400.9 848.2 ship 0
425.2 812.3 431.1 813.5 422.8 854.7 416.9 853.5 ship 0
31.1 785.8 62.9 758.3 72.0 768.9 40.2 796.4 ship 0
68.7 765.3 78.0 768.8 66.3 800.7 57.0 797.2 ship 0
310.6 826.2 315.8 829.2 292.4 868.8 287.2 865.8 ship 0
294.4 823.4 299.7 826.2 281.6 859.6 276.3 856.8 ship 0
264.9 815.7 270.9 814.8 278.0 860.3 272.1 861.2 ship 0
257.2 814.4 263.1 815.4 255.7 856.8 249.8 855.7 ship 0
234.4 810.4 240.3 809.8 244.6 851.6 238.7 852.2 ship 0
226.0 808.4 231.7 810.2 220.3 846.4 214.6 844.6 ship 0
211.7 801.0 217.4 802.5 206.3 843.0 200.6 841.5 ship 0
210.1 809.4 211.9 815.1 179.7 825.8 177.8 820.1 ship 0
175.0 793.5 181.0 793.5 181.0 831.5 175.0 831.5 ship 0
176.9 791.1 181.2 795.3 149.0 828.2 144.7 824.0 ship 0
129.1 815.8 154.8 782.6 165.9 791.2 140.2 824.4 ship 0
133.4 781.8 139.1 783.8 124.6 823.2 118.9 821.2 ship 0
129.1 779.1 133.2 783.4 99.9 815.1 95.7 810.7 ship 0
104.1 774.7 109.3 777.7 94.1 803.6 88.9 800.6 ship 0
73.0 797.1 82.2 772.8 95.3 777.7 86.1 802.0 ship 0
143.3 738.4 152.7 742.0 140.7 773.8 131.3 770.2 ship 0
124.4 727.9 130.4 728.1 128.6 774.1 122.6 773.9 ship 0
113.8 729.0 119.5 730.8 108.2 767.0 102.5 765.2 ship 0
117.8 626.2 127.8 625.9 129.2 675.8 119.2 676.1 ship 0
420.9 651.4 426.7 652.6 418.0 693.7 412.1 692.4 ship 0
405.8 648.3 411.6 649.5 403.2 690.7 397.4 689.5 ship 0
380.4 646.0 386.3 644.8 394.6 686.0 388.7 687.2 ship 0
361.7 631.4 370.4 636.4 347.4 676.2 338.7 671.2 ship 0
346.4 626.1 355.0 631.2 331.6 670.9 323.0 665.8 ship 0
315.8 623.9 325.8 623.2 329.2 669.1 319.2 669.8 ship 0
310.7 618.4 319.8 622.4 301.3 664.5 292.2 660.5 ship 0
297.8 617.0 303.1 619.8 279.3 663.8 274.0 660.9 ship 0
277.6 615.6 282.7 618.9 262.0 650.8 257.0 647.5 ship 0
241.0 611.3 246.3 608.6 267.0 649.7 261.7 652.4 ship 0
248.4 602.6 253.4 605.8 228.3 644.4 223.3 641.1 ship 0
223.4 598.9 232.9 602.1 219.7 641.9 210.2 638.8 ship 0
206.7 599.2 216.0 602.7 204.1 634.6 194.7 631.1 ship 0
192.8 589.2 201.8 593.6 183.3 631.3 174.3 626.9 ship 0
177.6 584.8 186.5 589.6 166.6 626.6 157.8 621.8 ship 0
114.1 619.8 122.8 624.8 97.9 668.2 89.2 663.2 ship 0
147.0 628.2 156.1 632.3 135.7 678.0 126.6 673.9 ship 0
100.2 725.9 105.7 728.2 90.8 763.1 85.3 760.8 ship 0
165.0 632.2 174.1 636.4 153.0 681.8 143.9 677.6 ship 0
78.4 718.5 88.2 720.1 82.3 757.6 72.4 756.0 ship 0
80.7 720.3 83.2 725.7 34.3 748.7 31.8 743.3 ship 0
427.0 705.4 436.6 708.2 425.0 748.6 415.4 745.8 ship 0
413.6 702.9 422.6 707.3 404.4 745.1 395.4 740.7 ship 0
393.3 694.9 399.2 696.1 389.7 741.1 383.8 739.9 ship 0
381.4 693.2 386.9 695.5 370.8 734.3 365.3 732.0 ship 0
345.4 687.3 350.9 685.0 372.4 734.5 366.8 736.9 ship 0
347.8 686.0 356.4 691.1 337.2 723.9 328.6 718.8 ship 0
327.5 678.1 337.1 681.0 323.5 724.9 313.9 722.0 ship 0
309.3 673.4 315.1 674.7 305.0 719.6 299.2 718.3 ship 0
305.3 671.5 310.1 675.1 280.7 715.5 275.9 711.9 ship 0
253.9 700.7 283.6 665.6 294.3 674.6 264.6 709.8 ship 0
225.7 653.0 235.5 655.2 225.3 700.0 215.5 697.8 ship 0
205.7 647.1 215.6 648.1 211.3 693.9 201.4 692.9 ship 0
174.0 635.1 197.7 645.8 178.8 687.7 155.1 677.0 ship 0
456.2 818.4 460.4 822.6 424.9 857.8 420.6 853.6 ship 0
813.9 810.4 819.2 813.2 801.1 846.6 795.8 843.8 ship 0
782.4 799.3 788.2 797.7 801.7 845.8 795.9 847.5 ship 0
886.8 115.5 891.6 111.9 914.2 142.5 909.4 146.1 ship 0
803.5 195.4 823.0 167.6 857.4 191.7 837.9 219.5 ship 0
836.0 165.5 845.1 154.8 874.0 179.5 864.9 190.2 ship 0
822.1 122.5 825.1 117.3 857.9 136.5 854.9 141.7 ship 0
836.1 107.5 840.3 103.3 866.9 130.5 862.7 134.7 ship 0
847.8 93.9 855.7 87.8 881.2 121.1 873.3 127.2 ship 0
863.2 141.6 866.9 136.9 896.8 160.4 893.1 165.1 ship 0
874.5 130.1 878.4 125.5 907.5 149.9 903.6 154.5 ship 0
933.6 71.2 938.1 67.2 968.4 101.8 963.9 105.8 ship 0
895.5 106.3 902.8 99.4 934.5 132.7 927.2 139.6 ship 0
867.3 72.9 871.4 68.5 905.1 99.7 901.1 104.1 ship 0
884.3 68.3 888.4 63.9 910.4 84.3 906.3 88.7 ship 0
890.9 53.2 898.2 46.3 927.1 76.8 919.8 83.7 ship 0
985.8 216.6 993.0 209.6 1033.2 251.4 1026.0 258.4 ship 0
833.1 816.3 854.3 822.1 845.4 854.9 824.2 849.1 ship 0
846.5 768.0 871.4 784.6 854.8 809.6 829.8 792.9 ship 0
988.3 505.1 1008.3 514.3 997.4 537.9 977.4 528.7 ship 0
815.6 372.4 837.8 336.7 870.1 356.7 848.0 392.4 ship 0
877.6 326.3 885.1 319.8 923.2 363.5 915.7 370.1 ship 0
892.4 314.0 899.0 306.4 939.6 342.0 933.0 349.6 ship 0
909.9 294.5 916.9 287.3 955.6 324.9 948.7 332.1 ship 0
922.8 278.7 930.0 271.8 973.2 316.3 966.0 323.2 ship 0
936.9 261.7 943.6 254.2 989.6 295.8 982.9 303.2 ship 0
956.4 248.7 963.8 242.0 1000.2 281.9 992.8 288.7 ship 0
973.4 235.2 980.4 228.1 1021.6 268.8 1014.6 275.9 ship 0
924.1 85.9 928.1 81.5 956.0 107.3 952.0 111.7 ship 0
908.4 45.6 912.7 41.5 938.6 69.4 934.2 73.4 ship 0
942.9 7.2 947.4 3.3 974.7 35.3 970.1 39.2 ship 0
956.5 -4.5 965.2 -9.6 990.5 33.5 981.8 38.6 ship 0
956.0 55.4 962.7 48.0 996.7 79.1 989.9 86.5 ship 0
971.7 43.6 976.0 39.4 1005.3 69.5 1001.0 73.7 ship 0
984.9 31.4 989.7 27.8 1015.0 61.3 1010.2 64.9 ship 0
993.0 27.5 998.6 19.2 1030.0 40.5 1024.4 48.8 ship 0
611.4 553.3 636.6 514.8 651.6 524.7 626.4 563.2 ship 0
499.4 535.5 509.3 537.2 501.6 582.5 491.7 580.8 ship 0
523.3 543.1 532.2 547.5 509.9 592.3 501.0 587.8 ship 0
539.5 547.1 549.2 549.8 535.5 597.9 525.8 595.2 ship 0
546.9 490.6 556.9 490.4 558.1 544.4 548.1 544.6 ship 0
581.6 489.6 590.8 493.6 566.4 550.6 557.2 546.6 ship 0
581.5 550.8 588.0 558.4 534.9 604.1 528.4 596.5 ship 0
616.5 509.8 625.6 514.0 606.4 555.8 597.3 551.6 ship 0
671.7 524.6 681.1 528.0 664.2 575.1 654.8 571.7 ship 0
474.0 656.6 483.7 658.9 472.3 707.6 462.6 705.3 ship 0
705.8 534.1 712.8 541.2 674.2 578.9 667.2 571.8 ship 0
695.5 550.1 700.5 546.7 719.5 574.9 714.5 578.3 ship 0
731.1 526.1 754.8 536.7 726.4 600.6 702.6 590.1 ship 0
674.1 585.6 684.0 586.6 678.9 636.4 669.0 635.4 ship 0
696.9 592.8 706.3 596.3 690.3 639.4 680.9 635.9 ship 0
715.5 596.4 733.9 608.5 708.7 647.0 690.3 634.9 ship 0
440.7 655.1 450.2 658.3 437.0 698.1 427.5 695.0 ship 0
480.5 530.4 490.2 533.2 476.6 581.3 466.9 578.5 ship 0
459.5 524.5 469.3 526.7 458.5 575.5 448.7 573.3 ship 0
445.9 523.3 455.0 527.4 436.2 569.4 427.1 565.3 ship 0
492.4 516.9 526.2 485.6 535.7 495.9 501.9 527.2 ship 0
761.3 167.7 769.1 161.5 792.7 191.3 784.9 197.5 ship 0
749.1 186.8 754.6 178.5 782.9 197.2 777.4 205.5 ship 0
794.2 199.4 799.6 196.7 816.8 230.6 811.4 233.3 ship 0
778.9 212.4 783.1 208.0 810.7 234.1 806.5 238.5 ship 0
740.3 188.1 745.6 185.1 764.4 218.1 759.2 221.1 ship 0
765.3 220.2 770.0 216.6 795.7 249.8 791.0 253.4 ship 0
723.4 199.2 727.5 194.9 755.0 221.2 750.8 225.5 ship 0
691.9 238.1 716.4 209.0 739.3 228.3 714.9 257.4 ship 0
751.4 229.9 756.0 226.0 785.6 261.1 781.0 265.0 ship 0
739.2 242.3 743.6 238.3 771.7 269.5 767.2 273.6 ship 0
731.2 256.9 735.5 252.7 756.6 274.0 752.4 278.2 ship 0
652.5 349.1 674.3 323.0 709.7 352.5 687.9 378.6 ship 0
701.8 400.0 717.7 374.5 760.1 401.0 744.3 426.5 ship 0
477.8 469.9 487.4 472.6 473.2 524.7 463.6 522.0 ship 0
501.4 470.3 510.7 473.8 491.5 524.3 482.2 520.7 ship 0
455.7 656.9 465.5 659.1 456.3 700.1 446.5 697.9 ship 0
493.2 669.4 502.3 673.6 484.8 711.7 475.7 707.6 ship 0
644.1 767.6 653.4 771.2 639.6 806.6 630.3 803.0 ship 0
552.5 736.1 555.1 741.4 499.5 768.9 496.9 763.6 ship 0
542.5 735.5 552.2 738.0 541.5 778.7 531.8 776.1 ship 0
564.2 743.0 569.6 745.7 550.9 783.3 545.6 780.6 ship 0
580.4 746.4 585.7 749.2 566.6 786.6 561.3 783.8 ship 0
594.9 747.8 600.8 749.0 592.1 794.2 586.2 793.0 ship 0
612.3 755.8 621.4 759.8 604.7 798.3 595.5 794.3 ship 0
628.0 757.8 637.3 761.4 620.8 804.4 611.5 800.8 ship 0
656.9 767.7 662.9 767.7 663.0 809.7 657.0 809.7 ship 0
505.6 672.9 515.3 675.2 506.4 712.1 496.7 709.8 ship 0
678.1 767.5 683.9 769.3 670.4 813.2 664.6 811.5 ship 0
700.4 775.6 708.6 781.3 682.5 819.1 674.2 813.4 ship 0
709.4 777.0 719.1 779.6 706.3 827.9 696.7 825.4 ship 0
725.4 783.4 735.0 785.9 724.6 826.6 715.0 824.1 ship 0
741.6 786.9 747.5 788.0 737.4 841.1 731.5 840.0 ship 0
767.1 791.7 775.9 796.5 751.9 840.3 743.1 835.5 ship 0
782.9 800.5 788.3 803.2 769.1 840.5 763.7 837.8 ship 0
506.7 728.0 516.6 729.5 510.3 771.0 500.4 769.5 ship 0
479.7 720.7 485.2 723.3 467.3 761.3 461.8 758.7 ship 0
474.1 715.7 478.5 719.8 444.3 756.2 439.9 752.1 ship 0
442.6 712.9 452.2 716.0 440.4 752.1 430.8 749.0 ship 0
540.2 678.4 544.3 682.8 504.8 719.6 500.7 715.2 ship 0
542.9 680.4 552.1 684.3 534.1 726.6 524.9 722.7 ship 0
553.4 686.7 563.4 688.1 557.5 729.7 547.6 728.3 ship 0
575.5 689.7 584.9 693.0 569.5 736.3 560.1 733.0 ship 0
602.9 700.1 612.8 701.2 608.1 742.9 598.2 741.8 ship 0
623.5 702.1 633.1 705.1 620.4 745.1 610.9 742.1 ship 0
667.9 713.5 674.9 720.7 642.2 753.0 635.2 745.9 ship 0
675.0 717.4 680.9 718.6 672.6 759.8 666.7 758.6 ship 0
689.7 722.4 695.6 723.9 685.3 764.6 679.4 763.1 ship 0
702.2 724.0 712.1 725.4 705.3 771.0 695.5 769.5 ship 0
721.7 730.5 731.3 733.2 720.1 773.7 710.5 771.0 ship 0
747.9 735.0 765.8 736.4 762.3 782.3 744.4 780.9 ship 0
783.1 748.2 793.1 748.4 791.8 790.4 781.8 790.1 ship 0
805.7 753.2 811.6 754.0 806.0 795.6 800.1 794.8 ship 0
823.4 757.5 829.2 759.2 817.6 799.5 811.8 797.8 ship 0
460.3 249.4 468.1 243.2 486.8 266.6 479.0 272.9 ship 0
470.2 231.3 478.6 225.9 508.1 271.1 499.7 276.6 ship 0
485.2 222.3 492.5 215.5 526.6 252.1 519.2 259.0 ship 0
502.5 214.0 510.2 207.5 537.2 239.7 529.6 246.1 ship 0
745.7 3.6 759.3 -8.2 784.3 20.4 770.7 32.2 ship 0
711.9 35.5 736.7 12.1 765.5 42.7 740.7 66.0 ship 0
656.2 7.1 681.7 -15.5 714.8 21.9 689.3 44.5 ship 0
616.2 117.8 623.0 110.5 653.8 139.2 647.0 146.5 ship 0
536.4 108.5 543.7 101.6 578.1 138.0 570.8 144.9 ship 0
603.2 127.0 610.9 120.6 637.8 152.8 630.1 159.2 ship 0
585.3 141.9 591.8 134.3 626.7 164.1 620.2 171.7 ship 0
575.9 154.6 583.2 147.9 611.7 178.8 604.3 185.5 ship 0
521.7 122.3 529.1 115.6 565.3 155.7 557.9 162.4 ship 0
504.9 135.7 511.6 128.2 549.1 161.3 542.4 168.8 ship 0
496.4 147.3 504.2 141.0 530.5 173.8 522.7 180.1 ship 0
480.0 158.4 487.3 151.6 521.5 188.0 514.2 194.8 ship 0
467.2 173.5 474.6 166.7 505.8 200.5 498.4 207.3 ship 0
455.7 186.5 463.3 180.0 490.7 211.8 483.1 218.4 ship 0
436.2 191.8 443.9 185.4 480.8 230.2 473.1 236.6 ship 0
420.8 201.7 428.9 195.8 463.0 242.7 454.9 248.6 ship 0
545.3 176.2 552.7 169.5 580.7 200.8 573.3 207.5 ship 0
527.4 187.2 534.9 180.6 568.0 218.1 560.5 224.7 ship 0
518.2 204.3 525.4 197.4 551.8 224.7 544.6 231.6 ship 0
560.4 89.4 573.2 76.7 611.1 115.1 598.3 127.8 ship 0
625.7 101.9 632.6 94.6 672.0 131.5 665.1 138.8 ship 0
646.3 90.4 653.7 83.6 684.7 117.6 677.3 124.4 ship 0
470.8 -0.3 480.2 -3.8 493.5 31.8 484.1 35.3 ship 0
442.2 18.0 448.6 10.4 483.8 40.0 477.4 47.6 ship 0
430.0 30.9 437.1 23.8 469.4 56.6 462.3 63.6 ship 0
412.3 43.0 420.1 36.8 451.2 76.0 443.3 82.2 ship 0
637.7 27.1 642.0 22.9 671.3 52.9 667.0 57.1 ship 0
625.0 37.9 629.2 33.6 662.4 65.4 658.2 69.8 ship 0
685.3 48.4 693.4 42.4 725.7 85.6 717.6 91.6 ship 0
671.7 64.5 679.5 58.3 708.1 94.3 700.3 100.5 ship 0
609.4 52.5 616.9 45.9 644.6 77.5 637.1 84.1 ship 0
590.2 62.4 596.6 54.8 637.9 89.6 631.5 97.2 ship 0
797.6 139.2 805.0 132.5 830.4 160.8 823.0 167.5 ship 0
789.1 152.3 793.4 148.1 816.9 172.7 812.6 176.9 ship 0
776.9 160.6 781.3 156.5 804.6 181.2 800.3 185.3 ship 0
