929.7 808.8 957.7 783.1 1004.9 834.8 976.9 860.4 ship 0
45.0 914.8 52.4 908.1 86.0 945.2 78.6 951.9 ship 0
-1.0 951.9 6.1 944.9 38.5 977.6 31.4 984.6 ship 0
16.2 941.8 23.3 934.7 55.8 967.2 48.7 974.3 ship 0
31.9 929.3 39.3 922.6 70.1 956.7 62.7 963.4 ship 0
58.1 903.7 65.6 897.1 98.6 934.6 91.0 941.2 ship 0
63.7 827.1 70.2 819.5 108.3 851.9 101.8 859.5 ship 0
77.4 897.0 85.0 890.5 107.3 916.1 99.7 922.7 ship 0
89.7 878.2 97.6 872.1 125.6 908.6 117.6 914.7 ship 0
-8.5 896.0 9.8 877.6 42.5 910.0 24.2 928.4 ship 0
10.1 876.5 17.1 869.5 49.6 902.0 42.6 909.1 ship 0
21.7 863.3 28.7 856.2 64.1 891.5 57.1 898.6 ship 0
31.5 848.0 38.3 840.6 80.8 880.1 74.0 887.4 ship 0
54.1 843.2 60.4 835.4 93.0 861.9 86.7 869.6 ship 0
83.4 809.4 90.6 802.4 125.4 838.4 118.2 845.4 ship 0
817.8 687.5 873.6 758.2 457.5 1086.5 401.8 1015.9 harbor 0
510.2 665.2 584.4 735.2 371.8 960.8 297.6 890.8 harbor 0
320.8 583.6 405.0 666.2 283.2 790.4 199.0 707.8 harbor 0
281.2 473.2 502.0 273.1 554.4 331.0 333.5 531.0 harbor 0
192.5 497.4 193.6 639.4 3.7 640.9 2.5 498.9 harbor 0
253.0 200.8 311.8 257.9 296.5 273.7 237.7 216.6 harbor 0
152.8 262.1 250.7 159.3 333.2 237.9 235.3 340.7 harbor 0
144.2 272.4 199.4 211.8 274.8 280.6 219.6 341.2 harbor 0
92.6 277.8 128.6 237.6 240.5 337.4 204.6 377.7 harbor 0
45.4 162.3 61.0 187.9 28.6 207.7 13.0 182.1 ship 0
138.0 139.9 143.9 173.4 110.4 179.3 104.5 145.8 ship 0
-13.2 655.9 7.6 640.3 32.8 673.8 12.1 689.5 ship 0
4.0 640.7 11.2 633.8 48.5 672.9 41.2 679.8 ship 0
25.2 622.8 33.1 616.7 63.6 656.3 55.7 662.4 ship 0
40.4 608.8 48.4 602.8 80.6 646.2 72.6 652.2 ship 0
55.1 598.8 61.8 591.4 101.7 627.9 94.9 635.3 ship 0
94.1 569.2 102.3 563.4 133.4 607.6 125.2 613.3 ship 0
71.7 582.7 78.9 575.7 119.3 617.3 112.1 624.3 ship 0
-18.9 584.4 13.1 563.9 37.9 602.6 5.9 623.1 ship 0
22.2 553.8 43.1 538.4 72.7 578.8 51.7 594.1 ship 0
42.5 541.4 49.9 534.6 83.5 571.6 76.1 578.4 ship 0
57.0 526.7 64.1 519.6 99.3 555.1 92.2 562.2 ship 0
71.0 507.5 78.5 500.9 117.1 544.2 109.6 550.8 ship 0
893.7 844.5 901.7 838.5 934.3 881.5 926.3 887.5 ship 0
529.9 435.4 536.8 428.1 567.4 456.8 560.5 464.1 ship 0
518.0 507.3 524.7 499.9 561.8 533.5 555.1 540.9 ship 0
532.6 493.0 539.9 486.1 576.9 525.5 569.6 532.3 ship 0
550.8 482.3 558.7 476.3 586.5 513.0 578.5 519.0 ship 0
566.0 471.8 574.2 466.2 600.0 504.2 591.8 509.8 ship 0
583.7 456.1 594.8 447.6 620.3 480.9 609.2 489.4 ship 0
563.5 405.8 570.7 398.9 599.7 429.4 592.4 436.3 ship 0
546.9 417.2 553.7 409.9 587.4 441.1 580.7 448.4 ship 0
517.3 447.4 524.5 440.5 553.7 470.6 546.5 477.5 ship 0
371.9 270.8 375.3 275.7 357.1 288.2 353.7 283.3 ship 0
113.1 348.1 131.1 319.2 170.2 343.4 152.2 372.3 ship 0
131.7 293.0 147.9 263.2 195.3 289.0 179.1 318.8 ship 0
171.9 250.7 203.2 222.7 236.6 260.0 205.2 288.0 ship 0
232.2 244.9 285.8 213.7 302.8 243.1 249.2 274.3 ship 0
419.6 264.7 422.4 259.4 455.9 277.2 453.1 282.5 ship 0
449.2 238.4 455.1 239.3 448.6 280.8 442.7 279.9 ship 0
408.1 206.7 427.2 229.8 391.9 259.2 372.7 236.1 ship 0
503.4 520.2 510.5 513.2 545.6 548.8 538.5 555.8 ship 0
680.6 542.3 693.2 529.4 731.9 567.1 719.3 580.0 ship 0
721.9 580.8 725.9 576.3 748.3 596.2 744.3 600.7 ship 0
702.1 582.9 706.2 578.5 745.4 615.7 741.3 620.0 ship 0
580.0 638.8 587.8 632.5 611.6 662.1 603.8 668.4 ship 0
595.2 627.0 599.4 622.6 626.8 649.0 622.6 653.4 ship 0
595.3 681.3 599.9 677.5 629.5 712.7 624.9 716.6 ship 0
610.7 674.8 615.3 671.0 642.3 703.2 637.7 707.0 ship 0
623.4 658.5 627.8 654.4 659.3 687.9 654.9 692.0 ship 0
636.7 648.4 641.2 644.4 669.0 675.9 664.5 679.9 ship 0
605.8 611.7 610.5 607.9 639.5 643.6 634.9 647.4 ship 0
617.0 598.9 624.2 592.0 658.6 628.4 651.3 635.2 ship 0
632.0 584.9 640.2 579.2 669.0 620.1 660.8 625.8 ship 0
656.8 640.8 665.0 635.0 682.4 659.4 674.3 665.3 ship 0
666.5 628.2 674.1 621.6 699.0 650.3 691.4 656.8 ship 0
677.4 615.0 684.0 607.4 715.6 635.0 709.0 642.6 ship 0
647.2 576.6 654.5 569.8 685.8 603.4 678.5 610.2 ship 0
688.5 598.3 696.0 591.8 728.6 629.8 721.0 636.3 ship 0
652.3 561.3 658.8 553.7 699.7 588.9 693.2 596.4 ship 0
365.5 260.0 369.1 264.8 351.5 278.0 347.9 273.2 ship 0
334.4 276.8 353.9 294.0 339.4 310.5 319.9 293.3 ship 0
553.7 661.1 558.6 657.7 580.3 688.9 575.4 692.3 ship 0
176.8 508.3 184.1 501.4 221.2 540.7 213.9 547.6 ship 0
476.5 544.2 484.1 537.7 516.5 575.8 508.9 582.3 ship 0
464.5 556.2 468.6 551.8 502.3 583.0 498.3 587.4 ship 0
177.4 439.7 182.8 431.3 228.2 460.7 222.7 469.1 ship 0
166.1 451.0 173.6 444.4 203.9 479.0 196.4 485.6 ship 0
94.9 495.5 129.4 465.0 165.1 505.5 130.6 536.0 ship 0
221.7 477.7 230.9 473.7 252.3 523.3 243.1 527.3 ship 0
202.6 491.1 211.1 485.9 239.4 531.9 230.9 537.1 ship 0
155.5 525.8 175.1 508.7 215.9 555.3 196.4 572.4 ship 0
309.4 308.9 313.6 313.1 272.6 354.1 268.4 349.9 ship 0
128.6 553.5 135.3 546.1 169.6 576.7 162.9 584.2 ship 0
111.5 557.9 119.7 552.3 152.5 600.1 144.3 605.7 ship 0
415.7 532.2 422.9 525.4 454.5 558.8 447.2 565.7 ship 0
396.3 540.1 403.0 532.7 446.2 571.4 439.5 578.9 ship 0
387.1 555.6 394.6 548.9 425.4 583.0 418.0 589.7 ship 0
371.3 567.8 377.8 560.3 415.5 593.1 409.0 600.7 ship 0
356.6 577.3 363.5 570.1 399.5 604.9 392.6 612.1 ship 0
429.3 517.1 436.4 510.1 468.7 542.9 461.6 549.9 ship 0
448.0 507.7 455.8 501.4 482.1 534.1 474.4 540.4 ship 0
496.6 538.6 504.0 531.9 527.0 556.9 519.6 563.7 ship 0
456.9 491.7 464.2 484.8 501.1 524.3 493.8 531.2 ship 0
312.8 318.7 325.3 331.7 289.2 366.3 276.7 353.3 ship 0
480.7 327.2 488.7 321.2 516.4 357.9 508.4 363.9 ship 0
456.9 339.6 463.9 332.5 507.8 376.3 500.8 383.4 ship 0
442.8 354.2 449.7 347.0 488.7 384.3 481.8 391.5 ship 0
425.6 367.9 433.0 361.2 469.4 401.1 462.0 407.8 ship 0
316.3 453.6 510.7 296.4 544.7 338.4 350.3 495.6 ship 0
302.0 471.1 491.4 307.8 524.0 345.7 334.7 509.0 ship 0
375.5 404.6 383.1 398.2 415.3 436.5 407.7 442.9 ship 0
357.0 418.3 364.1 411.3 402.0 449.7 394.9 456.7 ship 0
344.7 427.5 352.9 421.9 383.3 466.5 375.1 472.1 ship 0
325.4 446.7 332.6 439.7 367.6 475.3 360.4 482.3 ship 0
300.1 457.7 320.7 441.7 353.9 484.3 333.3 500.3 ship 0
503.0 458.4 510.6 451.8 538.0 483.6 530.4 490.2 ship 0
491.5 474.1 498.6 467.0 525.5 493.9 518.4 501.0 ship 0
496.3 465.5 502.2 466.6 490.4 531.5 484.5 530.4 ship 0
563.8 652.3 570.5 644.9 598.7 670.3 592.0 677.7 ship 0
539.0 668.8 543.6 664.9 573.0 700.2 568.4 704.1 ship 0
575.5 944.0 579.1 939.2 609.5 962.0 605.9 966.8 ship 0
502.9 1021.1 516.2 998.7 542.0 1014.0 528.7 1036.4 ship 0
521.7 999.8 522.4 989.8 572.3 993.2 571.6 1003.2 ship 0
516.1 942.6 520.3 938.3 547.9 964.4 543.7 968.7 ship 0
528.4 931.1 532.8 927.0 558.6 954.9 554.2 959.0 ship 0
545.3 915.4 554.6 911.9 567.7 947.6 558.4 951.1 ship 0
555.9 961.2 560.4 957.3 588.1 988.8 583.6 992.7 ship 0
567.8 952.2 572.1 948.1 598.2 975.8 593.9 979.9 ship 0
758.7 965.2 765.7 958.0 810.4 1000.9 803.5 1008.1 ship 0
627.2 893.5 632.1 890.0 658.8 927.5 653.9 931.0 ship 0
766.0 959.9 769.2 950.5 828.0 970.1 824.8 979.5 ship 0
789.4 931.9 796.4 924.8 840.7 968.2 833.6 975.3 ship 0
809.9 920.8 816.7 913.5 856.3 950.3 849.4 957.6 ship 0
585.3 934.3 591.1 926.2 628.7 952.7 622.9 960.8 ship 0
565.1 899.1 569.8 895.3 591.3 921.5 586.7 925.4 ship 0
562.3 902.4 562.5 896.4 616.4 898.3 616.2 904.3 ship 0
581.2 876.3 588.2 869.2 620.8 901.7 613.8 908.8 ship 0
743.4 981.8 750.4 974.6 794.6 1018.2 787.6 1025.3 ship 0
729.0 1012.4 743.8 991.0 778.3 1015.0 763.5 1036.3 ship 0
870.0 856.4 877.2 849.4 926.0 899.6 918.8 906.6 ship 0
858.1 878.8 864.9 871.5 913.1 916.6 906.3 923.9 ship 0
844.1 894.1 851.0 886.9 892.9 926.9 886.0 934.1 ship 0
617.6 907.9 622.2 904.1 646.5 933.2 641.9 937.1 ship 0
596.5 872.0 599.9 867.0 634.4 891.0 631.0 895.9 ship 0
583.0 696.6 591.0 690.7 616.0 724.4 608.0 730.3 ship 0
816.7 674.1 821.5 670.5 844.3 700.9 839.5 704.5 ship 0
779.0 702.7 783.6 699.0 809.8 731.8 805.1 735.6 ship 0
792.3 696.2 796.7 692.1 822.7 719.8 818.3 723.9 ship 0
803.3 683.3 807.8 679.3 835.7 710.7 831.2 714.7 ship 0
808.9 735.5 813.6 731.9 839.0 765.3 834.2 769.0 ship 0
819.2 728.5 823.3 724.2 850.8 750.5 846.7 754.8 ship 0
831.0 715.0 835.4 711.0 861.0 739.0 856.6 743.0 ship 0
842.3 704.3 846.8 700.3 874.6 731.7 870.2 735.7 ship 0
522.9 683.4 527.2 679.1 557.1 708.6 552.8 712.9 ship 0
635.1 830.9 639.8 827.1 666.4 859.6 661.8 863.4 ship 0
510.7 691.8 515.0 687.6 547.2 720.4 542.9 724.6 ship 0
500.6 763.9 507.6 756.8 540.4 789.1 533.4 796.2 ship 0
518.4 754.2 526.4 748.2 551.6 781.8 543.6 787.8 ship 0
527.5 740.1 534.9 733.4 568.8 770.1 561.4 776.9 ship 0
542.0 729.9 549.5 723.3 579.8 757.9 572.3 764.5 ship 0
555.9 720.0 563.4 713.4 591.1 745.0 583.6 751.6 ship 0
569.4 707.2 577.4 701.2 602.6 734.8 594.6 740.8 ship 0
764.7 718.1 768.1 713.2 799.3 734.9 795.9 739.8 ship 0
758.4 727.7 762.9 723.8 785.1 749.5 780.5 753.5 ship 0
744.4 735.5 749.0 731.6 773.6 760.5 769.0 764.4 ship 0
723.6 747.0 730.4 739.7 769.9 776.5 763.1 783.8 ship 0
649.7 824.3 654.3 820.5 681.3 852.7 676.7 856.5 ship 0
657.9 811.0 662.4 807.1 692.8 841.6 688.3 845.6 ship 0
651.1 881.8 658.0 874.5 685.5 900.7 678.6 908.0 ship 0
664.9 866.1 669.6 862.3 696.1 894.9 691.5 898.7 ship 0
677.7 857.4 682.4 853.7 706.2 883.3 701.5 887.1 ship 0
689.3 847.4 697.3 841.4 717.7 868.6 709.7 874.6 ship 0
694.0 846.4 695.2 840.5 740.3 849.3 739.2 855.2 ship 0
662.6 810.6 664.3 804.9 708.3 818.5 706.5 824.2 ship 0
679.8 789.3 683.8 784.9 714.8 813.2 710.8 817.6 ship 0
696.2 783.4 700.3 779.0 724.8 802.6 720.7 807.0 ship 0
709.4 768.4 714.3 764.9 736.6 795.6 731.7 799.1 ship 0
718.5 764.2 722.3 759.5 751.8 783.4 748.0 788.1 ship 0
739.6 796.8 777.2 815.6 767.4 835.2 729.8 816.4 ship 0
761.5 786.2 768.2 778.7 790.5 798.8 783.8 806.3 ship 0
776.7 767.8 785.6 763.1 805.3 800.2 796.4 804.9 ship 0
346.1 592.9 353.2 585.9 382.6 615.8 375.5 622.8 ship 0
327.4 601.7 334.4 594.5 367.6 626.3 360.6 633.5 ship 0
449.6 572.2 456.9 565.3 488.4 598.8 481.1 605.7 ship 0
452.9 992.2 460.6 985.8 485.1 1014.8 477.4 1021.2 ship 0
431.8 1020.7 434.9 1003.0 484.2 1011.3 481.1 1029.0 ship 0
438.7 585.8 445.5 578.6 467.3 599.2 460.5 606.4 ship 0
419.2 774.3 426.6 767.6 452.1 795.8 444.6 802.5 ship 0
212.4 694.7 219.9 688.1 258.6 731.3 251.1 737.9 ship 0
266.3 725.3 274.2 719.0 302.9 755.0 295.0 761.2 ship 0
254.4 744.1 261.0 736.5 286.6 758.9 280.0 766.5 ship 0
195.5 715.5 202.1 708.0 242.7 743.6 236.1 751.1 ship 0
163.7 738.8 171.4 732.5 208.3 777.2 200.6 783.5 ship 0
144.9 744.5 152.5 738.0 195.5 788.0 188.0 794.6 ship 0
231.5 754.3 239.0 747.6 272.5 784.7 265.0 791.4 ship 0
404.7 782.4 412.3 775.8 442.3 810.6 434.7 817.2 ship 0
381.3 796.8 386.5 788.2 432.7 816.2 427.5 824.8 ship 0
458.9 794.3 466.1 787.3 503.7 826.0 496.6 833.0 ship 0
450.4 810.4 457.6 803.5 489.6 836.6 482.4 843.5 ship 0
438.4 821.6 446.1 815.2 475.6 850.4 467.9 856.8 ship 0
404.3 857.6 430.6 836.1 457.2 868.6 430.8 890.1 ship 0
341.9 842.5 362.6 805.9 413.1 834.5 392.4 871.1 ship 0
214.9 764.4 222.2 757.5 262.1 799.6 254.8 806.5 ship 0
223.3 685.6 229.4 677.7 278.7 715.2 272.7 723.1 ship 0
288.5 719.6 295.1 712.1 320.7 734.4 314.2 741.9 ship 0
296.9 696.4 304.2 689.5 338.4 726.0 331.1 732.8 ship 0
318.6 681.2 326.7 675.4 353.4 712.8 345.3 718.6 ship 0
421.5 596.0 428.9 589.2 460.2 622.8 452.9 629.6 ship 0
411.2 610.7 418.3 603.7 442.1 627.9 435.0 634.9 ship 0
393.3 618.9 400.6 612.2 431.7 646.1 424.4 652.8 ship 0
378.0 629.4 385.5 622.8 415.8 657.4 408.3 664.0 ship 0
364.0 642.8 371.3 636.0 405.5 672.4 398.2 679.3 ship 0
350.2 653.6 357.6 647.0 390.8 684.4 383.4 691.0 ship 0
300.5 617.8 337.1 657.5 326.8 667.0 290.2 627.3 ship 0
283.8 645.3 290.6 638.0 321.2 666.7 314.4 674.0 ship 0
257.9 657.0 264.0 649.1 309.9 684.5 303.8 692.4 ship 0
495.1 702.9 502.4 696.1 536.5 732.6 529.2 739.4 ship 0
486.5 717.9 493.7 711.0 522.8 741.4 515.5 748.3 ship 0
474.4 729.6 482.4 723.6 505.3 753.9 497.3 759.9 ship 0
491.8 772.0 500.6 767.4 522.1 808.0 513.3 812.7 ship 0
446.8 750.6 454.6 744.3 481.1 776.9 473.4 783.2 ship 0
430.5 761.1 437.6 754.1 472.8 789.6 465.7 796.6 ship 0
202.6 786.4 210.3 780.0 239.4 815.6 231.7 822.0 ship 0
190.2 801.8 197.4 794.8 223.8 822.2 216.6 829.2 ship 0
125.3 765.1 131.9 757.5 172.7 792.9 166.1 800.5 ship 0
306.4 941.0 313.0 933.5 347.6 964.0 341.0 971.5 ship 0
225.5 938.0 230.9 929.5 273.0 956.5 267.6 965.0 ship 0
295.2 951.0 302.9 944.6 329.8 976.8 322.1 983.2 ship 0
276.7 962.9 283.8 955.8 319.3 991.1 312.2 998.2 ship 0
266.2 977.6 273.4 970.7 305.3 1003.8 298.1 1010.7 ship 0
215.1 951.3 221.8 943.8 255.9 974.7 249.2 982.2 ship 0
199.3 959.6 206.5 952.6 238.7 985.4 231.5 992.4 ship 0
188.2 975.3 195.0 968.0 222.8 993.9 215.9 1001.2 ship 0
173.7 987.1 180.3 979.6 211.8 1007.3 205.2 1014.8 ship 0
162.3 999.9 169.8 993.4 194.7 1022.1 187.2 1028.6 ship 0
279.7 998.9 280.3 1024.8 230.3 1026.1 229.7 1000.2 ship 0
298.5 920.4 298.9 930.4 257.0 932.1 256.6 922.1 ship 0
325.2 932.3 332.3 925.2 356.4 949.1 349.4 956.2 ship 0
117.8 783.6 124.9 776.6 157.2 809.3 150.1 816.3 ship 0
339.2 913.2 347.0 906.9 375.8 942.8 368.0 949.1 ship 0
93.4 794.9 100.5 787.9 144.2 831.9 137.1 838.9 ship 0
169.2 814.1 176.7 807.4 204.6 838.8 197.1 845.4 ship 0
155.5 825.3 163.2 818.9 192.7 854.2 185.0 860.6 ship 0
133.2 839.8 140.0 832.4 176.8 866.2 170.0 873.6 ship 0
122.6 850.9 130.6 844.8 160.8 884.6 152.8 890.7 ship 0
105.9 868.1 113.8 862.1 141.6 898.8 133.6 904.8 ship 0
329.9 850.7 334.3 846.6 363.1 877.3 358.7 881.4 ship 0
315.3 860.8 319.4 856.4 356.0 890.5 351.9 894.9 ship 0
376.1 873.8 383.7 867.3 418.9 908.2 411.3 914.7 ship 0
365.5 886.5 374.0 881.2 398.3 920.3 389.8 925.6 ship 0
299.4 876.0 306.5 869.0 338.6 902.0 331.5 909.0 ship 0
281.5 883.8 288.4 876.5 330.6 916.2 323.7 923.5 ship 0
490.4 965.5 497.5 958.5 521.6 982.4 514.5 989.5 ship 0
482.6 971.8 487.8 968.7 507.4 1001.2 502.2 1004.3 ship 0
470.3 982.9 475.2 979.4 495.2 1006.8 490.4 1010.4 ship 0
74.0 335.5 107.7 298.6 177.1 362.0 143.4 398.9 harbor 0
