529.0 198.3 550.9 184.3 580.0 229.7 558.1 243.7 small-vehicle 0
344.7 90.2 352.4 83.8 430.3 177.8 422.6 184.2 large-vehicle 0
292.3 253.4 300.1 247.1 366.7 329.6 358.9 335.9 large-vehicle 0
309.9 238.9 317.6 232.5 385.1 314.1 377.4 320.5 large-vehicle 0
332.5 225.3 343.3 216.4 415.5 304.7 404.7 313.6 large-vehicle 0
358.7 217.9 369.5 209.0 434.2 287.9 423.3 296.8 large-vehicle 0
383.4 207.5 394.2 198.6 456.5 274.2 445.7 283.1 large-vehicle 0
403.6 190.6 414.5 181.9 478.4 261.4 467.5 270.1 large-vehicle 0
426.6 179.2 437.6 170.5 500.4 250.8 489.4 259.5 large-vehicle 0
368.6 85.2 376.1 78.5 449.5 160.5 442.0 167.1 large-vehicle 0
340.0 125.9 347.7 119.5 390.0 170.1 382.3 176.5 large-vehicle 0
227.8 293.8 238.6 284.9 301.0 360.5 290.2 369.4 large-vehicle 0
300.7 117.4 311.6 108.7 385.4 200.7 374.5 209.5 large-vehicle 0
297.4 153.2 308.3 144.4 347.1 192.8 336.2 201.5 large-vehicle 0
259.3 150.5 269.9 141.3 339.3 221.4 328.7 230.6 large-vehicle 0
237.3 160.3 248.2 151.6 316.7 237.7 305.8 246.4 large-vehicle 0
213.9 169.2 224.9 160.6 297.9 253.3 286.9 262.0 large-vehicle 0
196.5 188.6 207.4 179.8 271.8 258.9 260.9 267.8 large-vehicle 0
172.9 200.2 183.8 191.4 247.7 270.9 236.7 279.7 large-vehicle 0
150.2 216.6 160.9 207.5 226.8 285.4 216.1 294.5 large-vehicle 0
271.0 270.3 281.7 261.3 347.0 339.7 336.3 348.7 large-vehicle 0
195.3 312.2 218.7 293.4 282.7 372.8 259.3 391.6 large-vehicle 0
479.7 204.2 503.6 194.0 521.6 236.4 497.6 246.5 small-vehicle 0
168.5 694.3 198.7 678.7 212.5 705.4 182.2 720.9 small-vehicle 0
546.4 386.7 579.1 360.3 608.0 396.1 575.3 422.5 small-vehicle 0
509.0 414.1 533.1 390.0 560.0 416.9 535.9 441.0 small-vehicle 0
150.2 837.9 175.3 814.9 192.8 834.1 167.7 857.1 small-vehicle 0
217.8 778.8 238.8 763.4 261.2 794.1 240.2 809.5 small-vehicle 0
132.3 792.3 163.3 778.3 175.7 805.7 144.7 819.7 small-vehicle 0
101.6 733.5 121.5 724.2 144.4 773.1 124.4 782.4 small-vehicle 0
85.1 710.1 110.1 693.5 126.7 718.5 101.7 735.1 small-vehicle 0
191.1 725.9 208.4 712.3 231.9 742.1 214.6 755.7 small-vehicle 0
146.6 655.7 171.3 638.6 188.4 663.3 163.7 680.4 small-vehicle 0
160.9 352.9 182.3 379.3 100.1 446.1 78.7 419.7 large-vehicle 0
68.3 653.1 94.3 652.9 94.7 694.9 68.7 695.1 small-vehicle 0
30.5 348.0 51.2 332.2 81.5 372.0 60.8 387.8 small-vehicle 0
320.4 480.8 337.3 466.8 366.6 502.2 349.7 516.2 large-vehicle 0
283.5 503.4 294.5 494.7 320.5 527.6 309.5 536.3 large-vehicle 0
242.3 495.3 253.1 486.5 314.7 562.7 303.9 571.5 large-vehicle 0
188.8 527.3 221.4 500.7 283.2 576.7 250.6 603.3 large-vehicle 0
311.7 385.5 350.3 434.0 264.3 502.5 225.7 454.0 large-vehicle 0
478.6 320.3 509.0 349.3 436.0 426.1 405.6 397.2 large-vehicle 0
126.0 243.9 152.3 222.3 217.0 301.1 190.7 322.7 large-vehicle 0
