432.7 507.1 456.0 391.4 493.3 398.9 470.0 514.6 tennis-court 0
467.7 513.6 546.1 381.1 575.3 398.4 496.9 530.9 tennis-court 0
192.3 346.2 288.5 312.1 342.7 464.8 246.5 498.9 tennis-court 0
626.5 199.0 636.7 213.9 529.5 287.5 519.3 272.6 tennis-court 0
605.5 294.3 639.3 185.4 675.6 196.7 641.7 305.6 tennis-court 0
672.9 291.3 687.5 198.4 725.0 204.3 710.5 297.1 tennis-court 0
747.3 184.3 800.7 302.8 769.7 316.8 716.3 198.2 tennis-court 0
772.0 293.9 834.1 193.6 863.0 211.5 800.9 311.8 tennis-court 0
691.2 424.5 702.4 410.5 822.9 506.4 811.6 520.5 tennis-court 0
659.6 518.4 701.4 395.3 737.4 407.6 695.6 530.7 tennis-court 0
613.0 527.5 628.2 390.3 666.0 394.5 650.8 531.7 tennis-court 0
560.1 519.2 561.9 397.2 599.9 397.7 598.1 519.7 tennis-court 0
