191.5 512.0 197.4 520.1 137.2 563.2 131.4 555.1 large-vehicle 0
151.7 412.7 158.5 420.0 109.9 464.6 103.1 457.3 large-vehicle 0
180.6 431.1 183.8 421.6 242.4 441.9 239.2 451.4 large-vehicle 0
157.1 430.9 163.9 438.3 121.2 477.6 114.4 470.2 large-vehicle 0
240.8 437.0 243.8 442.2 190.1 473.2 187.1 468.0 large-vehicle 0
188.8 465.8 190.4 460.0 250.2 476.2 248.6 482.0 large-vehicle 0
170.1 456.5 179.9 466.5 129.9 515.5 120.1 505.5 large-vehicle 0
180.5 496.4 186.8 504.2 135.5 545.6 129.2 537.8 large-vehicle 0
243.4 481.7 248.3 485.3 213.8 531.9 208.9 528.4 large-vehicle 0
260.2 509.8 263.3 519.4 208.0 536.9 205.0 527.3 large-vehicle 0
150.2 374.8 156.5 382.6 101.7 426.2 95.5 418.4 large-vehicle 0
196.4 549.7 200.2 554.4 149.4 596.4 145.5 591.8 large-vehicle 0
238.7 540.3 242.7 535.8 256.2 547.6 252.3 552.2 large-vehicle 0
211.8 549.3 213.8 543.7 272.2 564.7 270.2 570.3 large-vehicle 0
276.0 566.4 277.4 576.3 216.0 584.6 214.6 574.7 large-vehicle 0
201.9 565.9 207.8 574.0 151.1 615.1 145.2 607.0 large-vehicle 0
204.6 583.4 210.9 591.2 159.4 632.5 153.1 624.7 large-vehicle 0
217.1 616.4 221.1 620.8 169.1 667.8 165.1 663.3 large-vehicle 0
283.5 608.3 287.2 613.0 241.5 648.7 237.8 644.0 large-vehicle 0
166.4 394.8 174.7 361.8 227.1 375.1 218.7 408.1 large-vehicle 0
147.4 359.4 153.0 367.7 98.4 404.7 92.8 396.5 large-vehicle 0
511.5 534.3 514.2 539.7 455.5 569.7 452.8 564.3 large-vehicle 0
411.6 457.3 417.1 465.6 358.9 504.4 353.3 496.1 large-vehicle 0
430.3 529.2 433.6 534.2 378.7 570.8 375.4 565.8 large-vehicle 0
427.3 510.5 432.7 518.9 373.7 556.5 368.3 548.1 large-vehicle 0
498.0 509.5 504.6 517.0 455.0 560.5 448.4 553.0 large-vehicle 0
500.3 504.4 502.7 514.1 438.5 529.5 436.1 519.8 large-vehicle 0
487.6 491.8 489.0 501.7 443.4 508.2 442.0 498.3 large-vehicle 0
421.6 493.0 425.3 497.7 370.4 541.0 366.7 536.3 large-vehicle 0
412.4 475.9 418.3 484.0 361.6 525.1 355.7 517.0 large-vehicle 0
454.2 476.4 458.4 472.2 476.8 490.6 472.6 494.8 large-vehicle 0
409.6 443.1 412.6 448.2 352.4 483.9 349.4 478.8 large-vehicle 0
138.7 339.4 145.3 347.0 95.6 390.4 89.0 382.8 large-vehicle 0
429.9 439.7 432.6 434.4 470.1 453.3 467.4 458.6 large-vehicle 0
416.6 423.3 419.8 413.8 482.4 434.7 479.2 444.2 large-vehicle 0
411.4 426.0 414.3 431.2 349.6 467.0 346.7 461.8 large-vehicle 0
127.9 289.9 134.0 297.9 78.1 340.1 72.0 332.1 large-vehicle 0
188.4 271.0 193.4 274.3 158.9 325.8 153.9 322.5 large-vehicle 0
144.9 317.3 146.3 307.3 211.7 316.4 210.3 326.3 large-vehicle 0
130.1 306.6 136.7 314.1 90.1 355.0 83.5 347.5 large-vehicle 0
158.8 342.8 165.7 330.6 216.2 359.2 209.3 371.4 large-vehicle 0
233.4 644.6 234.0 638.6 299.7 645.1 299.1 651.1 large-vehicle 0
224.2 634.4 227.8 639.2 172.0 681.5 168.4 676.7 large-vehicle 0
243.2 659.9 246.8 655.1 308.9 702.3 305.2 707.1 large-vehicle 0
305.1 691.5 305.7 697.5 247.9 702.5 247.3 696.5 large-vehicle 0
29.8 564.2 35.4 572.5 -5.8 600.8 -11.4 592.5 large-vehicle 0
-14.4 596.4 -13.2 590.5 51.4 603.6 50.2 609.5 large-vehicle 0
310.0 704.1 311.4 714.0 250.0 722.9 248.6 713.0 large-vehicle 0
313.9 722.3 315.5 732.2 262.1 740.7 260.5 730.8 large-vehicle 0
234.7 690.7 238.3 695.6 188.3 732.3 184.7 727.4 large-vehicle 0
242.1 706.4 245.4 711.4 187.2 750.2 183.8 745.2 large-vehicle 0
238.6 715.8 254.5 736.3 205.4 774.2 189.5 753.7 large-vehicle 0
24.5 726.9 29.7 713.9 87.3 736.7 82.2 749.7 large-vehicle 0
31.8 757.5 33.6 751.8 100.2 773.5 98.4 779.2 large-vehicle 0
99.6 774.6 100.2 784.5 38.3 788.4 37.7 778.4 large-vehicle 0
437.1 542.1 443.0 550.1 386.7 591.6 380.7 583.6 large-vehicle 0
513.3 554.6 516.3 564.2 460.9 581.4 457.9 571.8 large-vehicle 0
52.8 265.4 58.3 286.7 33.1 293.3 27.6 272.0 small-vehicle 0
440.6 561.5 446.2 569.8 391.4 606.5 385.8 598.2 large-vehicle 0
781.9 693.7 828.4 675.4 855.6 744.2 809.1 762.5 large-vehicle 0
648.9 447.6 649.1 441.6 687.1 442.4 686.9 448.4 large-vehicle 0
541.6 700.2 542.4 706.2 492.9 712.9 492.1 707.0 large-vehicle 0
642.7 585.8 646.5 590.5 620.3 612.2 616.5 607.5 large-vehicle 0
659.6 587.4 662.1 577.8 710.4 590.6 707.9 600.2 large-vehicle 0
711.7 593.9 715.0 603.4 664.1 621.5 660.8 612.0 large-vehicle 0
674.2 629.7 674.9 619.8 712.8 622.3 712.1 632.2 large-vehicle 0
660.8 627.9 663.7 622.7 728.4 658.6 725.5 663.9 large-vehicle 0
670.6 645.1 674.5 640.5 721.5 681.0 717.6 685.6 large-vehicle 0
649.3 611.9 680.1 646.0 625.2 695.6 594.4 661.4 large-vehicle 0
464.2 687.9 492.3 719.2 446.1 760.6 418.1 729.3 large-vehicle 0
493.9 681.9 559.8 685.9 559.0 699.9 493.1 695.9 large-vehicle 0
681.7 403.0 686.3 406.9 648.9 451.2 644.3 447.3 large-vehicle 0
534.2 649.9 537.8 654.7 487.5 691.1 484.0 686.2 large-vehicle 0
475.6 650.3 476.9 644.4 545.4 658.7 544.1 664.6 large-vehicle 0
530.9 615.6 534.6 620.4 482.1 660.4 478.4 655.6 large-vehicle 0
457.6 608.6 464.0 616.3 407.1 663.6 400.7 656.0 large-vehicle 0
448.7 595.2 454.9 603.1 403.1 644.0 396.9 636.1 large-vehicle 0
519.3 600.0 525.2 608.0 481.7 640.0 475.8 632.0 large-vehicle 0
457.4 585.8 458.8 575.9 524.2 585.1 522.8 595.0 large-vehicle 0
446.6 577.9 452.2 586.2 394.1 625.3 388.6 617.0 large-vehicle 0
666.7 564.7 671.5 556.0 704.7 574.5 699.9 583.2 large-vehicle 0
641.4 566.4 646.7 574.8 618.1 593.1 612.7 584.7 large-vehicle 0
653.4 542.4 657.8 551.4 598.6 580.6 594.2 571.6 large-vehicle 0
663.4 525.9 667.0 521.1 694.2 541.4 690.7 546.2 large-vehicle 0
629.6 414.0 633.4 418.6 579.3 463.1 575.5 458.4 large-vehicle 0
638.0 432.4 641.4 437.3 580.0 478.6 576.6 473.7 large-vehicle 0
637.3 452.8 640.4 457.9 587.6 490.3 584.4 485.2 large-vehicle 0
642.8 460.9 643.4 455.0 693.2 460.1 692.6 466.0 large-vehicle 0
683.2 464.6 687.2 469.1 658.8 494.4 654.8 489.9 large-vehicle 0
640.9 466.8 646.4 475.1 591.1 511.2 585.6 502.9 large-vehicle 0
642.3 487.0 647.5 495.5 591.4 530.2 586.1 521.7 large-vehicle 0
685.8 483.1 689.9 487.5 662.0 513.3 658.0 508.9 large-vehicle 0
794.8 452.3 802.3 458.9 764.2 502.7 756.7 496.1 large-vehicle 0
811.1 469.3 815.1 473.8 765.5 517.3 761.5 512.8 large-vehicle 0
820.4 481.9 826.6 489.8 771.7 533.2 765.5 525.4 large-vehicle 0
692.5 505.9 695.6 515.4 659.5 527.1 656.4 517.6 large-vehicle 0
642.6 504.7 648.3 512.9 597.4 548.3 591.7 540.1 large-vehicle 0
649.0 521.6 654.5 530.0 599.0 565.8 593.6 557.4 large-vehicle 0
819.9 499.3 824.0 503.6 773.1 551.7 769.0 547.4 large-vehicle 0
827.5 535.9 831.5 540.3 779.6 587.3 775.5 582.8 large-vehicle 0
832.8 553.8 836.7 558.4 785.9 600.5 782.0 595.9 large-vehicle 0
