587.5 688.3 597.2 698.4 555.5 738.7 545.8 728.6 large-vehicle 0
554.8 786.0 565.6 794.9 485.2 892.0 474.4 883.1 large-vehicle 0
521.9 786.5 531.4 796.8 480.1 844.5 470.6 834.2 large-vehicle 0
558.7 669.1 569.2 678.3 528.3 724.9 517.8 715.7 large-vehicle 0
578.8 611.7 588.0 622.3 484.2 713.3 475.0 702.7 large-vehicle 0
452.6 709.0 471.9 726.3 428.0 775.5 408.6 758.2 large-vehicle 0
439.1 692.7 448.2 703.3 391.9 751.3 382.8 740.7 large-vehicle 0
439.4 645.8 449.1 655.8 355.6 746.2 345.9 736.2 large-vehicle 0
526.0 613.7 535.7 623.8 494.1 664.2 484.4 654.1 large-vehicle 0
493.8 523.8 513.6 501.3 593.2 571.4 573.3 593.9 large-vehicle 0
411.4 484.6 526.4 620.5 482.1 658.0 367.1 522.1 large-vehicle 0
400.3 443.2 527.9 573.1 443.7 655.8 316.1 525.9 large-vehicle 0
328.2 565.7 435.6 687.0 380.2 736.1 272.8 614.8 large-vehicle 0
351.3 549.3 361.8 558.6 281.2 650.2 270.7 641.0 large-vehicle 0
327.2 535.5 337.0 545.5 255.8 625.5 246.0 615.5 large-vehicle 0
287.6 471.2 311.3 495.6 220.8 583.4 197.2 559.0 large-vehicle 0
350.4 417.7 471.7 542.4 430.1 582.9 308.8 458.1 large-vehicle 0
407.3 410.2 428.2 388.7 512.8 471.0 491.9 492.5 large-vehicle 0
574.7 615.3 599.0 591.5 687.1 681.6 662.8 705.4 large-vehicle 0
609.3 709.3 619.3 719.0 581.7 757.7 571.7 748.0 large-vehicle 0
654.6 700.1 678.0 724.7 592.4 806.0 569.0 781.3 large-vehicle 0
1019.9 121.1 1038.8 149.4 944.1 212.9 925.2 184.6 large-vehicle 0
1012.3 90.3 1022.7 105.0 922.9 175.3 912.5 160.5 large-vehicle 0
817.8 920.0 844.5 899.1 877.8 941.6 851.0 962.6 small-vehicle 0
911.5 981.6 922.4 1005.2 887.9 1021.1 877.0 997.6 small-vehicle 0
865.0 985.0 866.4 975.1 916.0 982.0 914.6 991.9 small-vehicle 0
606.2 797.2 632.6 824.5 565.1 889.9 538.6 862.6 small-vehicle 0
410.2 900.7 434.0 876.4 469.8 911.3 446.0 935.6 small-vehicle 0
386.3 644.4 403.4 664.0 344.6 715.2 327.5 695.6 small-vehicle 0
430.2 609.0 442.9 621.8 401.9 662.8 389.2 650.0 small-vehicle 0
483.4 562.7 498.9 578.3 460.6 616.3 445.1 600.7 small-vehicle 0
423.3 483.9 445.2 504.4 383.7 570.1 361.8 549.6 small-vehicle 0
342.6 416.7 371.8 423.5 359.6 476.1 330.4 469.3 large-vehicle 0
