593.5 228.0 611.5 240.7 596.5 262.0 578.5 249.3 small-vehicle 0
564.1 647.5 568.8 651.3 509.9 724.5 505.2 720.7 large-vehicle 0
229.9 571.8 235.1 568.8 266.2 622.5 261.0 625.5 large-vehicle 0
251.5 568.2 257.3 566.5 275.5 625.8 269.7 627.5 large-vehicle 0
267.2 566.1 276.8 563.3 293.8 622.9 284.2 625.7 large-vehicle 0
285.3 565.6 295.0 563.2 309.7 623.4 300.0 625.8 large-vehicle 0
294.4 564.2 303.3 559.6 333.4 618.4 324.5 622.9 large-vehicle 0
325.8 566.3 330.7 562.9 366.2 613.7 361.3 617.1 large-vehicle 0
350.0 558.5 355.7 556.7 376.0 619.5 370.3 621.3 large-vehicle 0
360.3 557.8 365.6 555.0 397.7 617.2 392.4 620.0 large-vehicle 0
393.2 561.1 398.2 557.8 431.8 609.9 426.8 613.2 large-vehicle 0
410.5 557.4 415.7 554.4 448.5 611.6 443.3 614.6 large-vehicle 0
207.6 509.2 243.4 487.2 271.6 533.3 235.8 555.2 large-vehicle 0
285.7 490.9 291.0 488.0 320.9 542.3 315.6 545.2 large-vehicle 0
301.9 487.1 307.3 484.5 336.1 543.9 330.7 546.5 large-vehicle 0
326.0 490.6 337.4 482.6 373.0 533.4 361.6 541.4 large-vehicle 0
385.2 494.2 414.0 476.1 442.8 521.8 414.0 539.9 large-vehicle 0
508.4 475.3 513.7 472.4 543.6 526.7 538.3 529.6 large-vehicle 0
531.1 473.4 540.8 471.0 554.8 527.3 545.1 529.7 large-vehicle 0
545.6 475.6 554.9 472.1 575.4 526.4 566.1 529.9 large-vehicle 0
593.0 477.8 598.2 474.8 625.2 521.6 620.0 524.6 large-vehicle 0
608.7 473.4 614.1 470.7 640.2 522.5 634.8 525.2 large-vehicle 0
482.6 117.3 487.5 113.7 526.3 167.1 521.4 170.7 large-vehicle 0
498.2 113.0 503.2 109.7 541.8 168.0 536.8 171.3 large-vehicle 0
532.8 117.4 540.5 111.0 580.2 158.6 572.5 165.0 large-vehicle 0
556.5 110.3 565.3 105.4 597.4 163.1 588.7 167.9 large-vehicle 0
570.3 108.3 575.0 104.6 620.1 163.3 615.3 167.0 large-vehicle 0
602.3 646.7 612.4 656.4 552.7 718.3 542.6 708.6 large-vehicle 0
505.9 649.7 515.9 648.6 524.5 726.1 514.6 727.2 large-vehicle 0
649.9 109.6 658.4 104.3 693.3 160.3 684.9 165.6 large-vehicle 0
472.4 657.9 481.1 652.8 520.6 720.1 511.9 725.2 large-vehicle 0
166.6 415.6 167.3 457.6 117.3 458.4 116.6 416.4 large-vehicle 0
99.8 436.9 101.2 442.7 44.8 456.1 43.4 450.3 large-vehicle 0
98.8 453.8 100.1 459.6 47.2 470.7 46.0 464.8 large-vehicle 0
103.9 475.8 104.1 481.7 54.1 483.2 53.9 477.3 large-vehicle 0
49.0 494.7 49.7 488.8 107.4 495.2 106.7 501.2 large-vehicle 0
106.6 504.2 107.9 514.1 50.4 521.8 49.1 511.9 large-vehicle 0
52.6 537.1 53.7 527.1 107.4 532.9 106.3 542.9 large-vehicle 0
108.3 547.7 108.7 557.7 50.7 560.3 50.3 550.3 large-vehicle 0
102.4 632.9 105.1 623.2 153.2 637.1 150.4 646.7 large-vehicle 0
157.7 644.1 158.4 654.1 76.6 659.9 75.9 649.9 large-vehicle 0
158.9 661.5 159.4 667.5 77.7 674.5 77.2 668.5 large-vehicle 0
155.8 666.5 158.0 672.1 81.5 701.5 79.3 695.9 large-vehicle 0
89.5 698.4 90.9 688.5 172.0 700.6 170.6 710.5 large-vehicle 0
78.6 714.5 79.0 708.5 160.8 714.4 160.4 720.4 large-vehicle 0
158.1 733.2 161.8 750.8 108.9 761.8 105.2 744.2 large-vehicle 0
313.7 667.5 322.6 672.1 283.3 748.5 274.4 743.9 large-vehicle 0
311.1 669.7 321.1 669.3 323.9 743.3 313.9 743.7 large-vehicle 0
319.2 670.0 328.6 666.6 354.8 740.0 345.4 743.4 large-vehicle 0
347.5 667.3 357.4 666.2 365.5 739.7 355.6 740.8 large-vehicle 0
359.6 665.8 368.9 662.1 397.9 734.4 388.6 738.2 large-vehicle 0
378.0 663.9 387.2 660.0 417.0 732.1 407.8 736.0 large-vehicle 0
397.2 660.6 406.6 657.1 435.1 734.0 425.7 737.4 large-vehicle 0
422.6 658.3 432.4 656.3 448.4 732.7 438.6 734.7 large-vehicle 0
429.7 659.4 438.3 654.3 482.2 728.2 473.6 733.3 large-vehicle 0
455.3 658.7 464.5 654.7 495.7 726.3 486.5 730.3 large-vehicle 0
626.7 112.1 634.7 106.1 674.1 159.1 666.1 165.1 large-vehicle 0
672.0 108.9 680.9 104.2 709.7 159.2 700.8 163.8 large-vehicle 0
552.5 261.1 554.5 235.2 576.5 236.9 574.5 262.8 small-vehicle 0
369.9 213.8 370.8 219.7 349.1 223.2 348.2 217.3 small-vehicle 0
399.7 203.5 403.1 208.5 378.3 225.5 374.9 220.5 small-vehicle 0
398.5 189.4 405.1 206.1 373.5 218.6 366.9 201.9 small-vehicle 0
348.6 211.8 368.1 194.6 374.8 202.1 355.3 219.3 small-vehicle 0
370.0 185.9 373.3 191.0 348.0 207.1 344.7 202.0 small-vehicle 0
343.3 187.9 350.5 171.4 370.7 180.1 363.5 196.6 small-vehicle 0
365.2 159.8 383.3 141.2 404.8 162.2 386.7 180.8 small-vehicle 0
318.0 122.5 334.8 128.9 327.0 149.5 310.2 143.1 small-vehicle 0
328.8 124.9 334.8 124.2 337.2 146.1 331.2 146.8 small-vehicle 0
336.5 145.1 340.7 123.5 350.5 125.4 346.3 147.0 small-vehicle 0
418.8 138.0 422.7 120.4 444.2 125.0 440.3 142.6 small-vehicle 0
447.4 111.7 472.1 119.9 462.6 148.3 437.9 140.1 small-vehicle 0
421.0 140.9 439.0 140.1 439.4 150.1 421.4 150.9 small-vehicle 0
442.1 150.5 444.0 156.2 419.4 164.4 417.5 158.7 small-vehicle 0
457.0 141.8 469.4 160.0 454.5 170.1 442.1 151.9 small-vehicle 0
422.7 175.1 439.7 155.4 447.3 161.9 430.3 181.6 small-vehicle 0
462.4 165.4 470.0 171.9 455.6 188.6 448.0 182.1 small-vehicle 0
437.6 178.5 446.1 183.8 434.4 202.5 425.9 197.2 small-vehicle 0
422.8 195.2 426.3 190.4 450.7 207.8 447.3 212.7 small-vehicle 0
458.3 186.8 471.0 199.5 458.3 212.2 445.6 199.5 small-vehicle 0
448.5 216.8 470.2 196.0 477.1 203.3 455.4 224.0 small-vehicle 0
444.7 200.8 449.2 204.7 429.3 227.2 424.8 223.3 small-vehicle 0
445.1 218.7 459.0 207.3 472.9 224.3 459.0 235.7 small-vehicle 0
427.3 224.2 443.5 216.3 454.8 239.7 438.6 247.6 small-vehicle 0
466.4 231.0 472.5 247.9 455.6 254.0 449.5 237.1 small-vehicle 0
513.6 256.1 519.1 230.6 548.4 236.9 542.9 262.4 small-vehicle 0
375.6 211.5 377.1 210.2 402.4 238.5 400.9 239.8 small-vehicle 0
370.3 217.6 373.6 222.6 348.7 239.4 345.4 234.4 small-vehicle 0
689.4 107.6 698.0 102.5 731.1 159.7 722.4 164.7 large-vehicle 0
346.3 235.2 349.3 230.0 375.3 244.9 372.3 250.1 small-vehicle 0
701.8 105.5 709.5 99.2 756.1 156.7 748.3 163.0 large-vehicle 0
744.7 113.0 752.4 106.5 792.3 154.0 784.6 160.5 large-vehicle 0
770.2 104.0 775.3 100.8 812.8 160.0 807.7 163.2 large-vehicle 0
789.1 102.2 798.0 97.6 830.0 159.9 821.1 164.5 large-vehicle 0
804.9 106.4 812.8 100.3 853.1 152.6 845.2 158.7 large-vehicle 0
842.7 108.9 853.2 99.6 899.8 151.8 889.3 161.1 large-vehicle 0
178.7 138.4 189.0 123.7 210.3 138.6 200.0 153.3 small-vehicle 0
211.5 126.8 216.9 129.3 207.5 149.2 202.1 146.7 small-vehicle 0
208.0 130.0 212.0 125.4 240.8 150.2 236.8 154.8 small-vehicle 0
235.0 124.6 241.0 124.9 239.5 154.9 233.5 154.6 small-vehicle 0
235.8 258.8 240.2 254.8 263.2 279.7 258.8 283.8 small-vehicle 0
250.2 255.9 255.4 252.9 272.8 282.1 267.6 285.1 small-vehicle 0
275.6 254.6 281.1 275.9 271.4 278.4 265.9 257.1 small-vehicle 0
286.8 252.5 292.2 255.0 281.3 278.6 275.9 276.0 small-vehicle 0
286.1 251.2 291.7 249.1 303.9 280.8 298.3 282.9 small-vehicle 0
306.9 239.7 323.8 245.8 315.1 270.3 298.2 264.2 small-vehicle 0
296.8 224.2 301.2 220.1 321.4 242.3 316.9 246.4 small-vehicle 0
94.3 571.0 111.6 575.9 103.4 604.7 86.1 599.8 small-vehicle 0
109.9 574.5 115.8 575.3 112.3 601.1 106.3 600.2 small-vehicle 0
114.4 573.0 120.0 570.9 130.6 599.0 125.0 601.1 small-vehicle 0
132.7 570.3 138.7 570.8 136.3 600.7 130.3 600.2 small-vehicle 0
139.3 570.0 145.1 568.5 153.7 601.4 147.9 602.9 small-vehicle 0
378.3 258.6 379.8 252.8 401.1 258.3 399.6 264.1 small-vehicle 0
446.2 240.2 451.3 265.7 425.8 270.8 420.7 245.3 small-vehicle 0
394.9 234.3 402.2 250.7 382.1 259.7 374.8 243.3 small-vehicle 0
108.9 403.6 113.3 361.9 174.9 368.4 170.5 410.1 large-vehicle 0
