582.8 399.0 590.0 365.8 623.2 373.0 616.0 406.2 large-vehicle 0
599.3 404.2 601.2 414.0 575.7 418.8 573.8 409.0 large-vehicle 0
434.5 516.7 436.6 502.9 541.5 518.3 539.4 532.1 large-vehicle 0
474.2 470.9 474.4 456.9 592.4 458.1 592.2 472.1 large-vehicle 0
543.6 482.2 544.9 492.1 479.4 500.8 478.1 490.9 large-vehicle 0
411.0 475.6 435.3 499.4 403.1 532.2 378.8 508.4 large-vehicle 0
362.9 484.5 384.0 505.7 340.1 549.5 319.0 528.3 large-vehicle 0
298.7 415.8 311.2 409.6 349.4 486.6 336.8 492.9 large-vehicle 0
328.4 373.3 341.8 369.2 373.9 474.5 360.5 478.6 large-vehicle 0
500.2 396.4 510.4 405.9 465.5 454.2 455.2 444.7 large-vehicle 0
363.9 370.8 377.8 368.8 387.1 434.2 373.2 436.2 large-vehicle 0
442.2 404.1 463.7 425.0 431.7 458.0 410.1 437.1 large-vehicle 0
385.4 348.7 398.8 344.5 412.6 388.4 399.3 392.6 large-vehicle 0
410.7 331.4 424.4 328.7 434.3 377.7 420.6 380.4 large-vehicle 0
578.5 317.6 588.4 327.5 538.9 377.0 529.0 367.1 large-vehicle 0
568.9 282.8 589.5 304.6 506.5 382.8 486.0 361.0 large-vehicle 0
436.3 266.2 450.3 265.0 459.6 378.6 445.6 379.8 large-vehicle 0
428.4 549.7 428.6 535.7 498.6 536.3 498.4 550.3 large-vehicle 0
381.8 567.6 384.4 553.8 488.6 573.3 486.0 587.1 large-vehicle 0
354.6 594.8 356.3 581.0 469.4 595.2 467.7 609.0 large-vehicle 0
272.3 671.8 272.8 657.8 414.7 662.2 414.2 676.2 large-vehicle 0
581.8 429.4 582.4 443.4 532.5 445.6 531.8 431.6 large-vehicle 0
146.6 919.9 167.2 941.7 84.4 1020.1 63.8 998.3 large-vehicle 0
219.6 827.6 255.6 862.3 176.4 944.4 140.4 909.7 large-vehicle 0
315.3 734.8 338.9 759.2 265.7 830.2 242.1 805.8 large-vehicle 0
63.0 658.2 86.3 633.5 183.8 725.4 160.5 750.1 large-vehicle 0
286.9 684.3 291.9 671.2 372.2 701.8 367.3 714.9 large-vehicle 0
312.7 645.8 314.3 631.9 423.6 644.1 422.0 658.0 large-vehicle 0
316.8 539.7 337.7 561.2 253.1 643.4 232.2 621.9 large-vehicle 0
339.5 613.1 343.0 599.6 445.7 625.8 442.2 639.4 large-vehicle 0
186.8 527.9 220.8 528.1 220.2 642.1 186.2 641.9 large-vehicle 0
213.3 501.4 227.2 499.6 242.5 616.6 228.6 618.4 large-vehicle 0
245.3 508.7 259.3 508.3 260.7 550.3 246.7 550.7 large-vehicle 0
267.8 472.4 281.7 470.8 288.3 528.5 274.4 530.1 large-vehicle 0
292.6 415.8 302.6 414.8 314.4 528.2 304.4 529.2 large-vehicle 0
461.5 250.2 471.5 249.5 479.5 355.2 469.5 355.9 large-vehicle 0
