710.7 115.5 734.2 96.9 755.3 123.5 731.8 142.1 small-vehicle 0
849.6 150.7 852.5 160.3 804.6 174.7 801.7 165.1 small-vehicle 0
1030.4 930.0 1041.9 938.1 992.2 1008.3 980.8 1000.3 large-vehicle 0
1013.4 906.3 1024.3 915.0 960.6 994.7 949.7 986.0 large-vehicle 0
506.6 949.1 518.5 962.6 435.6 1035.0 423.8 1021.5 large-vehicle 0
481.8 924.5 494.3 937.4 412.2 1016.5 399.7 1003.6 large-vehicle 0
432.9 872.4 455.5 897.8 379.3 965.7 356.7 940.3 large-vehicle 0
420.0 843.9 432.8 856.5 364.4 926.6 351.5 914.0 large-vehicle 0
506.5 734.1 536.3 737.4 526.5 826.9 496.7 823.6 large-vehicle 0
355.9 745.8 365.5 756.0 294.1 823.2 284.5 813.0 large-vehicle 0
334.7 721.6 344.9 731.2 280.3 799.4 270.1 789.8 large-vehicle 0
321.9 698.6 331.1 709.1 257.1 773.4 247.9 762.9 large-vehicle 0
307.1 669.5 316.3 680.0 239.9 747.5 230.7 737.0 large-vehicle 0
255.9 610.4 290.4 646.6 222.4 711.4 187.9 675.2 large-vehicle 0
238.4 560.9 262.5 590.2 177.6 660.1 153.5 630.8 large-vehicle 0
221.7 541.5 231.4 551.5 155.0 625.1 145.3 615.0 large-vehicle 0
202.3 521.6 211.8 531.9 136.8 601.0 127.3 590.7 large-vehicle 0
185.5 396.8 196.8 388.5 276.5 496.2 265.2 504.5 large-vehicle 0
685.1 858.9 693.6 883.4 593.4 918.1 584.9 893.5 large-vehicle 0
627.0 955.8 641.2 982.2 540.8 1036.2 526.6 1009.7 large-vehicle 0
669.6 966.6 691.1 940.2 745.4 984.4 723.9 1010.8 large-vehicle 0
1029.0 574.6 1040.2 583.0 983.9 658.3 972.7 649.9 large-vehicle 0
1031.4 550.4 1040.2 561.4 947.8 634.8 939.0 623.8 large-vehicle 0
662.3 825.5 672.8 853.6 584.7 886.5 574.2 858.4 large-vehicle 0
736.0 533.3 744.1 527.4 771.0 564.7 762.9 570.6 small-vehicle 0
761.1 300.0 768.6 293.4 798.9 328.1 791.3 334.6 small-vehicle 0
709.2 292.0 727.3 304.4 703.5 339.0 685.4 326.6 small-vehicle 0
751.7 323.7 759.9 318.0 779.2 345.9 771.0 351.6 small-vehicle 0
743.2 333.8 752.9 331.1 761.0 360.0 751.4 362.7 small-vehicle 0
719.9 345.7 727.5 339.2 749.5 365.2 741.8 371.6 small-vehicle 0
827.3 326.3 837.0 323.8 847.6 364.4 838.0 367.0 small-vehicle 0
804.5 340.8 812.9 335.4 835.5 370.9 827.0 376.2 small-vehicle 0
788.5 353.0 796.6 347.1 821.5 381.0 813.4 386.9 small-vehicle 0
787.0 362.7 805.8 395.7 790.2 404.6 771.4 371.6 small-vehicle 0
768.6 383.1 785.7 396.9 774.4 410.9 757.3 397.1 small-vehicle 0
746.4 392.4 773.2 419.3 743.4 449.0 716.6 422.0 small-vehicle 0
738.4 441.8 738.6 447.8 692.6 449.2 692.4 443.2 small-vehicle 0
701.6 438.2 719.5 467.1 694.0 482.9 676.1 454.0 small-vehicle 0
861.1 427.7 897.9 400.1 932.7 446.4 896.0 474.1 small-vehicle 0
760.2 512.2 767.3 505.2 799.6 538.0 792.5 545.0 small-vehicle 0
779.7 297.7 783.3 292.9 813.5 316.0 809.9 320.8 small-vehicle 0
806.8 273.6 812.8 273.4 814.2 315.4 808.2 315.6 small-vehicle 0
868.4 305.9 874.0 308.3 864.0 332.3 858.4 329.9 small-vehicle 0
933.9 187.4 939.6 195.6 905.1 219.6 899.4 211.4 small-vehicle 0
856.4 159.3 862.6 167.1 826.6 195.7 820.4 187.9 small-vehicle 0
870.2 169.8 877.2 176.9 844.2 209.0 837.2 201.8 small-vehicle 0
888.0 184.4 893.8 192.5 856.3 219.2 850.5 211.1 small-vehicle 0
884.5 204.4 893.1 209.5 879.6 231.8 871.1 226.6 small-vehicle 0
901.8 151.7 910.5 156.6 891.7 189.6 883.0 184.7 small-vehicle 0
917.3 178.4 921.9 187.3 898.8 199.3 894.2 190.4 small-vehicle 0
937.8 195.5 956.1 214.0 926.2 243.5 907.9 225.0 small-vehicle 0
805.2 261.4 815.3 251.7 852.8 290.6 842.7 300.3 small-vehicle 0
897.7 223.8 905.1 230.6 868.3 270.2 860.9 263.4 small-vehicle 0
904.9 380.0 921.8 365.9 941.1 389.0 924.2 403.1 small-vehicle 0
887.1 282.6 895.4 277.1 920.9 315.4 912.6 320.9 small-vehicle 0
936.0 245.0 964.0 270.8 943.6 292.8 915.7 267.1 small-vehicle 0
902.7 274.0 910.0 267.3 935.7 295.2 928.4 302.0 small-vehicle 0
882.0 278.7 892.0 279.4 888.0 337.3 878.0 336.6 small-vehicle 0
753.6 528.5 761.1 521.9 783.4 547.5 775.9 554.1 small-vehicle 0
666.6 464.9 687.4 480.5 669.4 504.5 648.6 488.9 small-vehicle 0
600.1 510.3 611.1 496.1 644.3 521.8 633.3 536.0 small-vehicle 0
479.2 200.6 507.9 192.0 518.8 228.4 490.1 237.0 small-vehicle 0
553.9 196.4 560.9 159.1 606.1 167.6 599.1 204.9 small-vehicle 0
430.4 640.3 438.0 633.8 462.6 662.7 455.0 669.2 small-vehicle 0
580.6 517.9 611.5 539.9 596.4 561.1 565.5 539.1 small-vehicle 0
584.5 662.3 606.0 641.4 632.5 668.7 611.0 689.6 small-vehicle 0
550.1 546.1 575.9 579.2 564.9 587.9 539.1 554.8 small-vehicle 0
527.2 563.8 535.6 558.5 557.8 594.2 549.4 599.5 small-vehicle 0
501.0 584.8 516.7 569.4 546.1 599.4 530.4 614.8 small-vehicle 0
416.5 648.5 424.6 642.6 449.5 676.5 441.4 682.4 small-vehicle 0
452.6 618.4 481.5 600.5 503.7 636.1 474.8 654.1 small-vehicle 0
307.5 536.7 331.7 507.3 367.2 536.6 343.0 565.9 small-vehicle 0
457.8 552.1 477.6 535.3 504.7 567.4 484.9 584.2 small-vehicle 0
435.7 571.0 444.4 566.0 463.5 598.8 454.9 603.8 small-vehicle 0
415.9 577.1 424.6 572.0 447.7 611.8 439.0 616.8 small-vehicle 0
396.5 588.9 404.7 583.1 436.1 627.0 427.9 632.9 small-vehicle 0
380.4 607.7 388.1 601.3 422.4 643.0 414.7 649.4 small-vehicle 0
371.7 496.0 395.5 525.7 375.3 542.0 351.5 512.3 small-vehicle 0
159.2 438.0 177.4 419.5 252.8 494.0 234.6 512.5 large-vehicle 0
