904.8 105.3 919.7 126.7 885.2 150.7 870.3 129.3 small-vehicle 0
350.5 365.8 361.5 374.5 298.3 454.5 287.3 445.8 large-vehicle 0
372.3 381.0 383.1 390.0 317.9 468.4 307.1 459.4 large-vehicle 0
345.0 -7.5 358.8 -19.0 424.0 59.5 410.2 71.0 large-vehicle 0
387.0 5.0 410.7 -19.3 466.6 35.1 442.9 59.5 large-vehicle 0
498.8 59.7 512.8 48.4 604.2 162.3 590.2 173.6 large-vehicle 0
414.9 413.9 425.3 423.3 357.1 499.1 346.7 489.7 large-vehicle 0
448.7 67.7 472.4 49.5 561.3 165.3 537.6 183.5 large-vehicle 0
431.7 97.2 447.3 81.6 553.1 187.9 537.5 203.5 large-vehicle 0
557.7 84.3 566.8 73.6 638.3 134.7 629.2 145.4 large-vehicle 0
609.8 87.3 637.2 67.1 681.2 126.7 653.8 146.9 large-vehicle 0
388.2 188.0 408.8 166.2 442.2 197.8 421.6 219.6 large-vehicle 0
429.0 249.7 445.8 229.7 481.0 259.3 464.2 279.3 large-vehicle 0
507.9 276.1 527.8 253.7 565.1 286.9 545.2 309.3 large-vehicle 0
542.8 351.1 578.1 310.2 615.9 342.9 580.6 383.8 large-vehicle 0
636.7 369.6 654.5 350.7 693.8 387.7 676.0 406.6 large-vehicle 0
333.3 349.3 343.9 358.4 274.7 438.7 264.1 429.6 large-vehicle 0
313.6 336.3 320.8 343.3 247.4 419.7 240.2 412.7 large-vehicle 0
291.5 321.8 299.0 328.4 231.4 404.8 223.9 398.2 large-vehicle 0
269.3 304.3 279.7 313.7 211.7 389.7 201.3 380.3 large-vehicle 0
177.7 70.5 201.2 45.9 237.3 80.5 213.8 105.1 large-vehicle 0
124.4 53.1 133.3 42.3 252.1 140.3 243.2 151.1 large-vehicle 0
53.6 149.0 64.3 158.0 1.4 233.2 -9.3 224.2 large-vehicle 0
75.4 163.9 86.1 172.9 20.3 250.8 9.6 241.8 large-vehicle 0
97.0 181.5 107.4 190.8 39.0 266.5 28.6 257.2 large-vehicle 0
119.0 197.0 129.4 206.3 61.0 282.0 50.6 272.7 large-vehicle 0
137.9 208.8 149.0 217.4 84.1 301.2 73.0 292.6 large-vehicle 0
160.4 226.3 170.8 235.7 105.1 308.4 94.7 299.0 large-vehicle 0
182.5 242.0 193.0 251.3 125.6 327.8 115.1 318.5 large-vehicle 0
203.4 257.3 214.1 266.4 148.0 344.1 137.3 335.0 large-vehicle 0
223.1 274.7 233.7 283.8 169.9 358.3 159.3 349.2 large-vehicle 0
245.8 288.2 256.5 297.3 190.2 374.8 179.5 365.7 large-vehicle 0
265.4 96.6 283.3 77.7 316.6 109.4 298.7 128.3 large-vehicle 0
291.5 170.6 330.8 127.9 364.7 159.1 325.4 201.8 large-vehicle 0
392.8 397.3 403.5 406.3 338.3 484.7 327.5 475.7 large-vehicle 0
437.3 429.5 447.8 438.8 380.2 515.2 369.7 505.9 large-vehicle 0
891.7 98.0 896.4 123.6 851.2 132.0 846.4 106.5 small-vehicle 0
456.4 444.0 467.2 452.9 402.1 531.4 391.3 522.5 large-vehicle 0
747.2 -6.2 751.5 19.4 706.2 27.0 701.9 1.4 small-vehicle 0
761.5 17.4 764.7 26.9 724.9 40.4 721.7 30.9 small-vehicle 0
776.2 32.8 776.9 42.7 759.0 44.1 758.2 34.1 small-vehicle 0
806.1 43.3 808.9 52.9 768.7 64.8 765.8 55.2 small-vehicle 0
840.4 58.4 854.9 89.2 813.2 108.8 798.7 78.0 small-vehicle 0
827.4 105.1 829.2 95.3 862.7 101.3 860.9 111.1 small-vehicle 0
480.0 458.3 490.4 467.6 422.7 543.8 412.2 534.5 large-vehicle 0
501.0 474.9 511.4 484.3 443.0 560.1 432.6 550.7 large-vehicle 0
519.8 488.3 530.6 497.3 465.1 575.5 454.3 566.5 large-vehicle 0
543.7 504.5 554.2 513.8 484.0 593.2 473.5 584.0 large-vehicle 0
565.4 520.3 576.0 529.4 509.6 606.7 499.0 597.6 large-vehicle 0
586.4 537.1 596.9 546.3 529.6 622.9 519.1 613.7 large-vehicle 0
606.3 553.0 617.0 562.1 550.8 639.8 540.2 630.7 large-vehicle 0
628.1 568.4 638.7 577.5 571.9 654.6 561.3 645.5 large-vehicle 0
650.3 585.8 660.5 595.3 591.1 670.0 580.9 660.5 large-vehicle 0
665.4 593.5 688.3 612.8 620.1 693.9 597.2 674.6 large-vehicle 0
656.9 84.3 680.2 65.5 719.1 113.7 695.8 132.5 large-vehicle 0
702.1 78.0 715.0 65.5 758.0 110.1 745.1 122.6 large-vehicle 0
717.1 96.0 797.2 39.4 832.9 90.1 752.9 146.6 large-vehicle 0
673.5 162.2 694.0 146.2 764.5 235.7 744.0 251.8 large-vehicle 0
733.2 182.3 758.7 159.8 802.4 209.2 776.9 231.7 large-vehicle 0
765.0 143.5 795.0 127.6 852.0 235.5 822.0 251.4 large-vehicle 0
786.6 143.4 814.9 118.1 914.8 230.1 886.5 255.4 large-vehicle 0
706.3 353.6 724.0 329.4 799.9 384.8 782.2 409.0 large-vehicle 0
