810.9 849.9 838.5 830.1 858.3 857.8 830.6 877.5 small-vehicle 0
252.7 438.5 262.1 448.9 189.4 514.6 180.0 504.2 large-vehicle 0
482.2 276.8 504.2 297.3 404.8 404.2 382.8 383.7 large-vehicle 0
139.7 294.4 156.7 314.1 79.3 380.6 62.3 360.9 large-vehicle 0
169.1 342.3 178.4 352.8 111.1 412.5 101.8 402.0 large-vehicle 0
192.1 356.9 201.4 367.4 128.4 432.7 119.0 422.3 large-vehicle 0
205.6 378.5 215.0 388.8 142.3 454.6 132.9 444.3 large-vehicle 0
222.4 398.6 231.5 409.2 154.3 475.9 145.2 465.3 large-vehicle 0
267.1 459.3 276.5 469.7 206.9 532.8 197.5 522.5 large-vehicle 0
455.5 234.9 473.9 253.3 367.5 359.1 349.2 340.7 large-vehicle 0
283.9 480.2 293.0 490.8 224.9 549.5 215.7 538.9 large-vehicle 0
316.9 506.9 326.2 517.3 250.5 585.6 241.1 575.2 large-vehicle 0
333.2 525.9 342.6 536.3 264.3 607.7 254.9 597.3 large-vehicle 0
345.1 549.1 354.3 559.6 283.9 621.9 274.7 611.4 large-vehicle 0
361.8 570.3 371.2 580.7 295.7 649.2 286.3 638.9 large-vehicle 0
508.3 309.5 524.7 329.7 411.4 421.8 395.0 401.6 large-vehicle 0
470.5 256.6 486.3 272.0 381.5 379.4 365.7 364.0 large-vehicle 0
432.8 208.9 457.5 232.2 357.7 338.7 332.9 315.4 large-vehicle 0
537.8 346.7 553.8 361.9 450.2 470.3 434.2 455.1 large-vehicle 0
547.6 -11.5 575.7 14.1 512.4 83.5 484.3 57.9 large-vehicle 0
415.2 188.3 439.9 211.6 342.6 315.0 317.9 291.7 large-vehicle 0
310.7 38.9 320.4 49.0 246.8 119.6 237.1 109.5 large-vehicle 0
319.7 72.6 329.1 83.0 262.3 143.4 252.9 133.0 large-vehicle 0
340.4 88.0 350.1 98.0 279.6 166.0 269.9 156.0 large-vehicle 0
377.9 143.8 400.9 163.0 310.1 272.2 287.1 253.0 large-vehicle 0
123.7 225.9 149.0 241.9 122.3 284.1 97.0 268.1 large-vehicle 0
404.9 174.8 422.3 194.2 313.6 291.7 296.2 272.3 large-vehicle 0
518.4 328.0 534.2 343.4 437.6 442.0 421.8 426.6 large-vehicle 0
553.9 367.8 572.4 386.1 470.1 490.2 451.6 472.0 large-vehicle 0
916.7 309.3 930.3 287.1 962.7 307.0 949.1 329.2 small-vehicle 0
740.5 630.8 756.4 605.3 832.7 653.0 816.9 678.4 large-vehicle 0
722.5 651.6 739.2 626.7 817.3 679.0 800.6 703.9 large-vehicle 0
683.6 728.6 698.4 702.5 780.2 748.9 765.4 775.0 large-vehicle 0
673.6 751.8 686.9 729.4 764.2 775.5 750.9 797.8 large-vehicle 0
762.3 567.1 770.1 555.4 848.2 607.7 840.4 619.3 large-vehicle 0
810.7 43.0 830.1 32.6 844.3 59.0 824.9 69.4 small-vehicle 0
837.3 203.0 856.4 185.4 895.7 228.0 876.6 245.6 small-vehicle 0
917.8 259.6 939.0 244.5 965.6 282.0 944.4 297.1 small-vehicle 0
751.3 598.9 758.6 586.9 838.7 636.1 831.4 648.1 large-vehicle 0
769.5 543.0 777.1 531.3 856.1 582.3 848.5 594.1 large-vehicle 0
568.3 393.3 587.0 411.3 488.7 513.7 470.0 495.7 large-vehicle 0
723.5 231.8 733.7 241.5 668.9 309.6 658.8 300.0 large-vehicle 0
400.8 623.4 423.5 648.6 350.7 714.2 328.0 689.0 large-vehicle 0
442.8 684.5 468.4 712.5 401.9 773.2 376.3 745.1 large-vehicle 0
588.6 59.8 614.2 82.2 554.8 149.9 529.3 127.4 large-vehicle 0
616.6 83.4 626.6 93.1 558.4 163.4 548.4 153.7 large-vehicle 0
666.2 154.5 700.3 185.4 639.9 252.1 605.8 221.3 large-vehicle 0
706.7 198.5 731.6 221.6 662.3 296.5 637.4 273.4 large-vehicle 0
743.0 247.4 753.5 256.7 688.0 329.6 677.6 320.3 large-vehicle 0
638.4 526.8 648.3 536.7 584.6 600.2 574.7 590.3 large-vehicle 0
756.8 271.8 767.0 281.4 708.2 344.2 698.0 334.6 large-vehicle 0
768.7 297.1 778.8 306.8 719.3 368.9 709.2 359.2 large-vehicle 0
776.7 324.8 786.8 334.4 741.3 382.2 731.2 372.6 large-vehicle 0
596.5 442.2 614.7 460.7 550.5 523.8 532.3 505.3 large-vehicle 0
717.0 445.0 744.2 424.6 803.0 503.0 775.8 523.4 large-vehicle 0
605.2 502.1 629.5 525.8 558.2 598.8 533.9 575.0 large-vehicle 0
