841.2 518.4 846.9 520.1 823.8 594.6 818.1 592.9 large-vehicle 0
965.2 552.9 971.0 554.4 957.7 606.7 951.9 605.2 large-vehicle 0
957.6 553.9 962.9 556.7 931.5 614.8 926.2 611.9 large-vehicle 0
939.5 552.8 945.1 554.9 925.5 605.2 919.9 603.1 large-vehicle 0
916.5 537.6 921.6 540.7 887.2 597.1 882.1 594.0 large-vehicle 0
932.6 547.1 937.4 550.7 902.4 596.9 897.6 593.3 large-vehicle 0
885.0 547.9 891.0 548.1 889.0 602.1 883.0 601.9 large-vehicle 0
880.8 542.6 886.4 544.8 868.2 591.4 862.6 589.2 large-vehicle 0
871.6 532.2 877.0 534.8 849.3 590.3 843.9 587.6 large-vehicle 0
857.1 524.2 862.7 526.4 836.0 595.4 830.4 593.3 large-vehicle 0
822.4 523.8 831.7 527.7 807.5 584.8 798.3 580.9 large-vehicle 0
1000.5 572.5 1007.9 579.3 979.4 610.1 972.0 603.3 large-vehicle 0
799.8 518.2 808.1 523.8 773.3 575.1 765.0 569.5 large-vehicle 0
782.0 520.6 789.0 527.7 736.0 579.4 729.0 572.2 large-vehicle 0
758.1 508.2 766.8 513.0 734.9 570.8 726.2 566.0 large-vehicle 0
737.5 504.5 746.7 508.4 722.7 565.5 713.5 561.7 large-vehicle 0
704.3 500.6 714.1 502.6 701.7 563.4 691.9 561.4 large-vehicle 0
701.4 504.3 706.2 507.9 670.6 553.7 665.8 550.1 large-vehicle 0
987.5 555.6 992.7 558.4 964.9 609.3 959.6 606.4 large-vehicle 0
1023.3 579.4 1030.5 586.4 1009.4 607.8 1002.3 600.8 large-vehicle 0
220.7 131.5 226.7 131.5 226.3 161.5 220.3 161.5 small-vehicle 0
17.3 687.5 40.9 698.4 36.7 707.5 13.1 696.6 small-vehicle 0
85.0 715.4 110.8 700.2 128.0 729.6 102.2 744.8 small-vehicle 0
123.6 680.0 153.5 682.6 150.9 712.5 121.0 709.9 small-vehicle 0
100.8 636.1 101.3 642.0 63.4 645.3 62.9 639.3 small-vehicle 0
55.0 653.5 56.0 647.6 85.5 653.0 84.5 658.9 small-vehicle 0
285.4 181.9 295.8 162.5 311.6 171.1 301.2 190.5 small-vehicle 0
254.7 173.5 267.3 150.8 293.5 165.4 280.9 188.1 small-vehicle 0
260.4 145.0 266.1 162.1 241.5 170.4 235.7 153.4 small-vehicle 0
224.7 134.5 230.2 132.0 245.5 166.8 240.0 169.2 small-vehicle 0
200.3 128.9 205.6 126.1 221.7 156.1 216.4 158.9 small-vehicle 0
137.3 152.0 146.4 132.0 173.7 144.4 164.6 164.5 small-vehicle 0
110.1 132.8 123.7 159.6 96.9 173.2 83.3 146.4 small-vehicle 0
963.3 889.1 986.5 900.9 940.0 991.7 916.9 979.9 large-vehicle 0
869.3 868.6 896.0 882.3 867.7 937.4 841.0 923.7 large-vehicle 0
945.2 633.0 965.9 648.8 930.8 695.0 910.1 679.2 large-vehicle 0
1020.0 489.6 1033.2 494.2 1013.2 552.8 1000.0 548.3 large-vehicle 0
995.7 485.3 1007.6 492.6 977.2 542.0 965.3 534.7 large-vehicle 0
911.9 459.9 947.1 482.8 911.1 538.1 875.9 515.2 large-vehicle 0
431.5 535.2 448.3 549.5 405.5 599.8 388.7 585.5 large-vehicle 0
472.6 374.4 504.0 402.3 473.4 436.6 442.0 408.7 large-vehicle 0
552.5 270.4 558.5 269.4 568.5 330.6 562.5 331.6 large-vehicle 0
548.7 270.1 554.6 271.6 541.3 323.9 535.4 322.4 large-vehicle 0
501.9 262.8 521.4 272.9 498.2 317.3 478.7 307.1 large-vehicle 0
428.7 254.2 436.2 247.6 485.1 303.2 477.6 309.8 large-vehicle 0
433.6 247.1 446.2 253.1 423.0 301.9 410.3 295.8 large-vehicle 0
386.5 241.9 400.3 239.2 411.5 296.1 397.7 298.8 large-vehicle 0
357.9 235.9 387.7 239.5 381.1 293.1 351.3 289.5 large-vehicle 0
461.6 569.5 496.6 599.3 456.4 646.5 421.4 616.7 large-vehicle 0
409.6 497.7 425.7 512.7 378.0 563.9 361.9 548.8 large-vehicle 0
849.6 453.9 861.1 461.9 823.4 516.1 811.9 508.1 large-vehicle 0
387.5 452.5 403.5 467.5 355.5 518.5 339.5 503.5 large-vehicle 0
364.1 416.4 380.0 431.7 331.4 482.1 315.5 466.8 large-vehicle 0
336.2 369.4 339.9 374.1 287.8 414.6 284.1 409.9 large-vehicle 0
330.0 353.7 333.8 358.3 283.0 400.3 279.2 395.7 large-vehicle 0
319.5 338.6 323.7 342.9 270.5 394.4 266.3 390.1 large-vehicle 0
311.8 328.7 315.6 333.3 258.7 380.6 254.9 376.0 large-vehicle 0
221.3 316.3 234.2 289.2 279.3 310.8 266.4 337.8 large-vehicle 0
251.8 236.0 281.5 212.3 325.2 267.0 295.5 290.7 large-vehicle 0
244.9 279.2 253.9 268.4 283.1 292.8 274.1 303.6 large-vehicle 0
523.0 389.8 531.6 395.0 497.0 451.2 488.4 446.0 large-vehicle 0
542.3 398.0 550.3 403.9 513.7 454.0 505.7 448.1 large-vehicle 0
634.1 284.3 640.0 285.1 631.9 346.6 625.9 345.8 large-vehicle 0
658.0 291.2 663.4 293.7 639.0 346.3 633.5 343.8 large-vehicle 0
825.3 451.3 830.1 455.0 787.7 510.7 782.9 507.0 large-vehicle 0
808.9 443.9 814.1 447.0 778.1 507.1 772.9 504.0 large-vehicle 0
786.7 436.4 792.4 438.3 769.3 508.6 763.6 506.7 large-vehicle 0
778.3 438.3 783.4 441.4 744.0 504.1 738.9 500.9 large-vehicle 0
713.6 429.7 725.2 437.5 690.6 488.9 679.0 481.1 large-vehicle 0
688.4 420.5 697.0 425.6 659.6 489.5 651.0 484.4 large-vehicle 0
673.9 422.7 678.8 426.1 641.1 480.3 636.2 476.9 large-vehicle 0
641.3 414.3 652.8 422.3 615.2 476.6 603.7 468.6 large-vehicle 0
976.0 365.0 1009.0 356.8 1023.1 413.0 990.2 421.3 large-vehicle 0
917.0 357.0 949.5 347.2 964.0 395.0 931.5 404.8 large-vehicle 0
832.4 332.2 845.3 326.8 870.6 387.8 857.7 393.2 large-vehicle 0
814.9 323.8 828.9 324.0 828.0 382.0 814.0 381.8 large-vehicle 0
752.4 322.9 788.6 311.2 806.4 366.4 770.2 378.1 large-vehicle 0
734.1 307.4 740.1 307.6 738.8 369.6 732.8 369.4 large-vehicle 0
717.8 301.9 723.8 301.9 723.2 367.9 717.2 367.9 large-vehicle 0
676.7 297.1 690.4 294.3 704.3 362.9 690.6 365.7 large-vehicle 0
3.1 700.7 17.2 689.4 33.4 709.7 19.4 721.0 small-vehicle 0
78.1 735.2 90.7 729.2 98.6 745.4 85.9 751.5 small-vehicle 0
249.5 786.3 267.5 785.7 268.5 811.7 250.5 812.3 small-vehicle 0
859.0 994.9 865.0 994.2 868.5 1024.0 862.5 1024.7 small-vehicle 0
997.9 148.3 1009.9 171.4 979.8 187.2 967.8 164.1 small-vehicle 0
872.7 120.2 882.0 100.2 909.2 112.9 899.9 132.8 small-vehicle 0
917.1 883.3 921.3 887.6 899.9 908.7 895.7 904.4 small-vehicle 0
889.2 876.6 895.1 875.8 898.9 905.6 893.0 906.4 small-vehicle 0
930.5 1009.8 936.2 1008.1 942.5 1029.2 936.8 1030.9 small-vehicle 0
917.2 1008.9 918.8 1007.6 934.8 1028.1 933.2 1029.4 small-vehicle 0
917.5 999.1 928.2 1013.5 901.0 1033.8 890.2 1019.4 small-vehicle 0
908.2 999.2 911.9 1003.9 878.8 1029.8 875.1 1025.1 small-vehicle 0
869.2 1005.5 870.3 1003.8 882.0 1011.5 880.9 1013.1 small-vehicle 0
849.9 993.3 855.9 993.5 855.1 1019.5 849.1 1019.3 small-vehicle 0
716.6 975.9 733.6 970.1 739.4 987.1 722.4 992.9 small-vehicle 0
831.8 992.8 849.7 994.0 848.3 1015.9 830.4 1014.8 small-vehicle 0
825.3 992.2 830.3 995.5 820.5 1010.6 815.5 1007.3 small-vehicle 0
814.6 985.4 820.0 988.0 810.5 1007.8 805.1 1005.2 small-vehicle 0
801.8 985.0 807.3 987.3 800.5 1003.9 794.9 1001.7 small-vehicle 0
797.7 983.5 801.5 988.1 781.3 1004.5 777.5 999.9 small-vehicle 0
782.4 982.6 787.1 986.4 778.4 997.3 773.7 993.6 small-vehicle 0
771.3 981.2 776.5 984.1 767.7 999.8 762.5 996.9 small-vehicle 0
757.5 979.3 763.5 980.0 761.2 997.9 755.2 997.1 small-vehicle 0
735.3 1004.5 752.6 961.8 761.8 965.6 744.5 1008.2 small-vehicle 0
984.1 7.9 1000.7 0.9 1013.9 32.3 997.3 39.2 small-vehicle 0
1006.4 4.6 1012.4 4.4 1013.8 38.4 1007.8 38.6 small-vehicle 0
1015.5 7.9 1021.4 6.9 1026.5 36.5 1020.6 37.5 small-vehicle 0
746.6 970.8 750.8 975.1 729.4 996.2 725.2 991.9 small-vehicle 0
847.9 965.0 856.9 969.4 847.2 989.2 838.3 984.8 small-vehicle 0
250.0 804.7 250.5 802.8 287.0 813.3 286.5 815.2 small-vehicle 0
710.3 40.6 711.9 41.9 710.6 43.4 709.0 42.2 small-vehicle 0
773.8 222.1 786.0 208.9 799.2 221.2 786.9 234.4 small-vehicle 0
786.3 133.1 807.4 118.0 813.2 126.2 792.1 141.2 small-vehicle 0
782.3 122.7 801.1 111.3 806.3 119.9 787.4 131.2 small-vehicle 0
800.9 98.6 805.0 103.0 783.1 123.4 779.0 119.0 small-vehicle 0
792.0 93.0 795.2 98.2 779.8 107.6 776.7 102.5 small-vehicle 0
778.0 111.8 787.1 127.3 761.2 142.6 752.1 127.1 small-vehicle 0
737.9 108.1 791.7 111.8 791.1 121.7 737.2 118.1 small-vehicle 0
744.1 71.2 763.8 81.1 753.9 100.8 734.2 90.9 small-vehicle 0
724.4 52.0 738.5 40.9 749.6 55.0 735.5 66.1 small-vehicle 0
374.2 183.6 403.9 187.8 399.1 221.5 369.4 217.2 small-vehicle 0
827.7 963.0 835.1 969.7 823.1 983.1 815.6 976.4 small-vehicle 0
535.2 474.0 563.9 482.9 554.9 511.6 526.3 502.6 small-vehicle 0
459.4 995.1 484.9 1000.4 479.6 1025.9 454.1 1020.6 small-vehicle 0
388.9 947.7 408.8 964.4 392.1 984.3 372.2 967.6 small-vehicle 0
384.3 966.2 395.3 989.8 371.7 1000.8 360.7 977.2 small-vehicle 0
339.3 950.2 340.7 976.2 310.7 977.8 309.3 951.8 small-vehicle 0
298.7 852.7 320.3 848.7 324.3 870.3 302.7 874.3 small-vehicle 0
302.0 829.4 306.5 833.3 289.6 853.1 285.1 849.1 small-vehicle 0
293.3 823.5 297.3 828.0 280.7 842.5 276.7 838.0 small-vehicle 0
287.6 811.8 290.4 817.1 267.4 829.2 264.6 823.9 small-vehicle 0
607.9 481.5 613.4 483.9 598.3 518.8 592.8 516.4 small-vehicle 0
624.1 482.2 629.6 484.6 614.9 519.6 609.4 517.3 small-vehicle 0
638.9 488.1 644.3 490.6 630.5 521.7 625.1 519.2 small-vehicle 0
636.3 493.2 641.6 490.4 659.7 523.8 654.4 526.6 small-vehicle 0
807.5 952.9 816.5 957.2 801.9 987.9 792.9 983.6 small-vehicle 0
788.9 959.6 793.1 963.9 780.1 976.4 775.9 972.1 small-vehicle 0
778.4 948.9 783.8 951.6 768.6 982.1 763.2 979.4 small-vehicle 0
764.5 948.8 770.3 950.2 763.1 979.3 757.2 977.9 small-vehicle 0
750.3 945.5 756.3 945.3 757.5 979.3 751.5 979.5 small-vehicle 0
720.1 948.2 746.1 949.9 744.9 967.8 718.9 966.1 small-vehicle 0
687.0 945.7 704.9 932.8 720.0 954.0 702.2 966.8 small-vehicle 0
691.9 1004.2 695.2 1009.2 670.1 1025.7 666.8 1020.7 small-vehicle 0
684.1 995.7 687.6 1000.6 659.9 1020.3 656.4 1015.4 small-vehicle 0
673.6 989.6 677.6 994.0 658.3 1011.5 654.3 1007.0 small-vehicle 0
665.0 981.3 669.4 985.3 652.0 1004.7 647.6 1000.7 small-vehicle 0
659.5 974.8 663.0 979.7 641.8 994.8 638.3 989.9 small-vehicle 0
653.7 966.4 657.2 971.2 636.3 986.6 632.8 981.8 small-vehicle 0
645.5 953.5 649.9 957.5 629.5 979.5 625.1 975.5 small-vehicle 0
640.3 948.7 643.9 953.6 619.7 971.3 616.1 966.4 small-vehicle 0
760.8 886.9 765.7 890.3 746.2 918.2 741.3 914.7 small-vehicle 0
736.7 890.6 742.7 890.0 745.2 915.9 739.2 916.5 small-vehicle 0
632.2 833.9 640.2 858.7 607.8 869.1 599.8 844.3 small-vehicle 0
190.2 278.9 204.8 252.7 248.5 277.0 233.9 303.2 large-vehicle 0
