764.4 375.4 775.1 403.5 676.1 441.2 665.4 413.2 large-vehicle 0
86.4 488.9 102.8 523.2 -10.8 577.5 -27.2 543.3 large-vehicle 0
62.6 531.8 83.7 553.2 39.6 596.7 18.5 575.4 large-vehicle 0
767.0 300.6 776.1 329.2 648.4 369.8 639.3 341.2 large-vehicle 0
329.1 103.0 347.8 131.4 255.9 192.0 237.2 163.6 large-vehicle 0
327.4 140.9 347.0 168.7 276.6 218.1 257.0 190.3 large-vehicle 0
357.8 160.3 374.3 185.4 262.2 258.7 245.7 233.6 large-vehicle 0
337.5 203.7 359.4 229.7 302.9 277.5 281.0 251.5 large-vehicle 0
398.9 225.9 409.8 249.5 259.1 319.1 248.2 295.5 large-vehicle 0
354.9 267.5 377.8 292.6 323.1 342.5 300.2 317.4 large-vehicle 0
423.3 287.8 436.3 319.2 275.7 386.2 262.7 354.8 large-vehicle 0
379.4 330.9 400.6 357.5 339.6 406.1 318.4 379.5 large-vehicle 0
418.6 357.3 433.0 383.6 325.8 441.9 311.5 415.5 large-vehicle 0
394.8 397.1 414.7 419.7 362.1 465.9 342.3 443.4 large-vehicle 0
673.9 134.1 693.6 166.6 609.7 217.3 590.0 184.7 large-vehicle 0
679.0 171.7 695.6 196.7 630.6 239.8 614.0 214.8 large-vehicle 0
717.9 251.0 724.4 263.5 626.7 314.1 620.2 301.7 large-vehicle 0
724.0 277.9 730.8 290.1 638.2 341.6 631.4 329.4 large-vehicle 0
