614.6 118.3 616.0 108.4 673.4 116.7 672.0 126.6 large-vehicle 0
618.3 143.2 621.1 121.4 670.7 127.8 667.9 149.6 large-vehicle 0
759.9 125.5 765.7 117.3 839.0 169.5 833.2 177.7 large-vehicle 0
750.9 144.5 756.3 136.0 839.1 188.5 833.7 197.0 large-vehicle 0
744.0 163.1 757.6 145.8 834.8 206.1 821.3 223.5 large-vehicle 0
759.1 232.3 764.3 223.8 837.7 268.5 832.5 277.1 large-vehicle 0
751.5 251.9 767.4 231.4 841.6 289.1 825.6 309.7 large-vehicle 0
646.4 521.4 656.1 523.5 638.6 603.6 628.9 601.5 large-vehicle 0
655.0 519.3 665.0 519.5 663.0 605.5 653.0 605.3 large-vehicle 0
661.3 523.6 670.9 521.1 691.7 600.4 682.1 602.9 large-vehicle 0
680.5 516.3 702.5 515.6 705.5 601.5 683.5 602.3 large-vehicle 0
584.8 676.3 649.4 662.6 662.2 723.3 597.7 737.0 large-vehicle 0
673.5 692.4 717.0 660.5 746.6 700.8 703.0 732.7 large-vehicle 0
894.7 167.5 919.3 175.7 893.3 253.5 868.7 245.3 large-vehicle 0
677.7 94.6 678.2 104.6 616.3 107.4 615.8 97.4 large-vehicle 0
583.5 88.4 583.5 78.4 705.5 78.6 705.5 88.6 large-vehicle 0
2.4 506.4 8.8 498.7 59.5 541.0 53.1 548.6 large-vehicle 0
60.4 309.1 63.3 334.9 9.6 340.9 6.7 315.1 large-vehicle 0
15.2 440.9 33.4 422.3 63.3 451.8 45.1 470.3 large-vehicle 0
-3.9 533.2 12.3 513.0 66.9 556.8 50.7 577.0 large-vehicle 0
4.4 621.7 23.2 603.7 71.6 654.3 52.8 672.3 large-vehicle 0
-14.1 654.0 -10.1 649.5 68.1 721.0 64.1 725.5 large-vehicle 0
15.1 699.2 19.1 694.7 53.9 724.8 49.9 729.3 large-vehicle 0
-4.9 774.0 1.1 766.1 66.6 815.4 60.6 823.4 large-vehicle 0
2.5 804.6 7.9 796.2 60.3 829.3 54.9 837.8 large-vehicle 0
1.8 818.2 5.5 813.4 54.7 851.1 51.1 855.9 large-vehicle 0
