806.8 310.0 814.8 315.9 778.2 366.0 770.2 360.1 large-vehicle 0
784.1 294.6 806.1 308.4 775.1 357.5 753.1 343.6 large-vehicle 0
286.7 788.0 299.1 794.4 255.7 877.8 243.3 871.4 large-vehicle 0
240.2 800.9 266.4 815.5 220.6 897.6 194.4 883.0 large-vehicle 0
150.5 838.7 184.2 856.2 142.8 936.1 109.1 918.6 large-vehicle 0
107.7 762.5 123.8 737.2 172.7 768.2 156.7 793.6 large-vehicle 0
176.0 627.3 181.1 618.7 234.2 650.8 229.1 659.3 large-vehicle 0
159.7 640.6 164.7 632.0 208.0 657.1 203.0 665.7 large-vehicle 0
163.7 559.7 164.8 549.7 238.3 558.3 237.2 568.3 large-vehicle 0
221.3 519.0 225.2 528.2 160.9 555.7 156.9 546.5 large-vehicle 0
135.4 502.1 137.6 496.6 228.6 532.9 226.4 538.4 large-vehicle 0
254.2 411.3 291.3 431.1 265.8 478.7 228.7 458.9 large-vehicle 0
143.2 483.7 164.2 456.9 184.7 472.9 163.7 499.7 large-vehicle 0
82.1 389.9 84.6 380.2 171.9 402.1 169.4 411.8 large-vehicle 0
69.9 365.8 72.9 356.2 166.3 386.0 163.3 395.5 large-vehicle 0
233.3 329.2 242.1 333.9 210.9 392.1 202.1 387.4 large-vehicle 0
222.0 309.5 230.8 314.1 200.0 372.5 191.2 367.9 large-vehicle 0
201.9 282.8 226.1 292.1 202.3 353.7 178.1 344.3 large-vehicle 0
71.3 317.1 85.6 295.4 110.7 311.9 96.4 333.6 large-vehicle 0
21.9 263.3 24.9 253.8 110.8 280.6 107.9 290.2 large-vehicle 0
21.7 251.0 23.5 241.2 100.3 255.0 98.5 264.8 large-vehicle 0
140.4 154.9 181.2 176.1 152.6 231.1 111.8 209.9 large-vehicle 0
264.6 15.7 295.5 -6.4 326.9 37.5 296.0 59.6 large-vehicle 0
297.0 91.9 324.7 72.2 372.3 139.0 344.6 158.7 large-vehicle 0
34.6 866.0 67.9 884.2 34.4 945.6 1.0 927.4 large-vehicle 0
54.2 455.4 89.9 477.4 44.8 550.6 9.1 528.6 large-vehicle 0
343.0 792.8 369.3 807.3 354.9 833.6 328.6 819.1 large-vehicle 0
353.8 729.4 379.2 745.4 343.9 801.2 318.6 785.2 large-vehicle 0
309.0 226.2 313.6 235.1 262.0 261.8 257.4 252.9 large-vehicle 0
662.4 298.4 671.0 303.5 627.6 377.7 618.9 372.6 large-vehicle 0
826.3 256.1 840.3 234.2 902.7 273.9 888.7 295.8 large-vehicle 0
748.2 215.9 769.2 231.1 725.8 291.1 704.8 275.9 large-vehicle 0
713.7 146.7 748.0 170.9 705.3 231.3 671.0 207.1 large-vehicle 0
793.4 198.5 795.5 188.7 879.7 206.2 877.6 216.0 large-vehicle 0
861.5 166.1 864.4 175.7 793.5 196.9 790.6 187.3 large-vehicle 0
852.6 145.1 856.0 154.5 786.4 179.7 783.0 170.3 large-vehicle 0
841.8 126.1 844.1 135.9 772.0 152.6 769.7 142.8 large-vehicle 0
758.3 110.3 761.6 100.9 842.7 129.3 839.4 138.7 large-vehicle 0
654.9 22.0 700.9 -6.3 727.1 36.2 681.2 64.6 large-vehicle 0
470.8 718.4 504.1 736.7 472.5 794.6 439.1 776.3 large-vehicle 0
408.6 744.2 445.6 764.1 412.4 825.8 375.4 805.9 large-vehicle 0
598.9 533.8 639.6 555.2 607.1 617.2 566.4 595.8 large-vehicle 0
678.8 340.0 694.3 349.2 650.2 423.0 634.7 413.8 large-vehicle 0
656.2 285.9 663.9 292.3 613.8 352.1 606.1 345.7 large-vehicle 0
315.0 240.3 318.2 245.3 269.6 276.9 266.3 271.9 large-vehicle 0
578.7 390.0 587.1 395.5 539.3 467.0 530.9 461.5 large-vehicle 0
566.4 375.3 574.5 381.1 526.6 447.7 518.5 441.9 large-vehicle 0
558.9 339.5 564.1 342.5 519.1 420.5 513.9 417.5 large-vehicle 0
545.4 336.3 550.5 339.6 503.6 411.7 498.5 408.4 large-vehicle 0
646.9 261.9 654.7 268.1 606.1 329.1 598.3 322.9 large-vehicle 0
518.9 292.6 534.1 302.3 490.1 371.4 474.9 361.7 large-vehicle 0
614.8 212.4 645.1 235.3 598.2 297.6 567.9 274.7 large-vehicle 0
571.8 162.0 607.8 183.6 577.9 233.3 541.9 211.7 large-vehicle 0
502.0 258.1 510.2 263.8 463.0 330.9 454.8 325.2 large-vehicle 0
497.1 240.9 504.8 247.4 451.9 310.1 444.2 303.6 large-vehicle 0
483.7 217.6 488.7 220.9 438.8 295.8 433.8 292.5 large-vehicle 0
460.3 223.4 465.5 226.4 433.7 279.6 428.5 276.6 large-vehicle 0
319.0 253.4 325.1 261.4 279.0 296.6 272.9 288.6 large-vehicle 0
