38.4 61.6 38.6 63.6 36.7 63.8 36.4 61.8 harbor 0
168.6 963.1 186.9 986.9 150.4 1014.9 132.1 991.1 harbor 0
187.5 945.8 209.4 931.9 225.5 957.2 203.6 971.1 harbor 0
246.3 267.5 276.8 174.4 316.7 187.5 286.2 280.6 harbor 0
410.2 202.3 443.0 245.2 342.8 321.7 310.0 278.8 harbor 0
450.4 252.3 485.1 282.5 394.6 386.7 359.9 356.5 harbor 0
573.9 333.2 608.3 363.7 524.9 458.1 490.4 427.6 harbor 0
644.4 348.2 707.7 393.9 617.6 518.8 554.3 473.1 harbor 0
749.1 504.3 780.8 531.8 742.9 575.7 711.2 548.2 harbor 0
490.6 866.6 525.9 837.1 609.3 936.8 574.1 966.3 harbor 0
439.2 883.8 452.4 871.6 556.6 985.0 543.4 997.1 harbor 0
386.7 900.5 417.6 872.0 524.7 988.2 493.8 1016.7 harbor 0
292.6 929.9 319.8 903.4 365.8 950.7 338.6 977.2 harbor 0
