608.0 303.4 646.7 271.7 721.4 363.1 682.6 394.7 harbor 0
664.1 255.9 710.8 228.8 735.9 272.1 689.2 299.2 harbor 0
744.7 296.5 758.9 285.4 792.0 328.1 777.8 339.1 harbor 0
752.9 239.9 789.7 219.6 887.4 396.4 850.6 416.7 harbor 0
905.3 182.8 994.7 172.2 1041.9 567.4 952.5 578.0 harbor 0
602.8 354.4 698.6 389.5 684.1 428.9 588.4 393.8 harbor 0
386.7 307.6 421.1 343.9 320.8 438.7 286.5 402.4 harbor 0
237.6 251.9 258.2 259.8 200.4 411.1 179.8 403.2 harbor 0
241.1 180.7 285.6 229.4 162.9 341.3 118.4 292.6 harbor 0
185.5 134.6 230.2 164.9 150.5 282.4 105.8 252.1 harbor 0
146.1 90.4 190.8 127.3 75.0 267.7 30.2 230.7 harbor 0
115.6 70.6 136.9 97.1 35.7 178.6 14.4 152.2 harbor 0
78.0 21.4 99.2 42.6 52.4 89.2 31.3 67.9 harbor 0
