356.3 415.5 385.0 424.3 366.7 483.5 338.0 474.7 harbor 0
708.3 219.6 709.4 221.3 707.7 222.4 706.6 220.7 harbor 0
587.0 203.6 608.2 188.5 693.0 307.4 671.8 322.5 harbor 0
543.1 259.8 568.7 237.4 627.9 305.2 602.3 327.6 harbor 0
498.8 633.9 531.3 601.3 558.2 628.1 525.7 660.7 harbor 0
519.1 545.1 541.8 580.4 472.9 624.9 450.2 589.6 harbor 0
465.5 517.1 485.2 539.7 441.5 577.9 421.8 555.3 harbor 0
423.3 429.9 461.7 461.8 401.7 534.1 363.3 502.2 harbor 0
96.0 274.3 136.3 238.4 175.0 281.7 134.7 317.6 harbor 0
338.7 315.0 369.3 337.5 285.3 452.0 254.7 429.5 harbor 0
728.2 194.0 765.9 175.3 814.7 273.9 777.1 292.5 harbor 0
899.1 146.3 935.5 125.3 1006.5 248.2 970.2 269.2 harbor 0
817.7 130.1 849.4 109.2 943.3 250.9 911.6 271.8 harbor 0
789.7 172.5 810.3 156.7 891.7 263.2 871.0 279.0 harbor 0
