23.7 72.7 25.4 71.7 26.4 73.5 24.6 74.4 small-vehicle 0
149.1 561.0 172.4 542.2 181.2 553.1 157.8 572.0 small-vehicle 0
183.2 545.8 193.0 547.8 185.4 585.0 175.6 583.0 small-vehicle 0
188.6 553.9 194.0 551.3 213.5 593.0 208.1 595.5 small-vehicle 0
254.5 575.1 276.7 588.6 256.9 621.1 234.7 607.6 small-vehicle 0
285.1 591.5 291.1 599.5 260.9 622.5 254.9 614.5 small-vehicle 0
330.7 611.7 368.7 613.0 367.4 651.0 329.4 649.7 small-vehicle 0
405.2 625.2 429.5 649.1 400.0 679.0 375.8 655.2 small-vehicle 0
139.7 648.9 149.6 650.5 144.3 684.1 134.4 682.5 small-vehicle 0
172.4 657.5 178.5 665.4 148.5 688.7 142.4 680.8 small-vehicle 0
189.7 665.3 196.1 673.0 170.1 694.9 163.7 687.2 small-vehicle 0
198.4 701.8 221.5 671.7 232.6 680.2 209.5 710.3 small-vehicle 0
242.2 683.5 249.3 690.5 228.3 711.9 221.2 704.9 small-vehicle 0
241.6 712.0 254.1 689.2 266.4 696.0 253.9 718.8 small-vehicle 0
280.0 693.2 288.2 699.0 266.0 729.8 257.8 724.0 small-vehicle 0
301.3 706.5 307.3 714.5 276.7 737.1 270.8 729.0 small-vehicle 0
320.2 715.0 324.3 719.4 296.6 745.4 292.5 741.0 small-vehicle 0
362.1 725.4 367.0 734.2 326.9 756.6 322.0 747.8 small-vehicle 0
453.7 247.9 487.0 241.0 508.4 344.8 475.1 351.7 large-vehicle 0
550.2 278.8 579.4 271.6 604.8 374.5 575.7 381.7 large-vehicle 0
314.0 395.2 335.6 421.4 300.2 450.8 278.5 424.6 large-vehicle 0
273.5 455.5 300.7 487.5 265.7 517.3 238.4 485.3 large-vehicle 0
328.8 469.7 338.6 479.7 253.7 561.7 244.0 551.6 large-vehicle 0
361.4 483.1 371.0 493.3 285.1 574.3 275.5 564.1 large-vehicle 0
413.7 471.0 436.3 496.4 348.3 575.0 325.7 549.6 large-vehicle 0
438.4 507.4 447.2 518.3 355.6 592.6 346.8 581.7 large-vehicle 0
447.5 532.0 457.3 542.0 379.1 619.3 369.3 609.4 large-vehicle 0
479.5 536.7 505.0 564.9 420.5 641.4 395.0 613.2 large-vehicle 0
613.5 318.4 644.7 305.1 681.5 391.6 650.3 404.9 large-vehicle 0
665.5 319.5 683.2 316.2 701.5 416.5 683.8 419.8 large-vehicle 0
757.1 359.4 790.3 352.1 813.9 459.6 780.7 466.9 large-vehicle 0
1033.2 948.5 1043.6 980.9 973.1 1003.4 962.8 971.1 large-vehicle 0
338.5 709.6 346.1 716.1 319.1 748.2 311.4 741.7 small-vehicle 0
379.7 739.8 398.3 751.4 380.3 780.2 361.7 768.6 small-vehicle 0
662.8 880.0 684.7 859.4 694.3 869.6 672.4 890.2 small-vehicle 0
645.5 875.9 656.6 852.4 672.9 860.1 661.8 883.6 small-vehicle 0
599.3 829.2 602.0 834.5 571.7 849.8 569.0 844.5 small-vehicle 0
572.8 817.3 575.4 847.2 561.4 848.3 558.8 818.4 small-vehicle 0
561.9 817.2 565.3 822.2 537.3 841.4 533.9 836.5 small-vehicle 0
518.2 830.7 530.8 799.1 543.8 804.3 531.2 835.9 small-vehicle 0
498.3 821.1 515.6 791.8 527.7 798.9 510.4 828.2 small-vehicle 0
453.0 767.6 458.9 775.7 428.5 798.3 422.5 790.3 small-vehicle 0
441.8 766.7 443.4 772.5 399.2 785.3 397.6 779.5 small-vehicle 0
671.5 775.3 699.1 749.1 722.5 773.7 694.9 799.9 small-vehicle 0
766.1 772.9 788.8 785.6 768.3 822.3 745.6 809.6 small-vehicle 0
457.4 660.8 482.6 677.1 462.0 709.0 436.8 692.7 small-vehicle 0
775.3 809.6 793.3 785.6 807.7 796.4 789.7 820.4 small-vehicle 0
866.1 811.2 884.9 834.6 855.3 858.4 836.5 835.0 small-vehicle 0
899.5 828.1 907.7 839.5 873.5 863.9 865.3 852.5 small-vehicle 0
287.9 71.0 323.3 57.2 356.1 141.0 320.7 154.8 large-vehicle 0
