42.0 319.9 70.8 337.9 19.0 421.1 -9.8 403.1 large-vehicle 0
74.1 340.7 85.6 348.7 33.9 422.3 22.4 414.3 large-vehicle 0
114.9 358.6 138.8 376.6 87.1 445.4 63.2 427.4 large-vehicle 0
56.3 437.9 81.4 454.4 29.5 532.8 4.5 516.3 large-vehicle 0
76.4 467.0 88.3 474.4 57.4 523.6 45.5 516.1 large-vehicle 0
112.7 455.1 124.5 462.5 70.3 548.9 58.5 541.5 large-vehicle 0
78.8 552.1 90.6 559.6 40.5 639.1 28.7 631.7 large-vehicle 0
57.3 544.8 68.7 552.9 9.7 636.2 -1.7 628.1 large-vehicle 0
10.0 544.2 37.2 556.9 9.3 616.7 -17.9 604.0 large-vehicle 0
33.0 640.1 63.3 655.5 19.0 742.9 -11.3 727.5 large-vehicle 0
110.3 730.3 119.3 719.5 240.7 820.7 231.7 831.5 large-vehicle 0
120.5 800.7 125.2 787.5 217.5 820.3 212.8 833.5 large-vehicle 0
101.8 804.4 110.1 793.2 208.2 865.6 199.9 876.8 large-vehicle 0
482.0 92.8 488.9 100.1 464.0 123.2 457.1 115.9 small-vehicle 0
391.8 146.4 399.1 153.2 370.5 184.0 363.1 177.1 small-vehicle 0
332.1 161.4 341.7 164.2 328.0 212.2 318.4 209.5 small-vehicle 0
312.4 160.0 321.2 164.7 303.1 198.2 294.3 193.4 small-vehicle 0
331.9 115.1 341.0 119.4 323.0 157.3 313.9 153.1 small-vehicle 0
362.5 154.1 363.9 155.5 362.5 156.9 361.1 155.5 small-vehicle 0
277.4 148.0 286.6 151.8 272.0 186.9 262.8 183.1 small-vehicle 0
291.9 120.2 307.9 112.0 325.1 145.8 309.1 154.0 small-vehicle 0
273.5 146.0 277.3 150.7 238.7 182.4 234.9 177.7 small-vehicle 0
275.1 100.1 284.4 103.8 267.4 146.6 258.1 142.9 small-vehicle 0
293.8 110.9 298.9 136.4 285.2 139.1 280.1 113.6 small-vehicle 0
422.0 50.9 431.4 54.3 415.6 97.5 406.2 94.1 small-vehicle 0
435.3 61.4 445.3 62.5 441.4 100.3 431.5 99.2 small-vehicle 0
410.3 49.6 417.4 56.6 390.7 83.6 383.5 76.6 small-vehicle 0
370.5 40.6 376.1 38.4 392.5 81.4 386.9 83.6 small-vehicle 0
369.8 36.1 378.4 41.1 359.2 73.9 350.6 68.9 small-vehicle 0
350.7 28.9 359.9 33.0 344.5 67.7 335.3 63.6 small-vehicle 0
338.0 23.2 345.0 30.4 320.8 54.2 313.8 47.1 small-vehicle 0
312.2 18.6 320.1 24.7 301.8 48.4 293.9 42.3 small-vehicle 0
859.0 88.3 881.6 108.1 854.0 139.7 831.4 119.9 small-vehicle 0
893.2 164.8 919.9 178.4 904.5 208.7 877.7 195.1 small-vehicle 0
944.9 207.2 947.9 237.1 910.1 240.8 907.1 210.9 small-vehicle 0
408.4 155.0 416.8 160.4 394.4 195.9 386.0 190.6 small-vehicle 0
504.3 101.1 510.6 108.9 468.7 142.9 462.4 135.1 small-vehicle 0
510.7 118.3 518.5 124.6 494.7 154.2 486.9 148.0 small-vehicle 0
515.7 254.7 522.7 261.9 495.3 288.3 488.3 281.1 small-vehicle 0
505.0 250.4 507.8 255.7 474.2 273.4 471.4 268.1 small-vehicle 0
473.0 277.4 479.3 285.1 453.0 306.6 446.7 298.9 small-vehicle 0
457.1 261.3 465.3 267.1 443.3 298.1 435.2 292.3 small-vehicle 0
487.3 236.5 492.1 245.3 465.7 259.5 460.9 250.7 small-vehicle 0
441.1 243.0 449.4 248.7 427.9 280.0 419.6 274.3 small-vehicle 0
474.7 216.1 481.2 223.7 449.3 250.9 442.8 243.3 small-vehicle 0
624.3 232.7 648.8 256.3 625.2 280.8 600.7 257.2 small-vehicle 0
609.4 213.8 618.0 218.9 600.6 248.2 592.0 243.1 small-vehicle 0
602.6 194.5 609.7 201.5 571.9 240.0 564.8 233.0 small-vehicle 0
583.7 181.0 591.2 187.6 563.4 219.1 555.9 212.5 small-vehicle 0
461.4 199.8 468.4 207.0 435.6 239.2 428.6 232.0 small-vehicle 0
430.6 238.7 433.6 243.9 404.4 261.3 401.4 256.1 small-vehicle 0
415.3 220.0 422.7 226.7 394.7 258.0 387.3 251.3 small-vehicle 0
443.1 191.7 449.4 199.4 419.9 223.3 413.6 215.6 small-vehicle 0
400.9 206.0 407.5 213.5 373.1 244.0 366.5 236.5 small-vehicle 0
427.3 178.5 434.4 185.5 407.7 212.5 400.6 205.5 small-vehicle 0
563.2 172.1 571.7 177.4 555.8 202.9 547.3 197.6 small-vehicle 0
559.5 156.5 565.9 164.2 530.5 193.5 524.1 185.8 small-vehicle 0
558.7 155.8 559.1 161.7 501.2 165.4 500.8 159.5 small-vehicle 0
527.9 130.9 534.6 138.4 506.4 163.8 499.7 156.4 small-vehicle 0
962.1 163.3 984.5 183.2 951.3 220.6 928.9 200.7 small-vehicle 0
532.4 267.1 539.4 274.2 509.7 303.8 502.6 296.8 small-vehicle 0
488.5 288.4 495.7 295.3 466.5 325.6 459.3 318.7 small-vehicle 0
502.9 295.7 511.3 301.2 488.1 336.3 479.7 330.8 small-vehicle 0
198.4 127.6 215.2 141.8 198.5 161.7 181.7 147.5 small-vehicle 0
242.4 93.0 249.7 99.8 223.9 127.7 216.6 120.9 small-vehicle 0
238.4 131.3 248.2 98.7 261.6 102.7 251.8 135.3 small-vehicle 0
211.6 128.1 217.2 125.9 232.3 165.1 226.7 167.3 small-vehicle 0
242.4 138.1 251.4 142.6 234.3 176.5 225.4 172.0 small-vehicle 0
92.5 184.8 115.8 196.3 102.5 223.2 79.2 211.7 small-vehicle 0
123.0 192.5 130.8 198.8 107.0 228.5 99.2 222.2 small-vehicle 0
136.1 198.9 145.4 202.5 132.9 234.1 123.6 230.5 small-vehicle 0
157.1 200.1 166.8 202.6 153.9 250.9 144.2 248.4 small-vehicle 0
189.5 211.5 206.6 217.2 190.9 264.6 173.8 259.0 small-vehicle 0
233.5 239.2 240.8 246.0 217.5 270.8 210.2 264.0 small-vehicle 0
255.6 247.7 262.7 254.7 236.2 281.9 229.0 274.9 small-vehicle 0
60.2 929.1 73.7 946.5 43.8 969.9 30.3 952.5 small-vehicle 0
79.7 936.9 88.1 942.3 63.3 981.1 54.9 975.7 small-vehicle 0
113.8 956.5 135.4 977.4 100.6 1013.2 79.0 992.4 small-vehicle 0
10.1 950.6 30.3 966.9 8.9 993.4 -11.3 977.1 small-vehicle 0
32.8 968.3 40.5 974.7 21.2 997.7 13.5 991.3 small-vehicle 0
52.4 992.3 65.1 986.4 77.6 1013.7 64.9 1019.6 small-vehicle 0
215.6 83.9 225.1 87.0 213.4 123.1 203.9 120.0 small-vehicle 0
67.6 137.5 72.0 128.5 113.4 148.5 109.0 157.5 small-vehicle 0
77.8 116.2 83.2 107.7 115.3 128.1 109.9 136.5 small-vehicle 0
103.8 43.4 108.3 34.5 142.2 51.6 137.7 60.6 small-vehicle 0
138.3 50.9 141.8 55.7 94.6 89.5 91.1 84.7 small-vehicle 0
75.9 101.5 78.9 91.9 134.1 109.5 131.1 119.1 small-vehicle 0
517.4 317.6 522.8 326.0 497.6 342.4 492.2 334.0 small-vehicle 0
516.5 428.4 524.0 435.0 491.0 472.5 483.5 465.9 small-vehicle 0
520.2 446.4 537.8 465.6 512.8 488.6 495.2 469.4 small-vehicle 0
456.4 432.4 477.7 405.9 488.6 414.6 467.3 441.1 small-vehicle 0
467.9 399.4 474.5 406.9 445.9 431.9 439.3 424.3 small-vehicle 0
422.6 352.4 430.1 359.0 402.4 390.6 394.9 384.0 small-vehicle 0
383.2 364.1 402.4 346.6 411.8 356.9 392.6 374.4 small-vehicle 0
369.6 349.1 389.3 332.2 398.4 342.9 378.7 359.8 small-vehicle 0
382.3 314.6 388.8 322.3 356.7 349.4 350.2 341.7 small-vehicle 0
324.9 321.5 325.2 315.5 379.1 318.5 378.8 324.5 small-vehicle 0
571.2 372.4 579.5 378.1 564.8 399.6 556.5 393.9 small-vehicle 0
560.5 360.2 566.3 368.3 538.4 387.9 532.7 379.7 small-vehicle 0
607.5 333.5 614.9 340.2 581.5 377.5 574.1 370.8 small-vehicle 0
519.2 358.8 540.3 343.6 550.8 358.2 529.7 373.4 small-vehicle 0
587.6 332.1 592.7 340.7 563.4 357.9 558.3 349.3 small-vehicle 0
566.1 318.6 573.5 325.4 558.6 341.6 551.2 334.8 small-vehicle 0
558.7 296.9 566.6 303.0 543.3 333.1 535.4 327.0 small-vehicle 0
527.8 323.6 536.4 328.6 517.2 361.4 508.6 356.4 small-vehicle 0
527.0 301.3 528.4 295.5 542.0 298.7 540.6 304.5 small-vehicle 0
