275.0 886.5 304.5 881.1 312.8 926.4 283.3 931.8 large-vehicle 0
245.3 624.0 251.0 621.9 261.6 649.9 256.0 652.1 large-vehicle 0
227.0 611.2 232.5 608.8 257.0 665.8 251.5 668.2 large-vehicle 0
216.8 619.5 222.6 617.7 238.2 669.4 232.4 671.2 large-vehicle 0
441.6 593.1 454.9 597.5 445.4 625.9 432.1 621.5 large-vehicle 0
426.9 585.3 435.0 591.1 408.2 628.5 400.0 622.7 large-vehicle 0
432.3 542.0 466.0 546.3 461.7 580.0 428.0 575.7 large-vehicle 0
427.3 563.8 430.7 568.7 389.7 597.2 386.3 592.3 large-vehicle 0
424.1 547.0 427.9 551.7 388.9 583.0 385.1 578.3 large-vehicle 0
411.7 526.5 416.5 530.1 396.1 557.3 391.3 553.7 large-vehicle 0
438.0 484.8 444.9 492.1 420.0 515.2 413.1 507.9 large-vehicle 0
452.6 484.0 466.1 487.9 452.4 536.0 438.9 532.1 large-vehicle 0
254.5 605.9 260.1 603.8 280.5 658.1 274.9 660.2 large-vehicle 0
278.9 617.1 284.9 617.7 282.1 643.6 276.1 642.9 large-vehicle 0
294.3 642.4 300.3 642.3 300.7 700.3 294.7 700.3 large-vehicle 0
369.7 692.3 399.5 688.4 403.3 718.2 373.6 722.0 large-vehicle 0
299.0 835.0 305.0 835.3 302.9 877.3 296.9 877.0 large-vehicle 0
346.2 907.2 425.2 864.0 433.8 879.8 354.8 923.0 large-vehicle 0
373.9 822.0 379.1 819.1 403.1 863.0 397.9 865.9 large-vehicle 0
370.8 835.4 376.6 834.1 383.3 863.3 377.4 864.7 large-vehicle 0
346.0 764.4 439.0 806.3 430.0 826.4 337.0 784.5 large-vehicle 0
424.7 746.0 430.3 748.3 408.3 802.0 402.7 799.7 large-vehicle 0
379.6 732.9 408.7 740.2 401.5 769.3 372.3 762.0 large-vehicle 0
412.1 708.6 422.0 709.5 418.9 743.4 409.0 742.5 large-vehicle 0
437.5 691.6 443.2 693.7 435.5 714.4 429.8 712.3 large-vehicle 0
453.7 690.3 458.8 693.5 445.2 715.6 440.1 712.5 large-vehicle 0
412.9 644.6 422.8 646.0 414.1 707.4 404.2 706.0 large-vehicle 0
429.6 639.0 457.2 650.7 448.5 671.0 420.9 659.2 large-vehicle 0
353.0 636.6 380.4 624.4 404.0 677.4 376.6 689.6 large-vehicle 0
273.5 665.6 278.5 662.3 295.0 687.4 290.0 690.7 large-vehicle 0
264.6 735.3 275.8 749.4 242.9 775.5 231.7 761.4 large-vehicle 0
309.6 718.8 324.7 740.0 290.4 764.2 275.3 743.0 large-vehicle 0
217.6 742.5 234.4 762.3 202.4 789.5 185.6 769.7 large-vehicle 0
221.6 725.1 227.2 733.3 192.4 756.9 186.8 748.7 large-vehicle 0
263.6 717.5 268.8 730.5 240.9 741.6 235.7 728.6 large-vehicle 0
315.1 694.4 321.8 701.8 284.9 735.6 278.2 728.2 large-vehicle 0
351.5 656.3 370.9 673.6 329.5 719.7 310.1 702.4 large-vehicle 0
224.6 675.2 230.5 676.3 224.4 709.8 218.5 708.7 large-vehicle 0
226.9 678.4 232.4 676.0 244.1 703.6 238.6 706.0 large-vehicle 0
237.5 675.2 242.9 672.6 255.5 699.8 250.1 702.4 large-vehicle 0
249.7 673.1 255.2 670.7 267.5 698.0 262.0 700.5 large-vehicle 0
260.2 671.2 265.2 667.9 281.8 692.8 276.8 696.1 large-vehicle 0
-13.8 327.7 8.3 314.0 32.5 353.2 10.3 366.8 large-vehicle 0
66.6 472.2 72.2 470.1 81.6 494.3 76.0 496.5 large-vehicle 0
112.1 493.2 142.5 516.0 114.9 552.8 84.5 530.0 large-vehicle 0
93.9 466.8 99.5 464.5 109.4 488.5 103.9 490.8 large-vehicle 0
82.4 468.9 88.3 467.6 94.5 496.9 88.7 498.2 large-vehicle 0
79.6 425.7 84.2 422.0 100.4 442.3 95.8 446.0 large-vehicle 0
69.0 434.8 73.6 431.0 90.0 451.2 85.4 455.0 large-vehicle 0
-62.8 513.5 168.4 338.5 186.5 362.4 -44.7 537.4 large-vehicle 0
61.3 391.0 66.9 389.0 75.6 413.5 70.0 415.5 large-vehicle 0
68.1 380.2 73.0 376.7 90.9 400.8 86.0 404.3 large-vehicle 0
44.1 386.8 49.5 384.2 57.3 400.4 51.9 403.1 large-vehicle 0
11.7 377.9 16.1 373.9 31.0 390.1 26.6 394.2 large-vehicle 0
24.6 369.6 28.9 365.5 41.4 378.4 37.1 382.5 large-vehicle 0
39.7 340.0 45.6 341.5 41.3 359.0 35.4 357.5 large-vehicle 0
47.9 473.5 53.0 470.3 73.1 502.5 68.0 505.7 large-vehicle 0
51.2 339.1 57.0 340.3 52.8 361.9 47.0 360.7 large-vehicle 0
52.9 320.1 58.3 317.4 83.2 365.3 77.8 368.0 large-vehicle 0
66.4 319.0 71.7 316.2 98.9 367.4 93.6 370.2 large-vehicle 0
123.9 279.1 134.9 293.4 101.6 319.0 90.6 304.7 large-vehicle 0
91.0 312.3 97.0 312.1 98.1 362.1 92.1 362.3 large-vehicle 0
83.4 374.3 88.9 371.8 101.4 399.0 96.0 401.5 large-vehicle 0
94.7 373.7 99.5 370.1 117.3 394.3 112.5 397.9 large-vehicle 0
96.0 423.3 101.5 420.9 112.1 444.7 106.6 447.1 large-vehicle 0
105.0 418.0 109.6 414.1 129.0 437.0 124.4 440.9 large-vehicle 0
108.6 469.3 114.2 467.2 123.4 491.5 117.8 493.7 large-vehicle 0
117.0 460.1 121.8 456.5 139.5 480.8 134.6 484.3 large-vehicle 0
104.7 488.4 209.3 506.0 204.3 535.6 99.7 518.0 large-vehicle 0
0.3 366.5 84.6 485.8 66.7 498.5 -17.6 379.2 large-vehicle 0
-72.1 616.8 146.5 369.5 174.9 394.7 -43.6 641.9 large-vehicle 0
42.6 479.2 97.0 550.9 44.4 590.8 -10.0 519.1 large-vehicle 0
-110.9 347.3 142.7 451.1 135.9 467.7 -117.7 363.9 large-vehicle 0
-146.7 445.1 162.7 425.8 164.6 455.7 -144.8 475.0 large-vehicle 0
-108.6 495.0 120.5 474.2 123.6 508.0 -105.5 528.8 large-vehicle 0
280.1 834.2 286.1 833.3 292.9 878.8 286.9 879.7 large-vehicle 0
443.3 755.3 448.2 758.7 415.7 806.7 410.8 803.3 large-vehicle 0
437.3 943.9 442.9 946.1 421.7 1000.1 416.1 997.9 large-vehicle 0
419.9 954.6 425.4 957.0 413.1 984.4 407.6 982.0 large-vehicle 0
404.7 948.8 410.5 950.2 402.3 983.2 396.5 981.8 large-vehicle 0
434.6 909.9 439.9 912.8 425.4 939.1 420.1 936.2 large-vehicle 0
421.7 903.0 427.0 905.9 412.3 932.0 407.0 929.1 large-vehicle 0
399.9 906.7 405.9 906.3 407.1 924.3 401.1 924.7 large-vehicle 0
434.5 863.9 439.3 867.5 423.5 888.1 418.7 884.5 large-vehicle 0
416.5 853.7 422.3 855.3 414.5 884.3 408.7 882.7 large-vehicle 0
435.3 815.1 440.2 818.6 422.7 842.9 417.8 839.4 large-vehicle 0
417.5 811.3 422.9 813.8 413.5 833.7 408.1 831.2 large-vehicle 0
113.0 979.2 121.6 984.3 98.0 1023.8 89.4 1018.7 large-vehicle 0
85.6 970.1 91.6 969.6 95.5 1019.4 89.5 1019.9 large-vehicle 0
74.3 969.9 80.3 970.2 77.7 1020.1 71.7 1019.8 large-vehicle 0
54.7 971.6 60.6 970.4 70.3 1019.4 64.4 1020.6 large-vehicle 0
46.5 965.9 52.5 966.1 50.5 1024.1 44.5 1023.9 large-vehicle 0
28.8 969.2 34.8 968.3 42.2 1021.8 36.2 1022.7 large-vehicle 0
160.6 921.8 166.6 922.1 164.4 968.0 158.4 967.7 large-vehicle 0
163.3 920.7 168.9 918.6 186.7 965.3 181.1 967.4 large-vehicle 0
177.3 920.6 182.9 918.3 200.7 960.7 195.1 963.0 large-vehicle 0
191.4 915.9 197.0 913.7 213.7 956.5 208.1 958.7 large-vehicle 0
201.2 914.3 206.5 911.5 227.8 952.2 222.5 955.0 large-vehicle 0
212.0 908.4 217.3 905.5 239.1 946.1 233.8 948.9 large-vehicle 0
248.6 902.1 253.9 904.8 229.4 952.9 224.1 950.2 large-vehicle 0
150.4 460.4 156.0 458.4 164.7 482.9 159.1 484.9 large-vehicle 0
168.1 501.7 171.9 497.1 194.9 516.3 191.1 520.9 large-vehicle 0
141.5 452.7 147.5 453.7 142.5 483.3 136.5 482.3 large-vehicle 0
16.6 505.3 21.3 501.6 32.4 515.7 27.7 519.4 small-vehicle 0
46.2 404.7 62.0 425.2 44.6 438.7 28.7 418.1 small-vehicle 0
45.4 443.5 63.1 446.6 60.6 460.4 42.9 457.3 small-vehicle 0
19.3 525.1 29.8 534.4 12.7 553.9 2.2 544.6 small-vehicle 0
36.5 522.7 48.9 535.8 24.2 559.2 11.8 546.1 small-vehicle 0
-4.2 588.3 20.6 580.6 29.6 609.2 4.7 617.0 small-vehicle 0
29.0 576.3 41.9 603.4 29.3 609.4 16.3 582.4 small-vehicle 0
105.0 560.3 126.6 574.7 110.0 599.7 88.4 585.3 small-vehicle 0
72.2 509.5 84.6 522.6 65.8 540.5 53.4 527.4 small-vehicle 0
125.5 501.6 139.8 512.6 126.3 530.0 112.1 519.0 small-vehicle 0
24.2 484.9 53.0 493.4 46.7 514.5 17.9 506.0 small-vehicle 0
30.2 459.4 35.0 455.8 52.9 479.8 48.1 483.4 small-vehicle 0
30.0 457.7 35.9 458.9 30.3 488.3 24.4 487.2 small-vehicle 0
17.6 473.6 29.1 487.4 18.4 496.4 6.9 482.6 small-vehicle 0
22.3 428.4 38.4 448.9 21.1 462.5 5.0 442.0 small-vehicle 0
167.6 484.1 189.2 505.0 165.5 529.4 144.0 508.5 small-vehicle 0
222.6 503.8 235.7 486.1 253.4 499.2 240.3 516.9 small-vehicle 0
244.6 473.9 263.8 491.5 254.3 501.8 235.2 484.2 small-vehicle 0
416.5 466.7 421.0 470.6 406.8 487.4 402.2 483.5 small-vehicle 0
421.4 364.6 427.2 372.7 399.6 392.4 393.8 384.3 small-vehicle 0
396.1 396.3 400.9 399.8 390.5 414.4 385.6 410.9 small-vehicle 0
418.0 394.4 422.2 398.7 398.0 422.6 393.8 418.3 small-vehicle 0
407.4 426.7 413.0 429.0 406.2 445.7 400.6 443.4 small-vehicle 0
437.5 405.8 448.2 414.9 428.7 437.7 418.1 428.7 small-vehicle 0
392.9 415.3 398.7 416.7 389.9 453.6 384.1 452.2 small-vehicle 0
378.9 418.5 384.5 420.8 377.7 437.5 372.2 435.2 small-vehicle 0
369.6 399.6 384.4 409.9 367.2 434.5 352.5 424.2 small-vehicle 0
365.1 441.5 370.8 439.7 383.3 479.7 377.6 481.5 small-vehicle 0
386.6 450.2 392.5 451.4 388.0 472.9 382.1 471.7 small-vehicle 0
403.6 458.7 408.6 462.1 398.6 477.0 393.6 473.7 small-vehicle 0
426.0 429.1 430.7 432.8 407.0 462.5 402.3 458.8 small-vehicle 0
424.6 444.2 430.5 444.9 428.4 462.8 422.5 462.1 small-vehicle 0
409.6 347.2 415.5 348.3 412.3 366.0 406.4 364.9 small-vehicle 0
388.0 480.4 393.3 483.2 383.0 502.6 377.7 499.8 small-vehicle 0
402.6 488.4 407.2 492.3 387.7 515.1 383.1 511.2 small-vehicle 0
384.5 515.2 389.1 519.0 377.5 532.8 372.9 529.0 small-vehicle 0
353.2 513.8 353.5 511.8 387.2 516.2 386.9 518.2 small-vehicle 0
348.8 843.6 370.8 843.4 371.2 881.4 349.2 881.6 small-vehicle 0
349.7 882.7 371.4 879.1 375.1 900.8 353.4 904.4 small-vehicle 0
357.8 927.9 379.2 933.0 371.2 966.1 349.8 961.0 small-vehicle 0
353.8 966.7 375.8 967.3 375.2 989.3 353.2 988.7 small-vehicle 0
364.4 990.4 379.3 1000.6 364.6 1022.1 349.7 1011.9 small-vehicle 0
392.9 415.7 448.3 293.7 461.0 299.5 405.6 421.5 small-vehicle 0
405.5 335.5 410.1 339.3 388.5 365.5 383.9 361.7 small-vehicle 0
257.9 416.4 278.5 432.4 260.1 456.1 239.5 440.1 small-vehicle 0
445.8 229.5 450.2 233.5 422.1 264.7 417.6 260.7 small-vehicle 0
188.3 294.3 198.7 313.7 161.7 333.5 151.3 314.1 small-vehicle 0
416.7 197.4 421.2 201.5 390.3 235.6 385.8 231.5 small-vehicle 0
365.6 189.1 419.3 220.0 400.4 252.9 346.7 222.0 small-vehicle 0
357.8 235.2 379.7 237.0 378.2 255.0 356.2 253.1 small-vehicle 0
397.1 234.0 407.0 232.4 409.8 250.2 399.9 251.8 small-vehicle 0
390.0 233.2 394.7 237.0 378.4 257.2 373.7 253.5 small-vehicle 0
343.7 253.4 392.7 263.3 386.8 292.7 337.8 282.8 small-vehicle 0
356.6 287.1 382.4 289.6 381.0 303.6 355.2 301.0 small-vehicle 0
385.9 257.1 391.9 258.1 389.1 275.9 383.1 274.9 small-vehicle 0
405.8 257.2 410.4 261.0 396.2 277.8 391.6 274.0 small-vehicle 0
373.3 266.4 408.3 307.5 397.7 316.6 362.7 275.5 small-vehicle 0
375.1 305.3 379.6 309.3 364.9 325.7 360.4 321.7 small-vehicle 0
447.5 244.5 453.1 246.7 446.5 263.5 440.9 261.3 small-vehicle 0
296.5 345.2 298.1 346.5 296.8 348.1 295.2 346.8 small-vehicle 0
431.4 266.6 436.9 269.0 429.6 285.4 424.1 283.0 small-vehicle 0
422.1 261.0 426.8 264.7 413.4 282.1 408.6 278.4 small-vehicle 0
457.0 261.1 461.6 265.0 434.3 296.9 429.7 293.0 small-vehicle 0
420.4 288.9 425.1 292.6 411.4 309.9 406.7 306.1 small-vehicle 0
425.3 293.6 431.3 292.7 434.7 314.4 428.7 315.3 small-vehicle 0
447.8 291.6 453.2 294.1 439.0 325.0 433.6 322.5 small-vehicle 0
399.2 313.5 404.9 315.6 398.8 332.5 393.1 330.4 small-vehicle 0
418.3 316.8 422.7 320.8 410.7 334.2 406.3 330.2 small-vehicle 0
428.2 322.9 433.4 326.0 424.2 341.5 419.0 338.4 small-vehicle 0
440.7 324.5 450.3 327.5 444.8 344.6 435.3 341.6 small-vehicle 0
384.7 335.9 390.1 338.5 380.6 358.3 375.2 355.7 small-vehicle 0
384.3 322.7 388.4 327.1 363.5 350.3 359.4 345.9 small-vehicle 0
875.1 679.5 878.3 684.5 852.9 700.5 849.7 695.5 small-vehicle 0
864.5 483.6 869.8 486.5 853.5 516.4 848.2 513.5 small-vehicle 0
918.8 482.7 924.0 485.7 907.2 515.3 902.0 512.3 small-vehicle 0
914.7 462.2 920.1 464.9 904.8 495.3 899.4 492.6 small-vehicle 0
844.0 485.3 850.0 485.9 848.2 503.8 842.3 503.2 small-vehicle 0
865.3 464.1 869.7 468.2 857.3 481.3 852.9 477.1 small-vehicle 0
885.9 466.8 892.7 450.2 924.1 463.2 917.3 479.8 small-vehicle 0
908.4 438.9 912.5 443.2 893.6 461.1 889.5 456.8 small-vehicle 0
847.6 458.2 853.4 459.9 848.4 477.2 842.7 475.5 small-vehicle 0
858.2 421.6 863.0 425.3 839.8 455.4 835.0 451.7 small-vehicle 0
746.6 518.2 790.9 506.1 803.0 550.5 758.7 562.6 small-vehicle 0
783.8 496.1 803.2 513.5 791.2 526.9 771.8 509.5 small-vehicle 0
804.5 480.7 813.3 485.6 804.5 501.3 795.7 496.4 small-vehicle 0
781.4 482.1 787.3 480.9 791.0 498.5 785.1 499.7 small-vehicle 0
768.2 480.8 774.2 481.3 772.8 499.2 766.8 498.7 small-vehicle 0
792.2 455.1 796.4 459.4 780.8 474.9 776.6 470.6 small-vehicle 0
814.0 424.4 818.4 428.4 793.0 456.6 788.6 452.6 small-vehicle 0
769.8 454.0 775.6 455.5 771.2 473.0 765.4 471.5 small-vehicle 0
788.5 429.3 794.1 431.6 787.2 448.3 781.7 446.0 small-vehicle 0
838.9 405.7 864.9 405.3 865.1 423.3 839.1 423.7 small-vehicle 0
916.5 415.0 921.5 418.4 902.7 446.7 897.7 443.4 small-vehicle 0
912.5 398.3 917.7 401.3 900.5 430.7 895.3 427.7 small-vehicle 0
909.0 391.8 912.9 396.4 893.0 413.2 889.1 408.6 small-vehicle 0
881.5 387.6 907.1 383.1 908.8 393.0 883.2 397.4 small-vehicle 0
789.9 405.6 795.2 408.5 784.5 427.7 779.2 424.8 small-vehicle 0
803.0 380.8 814.7 394.5 801.0 406.2 789.3 392.5 small-vehicle 0
821.4 362.9 825.8 367.0 813.6 380.1 809.2 376.0 small-vehicle 0
787.5 396.3 791.3 401.0 765.0 422.5 761.2 417.8 small-vehicle 0
843.3 512.7 849.1 514.4 843.1 535.5 837.3 533.9 small-vehicle 0
921.7 499.3 926.4 503.0 905.3 529.7 900.6 526.0 small-vehicle 0
903.5 525.7 924.6 519.8 928.4 533.2 907.3 539.2 small-vehicle 0
928.7 560.8 933.5 564.4 913.0 591.5 908.2 587.9 small-vehicle 0
914.3 641.6 918.0 636.9 944.6 658.1 940.8 662.8 small-vehicle 0
852.9 675.0 857.8 678.5 847.1 693.0 842.2 689.5 small-vehicle 0
867.2 653.7 872.7 656.1 865.6 672.6 860.1 670.2 small-vehicle 0
832.3 630.8 872.1 693.2 860.3 700.7 820.5 638.3 small-vehicle 0
832.8 651.3 838.4 653.3 825.4 689.0 819.7 687.0 small-vehicle 0
864.7 620.3 884.2 637.4 859.2 666.0 839.6 648.9 small-vehicle 0
893.6 619.5 898.5 622.9 876.7 654.0 871.8 650.6 small-vehicle 0
936.0 607.3 940.3 611.5 919.3 632.9 915.0 628.7 small-vehicle 0
926.5 629.7 928.3 628.8 934.5 641.3 932.7 642.2 small-vehicle 0
892.7 593.7 897.3 597.6 875.2 623.4 870.6 619.5 small-vehicle 0
910.3 594.2 914.6 590.0 944.0 620.0 939.7 624.2 small-vehicle 0
932.6 574.2 937.7 577.5 916.9 609.3 911.8 606.0 small-vehicle 0
864.4 606.1 869.9 608.5 862.6 624.9 857.1 622.5 small-vehicle 0
902.2 540.0 904.9 534.6 931.8 548.0 929.1 553.4 small-vehicle 0
876.3 586.4 882.3 586.7 881.6 600.7 875.6 600.4 small-vehicle 0
841.9 619.7 846.9 623.1 832.5 644.7 827.5 641.4 small-vehicle 0
857.5 598.0 861.8 602.2 846.5 618.0 842.2 613.8 small-vehicle 0
881.4 565.9 885.8 569.9 857.6 601.1 853.2 597.1 small-vehicle 0
829.9 595.3 847.7 597.9 845.1 615.7 827.3 613.1 small-vehicle 0
856.1 573.4 861.1 576.8 850.9 591.6 845.9 588.2 small-vehicle 0
869.8 543.8 875.4 545.9 863.3 577.7 857.7 575.5 small-vehicle 0
907.8 551.5 933.7 552.5 933.2 566.5 907.3 565.5 small-vehicle 0
839.8 568.6 845.5 570.3 840.3 587.5 834.6 585.8 small-vehicle 0
862.4 539.3 867.6 542.3 850.6 571.7 845.4 568.7 small-vehicle 0
843.8 542.8 848.8 546.0 839.2 561.2 834.2 558.0 small-vehicle 0
858.6 521.2 863.7 524.4 854.2 539.7 849.1 536.5 small-vehicle 0
796.0 376.9 800.4 381.0 788.0 394.1 783.6 390.0 small-vehicle 0
813.8 354.2 816.6 359.5 797.2 369.8 794.4 364.5 small-vehicle 0
879.0 372.9 897.7 361.4 905.1 373.4 886.3 384.8 small-vehicle 0
782.8 169.7 806.7 159.4 812.2 172.3 788.3 182.6 small-vehicle 0
807.3 176.6 811.5 180.9 795.7 196.2 791.5 191.9 small-vehicle 0
882.6 353.3 888.5 352.0 891.4 365.7 885.5 367.0 small-vehicle 0
794.5 279.2 799.1 283.0 787.5 296.8 782.9 293.0 small-vehicle 0
875.3 337.8 891.1 346.4 878.7 369.2 862.9 360.6 small-vehicle 0
790.5 365.7 794.3 370.3 771.4 389.6 767.5 385.0 small-vehicle 0
801.0 347.0 804.5 352.0 793.0 360.0 789.5 355.0 small-vehicle 0
766.2 337.9 791.9 341.8 786.9 375.4 761.1 371.6 small-vehicle 0
801.3 320.8 805.9 324.6 784.5 351.0 779.9 347.3 small-vehicle 0
787.9 314.4 792.2 318.6 779.8 331.6 775.5 327.5 small-vehicle 0
805.9 287.2 810.0 291.6 794.1 306.8 790.0 302.4 small-vehicle 0
893.2 312.2 898.2 315.6 885.8 333.8 880.8 330.4 small-vehicle 0
884.4 302.6 889.3 306.0 874.6 327.4 869.7 324.0 small-vehicle 0
882.5 296.5 884.8 302.1 864.3 310.2 862.1 304.7 small-vehicle 0
753.6 316.3 776.9 328.0 763.4 354.7 740.1 343.0 small-vehicle 0
777.9 301.3 782.9 304.6 773.1 319.7 768.1 316.4 small-vehicle 0
781.0 288.0 784.0 293.2 751.0 312.1 748.0 306.9 small-vehicle 0
810.7 185.9 815.7 189.1 801.5 211.0 796.5 207.7 small-vehicle 0
880.9 285.5 881.1 291.5 855.1 292.5 854.9 286.5 small-vehicle 0
869.1 268.5 873.0 273.1 856.1 287.1 852.2 282.5 small-vehicle 0
863.0 248.9 868.3 251.6 854.7 278.4 849.4 275.7 small-vehicle 0
841.6 246.0 867.4 242.9 868.6 252.8 842.8 255.9 small-vehicle 0
852.8 226.8 857.6 230.3 842.2 251.2 837.4 247.7 small-vehicle 0
843.2 221.9 847.6 225.9 832.8 242.1 828.4 238.1 small-vehicle 0
730.8 263.2 797.9 282.8 794.0 296.3 726.8 276.6 small-vehicle 0
789.0 240.5 793.8 244.1 771.0 274.5 766.2 270.9 small-vehicle 0
771.5 226.9 777.4 227.8 772.1 261.4 766.1 260.5 small-vehicle 0
814.4 208.1 817.1 202.7 829.6 208.9 826.9 214.3 small-vehicle 0
748.5 224.4 772.6 234.3 761.1 262.0 737.1 252.1 small-vehicle 0
835.6 213.4 838.5 218.7 819.3 229.3 816.4 224.1 small-vehicle 0
891.4 648.8 896.0 652.6 869.2 684.9 864.6 681.1 small-vehicle 0
892.6 669.3 897.1 673.2 885.2 686.7 880.7 682.8 small-vehicle 0
914.7 664.0 942.8 653.6 946.3 663.0 918.2 673.4 small-vehicle 0
811.8 1012.7 837.1 1006.7 841.2 1024.3 815.9 1030.3 small-vehicle 0
875.1 993.9 879.4 998.1 855.5 1022.3 851.2 1018.1 small-vehicle 0
852.6 995.5 857.6 998.7 847.8 1013.8 842.8 1010.6 small-vehicle 0
884.8 970.6 896.2 984.4 879.2 998.4 867.8 984.6 small-vehicle 0
870.5 972.0 875.3 975.6 864.5 990.0 859.7 986.4 small-vehicle 0
843.2 984.7 849.0 986.4 844.0 1003.7 838.2 1002.0 small-vehicle 0
830.7 983.5 835.2 987.4 820.6 1004.0 816.1 1000.0 small-vehicle 0
768.9 1006.3 854.5 958.6 859.4 967.3 773.8 1015.0 small-vehicle 0
862.6 959.5 867.5 963.0 857.1 977.6 852.2 974.2 small-vehicle 0
844.4 960.9 849.3 964.4 839.0 979.1 834.1 975.7 small-vehicle 0
831.1 955.8 836.1 959.1 826.0 974.0 821.0 970.7 small-vehicle 0
813.2 950.7 819.2 951.5 816.8 969.3 810.8 968.5 small-vehicle 0
925.1 940.6 946.1 947.1 941.9 960.4 920.9 953.9 small-vehicle 0
957.8 937.6 962.5 941.3 949.0 958.6 944.3 954.9 small-vehicle 0
973.7 936.8 978.9 939.8 969.9 955.4 964.7 952.4 small-vehicle 0
977.3 908.6 982.4 911.8 962.2 944.0 957.2 940.8 small-vehicle 0
957.2 908.6 962.3 911.7 942.4 944.1 937.3 941.0 small-vehicle 0
914.9 922.0 918.5 917.1 946.0 937.0 942.5 941.9 small-vehicle 0
928.1 906.1 961.0 897.4 964.6 911.0 931.7 919.7 small-vehicle 0
969.5 874.2 974.0 878.1 954.5 900.8 950.0 896.9 small-vehicle 0
924.0 964.8 945.2 958.9 950.0 976.2 928.8 982.1 small-vehicle 0
960.4 959.0 964.8 963.1 949.6 979.0 945.2 974.9 small-vehicle 0
937.8 984.2 943.6 985.9 938.6 1003.2 932.9 1001.5 small-vehicle 0
963.9 966.0 969.9 965.2 972.0 983.1 966.1 983.8 small-vehicle 0
981.2 965.5 995.9 975.8 962.8 1023.5 948.1 1013.2 small-vehicle 0
949.5 986.3 955.5 986.8 953.5 1008.7 947.5 1008.2 small-vehicle 0
888.5 924.9 893.2 928.7 866.5 961.1 861.8 957.3 small-vehicle 0
885.2 907.9 889.2 912.4 872.8 927.1 868.8 922.6 small-vehicle 0
867.0 930.9 871.7 934.5 858.4 952.0 853.6 948.3 small-vehicle 0
945.1 729.0 949.1 733.4 929.9 751.0 925.9 746.6 small-vehicle 0
875.1 793.5 879.9 797.1 866.7 814.7 861.9 811.1 small-vehicle 0
896.3 759.9 901.3 763.2 878.0 798.2 873.0 794.8 small-vehicle 0
853.2 783.2 859.2 783.6 856.8 817.5 850.9 817.1 small-vehicle 0
838.3 790.0 844.2 789.2 846.7 807.0 840.8 807.8 small-vehicle 0
877.7 767.0 882.0 771.2 869.3 784.0 865.0 779.8 small-vehicle 0
892.9 745.6 897.1 750.0 884.0 762.3 879.9 758.0 small-vehicle 0
822.6 788.6 828.4 787.0 832.9 804.4 827.1 806.0 small-vehicle 0
845.5 761.8 850.6 765.0 838.9 783.6 833.8 780.4 small-vehicle 0
827.1 763.1 832.5 765.6 824.9 781.9 819.5 779.4 small-vehicle 0
859.7 738.3 865.0 741.0 856.8 757.0 851.5 754.3 small-vehicle 0
874.1 741.5 879.5 744.1 871.6 760.3 866.2 757.7 small-vehicle 0
876.8 714.7 907.4 729.6 899.5 745.8 868.9 730.9 small-vehicle 0
930.2 743.2 958.8 752.3 955.8 761.8 927.2 752.7 small-vehicle 0
907.1 767.5 915.7 772.6 893.9 808.5 885.3 803.4 small-vehicle 0
939.0 759.9 940.5 758.5 952.7 771.7 951.2 773.1 small-vehicle 0
956.6 759.8 958.4 760.8 936.4 801.2 934.6 800.2 small-vehicle 0
839.7 741.0 845.5 742.5 841.3 760.0 835.5 758.5 small-vehicle 0
833.0 730.5 837.8 734.1 827.0 748.5 822.2 745.0 small-vehicle 0
855.9 714.6 861.9 714.2 863.2 732.1 857.2 732.6 small-vehicle 0
850.0 709.8 853.6 714.6 839.4 725.6 835.7 720.8 small-vehicle 0
834.0 682.9 840.0 683.1 839.0 729.1 833.0 728.9 small-vehicle 0
876.5 691.9 881.6 695.1 872.0 710.4 866.9 707.2 small-vehicle 0
942.6 706.1 946.5 710.7 929.8 725.0 925.9 720.4 small-vehicle 0
920.1 694.3 921.1 692.6 949.9 710.7 948.9 712.4 small-vehicle 0
916.8 698.4 938.3 677.5 945.2 684.6 923.7 705.5 small-vehicle 0
919.1 668.6 944.9 672.3 942.8 686.2 917.1 682.4 small-vehicle 0
934.8 779.2 936.4 778.0 960.7 812.3 959.1 813.5 small-vehicle 0
888.4 799.4 893.3 802.8 880.7 820.9 875.8 817.4 small-vehicle 0
846.2 933.2 851.5 936.1 842.8 951.8 837.5 948.9 small-vehicle 0
878.5 841.9 882.8 846.0 853.5 876.2 849.2 872.0 small-vehicle 0
836.4 920.9 841.7 923.6 827.9 950.3 822.6 947.5 small-vehicle 0
810.8 913.6 816.5 911.9 827.3 948.3 821.5 950.0 small-vehicle 0
865.2 907.9 870.0 911.5 856.8 929.1 852.0 925.5 small-vehicle 0
899.4 875.5 908.1 880.3 889.9 913.6 881.1 908.8 small-vehicle 0
878.0 883.4 883.3 886.2 873.0 905.6 867.7 902.8 small-vehicle 0
902.0 854.3 906.6 858.2 879.4 890.2 874.8 886.4 small-vehicle 0
856.0 896.9 860.7 900.5 842.5 924.3 837.7 920.7 small-vehicle 0
837.1 897.1 841.9 900.8 828.6 918.3 823.8 914.7 small-vehicle 0
819.3 891.6 825.3 891.4 825.7 909.4 819.7 909.6 small-vehicle 0
855.2 874.6 859.5 878.8 844.3 894.6 839.9 890.5 small-vehicle 0
872.5 876.9 875.8 881.9 857.5 894.1 854.2 889.1 small-vehicle 0
892.5 844.8 897.2 848.5 873.5 878.2 868.8 874.5 small-vehicle 0
934.1 853.4 954.1 870.0 942.6 883.8 922.6 867.2 small-vehicle 0
832.7 805.8 837.8 808.9 820.0 837.9 814.9 834.7 small-vehicle 0
958.2 867.8 962.5 872.0 941.4 893.3 937.1 889.1 small-vehicle 0
957.9 838.6 962.5 842.5 951.1 856.4 946.5 852.5 small-vehicle 0
920.2 838.8 945.7 833.7 950.8 859.2 925.3 864.3 small-vehicle 0
949.0 804.8 972.5 816.0 956.2 850.3 932.7 839.2 small-vehicle 0
841.9 864.5 847.1 867.5 836.1 886.5 830.9 883.5 small-vehicle 0
820.0 865.6 826.0 865.7 826.0 883.7 820.0 883.6 small-vehicle 0
858.0 844.6 862.1 849.0 849.0 861.4 844.9 857.0 small-vehicle 0
840.5 840.4 845.8 843.2 835.5 862.6 830.2 859.8 small-vehicle 0
825.6 835.8 831.3 837.9 825.0 854.8 819.4 852.7 small-vehicle 0
873.2 823.9 877.6 828.0 865.1 841.0 860.8 836.9 small-vehicle 0
865.2 812.6 869.6 816.7 843.8 844.6 839.4 840.6 small-vehicle 0
846.7 808.5 852.0 811.4 837.3 837.5 832.0 834.6 small-vehicle 0
157.9 454.5 162.6 450.8 181.1 474.5 176.4 478.2 large-vehicle 0
758.5 967.3 775.5 981.3 723.5 1044.7 706.5 1030.7 large-vehicle 0
704.5 905.4 792.9 989.5 780.5 1002.6 692.1 918.5 large-vehicle 0
772.9 904.3 779.6 911.8 766.1 923.7 759.4 916.2 large-vehicle 0
700.8 928.1 752.6 981.0 739.7 993.6 688.0 940.7 large-vehicle 0
713.5 884.1 787.7 954.0 775.4 967.1 701.1 897.2 large-vehicle 0
721.5 857.4 827.2 900.0 820.5 916.6 714.8 874.0 large-vehicle 0
681.4 958.4 716.5 972.9 709.6 989.6 674.5 975.1 large-vehicle 0
724.5 925.5 729.4 928.9 716.9 947.0 711.9 943.5 large-vehicle 0
749.3 888.8 756.0 896.2 742.7 908.2 736.0 900.8 large-vehicle 0
786.9 834.9 791.9 838.3 759.1 886.1 754.1 882.7 large-vehicle 0
693.9 940.8 701.9 946.8 691.1 961.2 683.1 955.2 large-vehicle 0
723.2 903.6 727.9 907.3 716.8 921.4 712.1 917.7 large-vehicle 0
698.7 914.4 703.6 917.8 693.3 932.6 688.4 929.2 large-vehicle 0
727.4 871.0 732.4 874.4 719.9 892.5 715.0 889.1 large-vehicle 0
711.9 754.9 806.2 924.5 787.0 935.2 692.7 765.6 large-vehicle 0
735.9 742.9 826.2 862.7 811.8 873.5 721.6 753.7 large-vehicle 0
678.7 821.3 778.9 875.9 770.3 891.7 670.1 837.1 large-vehicle 0
755.5 806.9 760.3 810.4 749.9 825.0 745.0 821.5 large-vehicle 0
783.3 766.8 788.1 770.4 775.1 788.1 770.3 784.5 large-vehicle 0
680.8 780.5 780.7 863.7 769.2 877.5 669.3 794.3 large-vehicle 0
691.5 851.2 719.4 870.7 709.0 885.5 681.2 866.0 large-vehicle 0
757.6 778.3 764.0 786.0 750.2 797.5 743.8 789.8 large-vehicle 0
786.0 737.8 792.9 745.0 777.0 760.2 770.1 753.0 large-vehicle 0
237.3 379.1 242.5 382.0 214.7 432.9 209.5 430.0 large-vehicle 0
253.2 346.9 256.4 352.0 237.7 363.8 234.5 358.7 large-vehicle 0
216.0 342.7 220.5 338.7 240.8 360.7 236.4 364.8 large-vehicle 0
206.8 349.3 212.2 346.7 225.2 373.7 219.8 376.3 large-vehicle 0
306.9 296.2 311.9 304.9 272.1 327.8 267.1 319.1 large-vehicle 0
305.0 277.7 308.6 282.5 272.0 310.3 268.4 305.5 large-vehicle 0
302.0 263.2 305.6 268.0 269.0 295.8 265.4 291.0 large-vehicle 0
298.5 249.7 301.9 259.2 262.3 273.3 259.0 263.9 large-vehicle 0
252.3 232.4 253.6 226.5 294.7 235.6 293.4 241.5 large-vehicle 0
250.0 223.5 250.0 217.5 292.0 217.5 292.0 223.5 large-vehicle 0
361.2 99.2 374.6 103.3 357.6 158.8 344.3 154.7 large-vehicle 0
366.1 105.3 374.8 100.3 403.7 150.6 395.0 155.6 large-vehicle 0
422.9 89.5 428.9 88.9 436.1 158.5 430.2 159.1 large-vehicle 0
428.4 87.6 434.2 85.8 457.6 160.2 451.9 162.0 large-vehicle 0
471.6 82.0 477.4 83.7 459.4 143.1 453.6 141.3 large-vehicle 0
473.9 86.4 479.9 85.9 484.6 139.7 478.6 140.2 large-vehicle 0
292.8 191.6 328.2 156.3 434.2 262.4 398.8 297.7 large-vehicle 0
350.3 332.0 431.1 387.5 402.9 428.7 322.0 373.3 large-vehicle 0
307.0 434.5 414.7 456.8 409.4 482.3 301.7 460.0 large-vehicle 0
354.9 482.6 359.7 486.1 346.6 503.8 341.8 500.2 large-vehicle 0
380.2 466.3 385.3 469.5 350.8 525.7 345.7 522.5 large-vehicle 0
372.4 415.6 496.7 525.6 479.5 545.1 355.2 435.0 large-vehicle 0
403.4 409.0 527.0 460.9 507.6 507.0 384.0 455.1 large-vehicle 0
228.2 379.4 233.8 377.2 254.0 427.3 248.4 429.5 large-vehicle 0
241.2 381.4 249.3 375.5 278.6 416.0 270.5 421.9 large-vehicle 0
285.2 401.8 321.0 414.5 313.7 435.2 277.9 422.6 large-vehicle 0
173.6 389.8 179.1 387.4 189.4 411.2 183.9 413.6 large-vehicle 0
147.8 408.4 152.9 405.2 168.9 430.6 163.8 433.8 large-vehicle 0
142.9 411.5 148.9 411.5 149.1 441.5 143.1 441.5 large-vehicle 0
125.4 407.8 131.3 407.2 134.1 433.0 128.1 433.7 large-vehicle 0
137.4 368.0 142.5 364.7 156.7 386.5 151.7 389.8 large-vehicle 0
138.9 351.2 144.6 352.8 128.9 408.6 123.1 407.0 large-vehicle 0
118.3 360.7 124.2 362.1 117.5 391.3 111.7 390.0 large-vehicle 0
105.2 329.0 107.6 323.5 138.7 337.4 136.2 342.8 large-vehicle 0
181.6 494.7 185.8 490.4 207.4 511.3 203.2 515.6 large-vehicle 0
194.2 480.9 199.2 477.5 213.8 499.1 208.8 502.5 large-vehicle 0
173.8 452.8 179.0 449.8 192.2 472.2 187.0 475.2 large-vehicle 0
182.6 437.6 187.5 434.1 202.4 455.4 197.5 458.9 large-vehicle 0
160.2 409.6 164.8 405.7 181.8 425.4 177.2 429.3 large-vehicle 0
191.1 384.2 197.1 383.8 198.6 409.8 192.6 410.1 large-vehicle 0
237.2 471.7 297.3 394.3 317.8 410.3 257.7 487.7 large-vehicle 0
208.6 431.3 214.0 433.9 204.4 453.7 199.0 451.1 large-vehicle 0
151.7 363.0 156.9 359.9 170.1 382.3 164.9 385.4 large-vehicle 0
188.3 341.8 193.3 345.2 180.7 363.2 175.7 359.8 large-vehicle 0
166.0 314.9 170.9 318.4 160.4 333.0 155.5 329.5 large-vehicle 0
128.6 308.1 132.9 304.0 170.5 342.7 166.2 346.9 large-vehicle 0
148.8 266.6 238.7 343.0 227.1 356.7 137.1 280.3 large-vehicle 0
206.0 303.1 211.3 306.0 199.0 328.9 193.7 326.0 large-vehicle 0
205.0 344.8 210.0 348.2 195.4 369.7 190.4 366.4 large-vehicle 0
212.5 389.7 218.3 391.5 210.5 416.3 204.7 414.5 large-vehicle 0
217.5 437.1 223.3 435.7 230.5 464.9 224.7 466.3 large-vehicle 0
245.9 435.7 250.4 439.7 228.1 465.3 223.6 461.3 large-vehicle 0
169.7 382.2 382.2 542.1 369.0 559.7 156.5 399.7 large-vehicle 0
701.8 828.8 711.0 832.6 704.2 849.2 695.0 845.4 large-vehicle 0
731.9 790.6 736.8 794.2 726.2 808.7 721.3 805.2 large-vehicle 0
758.7 751.9 763.6 755.4 753.3 770.1 748.4 766.6 large-vehicle 0
785.9 713.0 790.9 716.4 780.9 731.3 775.9 728.0 large-vehicle 0
942.0 758.4 982.2 770.5 951.7 872.0 911.4 859.9 large-vehicle 0
705.2 452.0 801.6 533.2 792.6 543.9 696.2 462.7 large-vehicle 0
708.5 420.6 811.1 493.7 798.4 511.6 695.7 438.5 large-vehicle 0
684.2 454.1 782.9 544.7 770.8 557.9 672.1 467.3 large-vehicle 0
730.9 470.0 735.9 473.4 723.4 491.5 718.5 488.1 large-vehicle 0
762.2 429.1 766.4 433.3 745.1 454.5 740.9 450.2 large-vehicle 0
735.8 436.2 740.9 439.4 729.1 457.9 724.0 454.7 large-vehicle 0
720.4 360.6 810.7 442.7 795.9 459.0 705.6 376.8 large-vehicle 0
734.2 413.8 739.3 416.9 729.8 432.2 724.7 429.1 large-vehicle 0
693.2 359.5 785.5 419.4 775.8 434.5 683.5 374.6 large-vehicle 0
728.1 351.2 756.7 369.6 746.9 384.8 718.3 366.4 large-vehicle 0
700.4 297.5 795.1 360.8 782.9 379.1 688.1 315.8 large-vehicle 0
749.2 297.0 754.1 300.4 735.1 328.6 730.1 325.2 large-vehicle 0
718.2 208.5 804.0 277.4 750.1 344.5 664.4 275.6 large-vehicle 0
599.8 105.1 629.4 140.3 594.2 169.9 564.6 134.7 large-vehicle 0
653.1 106.0 660.6 112.7 629.9 147.0 622.4 140.3 large-vehicle 0
671.9 111.6 679.0 118.6 644.1 154.4 637.0 147.4 large-vehicle 0
684.8 119.9 692.5 126.3 660.5 164.7 652.8 158.3 large-vehicle 0
715.4 125.4 721.8 133.0 686.6 162.6 680.2 155.0 large-vehicle 0
736.0 134.6 739.2 139.7 724.0 149.4 720.8 144.3 large-vehicle 0
769.3 122.0 773.4 126.4 733.7 163.0 729.6 158.6 large-vehicle 0
794.7 80.4 811.4 94.7 781.3 129.6 764.6 115.2 large-vehicle 0
764.6 131.3 773.7 135.5 751.4 184.7 742.3 180.5 large-vehicle 0
790.3 140.4 794.7 144.5 758.1 184.2 753.7 180.2 large-vehicle 0
755.1 506.7 760.1 510.0 741.5 538.4 736.5 535.1 large-vehicle 0
725.2 553.8 730.4 557.0 721.0 572.3 715.9 569.2 large-vehicle 0
749.9 539.1 755.0 542.3 745.3 557.5 740.3 554.3 large-vehicle 0
738.7 681.4 743.6 684.9 733.3 699.6 728.4 696.1 large-vehicle 0
656.7 778.3 758.1 830.4 749.9 846.4 648.5 794.3 large-vehicle 0
729.8 763.4 738.7 767.9 730.6 784.0 721.7 779.5 large-vehicle 0
788.6 686.3 793.2 690.1 761.4 728.7 756.8 724.9 large-vehicle 0
705.6 772.9 714.8 776.7 708.0 793.3 698.7 789.5 large-vehicle 0
688.5 695.7 789.3 777.7 778.0 791.6 677.1 709.6 large-vehicle 0
766.9 688.6 771.9 692.0 752.7 720.0 747.7 716.7 large-vehicle 0
765.7 637.8 817.8 678.3 806.7 692.6 754.6 652.0 large-vehicle 0
711.1 746.4 716.1 749.8 705.9 764.6 700.9 761.2 large-vehicle 0
737.9 706.3 742.9 709.6 733.1 724.7 728.1 721.4 large-vehicle 0
764.1 666.0 771.3 672.9 758.9 686.0 751.7 679.1 large-vehicle 0
792.6 626.3 797.0 630.3 782.4 646.7 778.0 642.7 large-vehicle 0
661.4 693.5 765.1 749.8 756.5 765.6 652.8 709.4 large-vehicle 0
734.5 624.9 799.4 660.5 790.7 676.3 725.9 640.6 large-vehicle 0
676.8 552.4 777.6 605.7 769.2 621.6 668.4 568.3 large-vehicle 0
793.1 600.1 799.9 607.5 786.6 619.7 779.8 612.3 large-vehicle 0
719.5 684.6 724.4 688.2 704.3 715.6 699.5 712.1 large-vehicle 0
741.8 651.7 746.7 655.1 736.7 670.0 731.7 666.7 large-vehicle 0
720.6 572.7 821.5 654.7 810.1 668.7 709.2 586.7 large-vehicle 0
792.1 570.1 803.1 578.8 791.9 592.9 780.9 584.2 large-vehicle 0
768.3 582.0 778.9 591.1 767.2 604.8 756.5 595.7 large-vehicle 0
757.3 528.4 839.9 564.1 832.7 580.6 750.1 544.9 large-vehicle 0
742.5 593.8 753.4 602.5 742.3 616.6 731.3 607.9 large-vehicle 0
736.0 519.4 816.7 599.9 804.0 612.6 723.2 532.2 large-vehicle 0
748.2 484.8 854.7 552.2 845.0 567.4 738.6 500.0 large-vehicle 0
711.5 600.6 734.8 619.5 723.5 633.4 700.2 614.5 large-vehicle 0
748.5 568.3 753.6 571.6 743.8 586.7 738.8 583.4 large-vehicle 0
