933.8 806.2 939.2 803.6 960.8 848.7 955.4 851.3 large-vehicle 0
954.5 800.9 960.4 799.9 968.3 849.3 962.4 850.2 large-vehicle 0
957.8 803.1 962.8 799.8 995.2 847.9 990.2 851.2 large-vehicle 0
985.1 819.1 988.8 814.4 999.8 823.1 996.0 827.8 large-vehicle 0
990.3 806.5 994.7 802.4 1034.6 844.4 1030.3 848.5 large-vehicle 0
949.5 861.0 954.6 858.0 970.1 883.7 964.9 886.8 large-vehicle 0
967.4 856.2 973.1 854.3 982.6 882.8 976.9 884.7 large-vehicle 0
981.8 855.7 987.1 852.8 1001.2 879.3 995.9 882.2 large-vehicle 0
983.2 821.6 1042.0 900.0 1030.8 908.4 972.0 830.0 large-vehicle 0
886.7 846.4 933.3 783.8 979.8 818.5 933.2 881.0 large-vehicle 0
49.3 162.3 64.7 141.4 101.7 168.7 86.3 189.6 large-vehicle 0
354.1 172.2 358.2 176.6 330.8 202.9 326.7 198.6 large-vehicle 0
380.1 165.7 384.5 169.8 353.2 203.6 348.8 199.5 large-vehicle 0
393.4 167.8 398.1 171.6 371.6 204.2 366.9 200.4 large-vehicle 0
401.6 176.4 406.8 179.3 392.4 205.6 387.2 202.7 large-vehicle 0
277.3 217.4 282.7 220.1 258.9 268.6 253.6 265.9 large-vehicle 0
306.0 241.8 308.1 247.4 254.0 268.2 251.9 262.6 large-vehicle 0
327.7 269.7 333.7 269.4 336.3 319.3 330.3 319.6 large-vehicle 0
341.6 267.4 347.5 266.3 355.4 311.6 349.5 312.7 large-vehicle 0
367.9 264.7 373.6 266.6 359.1 310.3 353.4 308.4 large-vehicle 0
319.3 276.5 325.0 278.2 313.7 314.5 308.0 312.8 large-vehicle 0
806.1 900.6 903.1 914.6 899.9 936.4 802.9 922.4 large-vehicle 0
803.2 890.0 808.3 886.7 837.8 932.0 832.7 935.3 large-vehicle 0
788.9 898.7 793.5 894.8 828.1 936.3 823.5 940.2 large-vehicle 0
774.0 912.7 787.2 900.5 821.0 937.3 807.8 949.5 large-vehicle 0
746.2 931.8 750.3 927.5 780.7 956.5 776.5 960.8 large-vehicle 0
733.0 933.4 737.7 929.6 769.1 968.5 764.4 972.3 large-vehicle 0
714.7 943.4 718.1 938.5 759.4 966.7 756.0 971.7 large-vehicle 0
712.2 955.6 716.0 950.9 745.8 974.4 742.0 979.1 large-vehicle 0
675.1 859.2 706.3 887.3 686.2 909.6 655.0 881.5 large-vehicle 0
721.9 818.6 764.5 879.1 720.3 910.2 677.7 849.7 large-vehicle 0
788.8 832.0 798.8 841.7 777.9 863.3 767.9 853.5 large-vehicle 0
827.7 800.4 835.8 806.2 818.6 830.7 810.4 825.0 large-vehicle 0
876.1 761.7 883.8 768.1 848.9 809.3 841.2 802.9 large-vehicle 0
857.3 765.6 861.2 770.2 838.3 789.6 834.5 785.1 large-vehicle 0
816.5 794.5 820.8 798.6 800.0 820.2 795.6 816.0 large-vehicle 0
855.9 740.4 860.5 744.2 821.4 792.3 816.8 788.5 large-vehicle 0
815.2 758.1 823.0 764.4 809.2 781.5 801.4 775.2 large-vehicle 0
804.3 788.9 808.7 792.9 793.8 809.1 789.4 805.0 large-vehicle 0
768.7 813.6 777.0 824.9 749.7 845.1 741.4 833.8 large-vehicle 0
659.7 869.3 697.4 801.0 713.2 809.7 675.5 878.0 large-vehicle 0
682.0 806.8 688.9 814.0 656.0 846.2 649.1 839.0 large-vehicle 0
667.9 791.2 675.3 797.8 644.8 832.2 637.3 825.6 large-vehicle 0
807.9 663.6 822.5 680.1 794.1 705.4 779.5 688.9 large-vehicle 0
838.5 596.6 844.5 595.8 850.5 637.4 844.5 638.2 large-vehicle 0
881.4 605.9 884.6 611.0 835.6 642.1 832.4 637.0 large-vehicle 0
795.0 520.4 804.2 516.7 820.0 555.6 810.8 559.3 large-vehicle 0
850.0 942.5 851.6 943.8 840.3 957.8 838.7 956.6 large-vehicle 0
819.7 946.2 823.8 941.8 845.7 962.3 841.6 966.7 large-vehicle 0
814.8 957.9 819.6 954.3 835.2 975.1 830.4 978.7 large-vehicle 0
797.6 957.2 802.1 953.4 834.4 991.5 829.9 995.4 large-vehicle 0
842.2 943.6 897.6 992.7 845.8 1051.0 790.4 1001.9 large-vehicle 0
990.0 900.0 1001.7 931.9 966.0 945.0 954.3 913.1 large-vehicle 0
933.3 926.1 947.1 924.3 953.7 973.9 939.9 975.7 large-vehicle 0
915.2 923.9 938.5 935.5 919.8 973.1 896.5 961.5 large-vehicle 0
766.6 1015.6 771.5 969.9 785.4 971.4 780.5 1017.1 large-vehicle 0
747.1 982.7 763.6 975.5 773.9 999.3 757.4 1006.5 large-vehicle 0
782.6 964.7 787.0 960.6 818.4 994.3 814.0 998.4 large-vehicle 0
746.7 537.4 795.9 506.6 820.3 545.6 771.1 576.4 large-vehicle 0
719.6 582.7 729.7 592.3 698.1 625.7 687.9 616.1 large-vehicle 0
706.8 568.3 710.7 572.9 678.8 600.2 674.9 595.6 large-vehicle 0
692.9 553.8 697.8 557.3 673.1 591.2 668.2 587.7 large-vehicle 0
505.9 487.4 520.8 522.3 482.2 538.8 467.3 503.9 large-vehicle 0
808.5 89.8 841.5 81.6 853.4 130.2 820.4 138.3 large-vehicle 0
964.0 678.4 979.4 717.5 959.0 725.6 943.6 686.5 large-vehicle 0
998.3 667.1 1016.0 738.9 994.7 744.2 976.9 672.4 large-vehicle 0
962.9 727.2 968.8 728.6 960.1 765.6 954.3 764.2 large-vehicle 0
964.7 727.7 970.2 725.4 980.3 749.3 974.8 751.6 large-vehicle 0
989.8 730.4 994.0 734.6 981.2 747.3 977.0 743.1 large-vehicle 0
1026.6 724.6 1030.0 729.5 995.4 753.4 992.0 748.5 large-vehicle 0
672.7 978.9 672.9 977.0 718.5 982.8 718.3 984.8 large-vehicle 0
664.8 972.8 680.2 963.4 702.2 999.2 686.8 1008.6 large-vehicle 0
480.5 996.9 489.6 1021.3 446.5 1037.3 437.4 1012.9 large-vehicle 0
559.1 948.1 579.0 970.6 544.6 1001.0 524.7 978.6 large-vehicle 0
1000.4 616.9 1008.6 645.8 972.0 656.1 963.8 627.3 small-vehicle 0
940.0 677.2 1032.8 692.2 1028.0 721.8 935.2 706.8 small-vehicle 0
1002.3 671.5 1035.0 690.8 1015.7 723.5 983.0 704.2 small-vehicle 0
898.1 831.0 903.3 828.0 917.9 854.3 912.6 857.2 small-vehicle 0
901.6 856.6 911.5 811.7 944.7 819.0 934.8 863.9 small-vehicle 0
930.4 854.1 935.9 851.6 943.6 867.9 938.1 870.4 small-vehicle 0
912.5 861.1 916.4 856.5 936.1 873.4 932.2 878.0 small-vehicle 0
905.1 877.3 919.4 866.3 932.9 883.7 918.6 894.7 small-vehicle 0
936.7 871.6 959.8 883.5 946.1 910.2 923.0 898.2 small-vehicle 0
859.1 875.7 877.0 874.4 878.9 900.3 861.0 901.6 small-vehicle 0
862.7 903.6 893.0 926.6 877.2 947.3 847.0 924.3 small-vehicle 0
870.7 928.4 884.4 972.3 867.3 977.6 853.6 933.7 small-vehicle 0
880.8 963.0 889.5 978.8 856.2 997.0 847.5 981.2 small-vehicle 0
957.1 675.2 975.9 703.5 940.9 726.8 922.1 698.5 small-vehicle 0
894.3 599.4 908.1 621.5 882.6 637.4 868.9 615.3 small-vehicle 0
907.4 69.1 908.9 70.4 907.6 71.9 906.1 70.6 small-vehicle 0
704.2 830.2 709.7 832.8 696.8 859.8 691.3 857.2 small-vehicle 0
714.8 844.4 719.2 848.5 704.2 864.6 699.8 860.5 small-vehicle 0
679.1 853.6 691.1 867.1 671.7 884.4 659.7 871.0 small-vehicle 0
823.4 817.2 838.1 833.5 812.8 856.3 798.1 839.9 small-vehicle 0
755.9 521.8 776.0 530.8 767.0 550.9 746.9 541.9 small-vehicle 0
861.5 187.1 887.1 191.4 881.5 224.9 855.9 220.6 small-vehicle 0
893.6 80.6 895.1 81.8 893.9 83.4 892.3 82.2 small-vehicle 0
867.4 68.2 883.3 53.0 898.5 68.9 882.6 84.1 small-vehicle 0
551.4 888.1 564.8 910.4 535.6 927.9 522.2 905.6 large-vehicle 0
198.1 34.0 230.9 42.8 216.9 95.0 184.1 86.2 large-vehicle 0
