171.8 459.0 232.0 386.7 261.2 411.0 201.0 483.3 tennis-court 0
241.1 482.9 283.9 394.7 321.7 413.1 278.9 501.2 tennis-court 0
380.5 427.5 391.6 446.6 310.4 493.9 299.3 474.9 tennis-court 0
364.0 502.5 410.5 416.3 468.6 447.6 422.1 533.9 tennis-court 0
513.7 454.0 526.0 472.2 448.1 524.8 435.8 506.6 tennis-court 0
502.7 534.4 550.7 449.0 587.3 469.6 539.3 555.0 tennis-court 0
524.9 356.8 581.0 276.4 635.1 314.2 579.0 394.6 tennis-court 0
548.4 286.5 560.7 304.7 483.0 357.6 470.7 339.4 tennis-court 0
394.7 340.9 449.0 245.2 506.4 277.8 452.1 373.5 tennis-court 0
404.3 264.1 417.0 282.0 356.7 324.9 344.0 307.0 tennis-court 0
281.5 325.1 310.2 227.2 350.5 238.9 321.8 336.8 tennis-court 0
212.9 312.2 224.6 214.9 290.1 222.8 278.4 320.1 tennis-court 0
