597.2 770.4 631.0 773.4 625.9 831.1 592.0 828.1 large-vehicle 0
577.2 794.1 578.7 795.4 577.3 796.9 575.8 795.5 large-vehicle 0
82.6 810.7 84.3 809.6 85.4 811.3 83.7 812.4 large-vehicle 0
116.7 818.5 118.7 818.4 118.7 820.4 116.8 820.5 large-vehicle 0
138.6 804.1 139.5 805.9 137.8 806.8 136.8 805.0 large-vehicle 0
168.5 793.1 169.9 794.5 168.5 795.9 167.1 794.5 large-vehicle 0
197.2 792.6 198.7 791.2 200.0 792.7 198.6 794.0 large-vehicle 0
225.1 813.4 237.4 806.8 245.9 822.6 233.6 829.2 large-vehicle 0
480.5 756.0 501.2 797.1 481.5 807.0 460.8 765.9 large-vehicle 0
515.2 782.5 517.0 781.7 517.8 783.5 516.0 784.3 large-vehicle 0
