705.2 37.9 728.0 50.3 711.8 80.1 689.0 67.7 small-vehicle 0
717.1 285.1 721.7 281.3 750.9 316.9 746.3 320.7 small-vehicle 0
144.4 416.6 166.9 391.1 243.6 458.4 221.1 483.9 large-vehicle 0
161.3 373.2 168.3 366.0 241.7 436.8 234.7 444.0 large-vehicle 0
159.6 340.9 166.4 333.6 247.4 408.1 240.6 415.4 large-vehicle 0
571.1 266.1 580.8 263.9 601.0 355.7 591.2 357.9 large-vehicle 0
565.2 266.8 575.1 268.4 559.8 365.2 549.9 363.6 large-vehicle 0
539.3 265.3 549.3 265.9 542.7 363.7 532.7 363.1 large-vehicle 0
521.4 270.9 531.2 273.0 513.1 357.1 503.4 355.0 large-vehicle 0
496.2 264.6 506.0 266.4 489.8 358.9 480.0 357.2 large-vehicle 0
453.0 348.7 470.1 268.5 487.7 272.3 470.6 352.5 large-vehicle 0
432.9 267.2 441.9 271.5 406.2 345.4 397.2 341.0 large-vehicle 0
403.1 267.0 415.8 272.8 383.9 344.0 371.2 338.2 large-vehicle 0
154.5 304.8 164.2 294.7 240.5 368.2 230.8 378.3 large-vehicle 0
166.2 280.2 176.0 270.2 255.0 346.7 245.2 356.8 large-vehicle 0
169.2 245.6 178.9 235.5 263.8 317.4 254.1 327.5 large-vehicle 0
160.6 203.6 170.3 193.6 263.4 284.4 253.7 294.4 large-vehicle 0
169.5 178.1 179.2 168.0 261.5 246.9 251.8 257.0 large-vehicle 0
164.4 139.6 174.0 129.5 262.6 213.4 253.0 223.5 large-vehicle 0
175.0 111.9 184.7 101.8 264.0 178.1 254.3 188.2 large-vehicle 0
172.4 70.7 179.4 63.6 269.1 152.1 262.1 159.2 large-vehicle 0
145.2 470.0 151.9 462.5 233.8 536.0 227.1 543.5 large-vehicle 0
146.7 501.5 153.5 494.2 228.3 563.5 221.5 570.8 large-vehicle 0
137.2 546.6 160.6 521.9 231.8 589.4 208.4 614.1 large-vehicle 0
623.2 273.1 632.2 277.4 596.9 351.4 587.9 347.1 large-vehicle 0
714.1 278.0 723.0 282.5 707.9 313.0 699.0 308.5 small-vehicle 0
649.9 250.2 652.2 212.2 694.1 214.8 691.8 252.8 small-vehicle 0
594.8 206.1 601.4 185.1 645.2 198.9 638.6 219.9 small-vehicle 0
595.0 38.4 606.7 52.1 583.9 71.6 572.2 57.9 small-vehicle 0
522.8 54.3 529.1 41.8 548.7 51.8 542.4 64.3 small-vehicle 0
392.9 51.8 404.8 28.7 435.1 44.2 423.2 67.3 small-vehicle 0
182.1 44.7 182.3 22.7 264.3 23.3 264.1 45.3 large-vehicle 0
627.2 271.7 653.1 274.0 644.8 363.7 619.0 361.3 large-vehicle 0
625.2 597.8 627.0 596.9 627.8 598.7 626.0 599.6 large-vehicle 0
334.5 573.3 347.5 567.9 369.6 621.5 356.6 626.9 large-vehicle 0
601.4 594.2 603.4 594.1 603.6 596.1 601.6 596.2 large-vehicle 0
562.1 554.3 579.8 551.3 593.9 636.1 576.2 639.1 large-vehicle 0
545.5 553.4 555.4 552.2 565.4 637.6 555.5 638.8 large-vehicle 0
501.3 559.0 509.2 553.0 563.8 624.6 555.8 630.6 large-vehicle 0
502.8 553.5 516.8 554.9 509.2 632.5 495.2 631.1 large-vehicle 0
408.3 567.1 418.7 557.7 460.2 603.8 449.8 613.2 large-vehicle 0
409.7 556.9 421.6 621.8 403.9 625.1 392.0 560.1 large-vehicle 0
384.4 549.3 397.9 552.7 377.6 632.2 364.0 628.7 large-vehicle 0
172.8 45.0 182.1 34.6 270.2 113.0 260.9 123.4 large-vehicle 0
