400.2 56.9 412.9 34.2 442.5 50.8 429.9 73.5 small-vehicle 0
265.0 63.6 268.6 54.3 292.8 63.7 289.2 73.0 small-vehicle 0
178.3 148.2 179.3 146.5 194.7 155.8 193.7 157.5 small-vehicle 0
151.3 156.6 154.6 161.6 126.2 180.4 122.9 175.4 small-vehicle 0
121.2 154.7 123.5 149.2 154.8 162.3 152.5 167.8 small-vehicle 0
124.7 143.0 127.4 137.6 154.3 151.0 151.6 156.4 small-vehicle 0
130.6 121.5 132.4 120.5 151.4 153.5 149.6 154.5 small-vehicle 0
190.3 107.5 213.2 95.1 223.7 114.5 200.8 126.9 small-vehicle 0
130.8 91.7 156.8 92.1 156.2 126.1 130.2 125.7 small-vehicle 0
262.0 87.5 271.8 67.9 295.1 79.5 285.3 99.2 small-vehicle 0
171.8 93.0 187.8 72.5 205.2 86.0 189.2 106.5 small-vehicle 0
352.4 217.8 370.5 199.2 392.0 220.1 373.9 238.7 small-vehicle 0
194.1 41.1 211.4 21.6 230.9 38.9 213.6 58.4 small-vehicle 0
293.9 418.1 314.6 425.7 274.0 536.5 253.4 528.9 tennis-court 0
257.0 415.3 275.8 426.6 211.0 534.7 192.2 523.4 tennis-court 0
124.5 414.3 138.5 403.1 239.5 529.8 225.4 541.0 tennis-court 0
148.0 419.7 167.3 430.4 116.0 523.2 96.8 512.5 tennis-court 0
251.8 274.5 272.3 266.6 328.1 410.1 307.6 418.0 tennis-court 0
234.4 278.8 275.5 389.4 243.6 401.2 202.5 290.6 tennis-court 0
160.3 394.6 181.3 274.5 214.8 280.3 193.8 400.5 tennis-court 0
179.5 162.8 180.9 156.9 194.5 160.2 193.1 166.1 small-vehicle 0
176.5 173.1 178.0 167.3 191.5 170.9 190.0 176.7 small-vehicle 0
219.2 167.6 219.7 173.6 189.8 176.4 189.3 170.4 small-vehicle 0
284.5 113.1 289.5 121.8 263.5 136.9 258.5 128.2 small-vehicle 0
385.0 117.1 390.4 142.5 365.0 147.9 359.6 122.5 small-vehicle 0
303.4 99.2 317.1 77.1 342.6 92.8 328.9 114.9 small-vehicle 0
287.7 185.3 290.9 203.0 265.3 207.7 262.1 190.0 small-vehicle 0
243.8 202.9 245.8 185.0 263.7 187.1 261.7 204.9 small-vehicle 0
330.7 155.7 335.0 173.1 309.8 179.4 305.5 161.9 small-vehicle 0
124.3 174.2 129.2 170.7 153.7 204.8 148.8 208.3 small-vehicle 0
170.4 220.8 186.0 160.7 199.6 164.2 184.0 224.3 small-vehicle 0
191.2 199.7 192.9 181.8 218.8 184.3 217.1 202.2 small-vehicle 0
190.9 184.4 191.1 178.4 221.1 179.6 220.9 185.6 small-vehicle 0
256.3 186.2 257.1 180.3 290.7 184.8 289.9 190.7 small-vehicle 0
300.8 163.0 332.8 142.6 338.2 151.0 306.2 171.4 small-vehicle 0
242.4 185.0 243.1 179.0 261.0 180.9 260.3 186.9 small-vehicle 0
250.8 159.7 300.9 180.0 297.2 189.3 247.1 169.0 small-vehicle 0
243.3 165.6 246.8 156.2 263.7 162.4 260.2 171.8 small-vehicle 0
235.9 181.7 259.7 103.2 273.1 107.3 249.3 185.8 small-vehicle 0
282.5 139.6 291.8 155.0 269.5 168.4 260.2 153.0 small-vehicle 0
284.9 131.6 288.8 136.1 263.0 158.3 259.1 153.8 small-vehicle 0
189.5 289.7 197.7 301.1 85.4 381.4 77.3 370.0 tennis-court 0
