551.6 731.1 556.2 760.8 317.0 797.9 312.4 768.2 basketball-court 0
375.4 671.2 391.4 650.7 497.2 732.8 481.3 753.4 basketball-court 0
259.3 658.1 285.2 660.6 269.7 821.9 243.8 819.4 tennis-court 0
190.7 659.9 216.5 656.2 239.2 816.6 213.5 820.3 tennis-court 0
272.8 402.5 291.9 413.4 273.2 446.5 254.1 435.6 large-vehicle 0
173.9 325.4 235.9 323.7 238.1 405.6 176.1 407.3 tennis-court 0
147.5 312.5 175.8 322.3 147.5 403.5 119.2 393.7 tennis-court 0
209.6 201.1 267.1 193.4 277.4 270.7 219.9 278.4 tennis-court 0
144.2 166.4 168.1 156.0 226.3 289.9 202.5 300.2 tennis-court 0
236.9 71.9 283.4 53.7 316.2 137.6 269.6 155.8 tennis-court 0
228.3 29.1 253.1 37.0 212.4 164.7 187.6 156.8 tennis-court 0
