811.4 935.8 831.6 872.9 852.5 879.7 832.3 942.5 large-vehicle 0
806.7 635.6 818.2 643.6 769.3 714.4 757.8 706.4 large-vehicle 0
721.3 831.8 736.4 841.7 691.3 910.2 676.2 900.3 large-vehicle 0
688.5 807.4 719.5 829.4 667.4 902.8 636.4 880.8 large-vehicle 0
657.8 806.3 673.1 815.7 630.4 885.7 615.1 876.3 large-vehicle 0
428.3 921.8 444.2 930.2 407.7 999.2 391.8 990.8 large-vehicle 0
464.6 935.2 479.8 944.9 435.4 1013.9 420.3 1004.1 large-vehicle 0
388.6 912.3 417.4 930.3 380.4 989.7 351.6 971.7 large-vehicle 0
370.9 904.4 382.6 912.1 341.6 973.7 330.0 966.0 large-vehicle 0
270.6 857.9 286.8 865.7 249.4 943.1 233.2 935.3 large-vehicle 0
229.7 856.9 252.2 870.0 218.9 927.0 196.5 913.9 large-vehicle 0
776.6 622.7 788.3 630.4 736.5 708.8 724.9 701.1 large-vehicle 0
822.6 841.5 835.1 848.0 784.3 945.6 771.9 939.1 large-vehicle 0
741.4 603.6 757.0 612.7 713.7 687.0 698.1 677.9 large-vehicle 0
711.4 595.3 723.1 602.9 678.6 671.7 666.9 664.1 large-vehicle 0
682.1 572.5 706.6 589.8 645.5 676.5 621.0 659.2 large-vehicle 0
898.9 428.8 953.9 447.4 916.1 559.2 861.1 540.6 tennis-court 0
795.6 387.9 852.7 421.1 801.4 509.3 744.3 476.1 tennis-court 0
871.9 894.2 886.7 904.4 840.1 971.8 825.3 961.6 large-vehicle 0
892.3 910.0 908.9 916.7 879.7 989.0 863.1 982.3 large-vehicle 0
932.9 913.4 960.8 932.9 909.1 1006.6 881.2 987.1 large-vehicle 0
966.7 933.4 978.5 941.0 936.3 1006.6 924.5 999.0 large-vehicle 0
773.4 849.4 795.8 862.6 768.2 909.1 745.9 895.8 large-vehicle 0
1017.6 723.7 1032.3 734.0 985.4 801.3 970.7 791.0 large-vehicle 0
991.5 705.2 1006.1 715.7 953.5 788.8 938.9 778.3 large-vehicle 0
958.0 695.0 972.6 705.5 922.3 775.3 907.7 764.7 large-vehicle 0
927.7 678.7 942.4 689.1 890.5 762.6 875.8 752.2 large-vehicle 0
834.6 644.1 850.0 653.4 805.4 726.9 790.0 717.6 large-vehicle 0
1006.1 950.4 1045.5 965.1 1018.1 1038.2 978.8 1023.4 large-vehicle 0
433.0 601.1 434.4 602.5 433.0 603.9 431.6 602.5 baseball-diamond 0
