198.0 771.1 221.7 760.6 242.0 806.3 218.2 816.8 small-vehicle 0
134.7 358.1 137.6 344.4 245.3 366.9 242.4 380.6 large-vehicle 0
138.0 413.2 140.1 399.3 237.0 414.4 234.8 428.2 large-vehicle 0
139.3 437.9 141.4 424.0 234.3 438.3 232.2 452.1 large-vehicle 0
133.8 487.7 136.5 474.0 232.6 493.2 229.9 507.0 large-vehicle 0
135.7 519.9 136.5 505.9 230.4 511.4 229.6 525.3 large-vehicle 0
132.0 563.0 135.1 549.4 226.8 569.9 223.8 583.6 large-vehicle 0
133.2 592.0 134.4 582.1 223.7 593.0 222.5 602.9 large-vehicle 0
114.8 631.5 118.6 618.0 236.0 651.4 232.2 664.8 large-vehicle 0
130.1 673.7 131.1 659.7 220.9 666.3 219.9 680.3 large-vehicle 0
121.0 718.4 123.3 704.6 220.0 720.6 217.7 734.4 large-vehicle 0
143.7 337.7 144.6 327.8 238.3 336.3 237.4 346.2 large-vehicle 0
140.3 315.1 140.9 305.1 246.7 311.9 246.1 321.9 large-vehicle 0
142.3 277.9 144.8 268.2 243.7 293.1 241.2 302.8 large-vehicle 0
144.3 267.2 144.7 253.2 246.7 255.9 246.3 269.9 large-vehicle 0
170.0 11.0 183.0 -24.7 256.3 2.0 243.3 37.7 large-vehicle 0
155.8 57.8 162.1 32.6 265.0 58.0 258.8 83.2 large-vehicle 0
150.6 108.2 152.3 94.3 261.4 107.8 259.7 121.7 large-vehicle 0
150.6 131.3 152.8 117.5 261.5 134.5 259.3 148.4 large-vehicle 0
154.7 157.3 157.7 143.6 257.3 165.7 254.3 179.4 large-vehicle 0
138.3 181.0 140.8 167.2 264.7 190.0 262.2 203.8 large-vehicle 0
249.8 765.8 259.1 819.0 241.4 822.1 232.1 768.9 small-vehicle 0
406.6 119.4 411.9 106.5 491.4 139.3 486.0 152.3 large-vehicle 0
142.0 391.6 143.2 377.7 232.9 385.5 231.7 399.4 large-vehicle 0
132.4 611.6 134.5 601.8 222.6 620.4 220.5 630.2 large-vehicle 0
119.8 739.8 123.8 726.4 210.0 752.4 206.0 765.8 large-vehicle 0
367.1 631.7 368.9 621.9 457.5 637.3 455.8 647.2 large-vehicle 0
361.2 709.2 362.6 699.3 451.8 711.8 450.4 721.7 large-vehicle 0
360.8 731.3 362.6 721.5 451.2 737.7 449.4 747.5 large-vehicle 0
397.6 100.4 399.5 86.5 500.5 100.5 498.6 114.4 large-vehicle 0
504.0 15.0 504.0 29.0 406.0 29.0 406.0 15.0 large-vehicle 0
372.8 810.5 391.7 792.7 415.0 817.4 396.1 835.2 small-vehicle 0
331.5 786.6 340.4 782.0 359.5 819.4 350.6 824.0 small-vehicle 0
315.6 779.0 325.6 779.0 325.4 829.0 315.4 829.0 small-vehicle 0
284.6 796.7 288.4 792.1 311.4 811.3 307.6 815.9 small-vehicle 0
277.4 779.7 287.4 780.5 283.9 822.4 274.0 821.6 small-vehicle 0
352.2 647.8 354.7 638.1 468.8 668.2 466.3 677.9 large-vehicle 0
369.8 604.8 372.7 591.1 460.7 610.2 457.7 623.9 large-vehicle 0
371.0 581.3 373.7 567.6 462.0 584.7 459.3 598.4 large-vehicle 0
383.5 332.2 383.9 318.2 485.9 320.8 485.5 334.8 large-vehicle 0
406.0 47.0 408.6 33.2 497.0 50.0 494.4 63.8 large-vehicle 0
397.9 57.9 401.5 48.6 504.2 88.0 500.6 97.3 large-vehicle 0
386.6 301.3 395.5 272.7 485.3 300.6 476.3 329.2 large-vehicle 0
374.5 338.9 379.3 325.8 490.2 366.1 485.4 379.2 large-vehicle 0
366.7 553.7 369.2 539.9 469.6 558.3 467.0 572.1 large-vehicle 0
382.5 376.8 385.1 363.0 477.5 380.2 474.9 394.0 large-vehicle 0
381.0 404.7 382.9 390.8 476.0 403.3 474.1 417.2 large-vehicle 0
371.7 421.7 375.2 408.1 481.8 435.4 478.3 448.9 large-vehicle 0
376.8 447.9 380.4 434.3 475.2 459.1 471.6 472.7 large-vehicle 0
376.0 480.4 378.4 466.6 471.0 482.6 468.6 496.4 large-vehicle 0
376.8 523.6 381.3 510.4 466.5 539.6 461.9 552.8 large-vehicle 0
