460.8 552.6 464.9 557.0 440.2 580.4 436.1 576.0 large-vehicle 0
429.4 580.9 433.6 585.1 392.6 626.1 388.4 621.9 large-vehicle 0
478.2 630.9 482.6 635.0 443.8 678.1 439.4 674.0 large-vehicle 0
493.1 645.4 496.5 650.3 445.7 685.8 442.2 680.9 large-vehicle 0
500.9 651.7 505.2 655.8 462.1 700.3 457.8 696.2 large-vehicle 0
510.6 660.2 514.8 664.5 470.4 707.8 466.2 703.5 large-vehicle 0
526.1 622.7 530.8 626.4 509.9 653.3 505.2 649.6 large-vehicle 0
538.2 634.4 542.2 638.9 516.8 661.6 512.8 657.1 large-vehicle 0
561.0 587.9 588.7 613.9 565.5 638.6 537.8 612.6 large-vehicle 0
620.2 552.4 643.9 576.8 602.2 617.1 578.6 592.7 large-vehicle 0
646.5 524.0 672.0 546.5 649.5 572.0 624.0 549.5 large-vehicle 0
628.8 618.8 638.7 619.3 635.2 681.2 625.3 680.7 large-vehicle 0
589.9 659.3 614.1 641.6 636.6 672.2 612.4 689.9 large-vehicle 0
566.6 680.5 570.9 676.3 603.1 709.1 598.8 713.3 large-vehicle 0
556.9 690.0 560.9 685.5 595.2 716.2 591.2 720.6 large-vehicle 0
538.3 702.7 543.0 698.9 574.3 737.9 569.6 741.7 large-vehicle 0
520.3 718.2 522.8 712.8 571.7 735.8 569.2 741.2 large-vehicle 0
516.6 721.3 520.5 716.8 564.4 754.7 560.5 759.2 large-vehicle 0
513.0 731.1 517.3 726.9 552.5 762.4 548.2 766.6 large-vehicle 0
503.4 750.8 505.7 745.3 544.6 761.2 542.3 766.7 large-vehicle 0
490.9 757.1 518.0 789.1 498.1 805.9 471.0 773.9 large-vehicle 0
382.1 678.1 392.7 669.0 435.9 718.9 425.3 728.0 large-vehicle 0
420.0 570.6 424.3 574.7 384.0 616.4 379.7 612.3 large-vehicle 0
448.8 543.9 453.2 548.0 430.2 573.1 425.8 569.0 large-vehicle 0
435.6 799.5 439.4 794.9 484.4 831.5 480.6 836.1 large-vehicle 0
448.1 525.7 452.5 529.8 437.4 545.8 433.0 541.7 large-vehicle 0
742.9 69.9 747.3 74.0 735.0 87.2 730.6 83.1 large-vehicle 0
703.3 7.3 800.3 87.7 788.8 101.5 691.8 21.2 large-vehicle 0
667.4 14.4 771.4 105.1 759.6 118.6 655.6 27.9 large-vehicle 0
709.8 83.3 713.7 87.8 700.2 99.7 696.3 95.2 large-vehicle 0
625.3 73.9 725.1 169.1 712.7 182.1 612.9 86.9 large-vehicle 0
664.7 142.1 673.5 153.0 656.3 166.9 647.5 156.0 large-vehicle 0
650.3 175.3 659.4 186.0 645.7 197.7 636.6 187.0 large-vehicle 0
591.4 211.1 602.0 220.3 574.5 252.0 563.9 242.9 large-vehicle 0
603.5 162.3 650.2 214.4 636.8 226.5 590.1 174.3 large-vehicle 0
600.0 192.3 605.4 200.7 587.0 212.7 581.6 204.3 large-vehicle 0
608.0 134.9 663.8 183.5 652.0 197.1 596.2 148.5 large-vehicle 0
616.0 112.0 667.4 159.5 655.2 172.7 603.8 125.2 large-vehicle 0
603.5 169.9 607.5 174.4 588.0 191.6 584.0 187.1 large-vehicle 0
556.9 196.4 578.0 217.7 559.6 236.1 538.5 214.8 large-vehicle 0
668.0 18.1 689.3 39.3 654.1 74.8 632.8 53.6 large-vehicle 0
608.4 77.7 631.9 102.3 601.6 131.3 578.1 106.7 large-vehicle 0
559.5 122.0 585.2 144.3 552.5 182.0 526.8 159.7 large-vehicle 0
574.5 439.5 597.8 458.5 563.6 500.3 540.4 481.4 large-vehicle 0
480.2 512.4 484.6 516.4 469.8 532.6 465.4 528.6 large-vehicle 0
496.2 518.0 500.2 522.5 474.8 545.0 470.8 540.5 large-vehicle 0
445.6 786.8 450.0 782.7 489.9 824.7 485.5 828.8 large-vehicle 0
429.9 805.2 434.2 801.1 477.1 845.8 472.8 849.9 large-vehicle 0
704.0 126.0 708.0 130.5 688.4 147.6 684.4 143.1 large-vehicle 0
333.2 667.6 337.0 662.9 366.8 686.4 363.0 691.1 large-vehicle 0
355.7 644.9 360.5 641.2 381.3 668.1 376.5 671.8 large-vehicle 0
201.0 720.4 205.3 716.2 229.0 740.6 224.7 744.8 large-vehicle 0
211.0 711.9 215.3 707.7 239.0 732.1 234.7 736.3 large-vehicle 0
216.7 701.1 220.6 696.6 246.3 718.9 242.4 723.4 large-vehicle 0
225.9 676.2 235.9 666.3 279.6 710.3 269.6 720.2 large-vehicle 0
246.1 657.0 256.1 647.2 299.4 691.5 289.4 701.3 large-vehicle 0
285.4 621.6 294.9 611.2 337.6 650.4 328.1 660.8 large-vehicle 0
315.7 610.0 325.9 600.3 349.3 625.0 339.1 634.7 large-vehicle 0
154.8 692.3 159.0 688.0 183.2 711.7 179.0 716.0 large-vehicle 0
165.9 682.6 170.3 678.4 193.7 703.1 189.4 707.2 large-vehicle 0
172.1 659.9 181.6 649.5 224.4 688.7 214.9 699.0 large-vehicle 0
194.4 636.6 198.6 632.3 240.1 672.9 235.9 677.2 large-vehicle 0
212.4 634.4 216.8 630.3 240.1 655.1 235.7 659.2 large-vehicle 0
224.2 625.8 228.4 621.5 252.8 645.2 248.6 649.5 large-vehicle 0
234.2 613.9 239.0 610.3 259.3 637.6 254.5 641.2 large-vehicle 0
241.9 606.6 246.1 602.4 270.1 626.4 265.9 630.6 large-vehicle 0
206.9 551.7 211.2 547.4 252.2 588.4 247.9 592.7 large-vehicle 0
204.8 569.0 209.1 564.8 232.6 589.4 228.3 593.5 large-vehicle 0
176.4 599.0 201.8 576.4 224.4 601.8 199.0 624.4 large-vehicle 0
129.8 644.0 134.2 640.0 157.2 665.0 152.8 669.0 large-vehicle 0
107.2 645.0 111.4 640.7 155.8 684.0 151.6 688.3 large-vehicle 0
344.6 656.5 348.7 652.1 373.4 675.5 369.3 679.9 large-vehicle 0
255.1 740.1 259.1 735.6 284.4 758.4 280.4 762.9 large-vehicle 0
418.0 813.3 422.3 809.1 468.5 856.2 464.2 860.4 large-vehicle 0
248.2 750.7 252.5 746.5 276.3 770.8 272.0 775.0 large-vehicle 0
415.3 829.5 419.4 825.1 452.9 856.7 448.8 861.1 large-vehicle 0
438.0 870.4 442.4 866.4 460.0 885.6 455.6 889.6 large-vehicle 0
415.6 873.7 419.5 869.1 460.5 904.2 456.6 908.8 large-vehicle 0
312.6 744.1 322.6 734.3 360.4 772.9 350.4 782.7 large-vehicle 0
388.6 894.3 393.0 890.1 432.9 932.2 428.5 936.4 large-vehicle 0
388.9 911.6 393.1 907.3 417.5 930.9 413.4 935.2 large-vehicle 0
360.1 879.5 364.5 875.3 379.6 891.3 375.3 895.4 large-vehicle 0
372.2 912.2 376.5 908.0 391.8 923.8 387.5 928.0 large-vehicle 0
312.7 906.3 316.8 902.0 361.6 944.9 357.4 949.3 large-vehicle 0
365.6 927.7 368.5 922.5 384.3 931.1 381.4 936.4 large-vehicle 0
327.9 897.6 330.0 892.0 369.3 906.6 367.2 912.2 large-vehicle 0
346.7 879.7 351.7 876.4 366.1 898.1 361.1 901.4 large-vehicle 0
342.7 917.2 346.9 912.9 359.9 925.4 355.7 929.7 large-vehicle 0
355.0 701.1 376.2 679.9 422.8 726.7 401.5 747.9 large-vehicle 0
359.1 763.4 382.6 752.3 403.9 797.6 380.4 808.7 large-vehicle 0
257.3 796.2 261.7 792.2 303.7 837.8 299.3 841.8 large-vehicle 0
266.5 787.9 270.8 783.7 314.3 827.9 310.0 832.1 large-vehicle 0
294.1 778.6 298.0 774.1 326.7 799.1 322.7 803.6 large-vehicle 0
296.2 762.1 300.3 757.7 340.0 794.2 336.0 798.6 large-vehicle 0
230.9 772.1 235.1 767.8 259.1 791.9 254.9 796.2 large-vehicle 0
234.7 757.7 238.6 753.1 264.3 775.3 260.4 779.9 large-vehicle 0
688.2 120.1 689.9 110.3 711.6 114.2 709.8 124.0 large-vehicle 0
762.6 67.2 767.1 71.2 741.7 99.5 737.2 95.5 large-vehicle 0
147.8 19.8 161.7 8.3 173.2 22.2 159.3 33.7 small-vehicle 0
3.9 777.9 19.6 762.4 35.1 778.1 19.4 793.6 small-vehicle 0
67.6 825.5 69.0 824.1 70.4 825.5 69.0 826.9 small-vehicle 0
118.0 805.9 132.3 789.2 152.0 806.1 137.7 822.8 small-vehicle 0
85.0 743.7 103.2 725.1 124.7 746.1 106.5 764.7 small-vehicle 0
59.7 755.4 75.3 734.6 99.3 752.6 83.7 773.4 small-vehicle 0
699.1 390.3 703.3 394.6 690.4 407.2 686.2 402.9 large-vehicle 0
713.8 365.4 742.3 401.5 728.2 412.6 699.7 376.5 large-vehicle 0
743.1 347.5 746.9 352.2 720.2 373.3 716.5 368.5 large-vehicle 0
731.8 335.9 736.2 339.9 713.3 365.1 708.9 361.1 large-vehicle 0
727.4 319.2 732.2 322.9 701.2 362.2 696.5 358.5 large-vehicle 0
706.9 367.0 711.0 371.4 665.6 413.5 661.5 409.1 large-vehicle 0
692.5 358.7 697.0 362.6 661.5 403.3 657.0 399.4 large-vehicle 0
888.0 -5.6 953.2 50.4 941.5 64.1 876.3 8.1 large-vehicle 0
22.3 756.2 30.0 749.8 46.7 769.8 39.0 776.2 small-vehicle 0
81.3 826.0 85.5 830.3 72.7 843.0 68.5 838.7 small-vehicle 0
960.2 23.2 965.5 31.7 940.1 47.6 934.8 39.1 large-vehicle 0
73.4 843.8 84.8 829.9 92.6 836.2 81.2 850.1 small-vehicle 0
157.2 8.8 174.2 3.0 178.8 16.2 161.8 22.0 small-vehicle 0
223.6 999.6 240.6 979.9 272.4 1007.4 255.4 1027.1 small-vehicle 0
216.3 1006.5 218.0 1007.6 217.0 1009.3 215.3 1008.3 small-vehicle 0
211.3 999.0 212.5 1000.5 210.9 1001.8 209.7 1000.2 small-vehicle 0
229.7 886.5 244.7 870.4 281.3 904.5 266.3 920.6 small-vehicle 0
220.0 963.7 229.5 948.4 255.0 964.3 245.5 979.6 small-vehicle 0
220.5 969.1 224.1 964.2 238.5 974.9 234.9 979.8 small-vehicle 0
211.6 937.8 233.0 952.6 218.2 973.9 196.8 959.2 small-vehicle 0
95.5 886.7 119.7 896.4 108.5 924.3 84.3 914.6 small-vehicle 0
63.2 931.4 71.2 942.9 53.1 955.5 45.1 944.0 small-vehicle 0
25.4 959.4 35.3 949.5 56.6 970.6 46.7 980.5 small-vehicle 0
21.6 898.4 28.6 910.5 12.9 919.4 6.0 907.3 small-vehicle 0
27.2 890.6 30.8 872.9 52.3 877.3 48.8 894.9 small-vehicle 0
89.9 853.5 96.3 845.9 110.1 857.5 103.7 865.1 small-vehicle 0
1004.4 -12.9 1021.8 6.4 993.6 31.9 976.2 12.6 large-vehicle 0
948.8 9.1 954.9 17.0 937.6 30.5 931.4 22.6 large-vehicle 0
772.6 18.6 781.5 14.0 798.9 47.8 790.1 52.4 large-vehicle 0
766.0 178.5 772.6 186.0 732.2 221.8 725.6 214.3 large-vehicle 0
688.4 192.4 692.5 196.8 667.5 219.8 663.4 215.4 large-vehicle 0
697.8 198.4 702.2 202.5 679.2 227.6 674.8 223.5 large-vehicle 0
705.7 209.2 709.7 213.7 684.0 236.0 680.1 231.5 large-vehicle 0
718.0 223.8 719.7 229.6 687.0 239.2 685.3 233.4 large-vehicle 0
712.5 237.8 715.7 242.9 690.5 259.2 687.3 254.1 large-vehicle 0
720.0 243.0 724.5 246.9 702.4 272.6 697.8 268.7 large-vehicle 0
690.8 274.2 695.2 278.3 645.7 333.2 641.2 329.2 large-vehicle 0
690.6 270.4 694.0 279.8 639.4 299.6 636.0 290.2 large-vehicle 0
678.5 261.9 679.8 267.7 650.5 274.1 649.2 268.3 large-vehicle 0
669.4 247.7 672.7 252.7 647.6 269.3 644.3 264.3 large-vehicle 0
660.0 234.6 664.3 238.7 641.0 263.4 636.7 259.3 large-vehicle 0
657.9 216.8 662.5 220.7 622.3 267.9 617.7 264.0 large-vehicle 0
617.6 259.0 639.2 279.8 607.4 313.0 585.8 292.2 large-vehicle 0
722.5 141.1 726.6 145.5 704.5 165.9 700.4 161.5 large-vehicle 0
773.4 86.9 780.3 94.0 761.6 112.1 754.7 105.0 large-vehicle 0
832.6 33.6 836.7 38.0 811.7 61.1 807.6 56.7 large-vehicle 0
826.3 23.8 830.4 28.1 802.7 54.1 798.6 49.8 large-vehicle 0
820.3 13.9 824.3 18.4 792.7 46.1 788.7 41.6 large-vehicle 0
796.1 196.0 808.3 209.2 771.6 243.2 759.4 230.0 large-vehicle 0
744.3 173.1 748.4 177.5 723.7 200.9 719.6 196.5 large-vehicle 0
919.7 44.5 922.8 49.6 897.4 65.5 894.2 60.4 large-vehicle 0
738.9 163.1 742.7 167.7 716.1 188.9 712.3 184.3 large-vehicle 0
890.2 31.5 894.2 36.0 877.7 50.6 873.7 46.1 large-vehicle 0
883.8 16.0 888.2 20.0 865.2 45.0 860.8 41.0 large-vehicle 0
838.3 46.1 842.3 50.5 817.2 73.4 813.2 69.0 large-vehicle 0
849.2 52.6 853.3 56.9 828.8 80.4 824.7 76.1 large-vehicle 0
857.9 64.0 862.3 68.1 839.1 93.0 834.7 88.9 large-vehicle 0
873.5 68.1 877.7 72.4 859.0 90.4 854.8 86.1 large-vehicle 0
964.8 43.0 968.8 52.2 941.2 64.0 937.2 54.8 large-vehicle 0
920.9 59.9 924.7 64.5 901.6 83.6 897.8 79.0 large-vehicle 0
890.5 71.6 894.7 75.9 859.0 110.9 854.8 106.6 large-vehicle 0
927.4 80.5 932.5 89.1 882.6 118.5 877.5 109.9 large-vehicle 0
798.9 80.5 806.0 87.6 782.0 111.6 774.9 104.6 large-vehicle 0
814.1 90.7 818.5 94.9 794.9 119.4 790.6 115.2 large-vehicle 0
825.0 103.2 828.6 108.1 801.3 128.4 797.8 123.6 large-vehicle 0
856.2 119.0 882.5 156.7 867.8 167.0 841.5 129.3 large-vehicle 0
841.5 132.7 850.2 137.6 837.5 160.3 828.8 155.4 large-vehicle 0
829.0 150.1 854.3 183.7 817.5 211.4 792.2 177.8 large-vehicle 0
802.1 142.6 808.5 150.3 772.9 179.4 766.5 171.7 large-vehicle 0
782.4 133.8 786.5 138.2 761.6 161.2 757.5 156.8 large-vehicle 0
772.2 126.5 776.5 130.7 755.3 152.0 751.0 147.8 large-vehicle 0
754.7 119.8 760.3 121.9 751.3 146.2 745.7 144.1 large-vehicle 0
726.3 156.1 730.3 160.5 705.2 183.4 701.2 179.0 large-vehicle 0
116.0 573.6 131.5 589.2 96.0 624.4 80.5 608.8 large-vehicle 0
