497.9 807.7 499.8 808.4 499.1 810.3 497.2 809.6 large-vehicle 0
374.1 828.4 375.6 827.1 376.9 828.6 375.4 829.9 large-vehicle 0
234.8 723.2 243.3 712.1 270.2 732.8 261.7 743.9 storage-tank 0
260.3 719.1 276.2 689.1 309.7 706.9 293.8 736.9 storage-tank 0
289.0 747.4 313.5 723.7 326.0 736.6 301.5 760.3 storage-tank 0
296.8 759.1 302.1 750.6 341.2 774.9 335.9 783.4 storage-tank 0
242.4 765.8 244.5 756.0 281.6 764.2 279.5 774.0 storage-tank 0
297.0 756.6 317.2 788.8 302.0 798.4 281.8 766.2 storage-tank 0
266.1 772.2 292.3 793.9 280.9 807.8 254.7 786.1 storage-tank 0
153.7 865.0 178.5 836.2 207.3 861.0 182.5 889.8 storage-tank 0
