789.8 674.3 816.4 711.8 733.2 770.7 706.6 733.2 storage-tank 0
833.0 625.7 881.1 639.3 860.0 714.3 811.9 700.7 storage-tank 0
257.8 696.5 295.7 678.5 322.2 734.5 284.3 752.5 storage-tank 0
130.0 701.0 130.0 655.0 180.0 655.0 180.0 701.0 storage-tank 0
874.1 555.6 920.9 582.6 893.9 629.4 847.1 602.4 storage-tank 0
911.3 409.8 945.1 466.6 898.7 494.2 864.9 437.4 storage-tank 0
617.8 312.0 659.0 352.8 618.2 394.0 577.0 353.2 storage-tank 0
406.0 281.4 449.6 313.3 420.0 353.6 376.4 321.7 storage-tank 0
376.7 338.2 407.4 382.6 356.3 417.8 325.6 373.4 storage-tank 0
270.9 365.2 292.6 464.8 228.1 478.8 206.4 379.2 storage-tank 0
