411.6 396.4 626.9 764.0 359.4 920.6 144.1 553.0 soccer-ball-field 0
511.8 336.4 513.7 335.8 514.3 337.7 512.4 338.3 baseball-diamond 0
289.6 887.5 295.4 789.6 361.3 793.5 355.5 891.4 tennis-court 0
367.9 793.3 393.9 793.8 392.1 891.7 366.1 891.2 tennis-court 0
449.8 815.1 462.7 827.7 419.2 871.9 406.3 859.3 tennis-court 0
452.5 884.5 495.8 792.1 526.5 806.5 483.2 898.9 tennis-court 0
542.9 792.4 568.2 798.3 544.1 901.6 518.8 895.7 tennis-court 0
577.5 898.0 582.5 796.1 620.5 798.0 615.5 899.8 tennis-court 0
939.3 881.6 965.6 808.2 993.9 818.4 967.5 891.8 tennis-court 0
1012.6 851.6 1013.6 849.9 1015.4 850.9 1014.4 852.6 tennis-court 0
781.6 295.1 868.3 407.5 765.4 486.9 678.7 374.5 baseball-diamond 0
