390.5 840.4 391.7 826.5 449.5 831.6 448.3 845.5 large-vehicle 0
375.2 1000.0 378.0 986.3 434.8 998.0 432.0 1011.7 large-vehicle 0
378.3 975.4 380.2 961.6 437.7 969.6 435.8 983.4 large-vehicle 0
380.3 946.8 382.2 932.9 439.7 940.8 437.8 954.7 large-vehicle 0
381.8 921.1 383.7 907.2 441.2 914.9 439.3 928.8 large-vehicle 0
386.4 895.2 387.1 881.2 445.0 883.8 444.4 897.8 large-vehicle 0
387.9 866.7 389.5 852.7 447.1 859.3 445.5 873.3 large-vehicle 0
391.3 813.3 393.3 799.4 450.7 807.7 448.7 821.6 large-vehicle 0
393.7 777.8 398.7 764.7 452.9 785.2 447.9 798.3 large-vehicle 0
394.9 761.3 395.3 747.3 453.3 748.7 452.9 762.7 large-vehicle 0
374.0 720.4 376.9 710.8 470.6 739.5 467.7 749.0 large-vehicle 0
397.5 679.3 399.3 665.4 456.8 672.7 455.1 686.6 large-vehicle 0
401.3 651.9 403.2 638.1 460.7 646.1 458.8 659.9 large-vehicle 0
404.0 601.3 405.3 587.4 463.0 592.7 461.7 606.6 large-vehicle 0
637.7 1019.6 639.9 997.7 745.3 1008.4 743.1 1030.3 large-vehicle 0
664.2 329.2 666.5 315.4 771.0 332.8 768.7 346.6 large-vehicle 0
664.5 522.1 666.5 508.3 759.5 521.9 757.5 535.7 large-vehicle 0
676.5 473.9 676.5 459.9 750.5 460.1 750.5 474.1 large-vehicle 0
666.1 444.9 667.1 430.9 768.9 438.1 767.9 452.1 large-vehicle 0
672.3 418.0 674.0 404.1 763.3 415.0 761.6 428.9 large-vehicle 0
757.5 379.3 757.5 393.3 667.5 393.7 667.5 379.7 large-vehicle 0
673.0 358.7 675.1 344.9 768.0 359.3 765.9 373.1 large-vehicle 0
671.5 633.0 673.6 619.2 750.7 630.9 748.6 644.8 large-vehicle 0
643.0 994.9 644.0 944.9 750.0 947.1 749.0 997.1 large-vehicle 0
664.5 659.4 666.4 645.5 755.5 657.6 753.6 671.5 large-vehicle 0
661.9 690.6 662.2 676.6 752.1 678.6 751.8 692.6 large-vehicle 0
739.9 696.9 742.2 710.7 673.1 722.1 670.8 708.3 large-vehicle 0
670.3 735.9 673.7 722.3 741.7 739.1 738.3 752.7 large-vehicle 0
660.5 760.5 663.2 746.8 751.5 764.5 748.8 778.2 large-vehicle 0
741.5 781.8 742.3 795.7 664.5 800.2 663.7 786.3 large-vehicle 0
400.8 572.9 401.8 558.9 463.6 563.1 462.7 577.1 large-vehicle 0
408.2 545.9 408.2 531.9 466.2 532.1 466.2 546.1 large-vehicle 0
381.1 484.0 383.6 470.3 491.8 490.0 489.3 503.7 large-vehicle 0
219.0 478.1 220.7 464.2 310.0 474.9 308.3 488.8 large-vehicle 0
206.2 717.5 207.5 707.6 300.8 719.5 299.5 729.4 large-vehicle 0
217.2 694.0 218.7 684.1 295.8 696.0 294.3 705.9 large-vehicle 0
217.9 666.2 220.1 652.4 297.1 664.8 294.9 678.6 large-vehicle 0
214.1 645.7 222.2 612.7 301.9 632.3 293.8 665.3 large-vehicle 0
211.0 592.7 216.1 559.0 309.0 573.3 303.9 607.0 large-vehicle 0
312.0 497.0 312.0 511.0 218.0 511.0 218.0 497.0 large-vehicle 0
220.7 451.4 222.2 437.5 315.7 447.6 314.2 461.5 large-vehicle 0
384.7 457.6 387.2 443.9 499.3 464.4 496.8 478.1 large-vehicle 0
221.6 423.0 223.2 409.1 316.6 420.0 314.9 434.0 large-vehicle 0
227.0 393.1 229.6 379.3 318.0 395.9 315.4 409.7 large-vehicle 0
225.0 367.1 227.3 353.3 320.0 368.9 317.7 382.7 large-vehicle 0
226.0 342.4 227.8 328.5 321.0 340.6 319.2 354.5 large-vehicle 0
225.6 313.7 227.6 299.9 328.5 314.6 326.5 328.5 large-vehicle 0
227.8 285.5 230.5 271.8 326.7 290.5 324.0 304.2 large-vehicle 0
201.0 744.5 202.6 730.6 304.0 741.8 302.4 755.7 large-vehicle 0
203.5 773.1 205.8 759.3 298.5 774.9 296.2 788.7 large-vehicle 0
202.5 799.4 204.9 785.6 297.5 801.6 295.1 815.4 large-vehicle 0
201.5 830.5 202.9 816.6 296.5 825.5 295.1 839.4 large-vehicle 0
203.5 851.7 206.5 838.0 290.5 856.3 287.5 870.0 large-vehicle 0
198.9 906.8 201.3 893.0 290.0 908.3 287.6 922.1 large-vehicle 0
195.0 933.4 197.4 919.6 290.0 935.6 287.6 949.4 large-vehicle 0
197.5 981.5 201.6 968.1 283.8 993.4 279.7 1006.8 large-vehicle 0
193.9 1013.9 196.4 1000.1 281.1 1015.1 278.6 1028.9 large-vehicle 0
415.4 354.4 417.1 340.5 482.6 348.4 480.9 362.3 large-vehicle 0
394.0 378.0 395.6 364.1 501.0 376.0 499.4 389.9 large-vehicle 0
476.0 397.0 476.2 411.0 414.2 412.0 414.0 398.0 large-vehicle 0
412.6 435.9 414.5 422.0 475.9 430.1 474.1 444.0 large-vehicle 0
751.0 483.5 753.2 493.2 681.0 509.5 678.8 499.8 large-vehicle 0
669.7 552.7 670.4 538.8 756.3 543.3 755.6 557.2 large-vehicle 0
998.7 338.7 1035.5 358.8 994.3 434.3 957.5 414.2 large-vehicle 0
1020.4 868.6 1025.4 877.3 985.6 900.4 980.6 891.7 small-vehicle 0
972.2 859.6 985.9 890.7 954.8 904.5 941.1 873.4 small-vehicle 0
888.3 871.3 907.9 848.7 951.7 886.7 932.1 909.3 small-vehicle 0
451.3 971.1 454.5 957.5 553.7 980.9 550.5 994.5 large-vehicle 0
950.9 612.1 961.5 635.8 923.1 652.9 912.5 629.2 small-vehicle 0
741.6 677.2 784.4 644.3 812.4 680.8 769.6 713.7 small-vehicle 0
997.0 149.0 1009.4 171.8 976.0 190.0 963.6 167.2 small-vehicle 0
922.0 125.2 930.2 100.5 970.1 113.8 961.8 138.5 small-vehicle 0
961.5 156.7 962.5 182.7 920.5 184.3 919.5 158.3 small-vehicle 0
867.3 167.4 881.1 145.3 916.7 167.6 902.9 189.7 small-vehicle 0
823.7 160.5 833.1 136.3 872.3 151.5 862.9 175.7 small-vehicle 0
739.6 166.9 749.6 134.4 797.4 149.1 787.4 181.6 small-vehicle 0
694.9 140.5 716.5 119.6 740.1 144.0 718.6 164.9 small-vehicle 0
632.3 27.3 654.8 40.3 637.7 69.7 615.2 56.7 small-vehicle 0
623.0 9.3 632.3 13.1 615.0 55.7 605.7 51.9 small-vehicle 0
670.5 115.9 679.3 95.7 703.2 106.1 694.4 126.3 small-vehicle 0
447.3 997.4 450.0 983.7 554.1 1003.6 551.5 1017.3 large-vehicle 0
453.0 948.1 455.3 934.2 555.9 951.0 553.6 964.8 large-vehicle 0
911.3 474.1 923.5 480.9 873.7 569.9 861.5 563.1 large-vehicle 0
595.6 428.8 596.0 442.8 490.1 446.2 489.6 432.2 large-vehicle 0
495.5 413.3 496.8 399.4 594.4 408.5 593.1 422.4 large-vehicle 0
500.2 376.4 503.3 362.8 595.0 383.5 591.9 397.2 large-vehicle 0
494.2 351.1 496.9 337.4 604.8 358.9 602.1 372.6 large-vehicle 0
988.4 935.3 992.0 965.1 902.6 975.7 899.0 945.9 large-vehicle 0
868.2 462.3 886.3 474.8 835.3 548.9 817.2 536.4 large-vehicle 0
941.8 477.1 953.7 484.5 902.2 567.9 890.3 560.5 large-vehicle 0
556.8 912.1 557.5 926.1 455.6 930.8 454.9 916.9 large-vehicle 0
975.6 476.7 987.0 484.8 928.4 568.3 917.0 560.2 large-vehicle 0
1010.7 479.1 1030.4 488.9 988.3 572.9 968.6 563.1 large-vehicle 0
855.4 340.2 873.4 352.9 821.4 426.4 803.5 413.7 large-vehicle 0
898.1 336.0 935.1 363.2 884.2 432.5 847.2 405.3 large-vehicle 0
491.6 460.6 494.2 446.9 590.4 465.4 587.8 479.1 large-vehicle 0
484.2 487.8 486.9 474.1 594.8 495.2 592.1 508.9 large-vehicle 0
479.0 521.9 479.6 507.9 581.5 512.1 580.9 526.1 large-vehicle 0
476.9 549.7 477.1 535.7 579.1 537.3 578.9 551.3 large-vehicle 0
476.1 569.1 478.5 555.3 578.9 572.9 576.5 586.7 large-vehicle 0
472.5 598.3 474.2 584.4 579.5 596.7 577.8 610.6 large-vehicle 0
473.0 625.8 474.7 611.9 576.0 624.2 574.3 638.1 large-vehicle 0
472.0 651.9 474.2 638.1 575.0 654.1 572.8 667.9 large-vehicle 0
467.3 684.3 467.8 670.3 573.7 674.7 573.2 688.7 large-vehicle 0
468.0 705.0 470.4 691.2 571.0 708.0 568.6 721.8 large-vehicle 0
467.4 739.6 467.6 725.6 573.6 726.4 573.4 740.4 large-vehicle 0
469.1 757.7 471.6 744.0 571.9 762.3 569.4 776.0 large-vehicle 0
465.0 787.6 466.9 773.7 568.0 787.4 566.1 801.3 large-vehicle 0
462.4 807.5 466.1 794.0 564.6 820.5 560.9 834.0 large-vehicle 0
562.5 833.8 562.5 847.8 460.5 848.2 460.5 834.2 large-vehicle 0
456.1 873.4 456.3 859.4 562.3 861.6 562.0 875.6 large-vehicle 0
456.8 890.4 459.8 876.7 559.5 898.6 556.5 912.3 large-vehicle 0
227.4 266.7 232.1 237.0 328.9 252.3 324.2 281.9 large-vehicle 0
