719.5 798.3 765.5 762.9 798.5 805.7 752.5 841.1 plane 0
395.6 376.3 420.3 405.2 382.4 437.7 357.7 408.8 plane 0
405.1 382.8 405.9 364.8 459.9 367.2 459.1 385.2 plane 0
559.3 429.2 570.1 448.3 505.7 484.8 494.9 465.7 plane 0
588.1 357.5 591.7 419.4 525.8 423.2 522.2 361.4 plane 0
586.7 265.5 595.5 260.7 619.5 304.5 610.8 309.3 plane 0
572.2 317.9 609.8 299.3 632.0 344.1 594.4 362.7 plane 0
751.1 516.5 775.5 560.1 731.9 584.5 707.5 540.9 plane 0
773.6 662.8 789.1 718.7 733.2 734.2 717.7 678.3 plane 0
773.9 728.9 784.1 748.5 729.1 777.1 718.9 757.5 plane 0
79.7 794.5 82.8 764.6 140.5 770.5 137.4 800.4 plane 0
715.6 329.6 725.1 292.8 765.8 303.4 756.3 340.1 plane 0
328.2 436.8 373.2 427.2 382.8 472.2 337.8 481.8 plane 0
318.0 505.6 350.9 479.5 377.0 512.4 344.1 538.5 plane 0
305.6 604.8 345.1 590.3 362.4 637.2 322.9 651.7 plane 0
303.1 675.4 351.7 643.7 378.9 685.6 330.3 717.3 plane 0
78.2 846.1 90.5 818.8 139.8 841.0 127.5 868.3 plane 0
133.2 814.6 156.6 761.5 220.6 789.8 197.2 842.8 plane 0
314.0 816.4 315.0 882.4 249.0 883.4 248.0 817.4 plane 0
164.0 689.3 166.9 739.3 109.0 742.7 106.1 692.7 plane 0
168.9 741.4 176.5 687.9 214.1 693.2 206.6 746.7 plane 0
221.1 698.3 238.9 685.2 270.9 728.7 253.1 741.8 plane 0
250.2 744.5 300.9 655.9 347.8 682.8 297.1 771.3 plane 0
