755.9 391.6 792.1 420.0 776.1 440.5 739.9 412.1 plane 0
987.7 533.4 1020.0 544.0 1005.7 587.7 973.4 577.0 plane 0
997.3 581.9 1008.2 590.6 979.7 626.7 968.7 618.0 plane 0
925.0 627.2 941.7 584.4 966.0 593.8 949.3 636.6 plane 0
906.6 409.0 918.4 416.6 893.2 455.2 881.5 447.5 plane 0
844.9 405.1 877.2 432.0 863.1 448.9 830.8 422.0 plane 0
792.9 362.8 822.5 386.6 793.7 422.5 764.1 398.7 plane 0
269.9 290.4 284.7 300.7 256.1 341.7 241.3 331.5 plane 0
2.1 279.2 39.4 286.5 32.0 323.8 -5.3 316.5 plane 0
131.1 261.4 157.6 282.6 128.9 318.6 102.4 297.4 plane 0
88.3 289.4 122.2 291.8 118.7 341.6 84.8 339.2 plane 0
169.2 301.4 227.8 339.7 215.7 358.2 157.1 319.9 plane 0
167.4 266.7 281.0 329.9 270.3 349.1 156.7 285.9 plane 0
238.1 323.8 251.0 336.4 232.8 355.0 219.9 342.4 plane 0
273.2 284.4 350.5 344.7 337.0 362.0 259.7 301.8 plane 0
740.1 380.4 752.6 420.5 701.1 436.6 688.5 396.5 plane 0
346.8 297.8 380.2 315.9 360.2 352.9 326.8 334.7 plane 0
319.9 320.3 329.9 319.7 333.5 377.6 323.5 378.2 plane 0
257.9 295.9 332.3 371.4 305.2 398.0 230.8 322.5 plane 0
182.3 413.7 219.8 419.8 213.7 457.3 176.2 451.2 plane 0
243.2 415.8 273.3 438.9 247.8 472.3 217.6 449.2 plane 0
297.2 428.9 314.3 442.8 290.2 472.2 273.2 458.3 plane 0
627.0 626.5 635.0 540.9 692.7 546.3 684.7 631.9 plane 0
527.5 606.8 578.5 588.9 600.3 651.2 549.3 669.1 plane 0
678.8 385.0 706.8 353.7 726.2 371.0 698.2 402.3 plane 0
1018.2 398.1 1027.9 400.7 1013.8 452.9 1004.1 450.3 plane 0
971.4 451.0 974.3 441.5 1003.0 450.0 1000.2 459.6 plane 0
952.5 387.0 1003.2 440.9 987.2 456.0 936.5 402.1 plane 0
931.4 414.6 971.2 444.8 958.0 462.3 918.1 432.1 plane 0
882.1 395.5 893.2 404.0 879.9 421.5 868.8 413.0 plane 0
