401.8 40.8 430.2 71.8 399.2 100.2 370.8 69.2 plane 0
-23.4 238.2 -1.8 171.6 61.0 191.9 39.4 258.5 plane 0
189.3 293.1 216.5 256.1 256.8 285.6 229.6 322.7 plane 0
206.8 201.2 251.2 178.3 270.5 215.6 226.0 238.5 plane 0
253.5 164.6 270.2 157.8 287.5 200.4 270.8 207.2 plane 0
307.2 157.2 348.8 163.2 342.8 204.8 301.2 198.8 plane 0
372.2 162.3 391.7 172.5 372.4 209.8 352.9 199.6 plane 0
388.3 185.1 414.8 163.8 446.1 202.8 419.6 224.1 plane 0
335.4 389.4 363.0 426.2 319.8 458.5 292.2 421.7 plane 0
383.6 367.1 397.3 419.3 364.4 427.9 350.7 375.7 plane 0
405.7 391.7 419.8 380.5 443.3 410.3 429.2 421.5 plane 0
477.0 411.1 497.1 433.5 442.0 482.9 421.9 460.5 plane 0
514.5 463.3 534.7 485.4 486.1 530.0 465.8 507.9 plane 0
546.4 509.4 569.9 527.9 531.6 576.6 508.1 558.1 plane 0
555.0 647.6 590.4 587.2 637.0 614.4 601.6 674.8 plane 0
692.5 711.2 730.6 765.1 689.7 793.9 651.7 740.0 plane 0
718.5 850.9 773.8 808.0 816.7 863.3 761.4 906.2 plane 0
