962.3 416.0 985.1 380.7 1006.9 394.8 984.2 430.1 plane 0
880.1 677.5 917.7 600.1 987.9 634.2 950.3 711.6 plane 0
949.4 481.0 1012.7 511.0 977.6 585.0 914.3 555.0 plane 0
925.8 391.7 947.5 355.8 973.2 371.3 951.5 407.2 plane 0
993.8 443.9 1009.4 404.9 1037.2 416.1 1021.6 455.1 plane 0
400.1 95.1 418.3 128.5 391.9 142.9 373.7 109.5 plane 0
489.8 -7.6 543.0 1.2 536.2 42.7 482.9 33.8 plane 0
450.7 -18.9 475.4 4.5 446.5 34.9 421.8 11.5 plane 0
362.5 96.1 451.6 -24.6 472.5 -9.1 383.4 111.6 plane 0
352.0 53.1 442.3 91.3 433.8 111.5 343.5 73.4 plane 0
450.4 31.5 477.5 58.1 436.9 99.6 409.8 73.0 plane 0
390.6 110.1 478.3 76.3 487.6 100.5 400.0 134.4 plane 0
