963.8 723.1 972.4 734.2 923.2 771.9 914.6 760.8 plane 0
942.6 893.6 979.7 913.2 956.4 957.4 919.3 937.8 plane 0
921.1 813.5 963.0 809.7 967.5 859.5 925.7 863.3 plane 0
888.0 710.1 933.2 731.6 908.2 783.9 863.1 762.4 plane 0
909.3 597.8 956.3 580.7 972.1 624.0 925.1 641.1 plane 0
939.5 502.9 972.3 540.6 937.6 570.8 904.8 533.1 plane 0
954.6 436.5 971.1 483.8 916.3 502.8 899.9 455.6 plane 0
900.3 299.4 901.6 253.5 959.5 255.0 958.3 301.0 plane 0
638.8 559.5 681.1 577.5 663.2 619.8 620.9 601.9 plane 0
628.4 473.5 636.3 457.3 677.6 477.5 669.7 493.7 plane 0
684.9 490.1 693.0 478.7 737.1 509.9 729.0 521.3 plane 0
959.9 919.2 988.3 888.3 1028.1 924.8 999.7 955.7 plane 0
740.3 342.3 789.6 379.9 744.8 438.8 695.5 401.2 plane 0
658.2 457.2 659.2 443.2 725.0 447.8 724.1 461.8 plane 0
696.5 318.1 733.8 357.2 700.5 388.9 663.2 349.8 plane 0
178.0 757.2 218.0 734.4 246.7 784.8 206.7 807.6 plane 0
665.0 870.2 670.9 891.4 615.0 906.8 609.1 885.6 plane 0
566.3 763.3 572.0 784.6 523.7 797.7 518.0 776.4 plane 0
656.7 815.5 668.3 834.2 622.3 862.5 610.7 843.8 plane 0
612.5 779.0 626.1 767.3 658.8 805.1 645.2 816.8 plane 0
650.6 778.3 658.9 767.0 705.4 801.7 697.1 813.0 plane 0
646.0 735.0 679.6 709.8 712.0 753.0 678.4 778.2 plane 0
643.7 733.7 652.8 749.2 626.9 764.4 617.8 748.8 plane 0
519.6 882.0 539.1 844.8 583.4 868.0 563.9 905.2 plane 0
530.3 811.4 571.9 816.8 568.1 846.6 526.4 841.2 plane 0
591.7 995.4 641.7 996.0 641.2 1034.0 591.2 1033.4 helicopter 0
243.6 1008.1 273.9 968.3 326.4 1008.3 296.1 1048.1 plane 0
425.2 910.1 447.1 874.2 489.8 900.2 467.9 936.1 plane 0
475.8 845.1 480.8 866.5 436.0 876.9 431.0 855.5 plane 0
474.1 794.1 480.1 815.2 435.8 827.7 429.9 806.5 plane 0
425.2 777.3 436.2 736.7 484.4 749.8 473.5 790.3 plane 0
339.0 820.0 358.9 778.5 404.0 800.0 384.1 841.5 plane 0
336.4 774.8 353.9 732.2 407.6 754.2 390.1 796.8 plane 0
250.1 463.6 303.8 441.5 335.0 517.3 281.4 539.4 plane 0
839.9 896.2 885.5 902.3 878.2 955.9 832.6 949.7 plane 0
968.0 720.7 1014.0 723.4 1011.0 773.3 965.0 770.6 plane 0
