524.2 443.6 546.1 445.6 541.8 491.4 519.9 489.4 plane 0
477.5 443.5 499.5 444.6 497.1 494.5 475.2 493.5 plane 0
69.9 372.1 114.4 341.4 145.1 385.9 100.6 416.6 plane 0
414.3 442.2 464.2 438.9 467.7 492.8 417.8 496.1 plane 0
328.6 448.7 370.5 450.9 368.4 492.8 326.5 490.7 plane 0
265.7 459.6 312.4 441.7 330.3 488.4 283.6 506.3 plane 0
272.2 555.2 315.9 540.6 331.7 588.1 288.1 602.6 plane 0
128.9 463.5 167.5 447.1 187.1 493.1 148.5 509.5 plane 0
264.3 317.1 314.2 319.9 310.9 377.8 261.0 375.0 plane 0
261.2 786.4 306.8 780.1 314.8 837.6 269.2 843.9 plane 0
-7.1 358.0 34.4 351.5 42.0 401.0 0.5 407.4 plane 0
180.4 331.9 193.7 336.2 173.7 399.1 160.4 394.8 plane 0
212.9 321.8 226.4 325.7 210.0 381.4 196.6 377.4 plane 0
310.3 337.3 327.2 330.9 350.4 392.7 333.6 399.0 plane 0
-5.1 458.3 36.6 453.1 43.1 506.7 1.4 511.9 plane 0
86.6 455.4 132.6 454.6 133.4 500.6 87.4 501.4 plane 0
187.2 456.1 208.5 450.5 221.2 498.9 199.9 504.5 plane 0
318.7 564.0 346.9 538.6 380.4 575.7 352.1 601.2 plane 0
367.8 549.9 412.0 537.1 425.9 585.1 381.7 597.9 plane 0
501.6 572.0 525.8 532.8 568.3 559.1 544.1 598.3 plane 0
