331.7 608.2 359.9 633.7 299.5 700.4 271.3 674.9 plane 0
338.1 865.2 361.0 853.0 378.9 886.5 356.0 898.8 plane 0
334.2 762.4 346.4 718.1 390.7 730.2 378.6 774.6 plane 0
229.1 616.9 293.3 632.4 273.1 716.0 209.0 700.5 plane 0
207.2 478.7 241.2 480.4 238.0 542.3 204.0 540.6 plane 0
405.0 330.5 420.8 339.1 390.9 393.5 375.1 384.8 plane 0
337.5 345.2 358.9 340.3 372.5 400.8 351.1 405.7 plane 0
319.3 329.2 331.8 335.5 303.8 390.8 291.3 384.5 plane 0
267.3 331.2 285.2 333.3 276.3 406.8 258.5 404.6 plane 0
209.7 327.4 235.6 328.6 233.2 382.5 207.2 381.3 plane 0
670.6 186.1 715.6 228.8 678.4 267.9 633.4 225.2 plane 0
544.3 634.4 701.0 593.2 718.8 660.9 562.1 702.1 plane 0
756.0 914.8 798.6 959.8 739.0 1016.2 696.4 971.2 plane 0
716.1 500.8 731.7 510.0 704.3 556.5 688.8 547.4 plane 0
720.1 691.9 735.9 636.0 841.8 665.9 826.0 721.7 plane 0
632.6 949.8 640.9 929.4 665.0 939.2 656.7 959.6 small-vehicle 0
636.6 672.6 664.1 719.1 634.8 736.4 607.3 689.9 large-vehicle 0
567.5 785.7 572.0 815.4 526.5 822.3 522.0 792.6 small-vehicle 0
186.8 639.0 209.7 619.5 229.1 642.4 206.3 661.8 large-vehicle 0
264.0 143.5 278.6 165.0 204.1 215.5 189.5 194.0 large-vehicle 0
258.0 482.6 310.7 470.5 329.0 550.4 276.3 562.5 plane 0
364.6 484.8 394.4 519.8 356.4 552.2 326.6 517.2 plane 0
373.9 807.5 387.0 847.4 347.1 860.5 334.0 820.6 plane 0
382.8 777.5 383.2 799.5 341.2 800.2 340.8 778.2 plane 0
976.4 926.6 1002.3 925.5 1005.6 999.4 979.7 1000.5 plane 0
959.8 931.9 969.2 947.3 923.2 975.6 913.8 960.2 plane 0
725.3 564.0 743.7 576.0 696.7 648.0 678.2 636.0 plane 0
