889.3 290.8 933.5 231.4 989.7 273.2 945.5 332.6 plane 0
356.9 522.5 368.2 508.5 416.3 547.6 405.0 561.6 plane 0
445.0 818.1 462.4 831.5 405.0 905.9 387.6 892.5 plane 0
269.0 685.6 326.1 675.4 337.0 736.4 279.9 746.6 plane 0
349.0 764.4 396.9 809.8 340.5 869.3 292.6 823.9 plane 0
368.5 715.0 393.5 738.0 354.2 780.7 329.2 757.7 plane 0
388.0 648.9 410.8 693.3 345.0 727.1 322.2 682.7 plane 0
312.7 585.2 348.5 556.3 392.4 610.9 356.6 639.7 plane 0
385.0 495.0 396.4 481.1 456.8 530.4 445.4 544.3 plane 0
945.8 166.4 977.4 194.0 947.2 228.6 915.6 201.0 plane 0
406.4 415.8 456.2 372.4 512.7 437.3 462.9 480.6 plane 0
468.5 323.5 515.0 276.7 578.8 340.1 532.3 386.9 plane 0
579.7 233.9 600.1 279.5 576.3 290.1 555.9 244.5 plane 0
572.6 212.2 585.7 199.8 650.3 268.0 637.3 280.4 plane 0
552.2 145.8 565.0 133.2 656.0 226.0 643.1 238.6 plane 0
607.2 138.7 622.8 113.0 669.0 141.1 653.4 166.7 plane 0
467.2 775.2 479.4 730.8 527.6 744.0 515.5 788.4 plane 0
556.0 770.7 589.2 789.0 567.0 829.3 533.8 811.0 plane 0
513.9 849.0 523.1 845.0 533.6 868.8 524.4 872.8 plane 0
459.8 857.5 510.8 815.5 524.8 832.5 473.8 874.5 plane 0
545.4 869.9 554.7 880.4 493.6 935.1 484.3 924.6 plane 0
571.1 728.5 597.5 695.8 630.2 722.1 603.8 754.8 plane 0
595.3 685.6 607.3 667.2 645.8 692.4 633.8 710.8 plane 0
854.6 388.2 876.3 409.0 836.1 450.9 814.5 430.1 plane 0
754.0 370.1 768.8 326.6 823.7 345.3 808.8 388.9 plane 0
860.5 187.9 883.1 143.3 938.4 171.3 915.9 215.9 plane 0
850.7 245.9 884.2 214.4 929.4 262.5 895.9 294.0 plane 0
805.1 321.0 845.6 263.9 954.9 341.3 914.5 398.5 plane 0
870.8 783.1 925.4 733.2 967.2 778.9 912.6 828.8 plane 0
275.8 735.7 345.2 761.4 333.4 793.3 264.0 767.6 plane 0
565.6 878.0 576.9 886.2 545.4 930.0 534.1 921.8 plane 0
713.6 492.2 738.3 515.6 679.3 578.1 654.6 554.7 plane 0
786.3 509.9 812.7 531.2 733.7 629.3 707.2 608.0 plane 0
640.7 74.6 687.5 34.0 736.0 89.8 689.2 130.5 plane 0
