710.6 512.7 711.8 511.1 713.4 512.3 712.2 513.9 baseball-diamond 0
215.3 713.3 218.9 708.5 290.7 762.7 287.1 767.5 tennis-court 0
283.5 768.2 309.6 694.7 326.5 700.8 300.4 774.3 tennis-court 0
275.3 696.9 303.5 769.6 286.7 776.1 258.5 703.4 tennis-court 0
326.2 693.7 357.3 765.2 340.8 772.3 309.7 700.8 tennis-court 0
312.1 709.8 315.0 704.5 400.9 751.7 398.0 757.0 tennis-court 0
370.6 687.0 417.9 763.6 402.6 773.0 355.3 696.4 tennis-court 0
383.5 701.1 391.5 695.0 436.3 753.9 428.3 760.0 tennis-court 0
476.3 882.9 568.2 830.1 710.7 1078.1 618.8 1130.9 basketball-court 0
516.7 420.4 627.5 447.3 554.3 748.6 443.5 721.7 ground-track-field 0
613.3 450.5 615.0 451.5 462.7 721.5 461.0 720.5 soccer-ball-field 0
562.0 295.8 592.0 297.1 589.9 347.0 559.9 345.8 baseball-diamond 0
752.5 727.5 756.5 731.9 689.5 792.0 685.5 787.6 basketball-court 0
727.4 801.4 748.0 709.6 765.5 713.6 745.0 805.3 basketball-court 0
196.6 717.8 200.3 713.0 262.4 760.2 258.7 765.0 tennis-court 0
