622.5 304.3 629.5 297.2 687.8 354.9 680.7 362.0 large-vehicle 0
632.2 194.7 644.6 207.7 596.8 253.2 584.4 240.2 large-vehicle 0
648.9 211.2 670.1 217.0 661.1 249.8 639.9 244.0 large-vehicle 0
660.2 151.3 667.1 158.5 636.8 187.7 629.9 180.5 large-vehicle 0
615.3 151.2 625.3 150.8 626.7 188.8 616.7 189.2 large-vehicle 0
631.9 132.8 636.3 136.8 575.8 203.5 571.4 199.4 large-vehicle 0
538.5 132.9 545.3 140.2 479.3 201.4 472.5 194.1 large-vehicle 0
357.2 137.3 372.2 153.5 329.6 192.9 314.7 176.7 large-vehicle 0
373.3 143.6 382.5 147.5 367.7 182.4 358.5 178.5 large-vehicle 0
404.1 141.5 411.7 148.0 384.5 179.9 376.9 173.5 large-vehicle 0
334.8 199.9 345.3 190.6 386.2 237.1 375.7 246.4 large-vehicle 0
502.7 141.8 509.7 148.9 465.3 192.2 458.3 185.1 large-vehicle 0
481.6 144.7 485.5 149.2 444.4 184.2 440.5 179.7 large-vehicle 0
383.2 207.6 394.5 199.3 422.0 236.1 410.7 244.5 large-vehicle 0
307.6 369.1 338.4 340.6 391.4 397.9 360.6 426.4 large-vehicle 0
389.4 369.5 406.0 354.9 441.6 395.5 425.0 410.1 large-vehicle 0
456.9 373.7 480.1 354.7 514.3 396.5 491.1 415.5 large-vehicle 0
531.9 385.5 533.3 386.9 531.9 388.3 530.5 386.9 large-vehicle 0
499.3 316.9 513.0 305.2 537.7 334.1 524.0 345.8 large-vehicle 0
533.6 302.9 540.7 295.9 603.6 360.3 596.4 367.3 large-vehicle 0
677.1 203.6 691.0 204.8 686.7 254.6 672.7 253.4 large-vehicle 0
783.8 138.0 802.7 161.2 739.2 213.0 720.3 189.8 large-vehicle 0
780.6 217.2 787.1 224.8 767.4 241.8 760.9 234.2 large-vehicle 0
915.9 190.4 930.0 201.6 884.1 259.6 870.0 248.4 large-vehicle 0
900.5 148.2 911.2 162.7 861.5 199.8 850.8 185.3 large-vehicle 0
572.0 310.0 580.6 304.8 606.5 347.5 597.9 352.7 large-vehicle 0
654.6 321.9 666.3 308.3 710.3 346.0 698.6 359.7 large-vehicle 0
745.7 393.9 746.6 395.7 744.8 396.6 743.9 394.8 large-vehicle 0
840.8 552.1 855.4 578.2 836.3 589.0 821.6 562.8 large-vehicle 0
814.5 545.2 819.3 570.8 797.7 574.9 792.8 549.3 large-vehicle 0
704.9 565.7 720.0 544.6 767.1 578.3 752.0 599.4 large-vehicle 0
638.6 568.6 639.9 567.1 641.4 568.4 640.1 569.9 large-vehicle 0
294.2 614.9 303.5 625.4 251.1 671.8 241.8 661.3 large-vehicle 0
316.6 624.8 327.0 634.2 274.6 691.9 264.2 682.5 large-vehicle 0
412.5 627.8 420.0 634.3 371.5 690.2 364.0 683.7 large-vehicle 0
440.9 634.2 444.7 638.8 381.6 691.1 377.7 686.5 large-vehicle 0
476.6 566.1 477.9 567.6 476.4 568.9 475.1 567.4 large-vehicle 0
403.2 572.1 404.8 570.9 406.0 572.6 404.4 573.7 large-vehicle 0
372.4 476.8 378.7 484.5 327.6 526.2 321.3 518.5 large-vehicle 0
353.3 461.1 361.2 467.2 323.4 516.4 315.5 510.3 large-vehicle 0
316.8 463.1 341.0 472.6 321.2 522.9 297.0 513.4 large-vehicle 0
189.3 519.5 197.2 507.9 218.7 522.5 210.8 534.1 large-vehicle 0
168.6 534.8 169.1 528.8 234.8 535.0 234.3 541.0 large-vehicle 0
184.2 565.4 186.1 564.7 186.8 566.6 184.9 567.3 large-vehicle 0
145.3 575.8 149.5 566.7 187.7 584.2 183.5 593.3 large-vehicle 0
301.8 31.3 303.5 32.2 302.6 33.9 300.9 33.0 large-vehicle 0
766.2 478.3 784.9 489.8 754.5 539.2 735.8 527.6 large-vehicle 0
748.2 465.7 753.2 469.1 709.5 533.7 704.5 530.3 large-vehicle 0
543.9 633.8 568.1 657.7 535.7 690.4 511.6 666.5 large-vehicle 0
748.7 375.6 756.5 369.3 790.3 411.4 782.5 417.7 large-vehicle 0
790.8 342.4 808.4 329.2 831.2 359.6 813.6 372.8 large-vehicle 0
947.6 388.5 956.2 377.5 1008.2 418.2 999.5 429.2 large-vehicle 0
871.3 463.2 890.7 480.6 846.7 529.8 827.3 512.4 large-vehicle 0
986.0 388.0 1002.4 367.9 1044.2 402.1 1027.7 422.2 large-vehicle 0
975.0 347.9 984.8 311.2 1037.0 325.1 1027.2 361.8 large-vehicle 0
611.7 634.3 632.8 655.7 585.9 702.1 564.8 680.8 large-vehicle 0
913.4 573.4 914.7 571.9 916.2 573.2 914.9 574.7 large-vehicle 0
990.2 630.3 1024.3 666.9 984.8 703.7 950.7 667.1 large-vehicle 0
815.9 681.5 820.2 643.8 881.8 650.8 877.5 688.5 large-vehicle 0
693.8 630.7 723.5 665.8 679.2 703.2 649.5 668.1 large-vehicle 0
983.0 111.9 983.7 110.0 985.6 110.7 984.9 112.6 large-vehicle 0
575.8 511.0 577.8 481.1 631.7 484.6 629.7 514.5 large-vehicle 0
692.5 482.7 701.0 477.4 729.5 523.3 721.0 528.6 large-vehicle 0
654.0 469.9 673.7 479.7 644.3 538.8 624.6 529.0 large-vehicle 0
426.8 345.8 428.4 303.8 474.3 305.5 472.8 347.5 large-vehicle 0
476.8 25.7 485.7 30.3 457.2 85.3 448.3 80.7 large-vehicle 0
966.1 13.4 967.6 12.1 968.9 13.6 967.4 14.9 large-vehicle 0
411.0 30.7 418.4 23.9 465.9 75.3 458.6 82.1 large-vehicle 0
460.7 25.8 468.7 19.9 522.3 92.2 514.3 98.1 large-vehicle 0
479.1 28.4 483.5 24.4 544.7 90.3 540.3 94.4 large-vehicle 0
506.3 34.5 513.6 27.7 569.7 87.5 562.4 94.3 large-vehicle 0
550.5 46.6 568.9 28.3 629.5 89.4 611.1 107.7 large-vehicle 0
596.2 54.5 604.2 48.5 624.8 75.5 616.8 81.5 large-vehicle 0
641.6 37.4 645.7 32.9 718.4 98.6 714.3 103.1 large-vehicle 0
671.3 50.0 684.0 37.1 733.9 86.2 721.3 99.0 large-vehicle 0
726.2 59.5 749.7 29.6 811.0 77.9 787.5 107.7 large-vehicle 0
861.1 67.6 879.8 44.2 918.9 75.3 900.2 98.8 large-vehicle 0
975.2 42.5 983.3 75.6 930.8 88.5 922.7 55.4 large-vehicle 0
981.0 66.0 992.2 51.9 1025.0 78.0 1013.8 92.1 large-vehicle 0
