627.6 908.0 631.7 912.4 621.4 922.0 617.3 917.6 plane 0
632.0 922.6 655.2 903.6 664.0 914.4 640.8 933.4 plane 0
652.0 919.5 666.3 902.9 689.0 922.5 674.7 939.1 plane 0
674.0 908.9 676.0 903.2 693.0 909.0 691.0 914.7 plane 0
685.8 917.8 701.9 892.5 727.2 908.6 711.1 933.9 plane 0
562.1 732.7 571.0 704.0 588.2 709.3 579.4 737.9 plane 0
579.9 731.0 594.9 705.0 617.4 718.0 602.4 744.0 plane 0
616.1 607.9 642.9 587.0 668.8 620.0 642.0 641.0 plane 0
620.4 550.7 645.4 527.6 676.6 561.3 651.6 584.4 plane 0
660.9 464.9 691.2 449.5 713.9 494.0 683.6 509.5 plane 0
622.4 442.5 652.6 458.0 626.2 509.6 595.9 494.1 plane 0
623.5 907.2 643.4 890.4 652.4 901.0 632.6 917.8 plane 0
596.4 913.2 624.0 881.6 634.6 890.8 607.0 922.4 plane 0
592.6 912.4 594.6 906.7 611.6 912.6 609.7 918.3 plane 0
596.4 771.1 603.1 763.6 613.6 772.9 606.9 780.4 plane 0
598.6 790.7 609.9 771.8 632.2 785.1 621.0 804.0 plane 0
619.2 772.6 627.1 766.4 635.8 777.4 627.9 783.6 plane 0
559.7 776.9 599.1 753.1 606.3 765.1 566.9 788.9 plane 0
577.3 903.2 600.9 884.7 609.6 895.7 585.9 914.2 plane 0
569.1 796.2 595.6 758.6 616.8 773.6 590.3 811.2 plane 0
623.4 786.5 625.5 780.9 653.6 791.5 651.5 797.1 plane 0
577.2 841.3 577.8 847.2 547.9 850.3 547.3 844.3 plane 0
562.6 829.2 569.5 821.9 588.4 839.8 581.5 847.1 plane 0
583.1 842.9 601.9 819.5 612.8 828.3 594.1 851.7 plane 0
633.4 834.3 634.3 840.3 612.6 843.7 611.7 837.7 plane 0
599.8 852.2 600.0 846.2 618.0 846.8 617.7 852.8 plane 0
645.0 843.0 646.0 861.0 620.0 862.4 619.0 844.5 plane 0
557.9 124.0 564.5 66.4 630.1 73.9 623.4 131.5 plane 0
