-8.8 622.3 28.5 595.3 57.8 635.7 20.5 662.7 plane 0
79.5 598.5 107.7 629.7 76.5 657.9 48.4 626.7 plane 0
129.5 597.2 159.6 626.5 127.6 659.5 97.4 630.3 plane 0
149.6 749.6 180.2 778.3 148.8 811.9 118.1 783.2 plane 0
112.6 828.5 120.1 807.8 163.4 823.5 155.9 844.2 plane 0
646.7 180.1 683.5 214.0 652.3 247.9 615.5 214.0 plane 0
571.4 284.4 584.7 253.1 612.3 264.8 599.0 296.1 plane 0
582.6 299.2 590.1 292.6 607.3 312.2 599.7 318.8 plane 0
646.1 269.2 653.7 310.5 612.4 318.1 604.8 276.8 plane 0
611.9 314.1 640.8 338.8 621.3 361.6 592.4 337.0 plane 0
655.8 412.0 686.4 383.3 720.7 419.7 690.1 448.5 plane 0
693.5 453.3 709.1 487.9 670.8 505.2 655.2 470.5 plane 0
615.6 541.3 623.5 504.2 672.4 514.7 664.5 551.8 plane 0
554.4 606.2 578.7 582.4 613.6 618.2 589.3 642.0 plane 0
474.0 661.1 503.6 631.2 536.2 663.7 506.6 693.5 plane 0
729.1 615.2 788.8 598.5 809.9 673.6 750.2 690.3 plane 0
814.4 631.9 859.6 602.3 893.6 654.1 848.4 683.7 plane 0
877.3 606.2 925.1 573.4 985.1 660.8 937.2 693.6 plane 0
791.8 255.1 801.9 264.7 745.2 323.9 735.1 314.3 plane 0
469.4 764.1 504.5 723.0 545.6 758.1 510.5 799.2 plane 0
801.5 299.1 844.7 314.9 827.5 361.9 784.3 346.1 plane 0
724.9 293.3 816.5 314.4 804.5 367.0 712.8 346.0 plane 0
