570.9 805.2 582.4 773.2 614.4 784.7 602.9 816.7 plane 0
382.3 640.3 418.7 661.3 397.7 697.7 361.3 676.7 plane 0
381.1 370.2 390.2 419.4 344.9 427.8 335.8 378.6 plane 0
414.5 386.5 443.0 411.6 412.5 446.1 384.0 420.9 plane 0
439.7 410.2 446.8 398.2 486.3 421.8 479.2 433.8 plane 0
430.0 138.4 443.6 155.7 407.4 184.1 393.8 166.8 plane 0
490.4 140.9 504.7 157.7 466.6 190.1 452.3 173.3 plane 0
307.3 657.7 342.4 634.6 363.3 666.3 328.2 689.4 plane 0
354.1 506.7 388.4 537.3 360.4 568.6 326.1 537.9 plane 0
474.4 518.0 482.7 529.2 442.5 558.9 434.2 547.6 plane 0
407.6 509.0 439.9 535.8 410.6 571.2 378.2 544.4 plane 0
543.8 468.8 545.8 469.0 545.6 471.0 543.6 470.8 large-vehicle 0
