329.0 388.0 336.0 371.4 382.0 391.0 375.0 407.6 plane 0
330.3 431.6 335.8 414.5 379.6 428.5 374.1 445.6 plane 0
295.9 355.4 319.4 390.2 258.1 431.6 234.6 396.8 plane 0
225.6 460.1 238.2 504.3 190.1 517.9 177.5 473.7 plane 0
229.4 448.2 252.5 413.1 297.6 442.8 274.5 477.9 plane 0
228.2 502.7 242.9 459.1 294.1 476.3 279.4 519.9 plane 0
310.3 559.7 333.8 524.9 381.9 557.3 358.4 592.1 plane 0
309.9 618.8 318.6 577.7 379.2 590.5 370.6 631.6 plane 0
309.0 653.5 332.7 618.9 377.3 649.4 353.5 684.0 plane 0
314.6 682.2 363.3 671.1 374.4 719.8 325.7 730.9 plane 0
310.8 747.0 335.8 713.2 379.2 745.3 354.3 779.1 plane 0
300.4 838.0 324.3 803.5 378.6 841.0 354.7 875.5 plane 0
349.4 905.2 360.7 913.4 324.6 963.8 313.3 955.6 plane 0
44.6 549.7 77.3 517.3 112.5 552.7 79.9 585.2 plane 0
99.6 457.9 141.2 451.8 145.5 481.5 103.9 487.6 plane 0
82.5 432.8 102.4 395.8 146.5 419.5 126.6 456.5 plane 0
89.3 366.0 102.9 348.7 151.7 387.0 138.1 404.3 plane 0
167.8 305.7 173.8 318.4 132.2 338.1 126.2 325.4 plane 0
343.2 223.5 378.8 188.4 405.5 215.5 369.9 250.6 helicopter 0
970.2 200.2 992.7 235.7 943.8 266.8 921.3 231.3 plane 0
875.0 345.7 994.8 203.5 1027.0 230.6 907.1 372.8 plane 0
789.1 369.9 940.1 291.8 950.2 311.3 799.2 389.5 plane 0
972.4 497.1 1008.8 452.0 1044.6 480.9 1008.2 526.0 plane 0
807.2 427.3 929.1 347.0 943.4 368.7 821.5 449.1 plane 0
787.9 461.9 897.0 273.1 916.1 284.1 807.0 472.9 plane 0
849.1 310.5 858.7 300.2 871.9 312.5 862.3 322.8 plane 0
927.1 368.6 931.0 318.8 976.9 322.4 973.0 372.2 plane 0
861.9 287.9 867.1 274.9 894.9 286.1 889.7 299.1 plane 0
848.6 255.0 856.6 243.5 884.4 263.0 876.4 274.5 plane 0
855.7 234.0 859.3 220.4 892.2 229.1 888.6 242.6 plane 0
890.1 373.9 896.8 366.4 940.1 405.0 933.4 412.5 plane 0
836.2 360.2 988.3 336.1 991.8 357.8 839.7 381.9 plane 0
897.2 310.3 912.8 294.7 936.8 318.7 921.2 334.3 plane 0
841.0 296.8 983.8 212.0 997.0 234.4 854.3 319.1 plane 0
898.4 200.4 910.4 193.0 936.6 235.6 924.6 243.0 plane 0
308.8 896.2 327.3 858.5 372.2 880.5 353.7 918.2 plane 0
136.8 277.6 147.1 262.9 188.1 291.5 177.8 306.2 plane 0
