609.0 644.0 745.3 770.6 575.2 953.8 438.9 827.2 basketball-court 0
663.2 657.5 670.2 664.7 471.1 858.7 464.1 851.6 basketball-court 0
685.3 678.2 691.9 685.6 474.7 877.8 468.1 870.4 basketball-court 0
633.3 823.6 637.2 828.2 592.7 865.4 588.8 860.8 tennis-court 0
636.5 800.5 640.4 805.0 572.8 864.3 568.8 859.8 tennis-court 0
632.6 798.4 635.4 803.6 563.1 842.2 560.3 837.0 tennis-court 0
445.9 906.0 462.4 913.2 452.1 937.0 435.6 929.8 baseball-diamond 0
471.4 824.6 472.9 825.9 471.6 827.4 470.1 826.1 baseball-diamond 0
52.3 599.6 312.6 462.9 456.7 737.4 196.4 874.1 soccer-ball-field 0
21.5 641.9 307.0 439.4 486.3 692.3 200.8 894.8 ground-track-field 0
94.9 500.1 109.6 489.7 150.1 546.9 135.4 557.3 tennis-court 0
123.0 499.2 129.9 487.0 176.9 513.6 170.0 525.8 tennis-court 0
119.5 386.8 150.4 508.9 113.5 518.2 82.6 396.1 tennis-court 0
69.3 456.5 84.3 446.5 107.7 481.5 92.7 491.5 tennis-court 0
