8.0 435.8 21.3 447.9 3.9 467.2 -9.5 455.1 ship 0
21.2 436.6 31.1 437.9 26.7 471.6 16.8 470.3 ship 0
43.5 431.8 49.5 432.4 45.7 470.2 39.7 469.6 ship 0
63.9 442.7 69.1 445.8 56.1 468.3 50.9 465.2 ship 0
71.4 446.7 77.2 448.1 71.0 473.4 65.1 472.0 ship 0
62.0 485.1 71.9 483.4 78.0 520.9 68.1 522.6 ship 0
44.6 486.5 54.6 486.1 56.2 520.0 46.2 520.5 ship 0
36.2 482.1 45.2 486.5 30.1 517.0 21.1 512.5 ship 0
19.6 480.1 27.1 486.7 7.4 509.2 -0.2 502.7 ship 0
17.2 298.9 38.8 294.6 43.8 320.1 22.2 324.4 ship 0
58.1 307.8 74.6 300.8 84.8 324.7 68.2 331.8 ship 0
91.9 301.3 97.0 304.3 77.9 337.1 72.7 334.1 ship 0
104.1 306.1 114.1 307.0 110.9 344.9 100.9 344.0 ship 0
128.7 312.3 133.8 315.4 120.3 337.7 115.2 334.6 ship 0
146.1 314.0 151.2 317.2 133.1 346.0 128.0 342.8 ship 0
159.8 315.6 181.5 318.9 175.2 360.4 153.5 357.1 ship 0
177.3 326.1 196.6 308.7 216.7 330.9 197.4 348.3 ship 0
170.4 377.1 200.2 373.6 201.8 387.5 172.0 391.0 ship 0
173.5 391.3 177.7 387.0 199.3 407.8 195.2 412.1 ship 0
168.7 406.4 171.6 401.1 194.3 413.6 191.4 418.9 ship 0
163.1 415.6 163.8 413.7 191.9 424.4 191.2 426.3 ship 0
166.1 417.3 167.5 415.9 191.9 439.7 190.5 441.1 ship 0
195.2 425.1 196.6 426.6 163.0 458.0 161.6 456.5 ship 0
166.6 443.0 167.8 441.4 191.6 459.7 190.4 461.2 ship 0
166.4 450.8 187.1 466.6 181.0 474.6 160.3 458.7 ship 0
164.6 469.8 178.6 470.2 178.4 480.2 164.4 479.8 ship 0
162.1 494.3 164.2 488.7 188.6 497.6 186.5 503.2 ship 0
159.8 504.9 161.6 499.2 186.4 507.0 184.6 512.7 ship 0
170.2 515.0 175.8 512.9 180.8 526.0 175.2 528.1 ship 0
170.2 535.9 179.9 551.1 161.3 562.9 151.6 547.7 ship 0
155.7 524.2 159.3 519.4 180.3 534.8 176.7 539.6 ship 0
142.9 544.8 148.8 545.7 142.1 587.2 136.2 586.3 ship 0
122.8 565.4 128.3 563.1 140.0 590.7 134.5 593.1 ship 0
118.2 575.1 124.2 574.9 124.8 600.9 118.8 601.1 ship 0
109.6 568.8 115.5 569.8 108.4 611.2 102.5 610.2 ship 0
95.3 579.7 101.3 579.3 103.7 617.3 97.7 617.7 ship 0
92.1 604.4 94.0 605.0 89.9 618.4 87.9 617.8 ship 0
66.1 611.2 66.8 609.4 98.0 622.9 97.3 624.7 ship 0
73.0 607.2 83.3 631.1 74.1 635.0 63.8 611.1 ship 0
44.3 613.9 60.9 606.9 72.5 634.6 55.9 641.5 ship 0
29.5 624.3 39.5 624.8 37.5 666.7 27.5 666.2 ship 0
10.6 623.3 20.5 622.5 23.4 660.4 13.5 661.1 ship 0
59.1 133.2 66.8 149.5 46.9 158.8 39.2 142.5 ship 0
441.8 26.6 446.3 5.0 460.0 7.9 455.5 29.4 ship 0
454.7 5.9 459.9 2.9 475.1 28.7 470.0 31.7 ship 0
465.9 0.7 470.9 -2.5 489.2 26.1 484.2 29.4 ship 0
480.5 -2.5 485.8 -5.3 498.0 17.6 492.7 20.5 ship 0
508.3 3.3 511.2 8.6 495.5 17.4 492.6 12.1 ship 0
201.7 21.9 211.6 36.9 193.3 49.1 183.4 34.1 ship 0
197.8 15.6 199.4 16.8 198.2 18.4 196.6 17.2 ship 0
141.6 6.5 159.0 11.0 153.5 32.3 136.1 27.8 ship 0
