157.9 330.8 161.8 360.5 1.1 381.2 -2.8 351.5 harbor 0
694.1 433.2 738.5 487.3 696.8 521.6 652.4 467.4 ship 0
104.6 922.4 113.3 889.6 200.4 912.6 191.7 945.4 ship 0
13.5 917.0 20.9 887.9 96.5 907.0 89.1 936.1 ship 0
8.8 878.8 11.1 861.0 112.2 874.2 109.9 892.0 ship 0
100.9 788.5 109.5 759.7 203.4 787.5 194.9 816.3 ship 0
220.5 709.7 230.2 742.3 78.7 787.3 69.1 754.7 ship 0
91.1 554.3 98.6 517.0 131.9 523.7 124.4 561.0 ship 0
107.0 504.0 115.7 471.1 195.0 492.0 186.3 524.9 ship 0
30.0 498.4 46.9 468.8 100.7 499.6 83.8 529.1 ship 0
