560.6 557.8 573.7 522.1 609.4 535.2 596.3 570.9 storage-tank 0
516.2 368.5 552.7 379.2 540.8 419.5 504.3 408.8 storage-tank 0
469.9 469.6 497.6 438.0 532.1 468.4 504.4 500.0 storage-tank 0
594.1 462.4 605.5 490.2 562.9 507.6 551.5 479.8 storage-tank 0
623.3 517.9 642.1 480.3 679.7 499.1 660.9 536.7 storage-tank 0
502.8 529.6 533.4 500.8 562.2 531.4 531.6 560.2 storage-tank 0
596.4 534.5 637.0 523.9 648.6 568.5 608.0 579.1 storage-tank 0
535.4 95.9 577.1 90.4 582.6 132.1 540.9 137.6 storage-tank 0
564.7 404.1 590.1 375.8 621.3 403.9 595.9 432.2 storage-tank 0
483.1 94.0 520.5 100.6 513.9 138.0 476.5 131.4 storage-tank 0
320.2 296.7 345.5 268.3 376.8 296.3 351.5 324.7 storage-tank 0
303.4 369.5 318.5 359.7 356.6 418.5 341.5 428.3 storage-tank 0
267.9 352.8 289.8 354.3 286.1 408.2 264.2 406.7 storage-tank 0
210.7 383.1 231.4 351.2 263.3 371.9 242.6 403.8 storage-tank 0
242.0 313.7 264.0 339.7 235.0 364.3 213.0 338.3 storage-tank 0
635.6 413.6 664.9 378.1 700.4 407.4 671.1 442.9 storage-tank 0
508.7 308.6 542.3 277.1 579.3 316.4 545.7 347.9 storage-tank 0
554.6 783.0 597.8 808.2 556.4 879.0 513.2 853.8 ship 0
594.1 336.4 605.7 296.0 649.9 308.6 638.3 349.0 storage-tank 0
534.4 249.2 546.3 208.9 586.6 220.8 574.7 261.1 storage-tank 0
592.6 225.6 628.9 214.4 635.4 235.4 599.1 246.6 storage-tank 0
621.2 235.0 642.1 261.8 605.8 290.0 584.9 263.2 storage-tank 0
264.9 305.6 326.6 346.4 310.1 371.4 248.4 330.6 storage-tank 0
376.0 57.6 408.9 25.5 441.0 58.4 408.1 90.5 storage-tank 0
740.5 795.7 782.0 830.3 652.5 985.3 611.0 950.7 harbor 0
308.4 33.6 329.9 -7.1 370.6 14.4 349.1 55.1 storage-tank 0
224.0 799.9 238.9 773.9 296.2 806.6 281.3 832.7 ship 0
386.9 900.4 406.8 883.7 426.1 906.6 406.2 923.3 ship 0
541.6 947.2 542.9 969.2 512.9 970.9 511.7 948.9 ship 0
521.9 892.1 538.2 912.2 515.0 931.1 498.6 911.0 ship 0
372.6 848.2 392.7 870.4 373.4 887.8 353.3 865.6 ship 0
404.3 813.5 431.7 801.3 453.7 850.6 426.3 862.8 ship 0
251.6 200.1 294.2 217.4 281.4 248.9 238.8 231.6 storage-tank 0
327.2 186.8 347.5 150.0 387.8 172.2 367.5 209.0 storage-tank 0
359.6 151.7 371.4 111.3 419.4 125.3 407.6 165.7 storage-tank 0
286.5 111.4 306.2 78.8 345.5 102.6 325.8 135.2 storage-tank 0
