260.5 910.5 267.6 917.6 226.5 958.5 219.4 951.4 ship 0
339.1 974.1 348.3 984.7 292.5 1033.3 283.3 1022.7 ship 0
316.1 955.6 326.2 965.3 286.2 1007.3 276.1 997.6 ship 0
283.8 959.7 291.1 966.5 257.2 1003.3 249.9 996.5 ship 0
274.4 926.2 282.2 932.5 248.4 974.6 240.6 968.4 ship 0
187.3 864.6 207.0 881.5 171.7 922.4 152.0 905.5 ship 0
202.8 983.7 227.7 991.3 209.4 1050.6 184.6 1042.9 ship 0
178.9 850.1 186.5 856.6 143.3 906.6 135.8 900.0 ship 0
157.7 834.4 168.3 843.5 133.2 884.5 122.6 875.4 ship 0
88.6 870.5 99.4 879.5 41.9 948.8 31.2 939.8 ship 0
114.8 891.2 125.0 900.7 69.2 960.8 59.0 951.3 ship 0
122.4 903.6 147.7 926.3 103.6 975.4 78.3 952.7 ship 0
169.8 938.3 177.5 944.7 138.2 992.7 130.5 986.3 ship 0
185.9 957.1 193.1 963.9 153.3 1006.1 146.0 999.2 ship 0
212.0 969.3 219.3 976.1 163.0 1035.7 155.7 1028.9 ship 0
935.6 326.3 947.4 362.4 869.4 387.7 857.6 351.6 harbor 0
529.0 858.9 536.3 865.7 477.8 928.7 470.5 921.9 ship 0
510.0 846.1 519.6 856.3 489.1 885.2 479.5 875.0 ship 0
487.9 823.0 506.6 841.1 457.9 891.4 439.2 873.3 ship 0
418.7 650.1 515.5 710.4 419.2 864.8 322.4 804.5 harbor 0
416.3 465.4 461.2 417.0 670.7 611.6 625.8 660.0 harbor 0
433.9 97.2 455.9 71.3 567.1 165.8 545.1 191.7 harbor 0
1021.4 900.4 1023.4 930.3 929.6 936.6 927.6 906.7 ship 0
541.8 808.6 547.3 817.0 518.9 835.7 513.4 827.4 ship 0
670.3 668.8 679.7 679.2 642.4 712.6 633.1 702.2 ship 0
686.6 674.6 708.8 694.7 656.5 752.6 634.2 732.4 ship 0
290.3 563.4 322.2 590.8 286.9 631.7 255.1 604.3 ship 0
333.1 607.7 355.0 628.2 315.3 670.5 293.4 650.0 ship 0
395.2 646.4 417.2 666.8 372.4 715.2 350.4 694.8 ship 0
439.2 707.1 472.4 732.9 446.6 766.0 413.5 740.3 ship 0
494.2 743.0 504.8 752.1 474.8 787.0 464.2 777.9 ship 0
510.1 750.6 534.5 774.3 482.9 827.4 458.5 803.7 ship 0
570.2 824.7 572.4 834.4 531.5 843.8 529.2 834.0 ship 0
830.2 911.7 834.0 894.1 925.8 914.3 922.0 931.9 ship 0
593.2 809.1 603.9 818.1 571.5 856.3 560.9 847.2 ship 0
618.9 813.2 641.6 832.9 585.1 897.8 562.4 878.1 ship 0
264.8 616.7 269.5 620.5 202.7 702.9 198.0 699.1 ship 0
272.0 637.2 276.2 641.4 215.0 701.8 210.8 697.6 ship 0
296.8 661.6 312.2 677.3 262.3 726.4 246.9 710.7 ship 0
377.4 752.1 400.5 777.0 358.0 816.4 334.9 791.5 ship 0
407.6 766.0 430.4 785.4 364.5 863.2 341.6 843.8 ship 0
400.8 755.6 462.8 836.6 442.2 852.4 380.2 771.4 ship 0
634.7 613.6 658.9 637.5 606.8 690.1 582.6 666.2 ship 0
616.1 605.2 626.1 614.9 569.0 673.8 558.9 664.0 ship 0
573.1 575.1 594.3 596.3 527.9 662.9 506.7 641.7 ship 0
544.1 572.5 551.4 579.4 509.0 624.6 501.7 617.7 ship 0
870.3 854.6 909.9 878.1 896.7 900.4 857.1 876.9 ship 0
703.3 930.4 711.7 881.1 820.2 899.6 811.7 948.9 ship 0
1018.1 768.8 1021.6 798.6 932.2 809.2 928.7 779.4 ship 0
941.4 755.2 947.6 730.0 1003.9 743.8 997.7 769.0 ship 0
937.8 503.0 962.7 564.2 931.2 577.0 906.3 515.8 ship 0
944.7 504.4 963.1 471.2 1003.3 493.6 984.9 526.8 ship 0
919.9 478.7 925.5 508.2 856.8 521.3 851.2 491.8 ship 0
600.5 488.4 612.6 501.7 563.8 546.2 551.7 532.8 ship 0
610.2 513.6 640.3 536.7 609.8 576.4 579.7 553.3 ship 0
380.7 362.9 401.7 384.4 328.7 455.6 307.8 434.1 ship 0
385.4 409.0 395.2 419.0 339.1 473.3 329.4 463.2 ship 0
412.8 441.7 432.9 458.2 383.2 518.3 363.1 501.8 ship 0
737.9 611.4 765.5 637.5 714.6 691.2 687.0 665.1 ship 0
483.9 491.8 491.3 498.4 444.7 550.7 437.2 544.0 ship 0
502.8 497.3 521.2 515.7 463.2 573.7 444.8 555.3 ship 0
518.0 528.2 528.2 537.7 475.0 594.8 464.8 585.3 ship 0
538.4 540.6 548.9 549.7 508.3 596.6 497.7 587.4 ship 0
