686.7 524.0 688.0 525.6 686.5 526.9 685.2 525.3 ship 0
497.0 168.5 501.6 177.4 482.0 187.5 477.4 178.6 ship 0
258.9 108.3 259.7 110.2 257.9 111.0 257.1 109.1 ship 0
261.4 115.2 262.3 116.9 260.6 117.8 259.7 116.1 ship 0
261.7 124.1 262.5 125.9 260.7 126.8 259.9 125.0 ship 0
421.8 99.3 422.8 101.0 421.1 102.0 420.0 100.3 ship 0
585.7 27.2 589.1 40.8 563.8 47.0 560.5 33.4 ship 0
602.6 96.9 612.1 81.6 627.4 91.1 617.9 106.4 ship 0
488.9 169.6 489.9 171.4 488.1 172.4 487.1 170.6 ship 0
491.3 184.6 491.8 186.6 489.9 187.1 489.3 185.2 ship 0
691.1 531.0 692.2 532.7 690.5 533.7 689.4 532.0 ship 0
221.6 314.2 222.3 316.1 220.4 316.8 219.7 314.9 ship 0
230.5 314.4 234.1 323.7 213.5 331.6 209.9 322.3 ship 0
227.4 329.2 227.8 331.2 225.9 331.6 225.4 329.7 ship 0
142.7 435.0 144.2 456.9 114.3 459.0 112.8 437.1 ship 0
589.6 451.1 590.9 452.6 589.4 453.9 588.1 452.4 ship 0
679.2 508.9 680.3 510.6 678.6 511.7 677.5 510.0 ship 0
682.1 517.7 683.3 519.2 681.7 520.5 680.5 518.9 ship 0
255.7 103.5 256.5 101.7 258.3 102.5 257.5 104.3 ship 0
