797.5 813.5 808.7 805.1 843.5 851.5 832.3 859.9 tennis-court 0
809.6 808.4 813.9 799.4 891.4 836.6 887.1 845.6 tennis-court 0
849.4 791.2 860.0 782.0 908.6 837.8 898.0 847.0 tennis-court 0
878.1 790.3 884.0 782.3 936.9 821.7 931.0 829.7 tennis-court 0
670.2 976.3 772.9 918.3 817.2 996.6 714.4 1054.6 tennis-court 0
687.6 906.6 705.5 919.3 646.4 1002.4 628.5 989.7 basketball-court 0
598.5 878.7 608.5 863.8 706.5 929.5 696.5 944.5 basketball-court 0
448.8 935.7 454.9 943.6 409.2 979.3 403.1 971.4 tennis-court 0
406.1 983.3 407.4 973.4 464.9 980.7 463.6 990.6 tennis-court 0
667.8 939.2 750.3 872.6 877.2 1029.8 794.7 1096.4 ground-track-field 0
