740.7 744.3 787.8 784.6 742.3 837.7 695.2 797.4 plane 0
658.8 516.3 706.0 542.5 633.2 673.7 586.0 647.5 plane 0
464.1 563.5 532.7 549.5 552.3 645.6 483.7 659.5 plane 0
292.8 735.2 328.4 674.9 416.2 726.8 380.6 787.1 plane 0
375.7 544.8 437.5 598.7 396.8 645.5 335.0 591.6 plane 0
272.1 358.1 313.4 323.2 368.9 388.9 327.6 423.8 plane 0
736.3 905.7 761.4 844.7 818.7 868.3 793.6 929.3 plane 0
820.2 940.8 852.4 989.1 790.8 1030.2 758.6 981.9 plane 0
922.1 457.1 985.6 411.9 1026.2 468.9 962.6 514.1 plane 0
130.3 540.2 173.0 500.9 231.2 564.3 188.5 603.5 plane 0
