1001.4 923.8 1019.3 911.0 1032.1 929.0 1014.1 941.7 small-vehicle 0
472.5 985.8 480.0 956.7 493.5 960.2 486.0 989.3 small-vehicle 0
280.0 852.3 297.3 823.0 347.3 852.4 330.0 881.7 large-vehicle 0
348.2 849.6 351.6 879.4 317.8 883.4 314.4 853.6 small-vehicle 0
338.5 881.0 353.4 859.7 374.7 874.6 359.9 895.9 small-vehicle 0
358.7 893.8 379.0 877.5 390.3 891.6 370.0 907.8 small-vehicle 0
410.5 902.2 416.4 903.0 412.6 932.7 406.6 932.0 small-vehicle 0
459.9 940.5 484.0 950.4 474.1 974.5 450.0 964.6 small-vehicle 0
432.2 950.9 443.9 932.3 459.2 941.9 447.4 960.5 small-vehicle 0
410.7 938.4 427.6 918.6 438.3 927.6 421.4 947.4 small-vehicle 0
523.0 382.1 781.5 84.9 1015.4 288.3 756.9 585.6 soccer-ball-field 0
