180.6 652.0 183.8 657.1 151.4 677.0 148.2 671.9 small-vehicle 0
181.5 676.4 183.0 650.4 205.0 651.7 203.5 677.6 small-vehicle 0
28.3 604.3 36.2 598.3 73.7 647.7 65.8 653.7 small-vehicle 0
47.3 601.9 54.6 595.0 86.1 628.6 78.8 635.4 small-vehicle 0
58.1 589.8 64.8 582.4 98.9 613.2 92.2 620.6 small-vehicle 0
73.7 575.2 81.0 568.3 115.3 604.8 108.0 611.7 small-vehicle 0
88.2 566.8 94.6 559.1 126.8 586.2 120.3 593.8 small-vehicle 0
121.4 573.9 142.9 552.9 191.7 603.0 170.3 624.0 small-vehicle 0
164.6 546.3 181.6 560.2 167.8 577.3 150.7 563.4 small-vehicle 0
189.5 563.2 194.3 572.0 175.1 582.6 170.2 573.8 small-vehicle 0
207.2 570.2 214.1 577.4 186.8 603.8 179.9 596.6 small-vehicle 0
223.4 962.1 237.9 988.3 194.2 1012.6 179.7 986.4 small-vehicle 0
422.9 869.7 443.7 854.1 464.1 881.3 443.3 896.9 small-vehicle 0
371.2 750.0 397.1 752.9 393.7 782.7 367.9 779.8 small-vehicle 0
403.3 778.4 425.7 758.3 453.7 789.6 431.3 809.7 small-vehicle 0
372.8 811.3 396.9 787.3 418.1 808.6 393.9 832.6 small-vehicle 0
468.6 827.2 475.7 820.1 502.6 847.0 495.6 854.1 small-vehicle 0
453.8 840.7 461.0 833.8 487.2 861.3 480.0 868.2 small-vehicle 0
437.5 853.4 444.1 846.0 478.5 876.6 471.9 884.0 small-vehicle 0
840.7 958.0 858.2 938.7 889.3 967.0 871.8 986.3 small-vehicle 0
435.7 984.2 458.3 1003.9 433.3 1032.6 410.7 1012.8 small-vehicle 0
748.2 709.6 770.7 729.5 745.6 758.0 723.1 738.1 small-vehicle 0
691.4 792.0 706.5 818.0 673.6 837.0 658.5 811.0 small-vehicle 0
9.3 607.1 70.5 616.8 62.1 670.1 0.8 660.5 large-vehicle 0
17.6 358.8 31.8 380.6 3.4 399.2 -10.8 377.4 large-vehicle 0
39.5 587.5 160.1 479.4 209.5 534.5 88.9 642.6 large-vehicle 0
97.8 668.6 134.7 648.6 147.1 671.5 110.2 691.5 large-vehicle 0
196.9 900.1 223.3 921.6 194.3 957.3 167.9 935.8 large-vehicle 0
156.7 1030.5 190.1 978.3 215.3 994.5 181.9 1046.7 large-vehicle 0
163.1 402.6 164.4 404.1 162.9 405.4 161.6 403.9 roundabout 0
265.7 651.9 287.3 631.0 319.3 664.1 297.7 685.0 large-vehicle 0
821.3 186.0 854.3 167.1 873.2 200.0 840.2 219.0 large-vehicle 0
610.9 -0.8 626.3 14.9 599.2 41.5 583.8 25.8 small-vehicle 0
277.7 67.0 283.7 67.3 281.4 117.2 275.4 116.9 small-vehicle 0
279.3 54.2 293.3 76.1 261.3 96.5 247.3 74.6 small-vehicle 0
853.0 648.8 865.4 661.9 829.0 696.2 816.6 683.1 small-vehicle 0
904.4 602.9 912.6 608.6 904.6 620.1 896.4 614.4 small-vehicle 0
945.4 558.7 963.1 582.9 929.2 607.7 911.5 583.4 small-vehicle 0
966.2 537.8 984.3 556.5 965.6 574.6 947.5 555.8 small-vehicle 0
999.0 507.5 1019.5 529.4 997.7 549.9 977.1 528.1 small-vehicle 0
