509.4 876.9 547.4 875.2 548.6 901.1 510.6 902.8 roundabout 0
640.1 349.9 662.3 336.4 675.8 358.7 653.6 372.1 large-vehicle 0
620.6 36.7 622.5 31.0 662.4 44.3 660.5 50.0 small-vehicle 0
639.0 90.5 642.8 85.8 669.0 107.5 665.2 112.2 small-vehicle 0
657.7 112.2 684.8 132.7 664.3 159.8 637.2 139.3 small-vehicle 0
628.5 291.5 653.1 283.1 668.0 326.6 643.4 335.0 small-vehicle 0
673.9 472.1 690.9 491.8 665.1 513.9 648.1 494.2 small-vehicle 0
529.5 422.9 557.6 403.9 576.7 432.0 548.5 451.1 small-vehicle 0
546.3 379.1 567.1 394.7 546.7 421.9 525.9 406.3 small-vehicle 0
547.6 350.0 559.6 377.5 528.4 391.0 516.4 363.5 small-vehicle 0
422.9 391.9 424.7 382.1 462.1 389.1 460.3 398.9 small-vehicle 0
449.5 357.6 453.2 367.0 421.5 379.4 417.8 370.0 small-vehicle 0
444.0 314.2 449.2 322.7 416.9 342.6 411.7 334.1 small-vehicle 0
439.7 296.2 445.4 304.5 414.1 326.0 408.4 317.7 small-vehicle 0
506.3 255.0 531.2 271.8 514.3 296.6 489.5 279.8 small-vehicle 0
421.2 185.6 424.9 194.9 385.8 210.4 382.1 201.1 small-vehicle 0
422.7 206.2 425.6 215.8 385.3 227.8 382.4 218.2 small-vehicle 0
514.8 187.5 516.0 197.4 482.2 201.5 481.0 191.6 small-vehicle 0
395.2 251.7 425.6 236.4 433.7 252.5 403.3 267.8 small-vehicle 0
503.6 162.3 508.4 166.0 487.4 192.7 482.6 189.0 small-vehicle 0
491.1 240.1 516.6 217.6 525.8 228.0 500.4 250.6 small-vehicle 0
501.2 243.0 526.7 248.3 523.8 262.0 498.3 256.7 small-vehicle 0
400.3 270.4 432.8 260.6 438.0 277.9 405.4 287.6 small-vehicle 0
415.9 342.4 441.3 336.7 444.3 350.4 419.0 356.1 small-vehicle 0
497.6 581.6 507.4 596.7 475.5 617.4 465.7 602.2 small-vehicle 0
561.0 13.1 589.4 -5.5 608.0 22.9 579.6 41.5 small-vehicle 0
456.3 869.0 485.3 876.6 476.7 909.5 447.7 901.9 small-vehicle 0
887.6 456.0 905.7 474.7 878.4 501.0 860.3 482.3 small-vehicle 0
660.0 59.5 665.0 62.8 644.0 94.5 639.0 91.2 small-vehicle 0
650.5 8.2 655.7 16.7 620.0 38.9 614.8 30.4 small-vehicle 0
