667.8 48.4 671.7 66.0 556.6 91.6 552.7 74.1 large-vehicle 0
682.0 460.0 690.3 505.2 609.7 520.0 601.4 474.8 large-vehicle 0
595.2 411.7 608.4 384.8 674.8 417.3 661.6 444.2 large-vehicle 0
680.6 375.9 682.3 389.7 601.0 400.2 599.2 386.3 large-vehicle 0
677.7 338.2 682.1 347.2 601.3 386.8 596.9 377.8 large-vehicle 0
673.2 312.0 677.8 325.2 604.2 351.0 599.6 337.8 large-vehicle 0
678.5 289.1 681.5 302.8 593.4 321.6 590.5 307.9 large-vehicle 0
677.4 143.0 678.5 177.0 552.6 181.0 551.5 147.0 large-vehicle 0
551.9 138.0 555.2 104.2 676.7 116.0 673.4 149.8 large-vehicle 0
188.2 755.1 216.2 735.7 269.8 812.9 241.8 832.3 large-vehicle 0
671.0 866.6 697.4 888.0 676.0 914.4 649.6 893.0 small-vehicle 0
252.3 827.2 286.1 823.3 293.7 888.8 259.9 892.7 large-vehicle 0
266.7 903.5 304.4 870.7 358.3 932.5 320.6 965.3 large-vehicle 0
326.6 989.5 361.1 959.0 399.4 1002.5 364.9 1033.0 large-vehicle 0
673.7 989.8 689.2 1010.7 652.3 1038.2 636.8 1017.3 large-vehicle 0
686.7 549.8 692.4 603.5 571.1 616.2 565.4 562.5 large-vehicle 0
566.9 656.3 569.6 626.4 691.1 637.5 688.4 667.4 large-vehicle 0
676.1 651.2 683.2 663.3 622.9 698.8 615.8 686.7 large-vehicle 0
705.5 675.5 710.8 688.4 612.7 728.5 607.4 715.6 large-vehicle 0
489.7 927.8 511.2 948.8 490.2 970.2 468.8 949.3 small-vehicle 0
389.1 441.7 394.3 438.7 414.9 475.3 409.7 478.3 small-vehicle 0
407.9 404.1 434.6 436.6 402.1 463.2 375.5 430.7 small-vehicle 0
91.0 515.1 219.4 495.3 227.1 544.7 98.6 564.5 large-vehicle 0
680.6 962.7 687.8 969.7 669.6 988.3 662.5 981.3 large-vehicle 0
692.2 906.4 696.3 910.9 647.8 955.6 643.7 951.1 large-vehicle 0
643.5 74.3 657.4 76.1 651.5 121.7 637.6 119.9 large-vehicle 0
584.2 21.8 592.6 10.5 632.8 40.2 624.4 51.5 large-vehicle 0
383.3 414.2 425.1 395.1 431.0 407.8 389.1 426.9 large-vehicle 0
427.5 372.4 432.8 380.9 390.5 407.6 385.2 399.1 large-vehicle 0
442.1 359.1 443.7 369.0 374.5 379.8 372.9 370.0 large-vehicle 0
377.4 342.6 434.5 332.6 437.6 350.4 380.5 360.4 large-vehicle 0
379.4 325.8 381.0 311.9 434.6 318.2 433.0 332.1 large-vehicle 0
376.9 292.0 380.1 282.5 435.1 301.0 431.9 310.5 large-vehicle 0
430.9 259.8 433.6 269.5 377.7 285.1 375.0 275.5 large-vehicle 0
697.1 947.6 697.6 957.6 639.7 960.4 639.2 950.4 large-vehicle 0
448.5 220.0 451.9 225.0 380.5 273.0 377.1 268.0 large-vehicle 0
