901.6 79.0 928.5 58.2 961.4 101.0 934.5 121.8 large-vehicle 0
869.4 49.0 893.9 31.6 920.6 69.0 896.1 86.4 large-vehicle 0
856.8 662.8 858.7 662.3 859.2 664.2 857.3 664.7 large-vehicle 0
-1.8 331.3 23.1 338.8 15.6 363.7 -9.3 356.2 large-vehicle 0
28.8 327.7 42.7 329.8 36.8 367.4 23.0 365.2 large-vehicle 0
836.4 296.8 841.6 322.3 808.3 329.1 803.0 303.7 large-vehicle 0
345.9 26.8 371.4 22.0 380.0 67.1 354.5 72.0 large-vehicle 0
715.6 325.5 765.3 320.6 768.3 350.4 718.5 355.3 large-vehicle 0
533.2 707.9 535.1 682.0 648.8 690.1 646.9 716.0 large-vehicle 0
613.5 320.8 624.7 339.7 595.5 357.2 584.3 338.3 large-vehicle 0
559.2 305.6 587.1 325.1 563.0 359.5 535.1 340.0 large-vehicle 0
508.6 64.8 533.6 48.2 563.4 93.2 538.4 109.8 large-vehicle 0
474.3 327.0 490.8 319.6 503.0 347.0 486.6 354.4 large-vehicle 0
425.9 314.3 455.9 315.7 454.1 353.7 424.1 352.3 large-vehicle 0
253.7 3.2 269.6 18.4 243.3 45.8 227.4 30.6 large-vehicle 0
48.0 328.1 57.1 324.0 76.0 365.9 66.9 370.0 large-vehicle 0
83.8 323.0 93.4 325.7 81.2 370.0 71.6 367.3 large-vehicle 0
103.4 19.8 124.2 27.1 112.8 59.2 92.1 51.8 large-vehicle 0
641.3 148.5 675.3 149.2 674.8 179.2 640.8 178.5 small-vehicle 0
1005.5 159.9 1021.6 152.0 1029.5 168.1 1013.4 176.0 small-vehicle 0
509.6 17.8 528.6 0.0 557.3 30.7 538.3 48.5 small-vehicle 0
718.5 192.0 743.9 186.6 751.7 223.8 726.2 229.2 small-vehicle 0
67.1 631.9 71.1 649.4 38.0 657.0 34.0 639.4 small-vehicle 0
55.6 547.5 57.7 557.3 24.4 564.5 22.3 554.7 small-vehicle 0
51.0 562.6 55.9 566.2 35.6 593.5 30.8 589.9 small-vehicle 0
78.5 318.0 135.7 327.5 129.5 365.0 72.3 355.5 small-vehicle 0
695.2 184.7 721.2 185.4 719.9 231.4 693.9 230.7 small-vehicle 0
676.5 182.1 686.5 181.9 687.5 235.9 677.5 236.1 small-vehicle 0
657.5 184.2 667.5 184.0 668.3 234.0 658.3 234.2 small-vehicle 0
512.1 298.2 541.6 303.4 532.9 352.6 503.4 347.4 small-vehicle 0
779.5 1006.1 804.7 989.8 814.4 1005.0 789.2 1021.2 small-vehicle 0
761.9 974.6 779.4 970.3 787.5 1003.3 770.0 1007.6 small-vehicle 0
731.7 942.9 761.1 948.7 755.3 978.1 725.9 972.3 small-vehicle 0
