14.4 983.1 34.0 993.1 16.6 1026.9 -3.0 1016.9 large-vehicle 0
74.1 964.9 88.1 965.1 86.9 1039.1 72.9 1038.9 large-vehicle 0
101.8 963.5 119.8 962.6 123.2 1036.5 105.2 1037.4 large-vehicle 0
126.2 981.8 137.7 973.7 168.7 1017.9 157.3 1026.0 large-vehicle 0
214.6 972.1 256.3 952.8 287.4 1019.9 245.7 1039.2 large-vehicle 0
1027.2 503.8 1037.3 532.0 997.8 546.2 987.7 518.0 large-vehicle 0
516.2 97.0 537.8 123.2 477.7 172.9 456.0 146.7 large-vehicle 0
599.0 28.9 648.7 34.3 627.0 231.2 577.3 225.7 large-vehicle 0
331.1 952.8 364.9 949.6 372.9 1035.2 339.1 1038.4 large-vehicle 0
407.2 960.8 421.1 959.3 429.8 1036.8 415.9 1038.3 large-vehicle 0
429.9 957.2 443.3 953.1 466.1 1027.7 452.7 1031.8 large-vehicle 0
477.8 954.2 491.4 957.6 473.3 1029.4 459.7 1026.0 large-vehicle 0
497.7 948.3 511.7 948.1 513.3 1038.1 499.3 1038.3 large-vehicle 0
676.8 932.0 741.8 958.0 715.8 1023.0 650.8 997.0 large-vehicle 0
786.6 934.3 816.5 931.2 825.4 1016.7 795.5 1019.8 large-vehicle 0
837.0 934.2 854.8 937.1 840.1 1025.9 822.3 1022.9 large-vehicle 0
839.7 944.3 853.6 932.8 918.3 1011.7 904.4 1023.2 large-vehicle 0
908.0 957.2 951.2 941.5 971.0 996.1 927.7 1011.7 large-vehicle 0
