29.7 874.5 55.3 897.0 14.3 943.5 -11.3 921.0 large-vehicle 0
-12.9 731.4 11.0 707.3 74.9 770.6 51.0 794.7 large-vehicle 0
208.4 514.3 233.8 491.6 309.6 576.7 284.2 599.4 large-vehicle 0
184.2 536.9 207.1 517.6 275.4 598.7 252.4 618.0 large-vehicle 0
145.8 560.0 171.5 537.6 270.1 650.6 244.5 673.0 large-vehicle 0
162.5 637.6 190.1 617.8 226.3 668.1 198.7 688.0 large-vehicle 0
104.7 618.5 127.8 599.5 154.6 631.8 131.4 650.9 large-vehicle 0
63.0 631.4 84.8 610.8 149.4 679.2 127.6 699.8 large-vehicle 0
29.5 645.5 55.7 623.7 120.9 702.2 94.7 723.9 large-vehicle 0
718.6 767.8 740.3 799.1 679.4 841.2 657.8 810.0 large-vehicle 0
713.1 632.1 734.2 658.7 622.9 746.9 601.8 720.3 large-vehicle 0
630.5 540.1 652.3 566.2 573.9 631.5 552.1 605.4 large-vehicle 0
595.3 510.0 621.2 537.7 543.7 610.0 517.8 582.3 large-vehicle 0
577.4 476.9 601.9 506.0 523.8 571.6 499.4 542.5 large-vehicle 0
539.4 461.4 563.0 491.2 495.6 544.6 472.0 514.8 large-vehicle 0
509.1 423.5 540.4 451.4 488.6 509.7 457.2 481.8 large-vehicle 0
489.7 393.9 515.9 421.4 459.3 475.1 433.1 447.6 large-vehicle 0
506.6 345.5 526.1 368.4 448.4 434.5 428.9 411.6 large-vehicle 0
452.5 330.4 476.3 360.0 409.1 413.8 385.4 384.1 large-vehicle 0
459.0 272.3 483.4 301.4 386.9 382.4 362.5 353.3 large-vehicle 0
443.5 232.3 468.5 260.9 382.6 335.9 357.6 307.3 large-vehicle 0
392.1 222.7 418.5 250.1 353.6 312.5 327.3 285.1 large-vehicle 0
385.8 181.7 411.6 209.5 331.1 284.4 305.2 256.6 large-vehicle 0
387.3 143.5 406.9 166.3 350.7 214.5 331.1 191.7 large-vehicle 0
191.2 122.7 211.3 106.3 263.2 169.8 243.0 186.3 large-vehicle 0
163.5 159.5 188.2 136.2 247.3 198.7 222.6 222.0 large-vehicle 0
141.2 186.3 163.1 165.8 213.6 219.9 191.7 240.4 large-vehicle 0
105.6 210.3 131.6 188.4 197.4 266.3 171.4 288.2 large-vehicle 0
72.5 229.9 100.4 204.1 164.2 273.2 136.2 299.0 large-vehicle 0
39.2 235.9 66.8 216.1 116.8 286.1 89.2 305.9 large-vehicle 0
7.0 258.4 33.2 236.8 87.9 303.1 61.7 324.7 large-vehicle 0
