714.5 76.6 719.3 67.8 745.6 82.2 740.8 91.0 small-vehicle 0
218.0 513.1 228.6 536.9 215.8 542.6 205.2 518.9 small-vehicle 0
32.5 346.6 41.3 351.3 21.5 388.4 12.7 383.7 small-vehicle 0
23.5 350.9 29.4 342.8 76.2 377.0 70.4 385.1 small-vehicle 0
82.0 340.4 90.6 345.6 68.9 381.5 60.3 376.4 small-vehicle 0
115.6 342.2 119.6 346.7 79.2 382.4 75.2 377.9 small-vehicle 0
123.5 339.9 133.1 342.9 121.5 379.1 111.9 376.1 small-vehicle 0
149.1 345.3 157.1 351.3 136.9 378.6 128.9 372.7 small-vehicle 0
171.9 336.2 191.5 364.0 173.5 376.6 153.9 348.8 small-vehicle 0
56.0 419.6 84.4 409.7 110.0 483.4 81.6 493.3 large-vehicle 0
148.9 512.8 174.5 517.6 166.1 562.8 140.5 558.0 small-vehicle 0
167.5 555.0 170.8 521.2 188.7 522.9 185.5 556.8 small-vehicle 0
188.4 522.1 197.8 518.7 209.5 550.6 200.1 554.1 small-vehicle 0
275.6 496.6 279.8 500.9 238.4 541.4 234.2 537.1 small-vehicle 0
275.6 492.5 301.3 530.7 286.4 540.7 260.7 502.6 small-vehicle 0
289.3 502.6 294.5 494.1 327.0 513.9 321.7 522.5 small-vehicle 0
313.5 490.8 320.1 483.3 351.6 511.1 345.0 518.6 small-vehicle 0
195.2 424.9 217.8 437.8 195.0 477.7 172.4 464.8 small-vehicle 0
227.4 442.3 233.3 450.3 202.6 472.7 196.7 464.7 small-vehicle 0
193.7 418.5 215.3 404.1 227.6 422.3 206.0 436.8 small-vehicle 0
247.1 449.0 252.4 436.1 283.9 449.0 278.6 461.9 small-vehicle 0
332.8 398.0 366.8 415.0 353.4 441.8 319.4 424.8 small-vehicle 0
344.2 356.9 365.1 378.4 337.9 404.9 317.0 383.4 small-vehicle 0
237.5 333.1 239.7 367.0 205.8 369.2 203.6 335.3 small-vehicle 0
272.6 323.1 293.7 338.3 269.0 372.3 248.0 357.1 small-vehicle 0
297.5 320.6 307.1 323.5 293.5 367.4 283.9 364.5 small-vehicle 0
102.0 230.8 127.3 214.8 160.5 267.1 135.1 283.2 large-vehicle 0
160.6 201.7 174.5 203.5 163.4 288.8 149.6 287.0 large-vehicle 0
724.7 25.2 730.4 23.2 739.1 47.7 733.5 49.7 small-vehicle 0
130.2 974.4 142.8 980.6 119.1 1029.1 106.5 1023.0 large-vehicle 0
154.7 970.0 172.4 973.1 160.3 1042.0 142.6 1038.9 large-vehicle 0
239.2 946.3 273.2 946.4 272.8 1052.4 238.8 1052.3 large-vehicle 0
267.0 941.9 284.6 937.8 307.5 1037.2 290.0 1041.2 large-vehicle 0
329.2 957.6 341.5 964.4 313.5 1015.2 301.2 1008.4 large-vehicle 0
331.3 952.5 344.2 947.1 372.8 1015.3 359.9 1020.7 large-vehicle 0
395.1 983.4 424.1 965.7 445.9 1001.6 416.9 1019.3 small-vehicle 0
493.0 907.0 500.1 900.0 540.9 941.2 533.8 948.2 large-vehicle 0
503.0 940.9 511.0 934.9 521.8 949.3 513.8 955.3 large-vehicle 0
496.8 955.3 501.3 951.5 536.2 992.7 531.7 996.5 large-vehicle 0
198.9 219.8 224.8 204.7 256.1 258.2 230.2 273.3 large-vehicle 0
227.4 214.4 256.3 196.4 295.5 259.1 266.6 277.1 large-vehicle 0
272.6 210.9 284.2 203.0 314.5 247.7 302.9 255.6 large-vehicle 0
628.9 372.1 633.9 380.8 601.1 399.9 596.1 391.2 small-vehicle 0
568.4 886.3 571.6 895.8 539.5 906.7 536.2 897.2 small-vehicle 0
568.1 903.6 572.0 912.8 536.9 927.4 533.0 918.2 small-vehicle 0
556.9 915.6 577.6 931.3 557.1 958.4 536.4 942.7 small-vehicle 0
700.1 848.4 707.9 869.0 679.9 879.6 672.1 859.1 small-vehicle 0
647.4 805.0 664.5 829.6 636.6 849.0 619.5 824.4 small-vehicle 0
738.1 813.6 766.4 823.5 756.6 851.8 728.2 842.0 small-vehicle 0
796.5 760.5 801.7 769.0 769.5 789.0 764.2 780.5 small-vehicle 0
799.2 746.9 801.1 756.7 763.8 764.1 761.9 754.3 small-vehicle 0
759.1 735.8 760.8 725.9 798.2 732.3 796.6 742.1 small-vehicle 0
796.1 706.7 796.8 716.7 762.9 719.3 762.2 709.3 small-vehicle 0
746.2 648.3 780.1 631.2 791.8 654.4 757.9 671.5 small-vehicle 0
754.1 590.9 788.1 592.2 786.5 634.1 752.5 632.9 small-vehicle 0
741.9 561.5 776.8 546.5 791.7 581.5 756.8 596.4 small-vehicle 0
726.9 378.5 755.0 359.5 774.1 387.6 746.0 406.7 small-vehicle 0
589.7 402.8 592.7 393.2 640.3 408.2 637.3 417.8 small-vehicle 0
295.8 206.9 326.3 191.7 359.3 257.9 328.8 273.1 large-vehicle 0
593.4 448.8 614.9 427.9 638.6 452.2 617.1 473.1 small-vehicle 0
627.6 485.1 647.4 507.6 618.9 532.7 599.0 510.2 small-vehicle 0
649.1 526.2 661.2 503.2 698.4 522.7 686.3 545.8 small-vehicle 0
653.4 537.5 659.2 529.4 696.6 556.2 690.8 564.3 small-vehicle 0
654.6 565.2 658.7 556.1 693.3 571.8 689.2 580.9 small-vehicle 0
662.9 593.3 668.5 585.1 690.1 599.7 684.5 607.9 small-vehicle 0
653.3 636.7 663.3 617.1 700.7 636.3 690.7 655.9 small-vehicle 0
619.5 620.4 647.1 640.2 629.5 664.6 601.9 644.8 small-vehicle 0
649.0 648.8 681.2 669.0 663.1 697.8 630.9 677.6 small-vehicle 0
711.9 43.3 716.1 39.1 743.2 65.7 739.0 70.0 small-vehicle 0
534.5 858.0 568.4 860.1 566.5 890.0 532.6 887.9 small-vehicle 0
534.7 853.1 562.5 841.8 567.8 854.8 540.0 866.0 small-vehicle 0
551.2 812.7 556.7 814.9 542.7 850.2 537.1 848.0 small-vehicle 0
555.2 770.2 560.1 773.6 531.8 814.8 526.9 811.4 small-vehicle 0
345.3 191.6 363.1 189.1 372.7 258.4 354.9 260.9 large-vehicle 0
365.4 206.4 397.4 194.9 417.0 249.5 385.0 261.0 large-vehicle 0
11.3 48.7 32.6 43.3 49.8 111.1 28.4 116.5 large-vehicle 0
83.3 30.1 108.6 24.2 130.7 119.7 105.4 125.5 large-vehicle 0
311.2 13.9 337.2 13.2 339.4 95.2 313.4 95.9 large-vehicle 0
399.8 196.7 427.1 184.2 456.2 247.9 429.0 260.4 large-vehicle 0
438.3 184.8 471.4 177.0 486.7 241.2 453.6 249.0 large-vehicle 0
474.2 195.1 483.0 190.4 508.6 238.0 499.8 242.7 large-vehicle 0
510.3 171.1 524.2 169.5 533.7 250.9 519.8 252.5 large-vehicle 0
494.3 13.7 532.3 14.4 531.3 68.4 493.3 67.6 large-vehicle 0
571.0 2.0 600.9 0.3 604.9 70.2 575.0 71.9 large-vehicle 0
529.7 345.6 530.2 355.6 496.3 357.4 495.8 347.4 small-vehicle 0
468.7 353.2 505.7 373.0 493.4 395.9 456.4 376.1 small-vehicle 0
507.6 381.0 511.6 376.6 539.6 402.2 535.6 406.7 small-vehicle 0
507.4 399.2 511.9 395.2 539.6 426.8 535.1 430.8 small-vehicle 0
506.8 430.1 536.0 423.2 539.2 436.8 510.0 443.7 small-vehicle 0
525.6 445.9 531.1 448.4 525.2 461.1 519.8 458.6 small-vehicle 0
515.8 456.6 543.4 468.5 533.2 492.4 505.6 480.5 small-vehicle 0
526.1 481.4 541.6 502.3 523.9 515.4 508.4 494.6 small-vehicle 0
474.0 505.4 503.8 488.9 528.0 532.7 498.3 549.1 small-vehicle 0
531.8 516.6 553.2 543.1 539.2 554.4 517.8 527.9 small-vehicle 0
540.1 543.1 544.3 552.2 498.9 573.1 494.7 564.0 small-vehicle 0
513.2 566.6 541.9 557.7 550.8 586.4 522.1 595.2 small-vehicle 0
484.5 629.1 507.9 604.5 532.5 627.9 509.1 652.5 small-vehicle 0
585.4 531.3 600.2 541.6 576.3 576.1 561.5 565.9 small-vehicle 0
562.2 701.3 562.7 711.3 516.8 713.7 516.3 703.7 small-vehicle 0
521.0 715.7 525.0 711.3 559.0 742.3 555.0 746.7 small-vehicle 0
536.8 746.8 541.3 742.8 553.2 756.2 548.7 760.2 small-vehicle 0
557.8 763.0 560.6 772.6 531.8 781.0 529.0 771.4 small-vehicle 0
