177.6 65.8 181.9 79.1 107.7 103.1 103.4 89.8 large-vehicle 0
473.0 82.5 492.3 105.4 417.5 168.6 398.1 145.7 large-vehicle 0
382.6 16.4 416.2 58.7 370.7 94.7 337.2 52.4 large-vehicle 0
423.0 83.0 441.9 111.3 387.0 148.0 368.1 119.7 large-vehicle 0
143.0 152.6 145.0 122.7 210.8 127.1 208.8 157.1 large-vehicle 0
189.1 75.1 206.3 104.4 139.0 143.9 121.8 114.6 large-vehicle 0
39.9 110.9 66.2 89.3 113.2 146.4 86.9 168.0 large-vehicle 0
693.0 849.7 715.7 875.0 631.0 951.3 608.3 926.0 large-vehicle 0
720.6 883.1 742.0 909.6 650.4 983.9 629.0 957.4 large-vehicle 0
674.0 820.3 696.0 846.3 612.0 917.3 590.1 891.3 large-vehicle 0
657.4 208.7 676.3 232.1 534.6 346.3 515.7 322.9 large-vehicle 0
638.9 173.1 659.6 200.0 509.1 315.9 488.4 289.0 large-vehicle 0
611.1 139.7 632.8 165.9 492.9 282.3 471.2 256.1 large-vehicle 0
648.9 792.6 672.8 816.9 600.1 888.4 576.2 864.1 large-vehicle 0
1032.9 872.3 1051.6 895.7 956.1 971.7 937.4 948.3 large-vehicle 0
952.3 838.9 969.8 858.2 915.0 907.9 897.5 888.6 large-vehicle 0
985.4 767.4 998.9 784.8 927.9 840.0 914.4 822.7 large-vehicle 0
922.0 650.5 941.7 673.1 822.5 776.8 802.8 754.2 large-vehicle 0
919.6 608.4 941.7 634.2 821.6 736.9 799.5 711.1 large-vehicle 0
882.7 565.8 903.2 592.9 777.3 688.2 756.8 661.1 large-vehicle 0
855.2 520.4 873.8 544.0 728.0 659.5 709.4 635.9 large-vehicle 0
503.7 621.1 530.3 600.0 576.3 657.9 549.7 679.0 large-vehicle 0
605.4 729.2 614.5 739.9 536.6 805.8 527.5 795.1 large-vehicle 0
612.5 758.7 622.0 769.0 552.5 832.3 543.0 822.0 large-vehicle 0
639.7 777.7 648.8 788.4 568.3 857.3 559.2 846.6 large-vehicle 0
