432.1 843.8 454.9 818.5 518.8 876.1 496.0 901.4 large-vehicle 0
410.4 866.5 432.8 840.9 497.6 897.5 475.2 923.1 large-vehicle 0
394.2 890.1 414.5 868.0 471.8 920.9 451.5 943.0 large-vehicle 0
312.4 987.6 331.6 964.5 391.6 1014.4 372.4 1037.5 large-vehicle 0
326.4 962.0 347.9 935.7 414.6 990.0 393.1 1016.3 large-vehicle 0
348.4 929.7 357.8 919.3 427.6 982.3 418.2 992.7 large-vehicle 0
1015.7 186.6 1030.6 212.7 973.3 245.4 958.4 219.3 large-vehicle 0
522.0 756.3 545.6 731.8 613.3 797.0 589.7 821.5 large-vehicle 0
947.2 222.4 963.4 252.3 930.1 270.4 913.8 240.6 large-vehicle 0
910.5 257.4 923.5 279.9 873.2 308.8 860.3 286.2 large-vehicle 0
859.4 287.3 875.8 317.1 825.0 345.0 808.6 315.3 large-vehicle 0
796.9 328.4 813.8 353.2 775.8 379.1 758.9 354.3 large-vehicle 0
748.4 360.0 767.6 388.1 706.6 430.0 687.4 401.9 large-vehicle 0
694.9 400.4 712.6 424.6 646.4 473.0 628.7 448.7 large-vehicle 0
624.2 455.9 645.1 482.8 608.8 511.1 587.9 484.2 large-vehicle 0
546.3 523.9 568.5 549.7 536.7 577.1 514.5 551.3 large-vehicle 0
496.4 567.1 516.4 589.4 485.1 617.4 465.1 595.1 large-vehicle 0
449.1 610.6 473.0 634.8 445.9 661.4 422.0 637.2 large-vehicle 0
411.9 652.6 432.1 674.8 404.1 700.4 383.9 678.2 large-vehicle 0
374.7 690.2 393.9 713.3 364.6 737.5 345.4 714.4 large-vehicle 0
330.1 727.1 356.3 748.8 332.1 778.1 305.9 756.4 large-vehicle 0
499.4 776.2 523.2 751.9 587.6 814.8 563.8 839.1 large-vehicle 0
544.0 732.1 564.5 710.2 624.4 766.2 603.9 788.1 large-vehicle 0
923.2 915.4 926.9 889.6 1008.1 901.6 1004.3 927.3 large-vehicle 0
978.0 965.0 988.0 945.4 1021.8 962.7 1011.8 982.3 large-vehicle 0
1030.4 909.8 1036.1 939.3 943.8 957.1 938.1 927.7 large-vehicle 0
715.2 962.1 740.4 933.6 792.8 979.9 767.6 1008.4 large-vehicle 0
570.3 702.5 580.2 692.6 635.2 747.9 625.3 757.8 large-vehicle 0
695.1 978.2 721.7 957.0 767.9 1014.8 741.3 1036.0 large-vehicle 0
664.4 998.7 685.1 971.7 734.3 1009.5 713.6 1036.4 large-vehicle 0
759.1 814.8 766.8 789.9 829.9 809.2 822.2 834.1 large-vehicle 0
805.9 754.3 818.8 776.9 751.1 815.7 738.2 793.1 large-vehicle 0
790.6 735.7 797.0 748.1 731.4 782.3 725.0 769.9 large-vehicle 0
770.6 701.5 785.1 727.7 713.4 767.5 698.9 741.3 large-vehicle 0
756.4 695.4 759.7 709.1 695.6 724.6 692.3 711.0 large-vehicle 0
690.8 621.8 714.2 651.7 681.1 677.6 657.7 647.7 large-vehicle 0
588.9 688.8 610.2 667.7 665.1 723.2 643.8 744.3 large-vehicle 0
267.8 809.9 293.9 762.6 320.2 777.1 294.1 824.4 large-vehicle 0
255.0 814.7 278.9 838.9 249.0 868.3 225.1 844.1 large-vehicle 0
207.0 883.8 229.7 909.2 174.5 958.5 151.9 933.1 large-vehicle 0
778.1 24.9 797.0 7.1 842.2 55.2 823.3 73.0 large-vehicle 0
658.4 239.6 679.4 207.9 727.7 240.0 706.7 271.6 large-vehicle 0
723.1 256.7 738.8 231.1 784.9 259.3 769.2 284.9 large-vehicle 0
696.9 218.6 712.9 193.2 741.7 211.3 725.7 236.7 large-vehicle 0
746.2 229.1 763.8 200.0 820.3 234.0 802.8 263.1 large-vehicle 0
785.9 205.3 804.6 176.9 853.1 208.7 834.4 237.1 large-vehicle 0
756.6 169.9 768.3 142.3 814.3 161.7 802.7 189.4 large-vehicle 0
816.8 180.6 833.6 155.7 885.0 190.4 868.2 215.3 large-vehicle 0
797.1 139.3 817.3 111.9 876.9 155.7 856.7 183.1 large-vehicle 0
864.0 167.3 878.8 136.6 941.8 167.0 927.1 197.6 large-vehicle 0
819.4 114.7 837.6 86.0 896.8 123.4 878.6 152.1 large-vehicle 0
890.8 134.8 909.5 111.3 958.1 149.8 939.4 173.3 large-vehicle 0
958.4 86.7 960.5 120.6 886.6 125.3 884.5 91.4 large-vehicle 0
909.0 68.7 924.1 47.6 981.0 88.5 965.8 109.6 large-vehicle 0
749.4 113.5 749.7 123.5 683.7 125.5 683.4 115.5 large-vehicle 0
137.5 975.6 159.3 996.2 119.5 1038.4 97.7 1017.8 large-vehicle 0
670.9 115.7 682.2 107.4 719.1 157.3 707.8 165.6 large-vehicle 0
587.3 -14.0 607.2 8.4 545.9 62.8 525.9 40.4 large-vehicle 0
23.1 955.4 50.6 935.3 70.6 962.8 43.2 982.8 large-vehicle 0
58.3 877.9 83.0 894.9 54.7 936.1 30.0 919.1 large-vehicle 0
81.0 815.9 104.3 840.6 73.8 869.5 50.4 844.8 large-vehicle 0
103.5 750.2 123.1 773.0 91.3 800.4 71.7 777.7 large-vehicle 0
88.4 732.7 107.4 677.9 143.3 690.3 124.3 745.1 large-vehicle 0
138.8 625.5 156.6 649.6 126.0 672.1 108.2 648.0 large-vehicle 0
121.9 584.2 149.8 558.4 172.9 583.3 145.0 609.2 large-vehicle 0
148.9 489.1 181.6 479.5 194.5 523.7 161.8 533.2 large-vehicle 0
224.6 340.3 248.2 364.8 212.2 399.5 188.6 375.0 large-vehicle 0
688.2 281.5 704.4 251.6 751.9 277.4 735.6 307.2 large-vehicle 0
610.4 262.7 627.0 233.1 684.6 265.3 668.0 294.9 large-vehicle 0
655.9 302.7 668.5 279.9 715.8 306.1 703.2 328.9 large-vehicle 0
585.8 286.5 602.8 261.8 650.6 294.6 633.7 319.3 large-vehicle 0
210.1 735.2 237.1 756.0 211.4 789.2 184.5 768.5 large-vehicle 0
160.0 774.3 184.7 791.3 160.9 825.9 136.2 808.9 large-vehicle 0
164.2 703.0 190.1 705.1 184.8 770.9 158.9 768.8 large-vehicle 0
266.3 679.2 285.8 702.0 235.7 744.8 216.2 722.0 large-vehicle 0
209.1 631.3 222.7 604.6 277.9 632.7 264.3 659.4 large-vehicle 0
281.5 633.8 290.2 618.0 337.5 644.1 328.8 659.9 large-vehicle 0
232.6 603.7 245.2 576.5 301.5 602.6 288.8 629.8 large-vehicle 0
300.8 613.5 309.9 584.9 369.0 603.6 359.9 632.2 large-vehicle 0
258.8 573.1 270.1 549.7 325.9 576.8 314.5 600.2 large-vehicle 0
328.4 584.8 342.6 553.8 391.7 576.4 377.5 607.3 large-vehicle 0
306.8 556.0 318.9 524.3 346.9 534.9 334.8 566.7 large-vehicle 0
355.0 555.1 372.4 521.3 424.0 547.9 406.6 581.7 large-vehicle 0
321.3 512.3 332.2 488.7 384.8 513.1 373.9 536.7 large-vehicle 0
382.2 523.1 396.8 492.3 452.8 518.9 438.2 549.7 large-vehicle 0
358.7 484.2 375.9 454.8 425.9 484.2 408.7 513.5 large-vehicle 0
377.3 457.9 388.6 430.1 449.7 455.1 438.4 482.9 large-vehicle 0
431.6 493.3 442.9 469.9 488.0 491.6 476.7 515.0 large-vehicle 0
527.6 459.5 547.2 482.2 506.4 517.5 486.8 494.8 large-vehicle 0
474.9 477.6 481.7 448.4 503.1 453.4 496.3 482.6 large-vehicle 0
569.9 423.6 586.2 457.9 541.1 479.4 524.8 445.1 large-vehicle 0
439.5 437.1 449.5 404.6 535.5 430.9 525.5 463.4 large-vehicle 0
462.9 401.8 474.6 369.9 570.3 405.1 558.6 437.0 large-vehicle 0
635.4 374.5 648.7 410.1 594.3 430.3 581.1 394.7 large-vehicle 0
498.6 375.1 508.9 346.9 593.4 377.9 583.1 406.1 large-vehicle 0
554.5 362.6 564.0 325.8 608.5 337.4 599.0 374.2 large-vehicle 0
550.0 312.9 570.5 280.9 629.4 318.8 608.8 350.7 large-vehicle 0
624.4 335.8 634.9 307.7 693.0 329.3 682.5 357.4 large-vehicle 0
862.8 940.0 886.8 915.9 936.4 965.3 912.4 989.4 large-vehicle 0
238.8 282.0 264.1 304.7 236.0 335.9 210.7 313.2 large-vehicle 0
