878.5 935.9 885.6 928.8 909.7 952.7 902.6 959.8 small-vehicle 0
607.9 758.3 630.8 733.2 641.1 742.7 618.2 767.8 small-vehicle 0
711.5 717.0 741.3 700.7 759.5 734.0 729.7 750.3 small-vehicle 0
674.1 692.9 711.4 666.0 735.9 700.1 698.6 727.0 small-vehicle 0
658.3 659.9 692.3 659.1 692.7 673.1 658.7 673.9 small-vehicle 0
677.1 632.0 683.9 639.3 655.9 665.0 649.1 657.7 small-vehicle 0
646.7 616.4 652.7 615.8 656.4 657.7 650.4 658.2 small-vehicle 0
604.9 604.0 638.1 596.4 642.1 614.0 608.9 621.6 small-vehicle 0
593.9 588.9 595.4 579.0 629.1 584.1 627.6 594.0 small-vehicle 0
538.1 640.3 552.7 618.8 587.4 642.4 572.8 663.9 small-vehicle 0
598.6 737.2 626.3 717.4 634.4 728.8 606.7 748.6 small-vehicle 0
680.2 775.7 687.6 782.5 661.8 810.3 654.4 803.5 small-vehicle 0
578.6 725.2 584.6 687.7 598.4 689.8 592.5 727.4 small-vehicle 0
583.4 680.5 589.9 688.2 560.7 712.5 554.3 704.8 small-vehicle 0
551.3 673.3 556.8 671.0 563.7 687.7 558.2 690.0 small-vehicle 0
553.5 652.9 560.3 660.2 532.5 686.1 525.7 678.8 small-vehicle 0
529.0 631.8 535.0 631.7 535.5 673.7 529.5 673.8 small-vehicle 0
503.4 651.8 519.2 621.7 531.6 628.2 515.8 658.3 small-vehicle 0
508.3 605.9 516.7 611.4 496.0 643.2 487.6 637.8 small-vehicle 0
469.2 613.5 501.5 593.6 508.8 605.5 476.5 625.4 small-vehicle 0
739.5 751.9 764.6 729.0 787.5 754.1 762.4 777.0 small-vehicle 0
666.5 816.8 689.3 791.6 699.7 800.9 676.9 826.2 small-vehicle 0
437.4 549.4 466.1 557.9 457.6 586.6 428.9 578.1 small-vehicle 0
935.7 784.6 945.5 782.8 950.3 808.4 940.5 810.2 small-vehicle 0
1002.2 870.8 1017.2 896.8 1001.6 905.8 986.6 879.8 small-vehicle 0
967.5 891.0 974.2 883.6 1002.5 909.0 995.8 916.4 small-vehicle 0
951.0 895.7 959.1 889.9 986.0 927.3 977.9 933.1 small-vehicle 0
959.6 787.6 960.9 786.1 962.4 787.4 961.1 788.9 small-vehicle 0
901.2 798.6 906.9 790.4 944.8 816.4 939.1 824.6 small-vehicle 0
696.4 835.2 721.0 826.6 725.6 839.8 701.0 848.4 small-vehicle 0
889.0 808.5 896.4 801.7 925.0 832.5 917.6 839.3 small-vehicle 0
861.1 812.3 868.1 805.2 900.8 837.6 893.7 844.7 small-vehicle 0
835.9 800.3 858.8 819.6 829.1 854.7 806.2 835.4 small-vehicle 0
790.3 942.2 815.6 919.4 827.7 932.8 802.4 955.6 small-vehicle 0
798.6 894.6 818.5 911.4 791.4 943.4 771.5 926.6 small-vehicle 0
733.3 888.5 751.8 864.9 762.8 873.5 744.3 897.2 small-vehicle 0
720.1 875.9 744.0 846.3 754.9 855.1 731.0 884.7 small-vehicle 0
733.6 831.3 741.5 837.4 713.4 873.7 705.5 867.6 small-vehicle 0
483.5 580.9 491.2 587.3 467.0 616.6 459.3 610.2 small-vehicle 0
398.5 532.7 423.0 515.5 442.5 543.3 418.0 560.5 small-vehicle 0
914.6 939.1 915.9 937.6 917.4 938.9 916.1 940.4 small-vehicle 0
384.9 507.4 403.9 489.7 413.5 499.9 394.4 517.6 small-vehicle 0
281.7 409.3 312.6 395.1 318.4 407.8 287.5 422.0 small-vehicle 0
296.7 374.0 304.2 380.6 276.3 412.0 268.8 405.4 small-vehicle 0
283.4 368.4 288.6 376.9 259.6 394.6 254.4 386.1 small-vehicle 0
259.6 258.9 297.0 239.6 305.2 255.6 267.9 274.9 small-vehicle 0
279.8 218.0 287.4 224.6 257.0 259.2 249.5 252.6 small-vehicle 0
233.3 227.3 253.1 204.8 266.7 216.7 246.9 239.2 small-vehicle 0
190.0 321.1 191.4 315.3 240.0 326.9 238.6 332.7 small-vehicle 0
208.8 284.6 227.0 303.2 199.7 329.7 181.6 311.1 small-vehicle 0
371.9 495.3 391.5 472.6 402.1 481.7 382.5 504.4 small-vehicle 0
323.2 265.5 331.2 271.5 303.8 308.5 295.8 302.5 small-vehicle 0
360.8 486.8 370.0 462.4 383.1 467.3 373.9 491.7 small-vehicle 0
365.7 452.1 366.0 482.1 340.0 482.3 339.7 452.4 small-vehicle 0
374.2 19.5 383.8 29.8 364.8 47.5 355.2 37.2 small-vehicle 0
338.2 36.9 353.7 52.5 335.2 70.8 319.7 55.2 small-vehicle 0
302.1 55.5 319.6 68.8 303.9 89.5 286.4 76.2 small-vehicle 0
235.5 25.5 251.5 10.5 266.5 26.5 250.5 41.5 small-vehicle 0
193.3 109.5 215.8 122.6 196.7 155.5 174.2 142.4 small-vehicle 0
818.3 71.6 838.6 55.4 867.3 91.3 846.9 107.5 small-vehicle 0
303.0 451.3 313.7 419.0 346.0 429.7 335.3 462.0 small-vehicle 0
348.3 300.7 355.0 308.1 330.0 331.1 323.3 323.8 small-vehicle 0
705.0 480.4 730.6 476.0 735.0 501.6 709.4 506.0 small-vehicle 0
515.3 477.3 525.7 486.7 494.7 520.7 484.3 511.3 small-vehicle 0
701.9 461.6 706.0 457.2 728.2 477.4 724.1 481.8 small-vehicle 0
690.2 327.9 704.5 311.2 724.2 328.1 709.9 344.8 small-vehicle 0
702.4 340.7 722.8 332.5 734.1 360.3 713.7 368.5 small-vehicle 0
616.0 456.8 627.0 465.4 606.0 492.2 595.0 483.6 small-vehicle 0
567.1 449.6 573.8 442.2 604.9 470.4 598.2 477.8 small-vehicle 0
590.0 439.8 598.9 435.3 608.8 455.0 599.8 459.5 small-vehicle 0
537.5 450.4 543.7 442.6 576.6 468.7 570.4 476.5 small-vehicle 0
518.8 459.2 525.7 452.0 559.0 483.7 552.2 490.9 small-vehicle 0
471.2 476.1 503.7 449.5 515.1 463.4 482.6 490.0 small-vehicle 0
334.2 286.4 341.8 293.0 316.8 321.6 309.2 315.0 small-vehicle 0
481.8 434.8 490.7 439.5 469.2 480.2 460.3 475.5 small-vehicle 0
473.6 424.6 481.0 431.3 455.4 459.4 448.0 452.7 small-vehicle 0
464.3 406.3 471.7 413.1 437.7 449.7 430.3 442.9 small-vehicle 0
436.9 384.7 442.2 393.1 410.1 413.4 404.7 404.9 small-vehicle 0
446.7 397.7 452.5 405.9 418.3 430.3 412.5 422.1 small-vehicle 0
364.3 358.7 395.0 336.3 403.2 347.6 372.5 370.0 small-vehicle 0
350.4 346.4 375.8 323.8 385.1 334.2 359.7 356.8 small-vehicle 0
363.4 308.5 371.1 314.9 344.1 347.1 336.5 340.7 small-vehicle 0
978.9 48.0 1003.3 30.6 1030.1 68.0 1005.7 85.4 small-vehicle 0
