322.9 93.1 336.2 88.9 368.1 189.9 354.8 194.1 large-vehicle 0
590.1 441.5 604.0 443.1 592.9 544.5 579.0 542.9 large-vehicle 0
641.3 460.4 655.3 459.7 657.7 505.6 643.7 506.3 large-vehicle 0
667.3 458.3 681.1 456.2 687.9 501.7 674.1 503.8 large-vehicle 0
703.3 449.7 717.1 452.5 707.0 501.5 693.3 498.7 large-vehicle 0
705.3 509.3 731.6 551.8 668.7 590.7 642.4 548.2 large-vehicle 0
505.0 254.1 534.2 247.0 558.2 346.1 529.0 353.2 large-vehicle 0
569.6 252.5 578.9 256.3 546.3 335.9 537.0 332.1 large-vehicle 0
230.4 107.3 262.5 96.3 296.8 196.6 264.7 207.6 large-vehicle 0
271.8 100.0 285.4 96.5 312.2 199.0 298.6 202.5 large-vehicle 0
296.0 96.5 309.4 92.4 340.3 193.8 326.9 197.9 large-vehicle 0
345.8 95.5 358.6 89.9 398.2 179.5 385.4 185.1 large-vehicle 0
377.1 86.2 390.5 81.9 422.0 178.9 408.7 183.2 large-vehicle 0
403.0 74.0 416.4 70.0 450.1 183.1 436.6 187.1 large-vehicle 0
425.9 82.1 438.8 76.7 478.1 170.9 465.2 176.3 large-vehicle 0
458.1 68.6 471.6 65.0 498.9 167.4 485.4 171.0 large-vehicle 0
477.8 68.8 490.7 63.1 533.2 160.2 520.3 165.9 large-vehicle 0
507.2 61.2 520.4 56.4 558.6 159.5 545.5 164.4 large-vehicle 0
529.8 62.1 542.5 56.2 585.2 148.8 572.5 154.7 large-vehicle 0
555.6 55.0 568.5 49.7 608.6 147.8 595.6 153.1 large-vehicle 0
589.6 46.7 603.3 43.6 626.7 147.0 613.0 150.1 large-vehicle 0
349.1 -3.5 377.0 -14.5 407.2 61.7 379.3 72.8 large-vehicle 0
546.9 442.8 560.7 440.6 578.1 549.2 564.3 551.4 large-vehicle 0
731.5 723.8 743.4 731.1 694.5 811.3 682.5 804.1 large-vehicle 0
704.9 710.8 717.3 717.4 669.0 807.3 656.7 800.7 large-vehicle 0
682.2 705.1 694.1 712.4 640.4 799.1 628.5 791.8 large-vehicle 0
70.3 537.5 82.0 565.2 -4.7 601.6 -16.3 574.0 large-vehicle 0
145.4 533.3 174.0 551.6 112.6 647.7 84.0 629.4 large-vehicle 0
175.9 550.7 187.9 557.8 133.6 648.9 121.6 641.7 large-vehicle 0
205.3 553.7 217.6 560.4 162.7 660.3 150.4 653.6 large-vehicle 0
236.9 553.5 249.1 560.3 184.2 677.5 171.9 670.7 large-vehicle 0
256.3 568.3 268.8 574.6 216.0 680.1 203.5 673.9 large-vehicle 0
284.3 580.8 296.4 587.8 241.7 683.2 229.6 676.2 large-vehicle 0
310.1 592.2 322.3 599.1 271.9 687.8 259.7 680.9 large-vehicle 0
342.3 593.1 354.4 600.1 294.7 701.9 282.6 694.9 large-vehicle 0
362.2 608.8 374.4 615.6 324.7 704.6 312.4 697.8 large-vehicle 0
391.7 603.8 404.3 609.9 349.3 723.2 336.7 717.1 large-vehicle 0
422.4 619.8 434.4 627.0 373.6 728.2 361.6 721.0 large-vehicle 0
448.2 626.8 460.3 633.9 399.8 735.2 387.7 728.1 large-vehicle 0
470.4 636.2 482.8 642.7 429.7 743.5 417.3 737.0 large-vehicle 0
502.3 651.0 513.3 659.7 447.7 743.0 436.7 734.3 large-vehicle 0
536.1 665.0 571.7 694.1 519.7 757.6 484.1 728.4 large-vehicle 0
593.3 677.4 622.8 694.3 571.9 782.7 542.5 765.8 large-vehicle 0
627.9 686.0 640.3 692.6 589.1 790.0 576.7 783.4 large-vehicle 0
656.3 696.7 668.3 703.9 615.7 791.3 603.7 784.1 large-vehicle 0
383.7 1.2 395.8 -5.9 427.2 47.5 415.2 54.6 large-vehicle 0
