692.6 386.9 700.8 398.2 660.3 427.5 652.1 416.2 small-vehicle 0
747.8 9.9 767.0 -13.2 796.2 11.1 777.0 34.2 small-vehicle 0
676.8 46.4 711.3 22.3 742.2 66.6 707.7 90.7 small-vehicle 0
646.9 214.4 670.8 196.2 696.2 229.7 672.3 247.8 small-vehicle 0
705.2 424.4 725.5 440.6 696.8 476.6 676.5 460.4 small-vehicle 0
710.8 407.2 716.8 415.2 670.2 449.8 664.2 441.8 small-vehicle 0
673.5 369.9 680.1 377.5 648.5 405.1 641.9 397.5 small-vehicle 0
659.2 343.8 673.4 360.6 641.2 387.7 627.0 370.8 small-vehicle 0
647.0 319.4 664.7 338.4 633.9 367.0 616.2 347.9 small-vehicle 0
641.7 306.4 647.5 314.5 603.3 345.6 597.5 337.5 small-vehicle 0
628.2 284.9 634.4 292.8 591.8 326.1 585.6 318.2 small-vehicle 0
576.1 212.4 605.7 247.7 567.3 279.8 537.8 244.5 small-vehicle 0
653.1 553.2 661.7 564.2 615.9 599.8 607.3 588.8 small-vehicle 0
633.7 526.4 652.5 549.9 610.3 583.6 591.5 560.1 small-vehicle 0
619.5 490.5 627.8 501.8 587.5 531.5 579.2 520.2 small-vehicle 0
595.6 460.9 618.0 486.5 577.4 522.1 555.0 496.5 small-vehicle 0
564.7 520.2 578.1 537.6 551.2 558.4 537.8 541.0 small-vehicle 0
564.7 422.5 588.5 446.8 558.5 476.1 534.7 451.9 small-vehicle 0
544.5 365.5 550.7 373.3 511.5 404.5 505.3 396.7 small-vehicle 0
529.2 346.9 536.0 354.3 496.2 390.8 489.4 383.4 small-vehicle 0
511.9 325.8 521.5 336.0 485.1 370.2 475.5 360.0 small-vehicle 0
500.0 301.0 507.5 307.6 474.8 345.4 467.2 338.8 small-vehicle 0
488.7 286.2 495.5 293.5 455.8 330.2 449.0 322.8 small-vehicle 0
474.4 260.1 483.5 270.7 442.6 305.9 433.5 295.3 small-vehicle 0
376.8 398.4 391.5 414.8 366.2 437.6 351.5 421.2 small-vehicle 0
358.4 375.1 377.0 393.3 339.1 431.8 320.5 413.5 small-vehicle 0
332.7 379.1 333.9 380.7 332.3 381.9 331.1 380.3 small-vehicle 0
486.3 381.3 499.8 408.1 465.8 425.1 452.3 398.3 small-vehicle 0
465.8 357.4 484.1 375.8 457.2 402.6 438.9 384.2 small-vehicle 0
466.8 341.1 472.5 349.3 434.7 375.5 429.0 367.3 small-vehicle 0
447.2 319.2 456.2 329.9 423.9 356.8 414.9 346.0 small-vehicle 0
433.2 297.5 440.5 304.3 409.4 338.1 402.0 331.4 small-vehicle 0
415.3 277.3 431.5 297.6 398.7 323.7 382.5 303.4 small-vehicle 0
403.6 252.2 416.0 265.2 377.0 302.5 364.5 289.5 small-vehicle 0
1002.2 578.4 1013.4 564.3 1036.9 582.9 1025.8 597.0 small-vehicle 0
1021.0 369.2 1031.2 393.1 1011.0 401.8 1000.8 377.9 small-vehicle 0
