437.7 232.6 489.7 169.2 525.3 198.4 473.3 261.8 small-vehicle 0
502.2 463.8 520.4 492.5 501.8 504.2 483.6 475.5 large-vehicle 0
456.5 488.2 477.7 473.1 497.5 500.8 476.3 515.9 large-vehicle 0
410.5 515.0 424.1 492.9 473.5 523.4 459.8 545.5 large-vehicle 0
417.9 546.0 427.5 556.2 408.5 574.0 398.9 563.8 large-vehicle 0
368.0 561.0 402.5 597.2 348.9 648.3 314.4 612.0 large-vehicle 0
306.0 590.7 338.6 600.3 318.9 667.5 286.3 657.9 small-vehicle 0
279.6 635.1 300.6 656.5 256.4 699.9 235.4 678.5 small-vehicle 0
422.0 183.1 538.1 134.2 573.1 217.1 457.0 266.0 large-vehicle 0
581.0 121.2 603.3 107.8 625.0 143.8 602.7 157.2 large-vehicle 0
603.6 208.7 679.8 192.1 692.2 248.8 615.9 265.4 large-vehicle 0
954.2 75.6 968.4 97.3 926.4 124.6 912.3 102.8 small-vehicle 0
923.8 132.2 949.2 137.6 940.5 178.7 915.0 173.3 small-vehicle 0
873.1 169.7 886.9 158.1 913.9 190.3 900.1 201.9 large-vehicle 0
845.6 197.2 860.5 187.0 877.4 211.8 862.5 222.0 large-vehicle 0
813.5 211.8 843.1 207.0 852.5 264.2 822.9 269.0 large-vehicle 0
704.4 180.6 711.8 173.9 723.9 187.3 716.5 194.0 large-vehicle 0
644.8 207.0 650.9 194.4 695.9 216.2 689.8 228.8 large-vehicle 0
518.8 150.8 560.7 154.3 557.2 196.2 515.4 192.7 small-vehicle 0
167.6 574.9 192.9 552.2 223.6 586.4 198.3 609.1 small-vehicle 0
321.0 456.1 347.0 494.0 332.2 504.2 306.1 466.2 small-vehicle 0
328.4 452.2 336.4 446.2 361.6 479.8 353.6 485.8 small-vehicle 0
364.0 432.1 382.4 460.6 367.3 470.4 348.9 441.8 small-vehicle 0
376.0 405.8 395.5 395.5 417.0 436.2 397.5 446.5 small-vehicle 0
406.2 385.6 438.0 364.8 461.1 399.9 429.3 420.7 small-vehicle 0
474.7 344.5 494.0 372.5 469.3 389.5 450.0 361.5 small-vehicle 0
527.2 292.3 542.6 276.6 581.2 314.3 565.9 330.0 small-vehicle 0
580.2 252.5 619.0 277.3 602.8 302.5 564.1 277.8 small-vehicle 0
583.1 245.3 651.6 200.3 674.7 235.4 606.2 280.4 small-vehicle 0
323.0 261.4 350.3 249.0 364.3 280.0 337.0 292.4 small-vehicle 0
447.9 212.0 461.4 208.3 472.3 248.9 458.8 252.5 small-vehicle 0
507.5 70.9 516.7 99.5 480.5 111.1 471.3 82.5 small-vehicle 0
538.6 89.8 546.5 101.4 508.4 127.2 500.5 115.6 small-vehicle 0
568.0 121.5 599.4 134.5 584.9 169.6 553.5 156.6 small-vehicle 0
711.9 17.7 723.8 -5.4 786.1 26.6 774.2 49.7 small-vehicle 0
270.8 305.2 287.6 339.3 264.2 350.8 247.4 316.7 small-vehicle 0
223.9 342.3 224.1 336.3 278.1 337.7 277.9 343.7 small-vehicle 0
204.8 337.0 215.5 327.9 253.2 372.0 242.5 381.1 small-vehicle 0
196.1 360.3 216.5 392.4 187.9 410.7 167.5 378.6 small-vehicle 0
930.5 -0.7 953.6 11.3 930.5 55.7 907.4 43.7 small-vehicle 0
800.7 230.6 813.3 243.5 780.3 275.6 767.8 262.7 small-vehicle 0
732.0 288.7 748.0 263.4 790.3 290.1 774.3 315.5 small-vehicle 0
708.9 306.1 720.7 287.6 762.9 314.3 751.2 332.9 small-vehicle 0
700.3 317.7 718.8 336.0 697.7 357.3 679.2 339.0 small-vehicle 0
639.2 333.5 668.7 328.1 679.8 389.1 650.3 394.5 small-vehicle 0
612.0 377.2 637.8 362.0 657.0 394.8 631.2 410.0 small-vehicle 0
595.5 375.7 621.5 375.3 622.5 433.3 596.5 433.7 small-vehicle 0
557.8 423.7 581.2 412.2 596.2 442.7 572.8 454.2 small-vehicle 0
526.6 433.9 550.7 423.9 569.8 470.1 545.8 480.1 small-vehicle 0
488.1 437.4 562.1 437.6 561.9 499.6 487.9 499.4 small-vehicle 0
801.3 88.8 822.3 73.5 844.7 104.2 823.7 119.5 small-vehicle 0
768.1 34.3 797.4 51.6 776.0 87.8 746.8 70.5 small-vehicle 0
857.0 44.9 863.8 52.2 836.0 78.1 829.2 70.8 small-vehicle 0
831.5 29.5 842.6 38.0 819.4 68.1 808.3 59.6 small-vehicle 0
814.7 2.7 826.1 10.8 804.2 41.8 792.7 33.7 small-vehicle 0
205.7 537.2 224.1 525.2 249.3 563.8 230.9 575.8 small-vehicle 0
