261.5 229.4 316.2 168.3 353.5 201.6 298.8 262.7 small-vehicle 0
337.6 465.1 342.5 468.5 318.4 502.9 313.5 499.5 large-vehicle 0
285.8 483.8 296.8 475.2 320.2 505.2 309.2 513.8 large-vehicle 0
236.1 518.1 255.1 490.0 299.9 520.2 280.8 548.4 large-vehicle 0
245.1 541.7 257.7 554.6 233.3 578.3 220.7 565.4 large-vehicle 0
185.1 573.5 215.5 602.5 183.8 635.8 153.4 606.8 large-vehicle 0
125.1 590.6 158.9 593.9 151.8 667.6 118.0 664.3 small-vehicle 0
103.7 634.5 125.9 654.6 84.3 700.5 62.1 680.4 small-vehicle 0
260.1 165.7 352.9 134.2 387.0 234.5 294.2 266.0 large-vehicle 0
408.5 124.6 425.6 110.8 449.5 140.4 432.4 154.2 large-vehicle 0
419.3 225.4 496.4 179.0 528.4 232.1 451.3 278.5 large-vehicle 0
782.3 77.9 793.4 96.9 750.3 122.2 739.2 103.3 small-vehicle 0
735.7 132.7 768.9 125.4 780.5 178.2 747.3 185.5 small-vehicle 0
698.0 164.4 712.9 154.3 741.0 195.6 726.1 205.7 large-vehicle 0
671.6 185.6 697.3 181.8 703.4 223.4 677.7 227.2 large-vehicle 0
633.4 229.5 662.0 211.1 684.6 246.5 656.0 264.9 large-vehicle 0
522.0 179.8 538.7 165.4 558.3 188.1 541.7 202.5 large-vehicle 0
469.5 198.5 478.4 187.7 523.1 224.7 514.2 235.5 large-vehicle 0
331.7 169.1 362.7 140.9 396.4 177.8 365.3 206.1 small-vehicle 0
-6.6 569.8 21.3 550.4 49.8 591.5 21.9 610.9 small-vehicle 0
132.3 468.1 139.1 460.8 172.8 492.1 166.0 499.4 small-vehicle 0
168.6 441.4 189.5 482.4 173.4 490.6 152.5 449.6 small-vehicle 0
193.2 425.8 216.8 455.6 190.1 476.7 166.5 446.8 small-vehicle 0
220.2 391.3 234.0 393.5 224.8 450.7 211.0 448.5 small-vehicle 0
234.0 383.4 249.2 367.5 285.3 402.1 270.1 418.0 small-vehicle 0
277.1 360.4 293.3 345.6 318.9 373.6 302.7 388.4 small-vehicle 0
352.5 289.3 368.8 274.4 407.9 317.3 391.6 332.1 small-vehicle 0
396.8 262.7 416.1 252.1 438.2 292.4 418.9 303.0 small-vehicle 0
452.9 213.4 481.7 244.0 456.9 267.3 428.1 236.7 small-vehicle 0
145.9 266.8 173.5 247.0 193.4 274.6 165.7 294.4 small-vehicle 0
268.4 225.4 277.1 214.4 303.8 235.5 295.1 246.5 small-vehicle 0
330.6 64.4 348.5 93.3 309.4 117.6 291.5 88.7 small-vehicle 0
367.2 87.0 375.5 98.3 331.8 130.0 323.5 118.7 small-vehicle 0
404.5 118.6 428.3 153.2 400.4 172.5 376.5 137.9 small-vehicle 0
536.1 23.1 550.2 -7.9 613.9 21.3 599.7 52.2 small-vehicle 0
70.9 323.7 89.3 305.4 116.1 332.3 97.7 350.6 small-vehicle 0
54.0 337.2 55.5 331.3 100.0 342.8 98.5 348.7 small-vehicle 0
30.2 337.9 40.5 328.4 79.8 371.1 69.5 380.6 small-vehicle 0
17.9 358.5 44.4 391.0 18.1 412.5 -8.4 380.0 small-vehicle 0
760.8 1.4 781.1 17.7 752.2 53.6 731.9 37.3 small-vehicle 0
624.3 228.8 640.3 243.9 608.7 277.4 592.7 262.3 small-vehicle 0
557.9 283.7 563.7 271.0 616.4 295.2 610.6 307.9 small-vehicle 0
535.0 306.0 546.9 287.5 588.9 314.5 577.0 333.0 small-vehicle 0
525.0 316.3 546.2 337.5 525.0 358.7 503.8 337.5 small-vehicle 0
476.1 329.0 501.9 331.9 495.0 393.5 469.1 390.6 small-vehicle 0
446.2 355.6 472.2 354.5 474.8 416.4 448.8 417.5 small-vehicle 0
418.5 377.3 444.3 374.1 451.5 431.7 425.7 434.9 small-vehicle 0
383.5 429.6 403.7 413.3 422.5 436.7 402.3 453.0 small-vehicle 0
350.0 443.2 374.7 426.2 398.5 460.8 373.8 477.8 small-vehicle 0
300.7 439.6 398.6 435.4 401.3 497.4 303.4 501.6 small-vehicle 0
623.9 85.3 649.2 69.0 674.1 107.7 648.8 124.0 small-vehicle 0
585.8 33.4 619.2 39.5 610.3 88.7 576.9 82.6 small-vehicle 0
678.1 40.3 693.7 55.8 666.9 82.7 651.3 67.2 small-vehicle 0
661.3 26.8 671.8 36.1 641.6 70.7 631.0 61.5 small-vehicle 0
645.1 2.3 655.1 12.1 625.7 42.2 615.7 32.4 small-vehicle 0
31.2 538.2 49.1 525.4 75.8 562.8 57.9 575.6 small-vehicle 0
