156.3 575.9 177.8 571.3 182.4 592.8 160.9 597.4 small-vehicle 0
712.4 107.5 721.1 118.5 700.6 134.5 691.9 123.5 small-vehicle 0
741.7 82.5 745.2 87.4 720.9 104.9 717.3 100.1 small-vehicle 0
737.0 69.0 740.7 73.6 717.4 92.4 713.6 87.8 small-vehicle 0
731.3 59.0 734.9 63.8 714.1 79.4 710.5 74.6 small-vehicle 0
701.2 62.5 726.6 46.6 732.0 55.0 706.6 71.0 small-vehicle 0
713.2 21.4 715.0 22.2 703.8 45.6 702.0 44.8 small-vehicle 0
693.2 23.7 694.2 17.8 719.8 22.3 718.8 28.2 small-vehicle 0
715.6 5.9 716.8 11.8 691.4 17.1 690.2 11.2 small-vehicle 0
787.1 30.5 788.7 36.3 767.4 42.0 765.9 36.2 small-vehicle 0
784.5 14.7 788.4 19.2 768.8 36.3 764.9 31.8 small-vehicle 0
769.1 15.9 770.1 14.1 771.9 15.1 770.9 16.9 small-vehicle 0
746.2 103.5 747.6 113.4 725.8 116.5 724.4 106.6 small-vehicle 0
718.8 178.6 728.7 193.7 700.2 212.4 690.3 197.3 small-vehicle 0
219.7 556.8 232.8 574.5 218.3 585.2 205.2 567.5 small-vehicle 0
302.1 958.9 327.5 974.8 311.6 1000.2 286.2 984.3 small-vehicle 0
255.5 951.2 280.0 933.9 297.3 958.5 272.8 975.7 small-vehicle 0
16.6 159.5 46.5 156.6 49.4 186.5 19.5 189.4 small-vehicle 0
961.1 307.2 970.6 250.0 1023.9 258.8 1014.4 316.0 storage-tank 0
826.3 104.7 865.6 28.2 945.7 69.3 906.4 145.8 storage-tank 0
993.7 -6.6 1050.1 27.7 1003.3 104.6 946.9 70.3 storage-tank 0
80.5 440.1 93.7 427.9 135.8 473.4 122.5 485.6 large-vehicle 0
85.5 401.5 139.2 395.7 142.5 425.5 88.8 431.3 large-vehicle 0
-12.6 186.0 16.9 169.1 55.6 236.9 26.1 253.7 large-vehicle 0
68.3 333.7 95.8 353.8 75.7 381.3 48.2 361.2 small-vehicle 0
53.5 253.3 82.7 260.4 76.5 285.7 47.3 278.6 small-vehicle 0
99.7 168.0 115.9 182.9 98.3 202.0 82.1 187.1 small-vehicle 0
