945.4 996.5 991.3 1016.3 982.6 1036.5 936.7 1016.7 storage-tank 0
315.5 695.8 329.3 684.3 343.5 701.2 329.7 712.7 large-vehicle 0
634.4 573.6 635.9 574.9 634.6 576.4 633.1 575.1 storage-tank 0
653.2 579.9 654.1 578.2 655.8 579.1 654.9 580.8 storage-tank 0
692.2 564.6 696.1 569.2 657.8 601.4 653.9 596.8 storage-tank 0
671.8 558.8 677.2 556.1 685.2 572.2 679.8 574.9 storage-tank 0
656.6 562.6 657.9 561.1 659.4 562.4 658.1 563.9 storage-tank 0
662.4 543.4 662.6 545.4 660.6 545.6 660.4 543.6 storage-tank 0
672.1 538.1 696.2 548.0 690.9 560.9 666.8 551.0 storage-tank 0
870.5 618.5 871.5 616.8 873.2 617.8 872.2 619.5 large-vehicle 0
550.4 587.7 559.5 598.3 533.6 620.3 524.5 609.7 large-vehicle 0
874.3 605.4 875.5 603.8 877.1 605.0 875.9 606.6 large-vehicle 0
988.8 38.3 989.4 40.2 987.5 40.8 986.9 38.9 large-vehicle 0
832.5 999.1 833.9 997.6 835.3 999.0 834.0 1000.5 large-vehicle 0
874.6 930.7 875.7 929.0 877.4 930.0 876.4 931.7 large-vehicle 0
953.3 880.9 967.7 891.7 954.6 909.3 940.1 898.5 large-vehicle 0
342.2 737.0 353.3 745.6 339.7 762.9 328.7 754.3 large-vehicle 0
409.2 688.8 411.2 689.2 410.8 691.2 408.8 690.8 large-vehicle 0
480.7 764.2 481.4 762.3 483.3 763.0 482.6 764.9 large-vehicle 0
395.4 763.2 414.3 745.4 434.9 767.2 416.0 785.1 large-vehicle 0
282.8 764.0 284.4 765.1 283.3 766.7 281.7 765.6 large-vehicle 0
417.8 734.1 426.4 723.1 440.6 734.1 432.0 745.2 large-vehicle 0
476.7 736.4 478.3 737.6 477.0 739.2 475.5 738.0 large-vehicle 0
447.0 720.5 447.6 718.6 449.5 719.2 448.9 721.1 large-vehicle 0
