278.4 948.4 319.9 942.4 330.6 1015.6 289.1 1021.6 storage-tank 0
864.1 661.1 865.4 659.6 866.9 660.9 865.6 662.4 storage-tank 0
991.3 666.8 1015.2 706.1 965.7 736.2 941.8 696.9 storage-tank 0
1002.1 630.2 1003.3 628.6 1004.9 629.8 1003.7 631.4 storage-tank 0
878.3 819.2 913.8 773.3 959.7 808.8 924.2 854.7 storage-tank 0
938.5 833.6 960.7 793.3 1004.5 817.4 982.3 857.7 storage-tank 0
811.1 850.3 850.2 865.6 834.9 904.7 795.8 889.4 storage-tank 0
871.6 855.2 911.0 878.8 889.4 914.8 850.0 891.2 storage-tank 0
931.8 867.9 964.1 887.8 944.2 920.1 911.9 900.2 storage-tank 0
1019.8 871.4 1024.0 921.2 970.2 925.6 966.0 875.8 storage-tank 0
821.4 901.7 858.5 935.3 827.6 969.3 790.5 935.7 storage-tank 0
861.6 931.2 875.6 919.9 904.4 955.8 890.4 967.1 storage-tank 0
930.0 918.6 970.6 940.3 947.0 984.4 906.4 962.7 storage-tank 0
995.0 925.4 1026.9 952.7 997.0 987.6 965.1 960.3 storage-tank 0
206.9 1005.3 229.6 965.2 280.1 993.7 257.4 1033.8 storage-tank 0
409.6 904.4 419.4 889.3 461.4 916.6 451.6 931.7 storage-tank 0
930.8 494.3 940.4 514.1 906.2 530.7 896.6 510.9 storage-tank 0
155.7 225.5 183.2 271.9 133.3 301.5 105.8 255.1 storage-tank 0
-20.8 309.5 23.7 260.8 51.8 286.5 7.3 335.2 storage-tank 0
59.7 349.8 70.8 305.1 119.3 317.2 108.2 361.9 storage-tank 0
500.8 855.2 534.3 902.6 490.2 933.8 456.7 886.4 storage-tank 0
139.6 358.8 168.4 322.9 207.4 354.2 178.6 390.1 storage-tank 0
529.7 890.1 534.7 848.4 580.3 853.9 575.3 895.6 storage-tank 0
416.8 968.0 431.4 928.6 478.2 946.0 463.6 985.4 storage-tank 0
534.0 923.1 545.5 946.4 490.0 973.9 478.5 950.6 storage-tank 0
541.8 938.8 551.0 889.7 596.2 898.2 587.0 947.3 storage-tank 0
438.2 996.2 445.9 984.5 487.8 1011.8 480.1 1023.5 storage-tank 0
546.8 968.0 560.5 1020.3 508.2 1034.0 494.5 981.7 storage-tank 0
550.0 974.7 564.2 935.1 615.0 953.3 600.8 992.9 storage-tank 0
573.5 1025.5 580.2 988.1 621.5 995.5 614.8 1032.9 storage-tank 0
160.4 790.9 174.4 826.2 131.6 843.1 117.6 807.8 storage-tank 0
224.0 740.0 253.0 780.7 209.0 812.0 180.0 771.3 storage-tank 0
261.9 729.5 288.4 756.7 264.1 780.5 237.6 753.3 storage-tank 0
281.0 661.9 295.3 701.4 252.0 717.1 237.7 677.6 storage-tank 0
186.2 706.9 209.5 676.9 245.8 705.1 222.5 735.1 storage-tank 0
128.7 726.2 154.5 698.3 185.3 726.8 159.5 754.7 storage-tank 0
234.7 552.1 248.5 563.7 216.3 601.9 202.5 590.3 storage-tank 0
123.5 590.8 153.5 555.9 200.5 596.2 170.5 631.1 storage-tank 0
63.6 596.0 129.3 589.3 134.4 639.0 68.7 645.7 storage-tank 0
179.9 443.4 194.3 426.8 223.1 451.6 208.7 468.2 storage-tank 0
97.5 432.9 107.1 404.5 135.5 414.1 125.9 442.5 storage-tank 0
39.2 493.3 72.8 456.3 112.8 492.7 79.2 529.7 storage-tank 0
16.7 408.0 33.5 365.2 76.3 382.0 59.5 424.8 storage-tank 0
869.9 575.1 884.1 563.9 910.1 596.9 895.9 608.1 storage-tank 0
942.7 439.6 943.4 437.7 945.3 438.4 944.6 440.3 storage-tank 0
944.3 357.6 977.9 339.8 995.7 373.4 962.1 391.2 storage-tank 0
645.2 69.5 656.4 20.7 716.8 34.5 705.6 83.3 storage-tank 0
776.3 60.6 780.8 78.0 720.7 93.4 716.2 76.0 storage-tank 0
778.7 133.7 780.3 67.7 846.3 69.3 844.7 135.3 storage-tank 0
251.8 265.1 311.9 177.8 399.2 237.9 339.1 325.2 storage-tank 0
382.7 337.2 453.3 416.2 374.3 486.8 303.7 407.8 storage-tank 0
443.8 497.0 499.0 582.8 413.2 638.0 358.0 552.2 storage-tank 0
518.8 674.4 545.4 756.1 433.2 792.6 406.6 710.9 storage-tank 0
550.7 240.7 576.0 218.0 601.3 246.3 576.0 269.0 storage-tank 0
599.3 320.1 600.9 321.3 599.7 322.9 598.1 321.7 storage-tank 0
751.7 258.2 752.3 324.2 690.3 324.8 689.7 258.8 storage-tank 0
762.0 338.8 782.4 388.7 725.0 412.2 704.6 362.3 storage-tank 0
781.5 416.5 801.9 483.4 742.5 501.5 722.1 434.6 storage-tank 0
594.0 387.8 620.5 366.4 652.0 405.2 625.5 426.6 storage-tank 0
614.6 462.5 658.9 439.3 678.4 476.5 634.1 499.7 storage-tank 0
672.6 546.1 674.4 547.1 673.4 548.9 671.6 547.9 storage-tank 0
1014.3 48.5 1032.9 86.1 991.7 106.5 973.1 68.9 storage-tank 0
1001.4 104.0 1009.3 115.6 964.6 146.0 956.7 134.4 storage-tank 0
986.6 142.0 991.2 191.8 945.4 196.0 940.8 146.2 storage-tank 0
818.9 370.5 841.0 312.5 854.1 317.5 832.0 375.5 storage-tank 0
846.5 347.6 851.4 344.1 859.5 355.4 854.6 358.9 storage-tank 0
851.3 328.0 856.7 325.3 887.7 388.0 882.3 390.7 storage-tank 0
