-7.3 192.7 -6.8 190.8 22.3 198.3 21.8 200.2 small-vehicle 0
92.8 100.4 105.5 94.3 116.7 117.8 104.0 123.8 small-vehicle 0
40.3 167.2 55.4 188.3 40.7 198.8 25.6 177.7 small-vehicle 0
3.6 204.7 22.2 222.8 4.1 241.4 -14.5 223.3 small-vehicle 0
33.4 202.5 42.9 217.7 24.3 229.4 14.8 214.1 small-vehicle 0
17.7 178.1 31.7 195.1 20.9 204.0 6.9 187.0 small-vehicle 0
39.1 119.2 47.2 130.6 12.9 154.8 4.8 143.4 small-vehicle 0
77.1 161.2 87.8 180.4 72.0 189.1 61.3 169.9 small-vehicle 0
67.7 237.3 82.4 258.7 61.0 273.4 46.3 252.0 small-vehicle 0
27.3 95.6 34.5 102.5 8.2 129.9 1.0 123.0 small-vehicle 0
133.9 56.7 145.7 70.3 126.1 87.3 114.3 73.7 small-vehicle 0
69.0 98.7 88.1 136.1 72.0 144.3 52.9 106.9 small-vehicle 0
218.9 193.3 223.5 214.8 202.0 219.4 197.4 197.9 small-vehicle 0
107.3 66.7 120.5 89.1 87.7 108.3 74.5 85.9 small-vehicle 0
136.2 138.2 147.9 151.8 128.2 168.8 116.5 155.2 small-vehicle 0
82.7 86.5 111.0 132.5 99.1 139.9 70.8 93.9 small-vehicle 0
62.3 93.2 70.0 99.7 63.6 107.3 55.9 100.9 storage-tank 0
102.3 150.5 114.1 169.1 95.5 180.9 83.7 162.3 small-vehicle 0
38.7 256.1 46.9 267.4 29.1 280.3 20.9 269.0 small-vehicle 0
466.1 334.3 525.9 401.6 314.9 588.7 255.1 521.4 storage-tank 0
643.8 306.5 829.7 105.1 1025.2 285.5 839.3 486.9 storage-tank 0
113.6 745.8 143.0 682.3 315.4 762.2 286.0 825.7 storage-tank 0
133.2 430.7 155.5 456.3 126.8 481.3 104.5 455.7 storage-tank 0
98.2 520.9 101.6 554.7 67.8 558.1 64.4 524.3 storage-tank 0
