558.5 633.4 649.6 564.8 826.5 799.6 735.4 868.2 basketball-court 0
712.9 650.5 735.4 293.2 885.1 302.5 862.6 659.8 basketball-court 0
751.8 669.9 775.8 630.7 900.2 707.1 876.2 746.3 basketball-court 0
484.4 722.6 576.1 661.8 643.6 763.4 551.9 824.2 basketball-court 0
540.3 -12.9 566.5 14.6 379.8 192.6 353.6 165.1 basketball-court 0
585.0 485.3 607.3 445.1 749.0 523.7 726.7 563.9 basketball-court 0
437.5 499.2 458.1 462.6 630.7 559.6 610.1 596.2 basketball-court 0
621.9 196.1 708.0 115.4 909.1 329.9 823.0 410.6 basketball-court 0
528.7 232.1 564.0 191.2 741.0 344.3 705.6 385.2 basketball-court 0
396.3 252.5 432.6 212.5 606.0 369.6 569.8 409.6 basketball-court 0
564.4 -153.6 697.7 259.4 619.6 284.6 486.3 -128.4 basketball-court 0
