997.8 906.3 1002.1 910.5 995.2 917.7 990.9 913.5 storage-tank 0
967.4 899.5 971.7 895.3 978.6 902.5 974.3 906.7 storage-tank 0
576.2 601.0 609.1 574.9 714.8 708.0 681.9 734.1 harbor 0
981.4 900.2 983.2 899.3 989.6 911.8 987.8 912.7 storage-tank 0
971.6 897.6 1048.0 927.1 1044.4 936.4 968.0 906.9 storage-tank 0
973.6 907.4 975.6 913.1 962.4 917.6 960.4 911.9 storage-tank 0
940.6 983.9 1010.5 846.6 1019.4 851.1 949.5 988.4 storage-tank 0
940.8 947.6 1035.0 890.8 1040.2 899.4 946.0 956.2 storage-tank 0
1014.1 921.5 1015.8 927.2 990.9 934.5 989.2 928.8 storage-tank 0
967.5 939.1 972.1 942.9 955.5 962.9 950.9 959.1 storage-tank 0
981.1 948.1 984.6 952.9 966.9 965.9 963.4 961.1 storage-tank 0
