680.0 447.3 685.9 446.0 689.0 459.7 683.1 461.0 storage-tank 0
695.9 441.7 701.9 433.8 713.1 442.3 707.1 450.2 storage-tank 0
704.7 422.9 708.3 427.7 671.3 455.1 667.7 450.3 storage-tank 0
522.3 201.6 527.4 204.9 491.7 260.4 486.6 257.1 storage-tank 0
481.4 215.4 482.8 214.0 513.6 242.6 512.2 244.0 storage-tank 0
431.8 895.7 437.3 898.2 433.2 907.3 427.7 904.8 storage-tank 0
436.6 887.9 437.7 889.6 429.4 895.1 428.3 893.4 storage-tank 0
422.2 895.3 427.9 897.2 424.8 906.7 419.1 904.8 storage-tank 0
418.5 865.2 439.6 910.6 430.5 914.8 409.4 869.4 storage-tank 0
404.3 880.6 410.0 878.7 423.7 918.4 418.0 920.3 storage-tank 0
401.4 905.4 421.9 868.7 430.6 873.6 410.1 910.3 storage-tank 0
697.0 449.4 702.7 451.4 698.0 464.6 692.3 462.6 storage-tank 0
708.2 452.1 714.1 453.1 711.8 466.9 705.9 465.9 storage-tank 0
668.0 476.3 669.3 466.4 703.0 470.7 701.7 480.6 storage-tank 0
530.9 870.9 554.4 846.3 576.1 867.1 552.6 891.7 storage-tank 0
621.6 897.5 652.5 911.6 633.4 953.5 602.5 939.4 storage-tank 0
460.6 900.0 478.3 881.0 494.4 896.0 476.7 915.0 storage-tank 0
707.2 864.4 739.4 891.4 709.8 926.6 677.6 899.6 storage-tank 0
700.3 472.4 705.2 468.9 715.7 483.6 710.8 487.1 storage-tank 0
717.7 800.2 737.4 837.2 693.3 860.8 673.6 823.8 storage-tank 0
643.8 847.6 678.9 862.3 664.2 897.4 629.1 882.7 storage-tank 0
560.7 825.8 578.6 813.0 612.3 860.2 594.4 873.0 storage-tank 0
757.0 747.6 789.4 780.1 754.0 815.4 721.6 782.9 storage-tank 0
671.2 744.7 704.6 707.5 738.8 738.3 705.4 775.5 storage-tank 0
587.7 590.9 624.9 571.4 646.3 612.1 609.1 631.6 storage-tank 0
717.1 499.1 727.4 458.4 744.9 462.9 734.6 503.6 storage-tank 0
794.5 398.7 796.8 380.9 830.5 385.3 828.2 403.1 large-vehicle 0
460.2 585.3 461.5 567.4 479.4 568.6 478.1 586.6 large-vehicle 0
332.7 77.5 339.1 48.2 376.3 56.3 369.9 85.6 large-vehicle 0
382.5 459.8 388.5 460.1 386.5 498.1 380.5 497.7 large-vehicle 0
391.2 470.8 393.1 470.3 396.8 483.8 394.8 484.3 large-vehicle 0
416.6 464.8 417.9 466.3 385.5 493.1 384.3 491.5 large-vehicle 0
416.7 479.5 421.0 483.6 400.4 505.4 396.0 501.2 large-vehicle 0
918.8 503.4 923.7 500.0 954.2 544.6 949.3 548.0 storage-tank 0
919.6 515.6 924.5 519.1 916.4 530.4 911.5 526.9 storage-tank 0
882.1 568.5 886.4 572.7 848.9 611.5 844.6 607.3 storage-tank 0
872.2 562.9 876.5 567.1 832.8 611.1 828.5 606.9 storage-tank 0
746.7 551.6 773.3 514.1 817.3 545.4 790.7 582.9 storage-tank 0
811.5 635.7 841.2 606.0 876.5 641.3 846.8 671.0 storage-tank 0
735.1 623.5 771.0 588.6 805.9 624.5 770.0 659.4 storage-tank 0
789.9 761.1 829.9 724.9 866.1 764.9 826.1 801.1 storage-tank 0
920.1 531.1 924.8 534.8 910.9 551.9 906.2 548.2 storage-tank 0
926.7 538.9 936.0 535.1 941.3 548.1 932.0 551.9 storage-tank 0
917.4 551.9 921.8 555.9 909.6 569.1 905.2 565.1 storage-tank 0
921.9 558.4 926.1 554.1 939.1 566.6 934.9 570.9 storage-tank 0
910.6 616.9 929.8 584.1 945.4 593.1 926.2 625.9 storage-tank 0
898.4 600.0 904.7 592.2 915.6 601.0 909.3 608.8 storage-tank 0
893.3 579.3 896.8 569.9 928.7 581.7 925.2 591.1 storage-tank 0
