558.8 195.1 585.3 181.0 605.0 218.1 578.5 232.2 small-vehicle 0
713.9 173.3 742.7 155.3 767.1 194.3 738.3 212.3 small-vehicle 0
728.7 27.2 753.2 44.6 728.7 78.8 704.3 61.3 small-vehicle 0
715.4 339.4 730.1 360.9 708.6 375.6 693.9 354.1 small-vehicle 0
912.5 301.9 920.6 296.1 942.7 327.0 934.6 332.8 small-vehicle 0
948.6 286.9 954.3 288.8 943.4 321.1 937.7 319.2 small-vehicle 0
955.2 287.3 963.1 281.0 981.7 304.5 973.9 310.7 small-vehicle 0
862.5 329.3 883.7 314.1 903.5 341.7 882.3 356.9 small-vehicle 0
743.4 481.0 777.0 463.4 794.6 497.0 761.0 514.6 small-vehicle 0
753.0 579.1 784.1 565.4 801.0 603.9 769.9 617.6 small-vehicle 0
762.8 643.3 781.1 624.8 805.2 648.7 786.9 667.2 small-vehicle 0
766.7 675.9 792.0 659.8 810.3 688.5 785.0 704.6 small-vehicle 0
769.3 732.1 790.4 710.8 811.7 731.9 790.6 753.2 small-vehicle 0
775.9 784.0 798.1 758.3 820.8 777.9 798.6 803.6 small-vehicle 0
784.0 814.2 808.8 806.4 819.0 838.8 794.2 846.6 small-vehicle 0
789.5 889.2 813.4 878.9 828.5 913.8 804.6 924.1 small-vehicle 0
782.3 858.6 811.9 841.8 828.7 871.4 799.1 888.2 small-vehicle 0
789.5 953.0 818.2 934.9 838.5 967.0 809.8 985.1 small-vehicle 0
