603.4 865.2 622.1 832.1 658.6 852.8 639.9 885.9 storage-tank 0
662.0 880.7 667.5 847.1 705.0 853.3 699.5 886.9 storage-tank 0
551.4 576.5 552.4 582.4 534.6 585.5 533.6 579.6 storage-tank 0
530.8 570.8 541.0 555.9 559.2 568.2 549.0 583.1 storage-tank 0
536.1 588.7 537.1 590.5 524.9 597.3 523.9 595.5 storage-tank 0
512.2 576.4 518.0 574.8 526.8 607.6 521.0 609.2 storage-tank 0
572.2 566.2 576.8 562.4 600.8 591.8 596.2 595.6 storage-tank 0
569.8 568.9 572.8 574.2 557.2 583.1 554.2 577.8 storage-tank 0
195.5 212.2 207.8 180.5 239.5 192.8 227.2 224.5 storage-tank 0
200.2 177.0 205.3 210.6 163.8 217.0 158.7 183.4 storage-tank 0
191.9 155.7 199.2 148.8 228.1 179.3 220.8 186.2 storage-tank 0
203.5 112.5 214.8 144.5 186.5 154.5 175.2 122.5 storage-tank 0
