374.7 671.7 382.8 692.2 362.3 700.3 354.2 679.8 ship 0
497.1 937.1 498.4 935.6 499.9 936.9 498.6 938.4 ship 0
467.5 716.6 468.9 718.0 467.5 719.4 466.1 718.0 ship 0
394.9 677.7 396.6 676.6 397.7 678.3 396.0 679.4 ship 0
523.9 924.3 535.6 916.7 563.0 958.5 551.3 966.2 ship 0
251.7 539.8 266.4 529.3 279.1 547.3 264.5 557.7 ship 0
112.4 95.6 153.3 74.6 236.6 236.4 195.7 257.4 ship 0
132.1 181.1 133.6 182.5 132.2 184.0 130.8 182.6 ship 0
210.5 347.4 212.2 346.3 213.3 348.0 211.6 349.1 ship 0
34.7 146.6 47.4 133.9 184.3 271.4 171.6 284.1 ship 0
71.9 222.8 113.7 227.4 110.1 261.2 68.3 256.6 ship 0
42.5 270.9 65.0 251.1 119.1 312.8 96.5 332.6 ship 0
199.2 387.6 199.9 385.8 201.8 386.4 201.1 388.3 ship 0
