999.5 442.3 1029.2 446.0 1025.5 475.7 995.8 472.0 storage-tank 0
1007.6 121.1 1024.4 141.0 998.4 162.9 981.6 143.0 ship 0
1009.1 81.9 1017.2 87.6 999.9 112.1 991.8 106.4 ship 0
1015.5 62.4 1015.5 76.4 981.5 76.6 981.5 62.6 ship 0
1010.3 7.8 1017.9 14.3 988.1 49.3 980.4 42.8 ship 0
976.6 -7.0 980.8 -11.3 1013.9 20.6 1009.8 24.9 ship 0
903.9 642.4 907.1 651.9 856.1 669.6 852.9 660.1 ship 0
891.4 582.5 906.7 603.5 869.6 630.5 854.3 609.5 ship 0
888.4 530.5 904.8 560.3 864.5 582.5 848.1 552.7 ship 0
842.3 522.7 848.0 501.5 880.9 510.3 875.1 531.6 ship 0
879.9 449.9 890.1 473.8 844.1 493.4 833.9 469.5 ship 0
830.7 433.4 836.7 425.4 886.3 462.6 880.3 470.6 ship 0
834.8 418.1 838.9 409.0 877.2 426.4 873.0 435.5 ship 0
829.9 327.7 833.0 314.0 870.1 322.3 867.0 336.0 ship 0
870.3 365.4 872.5 375.1 827.7 385.6 825.5 375.9 ship 0
865.3 320.1 870.3 323.5 830.8 381.3 825.8 377.9 ship 0
838.2 391.4 864.1 389.5 865.4 407.5 839.5 409.3 ship 0
839.7 216.8 846.2 224.4 817.3 249.2 810.8 241.6 ship 0
821.7 199.9 826.2 196.0 843.4 215.6 838.8 219.5 ship 0
810.3 180.4 844.0 175.4 846.6 193.2 813.0 198.2 ship 0
801.4 167.1 803.3 157.3 844.6 164.9 842.7 174.7 ship 0
852.0 128.4 854.9 137.9 799.3 154.7 796.5 145.1 ship 0
804.4 86.3 808.0 81.5 841.6 106.7 838.0 111.5 ship 0
836.3 45.5 841.3 48.9 804.3 103.6 799.3 100.2 ship 0
827.4 14.0 834.5 20.9 805.2 51.0 798.0 44.0 ship 0
783.4 5.7 796.4 -16.8 839.6 8.3 826.6 30.8 ship 0
859.5 633.8 861.8 624.0 902.6 633.8 900.3 643.5 ship 0
900.3 665.7 905.5 674.2 862.7 700.1 857.6 691.6 ship 0
902.7 687.6 908.7 695.6 875.2 721.0 869.2 713.0 ship 0
891.2 951.9 896.6 949.3 919.8 998.1 914.4 1000.7 ship 0
934.9 920.5 939.2 924.7 885.7 981.4 881.4 977.3 ship 0
925.9 903.9 932.8 911.2 893.9 948.5 887.0 941.3 ship 0
889.1 892.5 926.4 899.7 923.0 917.4 885.7 910.2 ship 0
889.7 789.8 894.9 786.8 912.0 816.2 906.8 819.2 ship 0
879.6 778.0 891.9 755.1 925.4 773.0 913.1 795.9 ship 0
883.9 745.5 888.5 741.7 900.1 755.5 895.5 759.3 ship 0
909.9 700.3 917.2 707.2 875.0 752.5 867.7 745.7 ship 0
