484.5 829.2 493.3 804.7 521.5 814.8 512.7 839.3 large-vehicle 0
203.3 119.2 219.7 47.0 377.7 82.8 361.3 155.0 harbor 0
308.7 324.6 310.6 325.2 310.0 327.1 308.1 326.5 harbor 0
141.2 86.0 155.7 50.9 216.8 76.0 202.3 111.1 ship 0
328.3 523.0 366.5 484.8 416.0 534.3 377.8 572.5 ship 0
434.3 508.6 461.6 476.7 505.7 514.4 478.4 546.3 harbor 0
483.2 506.5 505.5 480.9 537.2 508.4 514.9 534.1 harbor 0
531.9 482.6 569.1 463.1 596.0 514.5 558.8 534.0 harbor 0
762.6 885.3 768.1 847.6 837.4 857.7 831.9 895.4 large-vehicle 0
934.4 403.4 972.2 399.8 976.6 445.6 938.8 449.2 large-vehicle 0
931.2 291.3 976.2 269.5 992.8 303.7 947.8 325.5 large-vehicle 0
838.5 157.3 867.2 166.1 858.4 194.8 829.7 186.0 large-vehicle 0
704.1 27.2 710.1 35.2 670.1 65.3 664.1 57.3 ship 0
570.8 45.9 575.0 41.6 610.2 77.1 606.0 81.4 small-vehicle 0
588.0 110.3 611.4 129.1 590.1 155.6 566.7 136.8 small-vehicle 0
605.5 924.6 630.9 919.3 638.7 956.5 613.2 961.8 small-vehicle 0
652.4 909.7 657.7 912.5 628.6 967.3 623.3 964.5 small-vehicle 0
681.7 914.3 693.4 922.1 672.3 953.7 660.6 946.0 small-vehicle 0
503.3 602.3 522.4 579.1 548.6 600.8 529.6 623.9 small-vehicle 0
606.6 524.2 645.3 508.1 661.5 546.9 622.7 563.0 small-vehicle 0
635.1 447.4 640.3 450.5 614.9 493.6 609.7 490.5 small-vehicle 0
603.8 447.6 637.5 443.5 639.2 457.4 605.4 461.5 small-vehicle 0
596.8 413.1 633.6 403.5 637.2 417.0 600.4 426.7 small-vehicle 0
600.9 389.2 630.9 390.8 630.1 404.8 600.1 403.2 small-vehicle 0
628.9 281.5 636.8 310.5 600.1 320.5 592.2 291.5 small-vehicle 0
601.5 181.0 627.3 203.1 602.5 232.0 576.7 209.9 large-vehicle 0
713.9 231.9 718.5 235.7 697.1 262.1 692.5 258.3 ship 0
691.1 219.9 715.3 210.3 721.9 227.1 697.7 236.7 ship 0
714.7 181.5 721.6 188.7 685.4 223.2 678.5 215.9 ship 0
714.8 157.5 721.7 164.7 688.8 196.8 681.8 189.6 ship 0
707.3 81.8 711.4 115.6 673.7 120.2 669.6 86.4 ship 0
707.9 56.4 712.1 65.5 670.4 84.9 666.2 75.8 ship 0
571.0 70.0 612.6 76.2 609.9 94.0 568.4 87.8 small-vehicle 0
955.1 -8.7 979.2 1.0 968.0 28.8 943.9 19.1 small-vehicle 0
953.8 62.5 983.8 62.3 984.2 100.3 954.2 100.5 small-vehicle 0
940.4 96.5 964.1 107.1 948.6 141.8 924.9 131.3 small-vehicle 0
874.2 116.0 899.6 138.6 863.8 179.0 838.4 156.4 small-vehicle 0
920.5 202.8 946.2 206.7 940.5 244.2 914.8 240.3 small-vehicle 0
848.5 245.3 879.9 224.0 903.5 258.7 872.1 280.0 small-vehicle 0
862.0 290.7 890.5 281.5 904.7 325.2 876.1 334.5 small-vehicle 0
872.7 415.7 900.5 404.4 919.3 450.7 891.5 462.0 small-vehicle 0
858.7 494.8 875.6 475.1 895.3 492.1 878.4 511.8 small-vehicle 0
885.4 600.7 904.0 567.6 933.6 584.3 915.0 617.4 small-vehicle 0
937.5 514.7 966.5 532.5 944.5 568.3 915.6 550.5 large-vehicle 0
101.2 253.9 134.0 244.9 154.8 320.1 122.0 329.1 ship 0
136.3 332.2 168.9 341.9 147.7 412.8 115.1 403.1 ship 0
65.2 359.5 87.6 346.2 135.8 426.8 113.5 440.2 ship 0
149.8 610.6 175.9 632.3 154.2 658.4 128.1 636.7 small-vehicle 0
181.1 619.4 206.9 616.4 210.9 650.2 185.0 653.2 small-vehicle 0
95.2 879.4 113.0 903.5 79.2 928.4 61.4 904.3 small-vehicle 0
341.8 953.7 349.5 960.1 314.9 1001.7 307.3 995.3 small-vehicle 0
293.0 958.8 317.7 975.9 289.2 1017.0 264.6 1000.0 small-vehicle 0
216.9 612.5 226.6 614.9 217.5 651.8 207.8 649.4 small-vehicle 0
284.3 607.2 324.8 596.3 335.7 636.8 295.2 647.7 small-vehicle 0
463.8 597.3 490.2 583.2 508.2 616.7 481.8 630.8 small-vehicle 0
456.7 488.8 473.8 502.7 447.3 535.2 430.2 521.3 ship 0
171.8 350.0 206.6 334.8 239.3 410.1 204.4 425.2 ship 0
285.1 355.4 313.2 336.3 345.7 384.4 317.6 403.4 ship 0
68.2 250.3 98.2 249.7 99.7 319.7 69.7 320.3 ship 0
198.7 127.6 200.4 161.5 78.5 167.5 76.8 133.6 ship 0
400.8 314.2 425.4 305.8 449.2 375.8 424.6 384.2 ship 0
447.7 320.6 479.5 308.6 508.3 385.4 476.5 397.4 ship 0
184.5 233.8 210.2 230.0 221.5 307.2 195.8 311.0 ship 0
236.8 232.8 274.7 230.3 279.2 300.2 241.3 302.7 ship 0
283.3 228.3 313.3 228.6 312.6 302.6 282.6 302.3 ship 0
363.5 220.8 396.5 212.5 415.5 288.2 382.5 296.5 ship 0
414.9 218.7 444.9 220.4 441.1 286.3 411.1 284.6 ship 0
387.0 32.7 432.1 23.7 441.9 72.7 396.8 81.7 ship 0
477.6 12.6 509.7 23.8 489.4 82.4 457.3 71.2 ship 0
