471.7 968.4 478.0 976.2 445.3 1002.6 439.0 994.8 small-vehicle 0
937.7 178.9 958.9 205.4 929.2 229.2 908.0 202.6 small-vehicle 0
908.7 149.4 935.4 163.2 916.1 200.5 889.5 186.8 small-vehicle 0
752.7 539.9 783.2 554.9 771.8 578.3 741.2 563.3 small-vehicle 0
705.5 453.8 713.9 459.3 688.6 497.8 680.3 492.3 small-vehicle 0
681.9 450.3 691.4 453.7 680.0 485.7 670.6 482.4 small-vehicle 0
660.2 442.4 682.7 455.4 667.6 481.4 645.1 468.3 small-vehicle 0
579.9 432.1 587.6 425.7 606.8 448.8 599.1 455.2 small-vehicle 0
544.3 412.1 577.8 417.6 571.7 455.1 538.1 449.6 small-vehicle 0
443.9 378.1 473.6 394.7 455.1 427.9 425.4 411.3 small-vehicle 0
720.6 872.0 745.4 888.8 726.4 917.0 701.6 900.2 small-vehicle 0
418.2 1013.1 437.2 1002.0 452.4 1027.9 433.4 1039.0 small-vehicle 0
466.4 978.5 471.9 976.0 487.4 1010.7 481.9 1013.2 small-vehicle 0
221.9 879.6 227.7 854.2 268.6 863.6 262.8 888.9 small-vehicle 0
172.1 874.1 180.4 879.7 159.4 911.4 151.1 905.8 small-vehicle 0
156.3 868.5 163.7 875.2 135.7 906.5 128.3 899.8 small-vehicle 0
148.2 863.4 151.7 872.7 97.3 892.9 93.9 883.5 small-vehicle 0
68.3 789.7 95.7 801.9 78.7 840.3 51.3 828.1 small-vehicle 0
64.5 676.1 87.8 694.9 76.5 708.9 53.2 690.1 small-vehicle 0
92.2 652.3 95.4 657.4 63.1 677.5 60.0 672.4 small-vehicle 0
99.6 635.8 101.5 645.6 64.3 653.1 62.3 643.3 small-vehicle 0
311.0 334.8 333.5 354.6 313.7 377.1 291.2 357.3 small-vehicle 0
825.5 -20.2 872.1 20.7 783.7 121.4 737.1 80.5 tennis-court 0
192.2 920.0 193.6 886.1 207.6 886.6 206.2 920.6 small-vehicle 0
234.5 897.3 239.2 914.7 202.5 924.7 197.8 907.3 small-vehicle 0
282.4 909.8 284.9 915.2 235.9 937.9 233.4 932.5 small-vehicle 0
291.1 910.5 298.2 917.5 268.8 947.5 261.7 940.5 small-vehicle 0
197.0 979.2 236.4 993.8 224.7 1025.7 185.3 1011.1 small-vehicle 0
123.8 991.3 134.0 963.0 158.5 971.8 148.3 1000.1 small-vehicle 0
962.6 824.9 999.9 844.2 991.6 860.2 954.4 840.8 small-vehicle 0
956.1 861.6 988.7 851.8 993.9 869.0 961.3 878.9 small-vehicle 0
963.2 871.3 991.9 896.1 982.8 906.7 954.1 881.9 small-vehicle 0
980.0 891.1 988.6 915.7 956.5 926.9 947.9 902.3 small-vehicle 0
926.6 982.7 939.7 987.7 930.4 1011.9 917.3 1006.9 small-vehicle 0
272.5 -138.9 551.5 156.0 326.2 369.0 47.3 74.1 basketball-court 0
