749.8 36.5 758.4 41.6 739.1 74.3 730.5 69.3 small-vehicle 0
800.7 153.4 828.9 163.6 817.3 195.6 789.1 185.4 small-vehicle 0
869.1 171.5 886.9 174.3 881.6 207.9 863.8 205.1 small-vehicle 0
849.7 161.5 859.6 162.2 856.4 204.1 846.5 203.3 small-vehicle 0
737.4 150.8 747.4 150.4 749.3 192.3 739.3 192.8 small-vehicle 0
759.1 151.9 783.3 161.4 770.9 193.1 746.7 183.6 small-vehicle 0
625.5 158.7 645.8 131.5 676.3 154.2 656.0 181.4 small-vehicle 0
764.3 295.2 790.1 310.5 772.7 339.8 746.9 324.5 small-vehicle 0
874.0 298.5 901.2 318.9 876.0 352.5 848.8 332.1 small-vehicle 0
809.3 293.3 830.7 308.0 813.7 332.7 792.3 318.0 small-vehicle 0
592.3 230.3 608.9 210.3 635.1 231.9 618.5 251.9 small-vehicle 0
591.5 354.6 616.4 331.5 639.5 356.5 614.6 379.6 small-vehicle 0
726.4 37.4 734.8 42.8 720.6 64.6 712.2 59.2 small-vehicle 0
769.0 36.4 789.8 52.1 764.5 85.6 743.7 70.0 small-vehicle 0
818.3 48.4 824.5 56.2 794.8 80.0 788.6 72.1 small-vehicle 0
895.7 58.9 904.5 63.7 886.3 97.1 877.5 92.3 small-vehicle 0
870.3 56.0 879.9 58.8 867.7 99.0 858.1 96.2 small-vehicle 0
851.0 57.1 860.2 61.1 845.0 95.9 835.8 91.9 small-vehicle 0
834.2 50.9 842.6 56.3 821.8 88.1 813.4 82.7 small-vehicle 0
1007.0 503.3 1013.8 510.7 980.1 541.9 973.3 534.6 small-vehicle 0
900.2 142.9 916.5 117.7 941.7 134.0 925.4 159.2 small-vehicle 0
911.0 66.6 931.6 82.4 911.0 109.4 890.4 93.6 small-vehicle 0
843.7 202.2 848.8 215.2 824.6 224.7 819.5 211.6 small-vehicle 0
1006.2 393.2 1021.8 408.7 997.8 432.8 982.2 417.3 small-vehicle 0
1013.2 474.7 1019.7 482.3 984.8 512.3 978.3 504.7 small-vehicle 0
1011.4 454.4 1016.4 467.5 984.6 479.6 979.6 466.5 small-vehicle 0
1017.1 424.1 1022.7 432.4 987.9 455.9 982.3 447.6 small-vehicle 0
1019.6 368.5 1026.3 376.0 1006.8 393.2 1000.2 385.7 small-vehicle 0
1026.4 345.0 1030.1 354.3 998.6 367.0 994.9 357.7 small-vehicle 0
