810.7 56.7 829.7 74.3 809.3 96.3 790.3 78.7 small-vehicle 0
877.9 72.1 887.3 75.4 874.9 111.3 865.4 108.0 small-vehicle 0
853.5 70.9 863.0 74.1 854.6 98.7 845.1 95.5 small-vehicle 0
744.2 49.9 763.8 60.0 744.4 97.3 724.9 87.2 small-vehicle 0
758.8 58.3 768.7 57.0 773.2 90.7 763.3 92.0 small-vehicle 0
653.1 40.1 670.2 59.6 650.7 76.8 633.5 57.2 small-vehicle 0
770.0 196.5 791.2 211.7 769.0 242.5 747.8 227.3 small-vehicle 0
867.8 206.0 893.1 212.1 884.2 249.0 858.9 242.9 small-vehicle 0
812.5 192.3 835.0 212.2 812.5 237.7 790.0 217.8 small-vehicle 0
593.6 136.4 606.0 113.6 635.8 129.8 623.4 152.6 small-vehicle 0
619.6 236.5 637.5 260.6 613.4 278.5 595.5 254.4 small-vehicle 0
1001.9 402.1 1017.3 417.8 987.2 447.2 971.9 431.5 small-vehicle 0
927.9 20.1 942.3 46.4 916.0 60.8 901.6 34.5 small-vehicle 0
818.6 109.7 832.4 98.2 851.7 121.1 837.9 132.7 small-vehicle 0
995.8 298.1 1019.9 307.8 1010.2 331.9 986.1 322.2 small-vehicle 0
1008.2 370.4 1025.8 389.6 991.8 420.6 974.2 401.4 small-vehicle 0
1000.7 359.7 1005.9 362.5 997.3 378.3 992.1 375.5 small-vehicle 0
1012.0 321.8 1025.3 339.3 995.0 362.2 981.7 344.7 small-vehicle 0
1012.8 283.2 1013.9 281.5 1015.6 282.6 1014.5 284.2 small-vehicle 0
1015.8 239.5 1031.8 254.7 1011.2 276.5 995.2 261.3 small-vehicle 0
