321.5 732.4 359.1 759.0 332.5 796.6 294.9 770.0 large-vehicle 0
424.5 488.3 451.9 476.0 467.5 510.7 440.1 523.0 small-vehicle 0
568.2 626.4 590.3 646.7 561.8 677.6 539.7 657.3 small-vehicle 0
514.6 509.2 552.1 515.2 547.4 544.8 509.9 538.8 small-vehicle 0
474.7 544.6 512.6 547.5 509.3 589.4 471.4 586.5 small-vehicle 0
947.2 833.0 970.5 844.7 960.6 864.3 937.3 852.7 small-vehicle 0
965.3 804.0 987.8 817.0 972.7 843.0 950.2 830.0 small-vehicle 0
978.4 44.3 1008.4 45.7 1006.6 83.7 976.6 82.3 small-vehicle 0
895.3 932.7 917.5 946.2 885.3 999.1 863.1 985.6 small-vehicle 0
947.1 959.8 965.2 978.5 940.8 1002.2 922.7 983.5 small-vehicle 0
991.8 912.2 1016.8 928.8 1000.2 953.8 975.2 937.2 small-vehicle 0
