350.8 882.5 379.4 891.7 359.2 954.5 330.6 945.3 ship 0
245.1 786.0 278.1 777.9 293.9 842.0 260.9 850.1 ship 0
292.6 773.3 326.6 772.7 328.4 862.7 294.4 863.3 ship 0
355.1 779.7 382.2 792.7 348.5 863.0 321.5 850.1 ship 0
214.6 786.3 236.6 784.8 240.4 838.7 218.4 840.2 ship 0
278.2 877.4 323.7 870.8 340.8 987.6 295.3 994.2 ship 0
267.9 885.6 285.6 889.0 269.1 973.4 251.4 970.0 ship 0
75.1 457.8 104.3 464.6 91.9 517.2 62.7 510.4 ship 0
42.7 467.1 56.1 463.0 67.2 499.3 53.8 503.4 ship 0
-0.3 782.7 29.4 786.9 20.3 852.3 -9.4 848.1 ship 0
45.9 774.7 74.9 782.4 59.1 842.3 30.1 834.6 ship 0
84.5 776.6 114.3 779.7 107.5 845.4 77.7 842.3 ship 0
109.2 777.9 128.9 768.1 171.0 852.1 151.3 862.0 ship 0
0.7 894.8 22.5 897.5 16.8 943.1 -5.0 940.4 ship 0
49.6 877.6 82.2 887.0 57.4 973.5 24.7 964.1 ship 0
91.8 882.5 120.7 890.4 99.2 969.5 70.3 961.6 ship 0
128.7 881.3 150.7 880.5 154.3 974.4 132.3 975.2 ship 0
189.3 759.1 219.4 774.9 177.7 854.6 147.6 838.8 ship 0
134.2 894.2 167.2 868.2 242.8 964.0 209.8 990.0 ship 0
224.6 884.4 242.5 885.8 236.4 967.6 218.5 966.2 ship 0
104.7 495.6 112.8 489.6 125.9 507.2 117.9 513.2 ship 0
121.9 525.9 139.2 479.0 163.6 488.0 146.3 534.9 ship 0
