90.9 210.7 98.8 204.5 181.1 310.3 173.2 316.5 ship 0
98.9 256.8 106.1 249.9 134.9 280.5 127.7 287.4 ship 0
81.8 264.0 89.3 257.3 120.0 291.6 112.5 298.3 ship 0
53.7 266.4 60.6 259.2 119.9 315.9 113.0 323.1 ship 0
114.8 318.3 131.3 303.7 172.4 350.2 155.9 364.7 ship 0
18.0 895.1 47.8 898.6 38.7 976.0 8.9 972.5 ship 0
212.4 687.2 220.4 681.2 245.6 714.8 237.6 720.8 ship 0
225.9 673.7 233.0 666.5 262.9 696.0 255.9 703.1 ship 0
242.2 658.1 249.9 651.7 276.8 683.9 269.1 690.3 ship 0
232.0 613.1 239.8 606.8 313.9 698.7 306.1 705.0 ship 0
245.6 606.9 250.1 602.9 344.4 709.1 339.9 713.1 ship 0
261.9 604.1 271.3 593.7 367.7 680.9 358.3 691.3 ship 0
288.6 576.9 296.6 570.9 358.0 652.4 350.0 658.4 ship 0
247.8 731.6 268.3 715.5 299.2 754.8 278.7 770.9 ship 0
607.6 406.9 766.8 289.3 846.4 397.1 687.2 514.7 ship 0
1008.9 1012.4 1009.1 1014.4 1007.1 1014.6 1006.9 1012.6 harbor 0
