73.4 534.0 75.0 532.8 76.2 534.4 74.6 535.6 ship 0
61.3 514.8 62.7 516.3 61.2 517.7 59.8 516.2 ship 0
48.1 631.0 49.5 629.6 50.9 631.0 49.5 632.4 harbor 0
77.5 603.5 78.8 602.0 80.4 603.3 79.0 604.9 harbor 0
556.2 719.9 591.9 765.6 416.8 902.1 381.1 856.4 ground-track-field 0
618.9 391.4 685.9 422.7 663.1 471.6 596.1 440.3 storage-tank 0
719.1 295.0 783.7 345.6 752.9 385.0 688.3 334.4 storage-tank 0
642.3 274.8 670.0 248.8 709.7 291.2 682.0 317.2 storage-tank 0
585.8 346.6 614.5 321.7 647.2 359.4 618.5 384.3 storage-tank 0
541.0 390.7 572.1 376.9 594.0 426.3 562.9 440.1 storage-tank 0
540.0 499.1 560.4 477.1 600.0 513.9 579.6 535.9 storage-tank 0
496.8 457.9 522.8 430.2 562.2 467.1 536.2 494.8 storage-tank 0
491.6 540.4 516.8 517.6 558.4 563.6 533.2 586.4 storage-tank 0
452.8 499.7 478.2 477.0 514.2 517.3 488.8 540.0 storage-tank 0
259.9 975.2 284.2 957.6 311.1 994.8 286.8 1012.4 storage-tank 0
