513.9 241.7 530.4 234.5 536.1 247.3 519.6 254.5 storage-tank 0
503.2 250.6 508.2 247.2 513.8 255.4 508.8 258.8 storage-tank 0
609.4 274.8 614.3 271.3 649.6 322.2 644.7 325.7 storage-tank 0
597.2 284.0 602.1 280.6 632.8 325.0 627.9 328.4 storage-tank 0
597.2 328.4 597.8 290.4 607.8 290.6 607.2 328.6 storage-tank 0
573.5 305.7 577.3 301.1 606.5 325.3 602.7 329.9 storage-tank 0
566.7 302.5 594.7 333.8 587.3 340.5 559.3 309.2 storage-tank 0
566.6 293.5 572.5 294.5 561.4 359.5 555.5 358.5 storage-tank 0
528.2 313.7 532.6 309.5 572.8 351.3 568.4 355.5 storage-tank 0
513.6 325.1 517.0 320.2 561.4 350.9 558.0 355.8 storage-tank 0
488.0 325.4 494.0 325.7 491.0 383.6 485.0 383.3 storage-tank 0
458.4 332.3 463.5 329.2 497.6 385.7 492.5 388.8 storage-tank 0
460.2 526.8 467.9 520.4 476.8 531.2 469.1 537.6 storage-tank 0
510.9 506.4 512.6 507.4 474.1 570.6 472.4 569.6 storage-tank 0
474.2 540.0 479.9 537.9 484.8 551.0 479.1 553.1 storage-tank 0
453.3 500.0 454.5 498.4 519.7 548.0 518.5 549.6 storage-tank 0
436.9 443.8 441.0 439.3 475.1 470.2 471.0 474.7 storage-tank 0
460.1 430.2 461.9 431.0 433.9 490.8 432.1 490.0 storage-tank 0
346.4 438.4 391.9 445.2 384.6 494.6 339.1 487.8 storage-tank 0
379.5 598.6 383.3 593.9 403.5 610.4 399.7 615.1 storage-tank 0
511.2 246.0 516.2 242.7 521.8 251.0 516.8 254.3 storage-tank 0
488.6 239.9 545.3 281.0 539.4 289.1 482.7 248.0 storage-tank 0
762.2 406.7 766.1 402.2 776.8 411.3 772.9 415.8 storage-tank 0
517.3 258.1 518.8 256.7 525.7 263.9 524.2 265.3 storage-tank 0
718.3 432.2 719.3 433.9 651.7 472.8 650.7 471.1 storage-tank 0
711.1 422.6 712.3 424.2 652.9 468.4 651.7 466.8 storage-tank 0
701.2 409.3 705.4 413.6 652.8 465.7 648.6 461.4 storage-tank 0
511.2 255.9 559.6 300.8 552.8 308.1 504.4 263.2 storage-tank 0
502.6 205.7 585.0 345.2 576.4 350.3 494.0 210.8 storage-tank 0
495.5 251.2 543.8 290.0 537.5 297.8 489.2 259.0 storage-tank 0
520.3 267.5 525.8 265.2 529.7 274.5 524.2 276.8 storage-tank 0
527.9 232.2 549.6 298.7 540.1 301.8 518.4 235.3 storage-tank 0
526.4 259.4 526.6 253.4 536.6 253.6 536.4 259.6 storage-tank 0
380.3 606.7 385.3 610.0 379.7 618.3 374.7 615.0 storage-tank 0
307.0 646.9 438.9 546.2 445.0 554.1 313.1 654.8 storage-tank 0
378.9 585.7 383.1 581.4 393.1 591.3 388.9 595.6 storage-tank 0
277.5 574.3 312.7 559.8 348.5 646.7 313.3 661.2 storage-tank 0
200.2 398.5 204.5 402.6 144.8 464.5 140.5 460.4 storage-tank 0
53.7 545.8 54.9 544.2 112.3 584.2 111.1 585.8 storage-tank 0
62.7 561.2 90.5 541.6 96.3 549.8 68.5 569.4 storage-tank 0
256.7 487.6 257.9 486.0 282.3 503.4 281.1 505.0 storage-tank 0
248.1 494.0 272.1 464.6 279.9 471.0 255.9 500.4 storage-tank 0
238.0 466.9 275.2 459.4 278.0 473.1 240.8 480.6 storage-tank 0
215.0 460.4 286.2 440.1 290.0 453.6 218.8 473.9 storage-tank 0
263.0 531.4 267.8 518.2 326.0 539.6 321.2 552.8 storage-tank 0
189.3 423.4 194.6 426.1 171.7 470.6 166.4 467.9 storage-tank 0
123.0 439.2 200.0 385.3 208.0 396.8 131.0 450.7 storage-tank 0
718.3 434.4 719.5 436.0 657.7 483.6 656.5 482.0 storage-tank 0
774.9 399.0 780.0 395.9 787.1 408.0 782.0 411.1 storage-tank 0
843.9 109.9 880.6 143.8 871.1 154.1 834.4 120.2 storage-tank 0
820.7 126.6 828.3 120.2 855.3 152.4 847.7 158.8 storage-tank 0
817.8 374.2 825.2 367.5 861.2 407.8 853.8 414.5 storage-tank 0
786.4 394.0 792.2 392.5 795.6 406.0 789.8 407.5 storage-tank 0
702.6 302.6 708.7 261.1 738.4 265.4 732.3 306.9 storage-tank 0
753.9 297.0 800.1 262.0 806.1 270.0 759.9 305.0 storage-tank 0
790.7 264.4 791.6 266.2 754.3 285.6 753.4 283.8 storage-tank 0
763.0 265.8 764.0 264.1 776.0 271.2 775.0 272.9 storage-tank 0
732.4 265.0 765.3 222.1 779.6 233.0 746.7 275.9 storage-tank 0
812.0 379.6 840.3 404.9 831.0 415.4 802.7 390.1 storage-tank 0
790.8 388.8 812.2 433.9 803.2 438.2 781.8 393.1 storage-tank 0
752.0 375.8 829.1 454.2 822.0 461.2 744.9 382.8 storage-tank 0
