538.6 58.6 540.4 57.6 541.4 59.4 539.6 60.4 ship 0
805.2 617.5 852.0 658.2 758.9 765.4 712.1 724.7 ship 0
876.6 353.1 957.1 159.2 1062.4 202.9 981.9 396.8 ship 0
122.2 27.2 132.7 12.6 153.8 27.8 143.3 42.4 harbor 0
93.5 91.5 102.9 71.6 130.1 84.3 120.7 104.2 harbor 0
98.0 121.1 108.7 140.2 86.0 152.9 75.3 133.8 harbor 0
61.2 204.8 61.7 206.7 59.8 207.2 59.3 205.3 harbor 0
34.4 226.7 54.5 243.0 35.6 266.3 15.5 250.0 harbor 0
254.5 659.8 280.4 662.5 274.5 720.2 248.6 717.5 ship 0
119.9 273.4 127.4 280.0 89.1 323.6 81.6 317.0 ship 0
199.6 53.7 203.1 58.6 120.1 117.9 116.6 113.1 ship 0
188.5 47.2 197.8 50.8 169.6 123.6 160.3 120.0 ship 0
209.0 68.8 217.0 74.7 173.0 134.2 165.0 128.3 ship 0
100.2 261.6 108.5 267.2 76.3 315.4 68.0 309.9 ship 0
241.6 699.7 251.5 714.8 226.4 731.3 216.5 716.2 ship 0
60.8 335.2 70.3 338.3 51.4 397.3 41.9 394.3 ship 0
24.5 331.0 30.1 328.8 55.5 394.0 49.9 396.2 ship 0
21.7 412.8 49.5 432.4 27.6 463.4 -0.2 443.8 ship 0
18.7 976.1 20.4 977.2 19.3 978.9 17.6 977.8 ship 0
31.8 986.8 33.3 988.1 32.0 989.6 30.5 988.3 ship 0
57.2 959.5 72.5 968.9 35.8 1028.5 20.5 1019.1 ship 0
61.9 999.1 63.4 1000.4 62.1 1001.9 60.6 1000.6 ship 0
242.5 667.6 250.1 674.0 207.5 724.4 199.9 718.0 ship 0
