207.5 649.6 336.3 766.5 149.5 972.4 20.7 855.5 ground-track-field 0
356.7 389.5 370.2 462.2 309.3 473.5 295.8 400.8 storage-tank 0
424.2 289.9 476.5 353.1 431.8 390.1 379.5 326.9 storage-tank 0
362.2 249.3 402.1 285.7 373.8 316.7 333.9 280.3 storage-tank 0
303.8 324.9 321.6 327.7 313.2 381.1 295.4 378.3 storage-tank 0
253.4 370.7 297.8 408.1 265.6 446.3 221.2 408.9 storage-tank 0
232.8 512.7 261.5 476.7 291.2 500.3 262.5 536.3 storage-tank 0
216.1 429.0 255.4 459.9 226.9 496.0 187.6 465.1 storage-tank 0
186.2 538.6 213.6 518.6 247.8 565.4 220.4 585.4 storage-tank 0
172.2 477.5 206.6 508.0 178.8 539.5 144.4 509.0 storage-tank 0
