174.6 592.4 266.2 571.0 269.4 584.6 177.8 606.0 storage-tank 0
487.4 14.1 522.6 -15.5 562.6 31.9 527.4 61.5 storage-tank 0
109.9 481.0 230.2 421.9 238.1 438.0 117.8 497.1 storage-tank 0
185.5 465.1 193.4 471.2 177.5 491.9 169.6 485.8 storage-tank 0
135.8 530.7 234.4 452.3 243.2 463.3 144.6 541.7 storage-tank 0
109.7 514.7 279.1 500.3 280.3 514.3 110.9 528.7 storage-tank 0
177.5 533.0 179.6 523.2 224.5 533.0 222.4 542.8 storage-tank 0
210.9 538.0 216.3 540.6 205.1 564.0 199.7 561.4 storage-tank 0
193.4 579.0 228.5 549.3 237.6 560.0 202.5 589.7 storage-tank 0
234.1 592.9 241.7 599.3 224.9 619.1 217.3 612.7 storage-tank 0
274.6 607.1 279.5 610.6 271.4 621.9 266.5 618.4 storage-tank 0
197.3 657.9 265.2 581.8 275.7 591.1 207.8 667.2 storage-tank 0
248.7 628.6 256.6 634.6 238.3 658.4 230.4 652.4 storage-tank 0
201.1 436.8 210.8 434.6 213.9 448.2 204.2 450.4 storage-tank 0
215.3 451.2 219.8 455.2 210.7 465.8 206.2 461.8 storage-tank 0
132.2 483.5 303.3 451.8 305.8 465.5 134.7 497.2 storage-tank 0
217.5 488.5 220.9 483.6 232.5 491.5 229.1 496.4 storage-tank 0
145.7 551.2 308.7 446.0 316.3 457.8 153.3 563.0 storage-tank 0
160.0 588.3 302.1 444.8 312.0 454.7 169.9 598.2 storage-tank 0
167.7 573.2 310.0 487.8 317.3 499.8 175.0 585.2 storage-tank 0
251.6 545.0 255.7 549.4 245.4 559.0 241.3 554.6 storage-tank 0
258.6 561.4 261.1 566.8 248.4 572.6 245.9 567.2 storage-tank 0
259.8 575.4 265.4 577.6 260.2 590.6 254.6 588.4 storage-tank 0
39.8 44.8 51.4 26.1 114.2 65.2 102.6 83.9 storage-tank 0
118.6 14.6 130.9 -3.5 195.4 40.4 183.1 58.5 storage-tank 0
65.2 129.4 109.9 86.4 141.8 119.6 97.1 162.6 storage-tank 0
135.1 155.2 173.4 198.8 126.9 239.8 88.6 196.2 storage-tank 0
164.2 223.0 198.5 274.7 146.8 309.0 112.5 257.3 storage-tank 0
317.9 30.5 336.5 42.3 299.1 101.5 280.5 89.7 storage-tank 0
335.3 7.6 411.7 -8.1 426.7 64.4 350.3 80.1 storage-tank 0
269.7 591.4 273.4 596.1 262.3 604.6 258.6 599.9 storage-tank 0
270.0 630.6 271.5 624.8 285.0 628.4 283.5 634.2 storage-tank 0
332.4 615.9 334.1 610.2 347.6 614.1 345.9 619.8 storage-tank 0
317.2 620.1 317.9 614.1 331.8 615.9 331.1 621.9 storage-tank 0
289.5 473.0 294.7 476.0 287.5 488.0 282.3 485.0 storage-tank 0
285.5 491.8 286.1 489.9 299.5 494.2 298.9 496.1 storage-tank 0
289.4 505.4 291.8 499.9 304.6 505.6 302.2 511.1 storage-tank 0
247.0 553.0 351.0 475.0 357.0 483.0 253.0 561.0 storage-tank 0
298.6 531.3 299.6 525.4 313.4 527.7 312.4 533.6 storage-tank 0
313.7 536.3 316.8 541.5 308.3 546.7 305.2 541.5 storage-tank 0
317.6 547.6 321.3 552.3 313.4 558.4 309.7 553.7 storage-tank 0
312.6 563.7 316.2 558.9 327.4 567.3 323.8 572.1 storage-tank 0
328.3 572.3 329.9 573.4 321.7 584.7 320.1 583.6 storage-tank 0
330.2 583.4 335.5 586.3 328.8 598.6 323.5 595.7 storage-tank 0
336.6 594.5 341.7 597.6 334.4 609.5 329.3 606.4 storage-tank 0
304.9 471.1 305.1 465.2 327.1 465.9 326.9 471.8 storage-tank 0
227.2 429.7 230.5 434.7 218.8 442.3 215.5 437.3 storage-tank 0
326.7 473.5 330.7 477.9 314.3 492.5 310.3 488.1 storage-tank 0
332.7 485.3 336.5 490.0 319.3 503.7 315.5 499.0 storage-tank 0
338.8 499.7 341.3 505.2 321.2 514.3 318.7 508.8 storage-tank 0
341.1 509.7 344.9 514.4 327.9 528.3 324.1 523.6 storage-tank 0
346.3 520.3 350.0 525.1 332.7 538.7 329.0 533.9 storage-tank 0
352.0 532.7 355.6 537.5 335.0 553.3 331.4 548.5 storage-tank 0
356.1 546.1 359.6 550.9 341.9 563.9 338.4 559.1 storage-tank 0
360.3 557.7 363.7 562.7 345.7 575.3 342.3 570.3 storage-tank 0
366.3 572.1 367.9 577.9 346.7 583.9 345.1 578.1 storage-tank 0
369.8 582.8 373.5 587.6 356.2 601.2 352.5 596.4 storage-tank 0
370.0 597.1 376.6 604.7 366.0 613.9 359.4 606.3 storage-tank 0
335.0 366.2 483.5 344.9 486.0 362.8 337.5 384.1 storage-tank 0
262.0 630.7 378.6 573.3 383.0 582.3 266.4 639.7 storage-tank 0
313.5 590.8 319.1 588.8 322.5 598.2 316.9 600.2 storage-tank 0
313.9 576.9 318.2 581.1 311.1 588.1 306.8 583.9 storage-tank 0
286.3 526.8 340.1 608.7 331.7 614.2 277.9 532.3 storage-tank 0
232.3 443.7 235.5 448.8 223.7 456.3 220.5 451.2 storage-tank 0
239.2 458.9 241.6 464.4 228.8 470.1 226.4 464.6 storage-tank 0
244.7 474.9 246.6 480.6 233.3 485.1 231.4 479.4 storage-tank 0
249.1 487.3 251.6 492.7 238.9 498.7 236.4 493.3 storage-tank 0
254.4 502.8 257.5 507.9 245.6 515.2 242.5 510.1 storage-tank 0
260.7 517.0 263.6 522.3 251.3 529.0 248.4 523.7 storage-tank 0
254.4 540.2 254.7 534.2 268.6 534.8 268.3 540.8 storage-tank 0
270.4 547.7 272.0 553.5 258.6 557.3 257.0 551.5 storage-tank 0
275.1 561.0 278.1 566.2 265.9 573.0 262.9 567.8 storage-tank 0
279.6 576.3 284.0 580.4 274.4 590.7 270.0 586.6 storage-tank 0
287.6 591.8 291.4 596.5 280.4 605.2 276.6 600.5 storage-tank 0
294.0 607.0 297.4 611.9 286.0 620.0 282.6 615.1 storage-tank 0
300.9 622.2 303.6 627.6 291.1 633.8 288.4 628.4 storage-tank 0
227.3 419.9 229.1 414.1 280.7 430.1 278.9 435.9 storage-tank 0
266.9 429.8 269.7 435.1 250.1 445.2 247.3 439.9 storage-tank 0
272.1 443.6 273.4 449.5 251.9 454.4 250.6 448.5 storage-tank 0
272.3 452.2 276.5 456.5 260.7 471.8 256.5 467.5 storage-tank 0
279.2 465.1 282.4 470.2 263.8 481.9 260.6 476.8 storage-tank 0
275.9 480.7 280.5 484.5 274.1 492.3 269.5 488.5 storage-tank 0
281.5 386.9 292.4 608.6 282.5 609.1 271.6 387.4 storage-tank 0
224.3 417.3 354.8 596.8 346.7 602.7 216.2 423.2 storage-tank 0
284.8 524.2 285.2 518.2 295.2 518.8 294.8 524.8 storage-tank 0
290.7 529.6 296.6 528.6 298.3 538.4 292.4 539.4 storage-tank 0
266.6 559.6 326.2 522.9 331.4 531.4 271.8 568.1 storage-tank 0
298.3 556.1 302.5 551.9 309.7 558.9 305.5 563.1 storage-tank 0
383.6 441.3 456.6 353.7 467.4 362.7 394.4 450.3 storage-tank 0
431.7 367.8 437.7 375.8 404.3 401.2 398.3 393.2 storage-tank 0
406.7 407.0 410.0 402.0 458.3 434.0 455.0 439.0 storage-tank 0
576.5 270.7 580.6 266.4 608.5 292.3 604.4 296.6 storage-tank 0
604.6 288.7 610.3 296.9 582.4 316.3 576.7 308.1 storage-tank 0
580.0 326.3 581.7 316.5 627.0 324.7 625.3 334.5 storage-tank 0
440.7 423.7 446.6 425.0 440.3 454.3 434.4 453.0 storage-tank 0
545.7 383.3 555.5 398.4 530.3 414.7 520.5 399.6 storage-tank 0
440.3 485.7 646.0 358.2 659.7 380.3 454.0 507.8 storage-tank 0
456.0 541.3 655.1 371.0 672.0 390.7 472.9 561.0 storage-tank 0
490.7 557.4 643.2 425.0 660.3 444.6 507.8 577.0 storage-tank 0
565.3 415.1 565.7 401.1 595.7 401.9 595.3 415.9 storage-tank 0
523.1 353.7 690.9 533.5 671.9 551.3 504.1 371.5 storage-tank 0
404.4 992.0 521.0 904.2 536.6 925.0 420.0 1012.8 storage-tank 0
429.5 907.7 435.6 899.8 481.5 935.3 475.4 943.2 storage-tank 0
424.3 1032.6 531.7 939.7 548.7 959.4 441.3 1052.3 storage-tank 0
508.1 891.7 515.4 908.1 487.9 920.3 480.6 903.9 storage-tank 0
515.7 923.5 530.0 934.5 509.3 961.5 495.0 950.5 storage-tank 0
456.2 969.0 598.1 965.1 598.8 991.0 456.9 994.9 storage-tank 0
502.7 1048.3 563.4 966.3 584.3 981.7 523.6 1063.7 storage-tank 0
508.9 841.0 585.0 931.2 565.1 948.0 489.0 857.8 storage-tank 0
533.1 933.9 540.7 922.2 575.9 945.1 568.3 956.8 storage-tank 0
547.3 977.4 559.9 959.3 597.7 985.6 585.1 1003.7 storage-tank 0
180.7 65.0 201.3 72.6 181.3 127.0 160.7 119.4 storage-tank 0
217.2 123.1 255.2 172.0 199.8 214.9 161.8 166.0 storage-tank 0
237.4 192.5 277.2 240.1 226.6 282.5 186.8 234.9 storage-tank 0
525.3 347.8 534.7 351.0 523.7 383.2 514.3 380.0 storage-tank 0
382.5 503.6 502.4 400.7 511.5 411.4 391.6 514.3 storage-tank 0
467.3 458.4 473.3 466.4 439.7 491.6 433.7 483.6 storage-tank 0
437.8 480.2 441.3 475.3 485.2 506.8 481.7 511.7 storage-tank 0
417.6 497.9 522.5 513.3 520.4 527.1 415.5 511.7 storage-tank 0
372.4 593.2 570.6 454.4 578.6 465.8 380.4 604.6 storage-tank 0
497.9 530.4 504.3 538.1 469.1 567.6 462.7 559.9 storage-tank 0
437.5 347.3 446.4 342.7 454.5 358.7 445.6 363.3 storage-tank 0
464.7 335.7 474.5 337.6 471.3 355.3 461.5 353.4 storage-tank 0
447.5 368.5 456.8 364.8 463.5 381.5 454.2 385.2 storage-tank 0
433.9 257.8 533.4 469.6 517.1 477.2 417.6 265.4 storage-tank 0
455.3 391.5 464.0 386.7 472.7 402.5 464.0 407.3 storage-tank 0
438.6 319.1 545.2 446.3 531.4 457.9 424.8 330.7 storage-tank 0
465.0 410.9 474.8 408.6 479.0 426.1 469.2 428.4 storage-tank 0
430.9 311.4 569.6 499.9 555.1 510.6 416.4 322.1 storage-tank 0
394.7 468.4 556.9 395.2 564.3 411.6 402.1 484.8 storage-tank 0
505.3 422.6 511.2 430.7 496.7 441.4 490.8 433.3 storage-tank 0
480.6 455.5 489.7 451.2 497.4 467.5 488.3 471.8 storage-tank 0
450.9 353.8 581.9 542.9 567.1 553.2 436.1 364.1 storage-tank 0
379.3 515.6 607.7 435.5 613.7 452.4 385.3 532.5 storage-tank 0
523.5 465.6 527.8 474.6 511.5 482.4 507.2 473.4 storage-tank 0
493.6 503.2 499.0 494.8 517.4 506.8 512.0 515.2 storage-tank 0
455.0 398.2 609.8 584.3 596.0 595.8 441.2 409.7 storage-tank 0
458.5 452.1 580.1 592.8 569.5 601.9 447.9 461.2 storage-tank 0
465.9 413.5 615.5 613.8 601.1 624.5 451.5 424.2 storage-tank 0
485.3 335.5 487.2 321.6 536.7 328.5 534.8 342.4 storage-tank 0
585.3 478.2 680.4 372.7 702.7 392.8 607.6 498.3 storage-tank 0
620.6 503.7 683.0 433.4 705.4 453.3 643.0 523.6 storage-tank 0
631.0 373.0 647.2 387.8 627.0 410.0 610.8 395.2 storage-tank 0
661.4 630.6 665.1 635.3 644.6 651.4 640.9 646.7 storage-tank 0
665.8 612.7 669.5 617.5 630.2 648.3 626.5 643.5 storage-tank 0
646.2 592.5 654.4 598.2 632.8 629.5 624.6 623.8 storage-tank 0
862.3 651.9 876.6 635.2 926.7 678.1 912.4 694.8 storage-tank 0
785.0 600.5 808.5 625.0 784.0 648.5 760.5 624.0 storage-tank 0
731.2 579.6 768.9 546.7 801.8 584.4 764.1 617.3 storage-tank 0
785.5 547.0 795.1 536.7 840.5 579.0 830.9 589.3 storage-tank 0
823.2 582.8 845.2 613.8 820.8 631.2 798.8 600.2 storage-tank 0
826.9 582.4 863.1 542.3 912.1 586.6 875.9 626.7 storage-tank 0
594.5 489.6 602.7 478.2 633.5 500.4 625.3 511.8 storage-tank 0
683.8 569.7 688.7 578.4 659.2 595.3 654.3 586.6 storage-tank 0
687.0 587.2 690.6 592.0 670.0 607.8 666.4 603.0 storage-tank 0
692.4 601.6 695.9 606.5 674.6 621.4 671.1 616.5 storage-tank 0
703.5 609.5 707.1 614.3 673.5 639.5 669.9 634.7 storage-tank 0
