448.3 690.1 449.5 691.7 447.9 692.8 446.7 691.2 ship 0
536.1 758.3 568.9 767.2 557.9 807.7 525.1 798.8 storage-tank 0
149.4 511.8 158.5 501.1 190.6 528.2 181.5 538.9 storage-tank 0
61.8 566.0 80.4 547.8 104.2 572.0 85.6 590.2 storage-tank 0
108.2 532.6 128.4 564.8 109.8 576.4 89.6 544.2 storage-tank 0
114.9 538.5 131.6 508.9 168.1 529.5 151.4 559.1 storage-tank 0
192.4 475.3 206.8 458.6 241.6 488.7 227.2 505.4 storage-tank 0
251.3 431.2 280.1 467.1 256.7 485.8 227.9 449.9 storage-tank 0
229.5 728.4 230.9 727.0 232.3 728.4 230.9 729.8 ship 0
485.2 731.1 523.0 726.8 539.8 875.9 502.0 880.2 storage-tank 0
