707.9 97.0 736.7 72.2 764.1 104.0 735.3 128.8 storage-tank 0
826.6 -3.0 836.5 -4.5 842.4 33.0 832.5 34.5 storage-tank 0
754.8 14.8 768.8 3.5 795.2 36.2 781.2 47.5 storage-tank 0
800.9 40.9 816.1 31.2 830.1 53.1 814.9 62.8 storage-tank 0
729.2 66.2 749.0 33.8 784.8 55.8 765.0 88.2 storage-tank 0
779.6 79.9 790.6 65.7 814.4 84.1 803.4 98.3 storage-tank 0
755.9 108.7 770.2 97.8 798.1 134.3 783.8 145.2 storage-tank 0
745.3 144.3 763.2 145.8 760.7 175.7 742.8 174.2 storage-tank 0
682.7 135.0 713.8 106.9 747.3 144.0 716.2 172.1 storage-tank 0
599.8 34.0 608.3 -7.1 657.2 3.0 648.7 44.1 storage-tank 0
581.7 40.6 629.9 54.2 616.3 102.4 568.1 88.8 storage-tank 0
693.7 246.3 706.8 233.9 727.3 255.7 714.2 268.1 storage-tank 0
659.9 210.1 692.5 229.6 679.1 251.9 646.5 232.4 storage-tank 0
673.6 266.7 686.4 260.9 707.4 306.3 694.6 312.1 storage-tank 0
629.0 254.8 641.9 242.2 674.0 275.2 661.1 287.8 storage-tank 0
656.5 304.5 697.1 315.3 690.5 340.5 649.9 329.7 storage-tank 0
609.9 292.8 621.9 279.4 656.1 310.2 644.1 323.6 storage-tank 0
595.2 323.4 610.2 313.4 635.8 351.6 620.8 361.6 storage-tank 0
635.5 343.0 650.7 333.3 675.5 372.0 660.3 381.7 storage-tank 0
381.0 331.9 423.0 330.2 425.0 380.1 383.0 381.8 storage-tank 0
355.2 312.9 390.3 336.0 373.8 361.1 338.7 338.0 storage-tank 0
430.5 452.2 451.0 502.1 371.5 534.8 351.0 484.9 storage-tank 0
293.7 453.0 329.4 418.0 378.3 468.0 342.6 503.0 storage-tank 0
377.6 516.9 407.3 571.3 356.4 599.1 326.7 544.7 storage-tank 0
267.3 512.9 316.7 491.3 336.7 537.1 287.3 558.7 storage-tank 0
341.3 584.0 375.5 630.8 328.7 665.0 294.5 618.2 storage-tank 0
231.6 593.8 265.2 551.6 307.4 585.2 273.8 627.4 storage-tank 0
270.0 665.7 318.5 653.2 334.0 713.3 285.5 725.8 storage-tank 0
248.8 622.8 270.7 653.9 223.2 687.2 201.3 656.1 storage-tank 0
270.8 718.3 302.4 746.0 264.2 789.7 232.6 762.0 storage-tank 0
168.2 734.6 179.6 690.0 235.8 704.4 224.4 749.0 storage-tank 0
208.3 818.7 222.3 796.8 257.7 819.3 243.7 841.2 storage-tank 0
186.4 761.8 195.8 777.2 149.6 805.2 140.2 789.8 storage-tank 0
363.0 281.0 396.4 274.7 404.0 316.0 370.6 322.3 storage-tank 0
391.4 317.4 419.8 286.5 453.6 317.6 425.2 348.5 storage-tank 0
564.9 371.6 592.8 340.2 630.1 373.4 602.2 404.8 storage-tank 0
429.2 332.6 462.1 306.4 490.8 342.4 457.9 368.6 storage-tank 0
629.2 366.8 639.2 365.6 645.8 419.2 635.8 420.4 storage-tank 0
550.1 399.4 585.9 377.4 609.9 416.6 574.1 438.6 storage-tank 0
606.1 408.4 619.4 404.1 634.9 451.6 621.6 455.9 storage-tank 0
631.9 442.9 634.0 484.9 572.1 488.1 570.0 446.1 storage-tank 0
536.1 449.7 562.8 417.3 585.9 436.3 559.2 468.7 storage-tank 0
522.5 59.1 546.2 24.4 577.5 45.9 553.8 80.6 storage-tank 0
594.8 -11.4 598.0 22.5 556.2 26.4 553.0 -7.5 storage-tank 0
485.0 21.3 514.7 4.9 535.0 41.7 505.3 58.1 storage-tank 0
517.9 207.6 556.1 233.2 537.1 261.4 498.9 235.8 storage-tank 0
526.4 165.8 562.8 154.7 579.6 210.2 543.2 221.3 storage-tank 0
505.6 131.6 536.2 154.3 506.4 194.4 475.8 171.7 storage-tank 0
452.0 107.4 488.6 128.0 464.0 171.6 427.4 151.0 storage-tank 0
489.4 189.8 503.6 206.6 474.6 231.2 460.4 214.4 storage-tank 0
425.7 154.3 461.7 166.6 444.3 217.7 408.3 205.4 storage-tank 0
466.0 374.6 501.9 387.1 492.0 415.4 456.1 402.9 storage-tank 0
486.0 336.1 521.9 348.6 512.0 376.9 476.1 364.4 storage-tank 0
446.3 350.8 463.2 364.9 433.7 400.2 416.8 386.1 storage-tank 0
949.2 969.4 982.9 964.8 984.8 978.6 951.1 983.2 storage-tank 0
959.3 945.3 966.7 938.6 989.7 963.7 982.3 970.4 storage-tank 0
