-4.2 156.9 3.7 150.9 51.0 212.9 43.1 218.9 ship 0
7.9 139.2 15.6 132.8 68.1 195.8 60.4 202.2 ship 0
31.9 140.7 38.2 132.9 77.1 164.3 70.8 172.1 ship 0
29.1 284.5 49.6 262.6 132.9 340.5 112.4 362.4 ship 0
50.4 263.6 59.0 252.5 136.6 312.4 128.0 323.5 ship 0
954.3 803.3 968.5 776.9 1023.1 806.2 1008.9 832.7 ship 0
948.1 838.1 956.4 832.4 1002.9 899.9 994.6 905.6 ship 0
925.1 850.6 932.8 844.2 1000.9 925.4 993.2 931.8 ship 0
914.1 880.8 920.8 873.4 990.8 936.1 984.1 943.5 ship 0
916.5 887.1 925.4 882.4 967.5 961.9 958.7 966.6 ship 0
894.3 916.2 901.4 909.2 956.5 964.4 949.4 971.5 ship 0
892.5 942.2 899.7 935.2 945.5 982.8 938.3 989.8 ship 0
779.3 832.2 780.6 830.7 782.2 832.0 780.9 833.5 ship 0
763.3 848.8 763.9 846.9 765.8 847.5 765.3 849.4 ship 0
678.9 611.5 691.0 598.2 731.1 634.5 719.0 647.8 ship 0
633.8 636.7 639.4 628.4 737.0 694.8 731.4 703.1 ship 0
678.7 644.4 688.1 629.1 710.3 642.6 700.9 657.9 ship 0
627.9 650.8 634.9 643.7 718.8 726.7 711.7 733.8 ship 0
240.6 248.1 241.9 246.6 243.4 247.9 242.1 249.4 ship 0
170.1 271.3 188.9 247.9 280.9 321.7 262.1 345.1 ship 0
168.1 303.3 180.7 285.3 260.9 341.7 248.3 359.7 ship 0
202.5 344.3 203.7 342.7 205.3 343.9 204.1 345.5 ship 0
147.6 337.8 156.9 327.3 227.2 389.7 217.9 400.2 ship 0
132.7 372.7 151.7 349.6 224.3 409.3 205.3 432.4 ship 0
182.3 240.4 190.9 229.3 290.3 306.7 281.7 317.7 ship 0
218.1 205.2 236.2 186.5 297.9 246.4 279.8 265.1 ship 0
636.0 696.7 641.7 688.5 686.0 719.3 680.3 727.5 ship 0
228.4 442.8 248.4 420.4 327.2 491.3 307.2 513.6 ship 0
644.9 723.8 646.4 722.4 647.8 723.8 646.3 725.2 ship 0
629.6 744.7 630.8 743.1 632.4 744.3 631.2 745.9 ship 0
539.6 530.3 558.2 512.1 632.1 588.2 613.5 606.3 ship 0
571.7 582.2 572.9 580.6 574.5 581.8 573.3 583.4 ship 0
560.1 600.5 561.5 599.1 562.9 600.5 561.5 601.9 ship 0
546.1 621.3 547.3 619.7 548.9 620.9 547.7 622.5 ship 0
532.6 642.7 533.8 641.1 535.4 642.3 534.2 643.9 ship 0
520.1 662.9 521.1 661.1 522.9 662.1 521.9 663.9 ship 0
473.7 672.8 488.9 716.2 449.3 730.2 434.1 686.8 storage-tank 0
416.6 368.9 428.9 355.7 462.4 387.1 450.1 400.3 ship 0
405.9 389.8 411.3 381.4 460.1 412.6 454.7 421.1 ship 0
414.9 421.4 416.2 419.9 417.8 421.2 416.5 422.7 ship 0
359.9 424.5 367.7 412.9 455.8 471.8 448.0 483.4 ship 0
365.1 411.3 373.9 406.6 448.6 545.8 439.8 550.6 ship 0
341.3 463.7 350.5 453.1 448.7 538.3 439.5 548.9 ship 0
351.6 508.0 356.9 499.6 409.5 532.4 404.2 540.9 ship 0
333.7 535.6 351.5 511.5 401.3 548.4 383.5 572.5 ship 0
