287.1 469.2 388.4 585.2 124.9 815.5 23.6 699.5 ground-track-field 0
51.1 233.1 594.5 849.9 361.9 1054.9 -181.5 438.1 soccer-ball-field 0
123.3 585.7 163.3 555.7 171.7 566.9 131.7 596.9 basketball-court 0
167.2 560.6 172.5 563.5 140.8 621.4 135.5 618.5 basketball-court 0
122.4 639.1 187.1 565.6 197.6 574.9 132.9 648.4 basketball-court 0
1.7 33.4 14.1 26.8 39.3 74.6 26.9 81.2 storage-tank 0
35.6 43.7 43.1 37.0 68.4 65.3 60.9 72.0 storage-tank 0
50.8 23.8 78.1 3.5 103.2 37.2 75.9 57.5 storage-tank 0
159.6 7.5 188.1 38.2 154.4 69.5 125.9 38.8 storage-tank 0
208.0 45.1 239.9 12.0 273.0 43.9 241.1 77.0 storage-tank 0
