464.7 351.3 466.3 352.5 465.1 354.1 463.5 352.9 ship 0
843.9 61.0 845.5 59.8 846.7 61.4 845.1 62.6 ship 0
791.2 101.6 792.4 103.2 790.8 104.4 789.6 102.8 ship 0
673.2 184.4 674.5 185.9 673.0 187.2 671.7 185.7 ship 0
550.3 288.7 552.2 288.2 552.7 290.1 550.8 290.6 ship 0
405.7 400.2 407.3 399.1 408.4 400.7 406.8 401.9 ship 0
336.1 452.9 337.6 451.6 338.9 453.1 337.4 454.4 ship 0
246.1 490.9 247.1 489.1 248.9 490.1 247.9 491.9 ship 0
110.6 75.2 110.9 73.2 112.8 73.5 112.6 75.5 ship 0
901.4 16.3 903.2 15.6 903.9 17.5 902.0 18.2 ship 0
