473.7 623.8 483.5 633.8 439.3 677.2 429.5 667.2 ship 0
83.4 516.7 102.7 499.3 141.6 542.3 122.3 559.7 ship 0
472.2 668.1 473.9 669.2 472.8 670.9 471.1 669.8 ship 0
526.7 615.3 528.1 613.9 529.5 615.4 528.1 616.7 ship 0
510.9 595.7 512.8 596.3 512.3 598.2 510.3 597.6 ship 0
106.9 96.7 107.8 98.4 106.1 99.3 105.2 97.6 harbor 0
765.4 282.9 786.0 298.7 716.6 389.1 696.0 373.3 ship 0
787.9 338.6 789.4 339.9 788.2 341.4 786.6 340.1 ship 0
623.6 88.6 625.4 87.6 626.4 89.4 624.6 90.4 ship 0
616.7 53.6 636.5 36.7 668.9 74.8 649.1 91.7 ship 0
173.8 569.8 191.2 545.3 284.2 611.2 266.8 635.7 ship 0
