593.6 375.9 595.1 374.6 596.4 376.1 594.9 377.4 harbor 0
19.9 846.1 21.3 844.8 22.7 846.3 21.2 847.6 ship 0
590.9 382.4 592.5 381.3 593.7 382.9 592.0 384.1 ship 0
603.8 377.9 605.4 376.8 606.6 378.4 604.9 379.6 ship 0
588.3 358.8 590.2 358.3 590.7 360.2 588.8 360.7 ship 0
624.0 376.9 626.0 377.0 625.9 379.0 623.9 378.9 ship 0
640.1 357.1 641.4 358.6 639.9 359.9 638.6 358.4 ship 0
643.8 362.5 644.4 364.4 642.5 365.0 641.9 363.1 ship 0
664.1 346.2 664.8 348.1 662.9 348.8 662.2 346.9 ship 0
55.4 793.5 75.8 777.4 101.8 810.3 81.4 826.4 ship 0
