425.3 216.6 453.0 190.7 481.7 221.4 454.0 247.3 storage-tank 0
541.9 160.7 573.1 138.9 597.1 173.3 565.9 195.1 storage-tank 0
561.3 215.0 576.6 180.2 596.7 189.0 581.4 223.8 storage-tank 0
582.0 217.6 604.7 192.3 627.0 212.4 604.3 237.7 storage-tank 0
471.2 200.3 478.0 183.7 516.8 199.7 510.0 216.3 storage-tank 0
407.2 223.1 412.5 225.9 392.8 262.9 387.5 260.1 storage-tank 0
385.4 239.5 391.1 241.3 385.6 258.5 379.9 256.7 storage-tank 0
372.8 246.8 374.8 256.6 357.2 260.2 355.2 250.4 storage-tank 0
387.0 257.1 389.6 274.9 356.0 279.9 353.4 262.1 storage-tank 0
482.0 258.8 506.1 288.2 489.0 302.2 464.9 272.8 storage-tank 0
497.6 267.5 503.3 259.3 531.4 278.5 525.7 286.7 storage-tank 0
338.3 260.4 344.3 297.9 314.7 302.6 308.7 265.1 storage-tank 0
320.2 309.3 355.6 295.5 370.8 334.7 335.4 348.5 storage-tank 0
454.0 332.9 484.0 335.1 483.0 349.1 453.0 346.9 storage-tank 0
454.8 354.0 457.8 348.8 487.2 366.0 484.2 371.2 storage-tank 0
456.7 362.5 461.5 358.8 489.3 395.5 484.5 399.2 storage-tank 0
246.9 317.7 278.6 284.4 309.1 313.3 277.4 346.6 storage-tank 0
275.2 363.2 301.9 336.2 331.8 365.8 305.1 392.8 storage-tank 0
200.9 346.6 225.2 312.4 256.1 334.4 231.8 368.6 storage-tank 0
149.1 369.0 174.0 335.1 207.9 360.0 183.0 393.9 storage-tank 0
222.8 396.2 246.8 361.8 281.2 385.8 257.2 420.2 storage-tank 0
171.4 415.1 199.6 384.0 233.6 414.9 205.4 446.0 storage-tank 0
315.8 403.7 344.2 434.7 316.2 460.3 287.8 429.3 storage-tank 0
209.1 480.2 235.3 452.6 262.9 478.8 236.7 506.4 storage-tank 0
262.0 475.5 290.4 450.2 321.0 484.5 292.6 509.8 storage-tank 0
270.3 503.1 283.3 547.3 250.7 556.9 237.7 512.7 storage-tank 0
359.7 486.8 366.1 479.2 398.3 506.2 391.9 513.8 storage-tank 0
363.0 473.4 403.9 464.0 407.0 477.6 366.1 487.0 storage-tank 0
336.5 514.8 339.8 509.8 381.5 537.2 378.2 542.2 storage-tank 0
358.8 505.4 366.0 498.5 411.2 546.6 404.0 553.5 storage-tank 0
289.4 591.0 298.6 587.1 313.6 622.0 304.4 625.9 storage-tank 0
280.9 632.1 286.7 619.4 303.1 626.9 297.3 639.6 storage-tank 0
333.1 620.4 341.4 631.6 297.9 663.6 289.6 652.4 storage-tank 0
580.3 143.0 604.5 119.2 636.7 152.0 612.5 175.8 storage-tank 0
600.0 182.4 625.1 159.5 656.0 193.6 630.9 216.5 storage-tank 0
680.1 109.0 696.0 70.1 734.9 86.0 719.0 124.9 storage-tank 0
699.5 163.2 742.8 147.5 758.5 190.8 715.2 206.5 storage-tank 0
798.5 136.2 824.3 103.0 857.5 128.8 831.7 162.0 storage-tank 0
794.5 202.0 813.3 164.4 854.5 185.0 835.7 222.6 storage-tank 0
924.0 146.3 939.1 107.1 982.0 123.7 966.9 162.9 storage-tank 0
920.1 204.4 942.1 168.6 977.9 190.6 955.9 226.4 storage-tank 0
