23.0 795.3 43.8 788.3 55.8 824.3 35.0 831.3 large-vehicle 0
37.9 741.4 39.9 741.2 40.1 743.2 38.1 743.4 large-vehicle 0
477.3 254.5 495.2 252.4 498.1 278.3 480.2 280.3 large-vehicle 0
758.2 270.8 787.9 294.5 769.2 317.9 739.5 294.2 large-vehicle 0
896.1 361.5 913.0 367.6 906.9 384.5 890.0 378.4 large-vehicle 0
935.1 334.3 943.4 345.5 932.2 353.8 923.9 342.6 large-vehicle 0
742.7 886.9 744.6 886.3 745.2 888.1 743.4 888.8 large-vehicle 0
939.3 786.4 977.7 824.4 880.7 922.6 842.3 884.6 plane 0
944.9 920.3 986.1 948.5 951.1 999.7 909.9 971.5 plane 0
273.9 844.5 304.6 883.9 233.7 939.3 202.9 899.9 plane 0
769.4 860.3 782.7 872.4 770.6 885.7 757.3 873.6 large-vehicle 0
780.9 888.1 793.5 875.4 809.1 890.9 796.5 903.6 large-vehicle 0
797.8 905.2 815.1 891.6 826.2 905.8 808.9 919.4 large-vehicle 0
815.1 920.1 834.6 909.9 842.9 925.9 823.4 936.1 large-vehicle 0
835.8 941.3 846.0 931.7 861.2 947.7 851.0 957.3 large-vehicle 0
