112.9 749.2 118.2 746.3 136.1 779.8 130.8 782.7 storage-tank 0
96.0 753.5 100.3 749.2 133.0 781.5 128.7 785.8 storage-tank 0
94.7 752.0 100.4 750.1 113.3 790.0 107.6 791.9 storage-tank 0
154.3 757.1 187.1 776.4 159.7 822.9 126.9 803.6 storage-tank 0
86.0 790.4 143.9 787.6 145.0 809.6 87.1 812.4 storage-tank 0
778.3 972.2 790.0 979.9 766.7 1014.8 755.0 1007.1 storage-tank 0
769.3 932.4 781.3 939.6 755.7 982.6 743.7 975.4 storage-tank 0
734.9 964.9 789.7 1055.6 764.1 1071.1 709.3 980.4 storage-tank 0
744.1 972.2 752.0 978.4 735.9 998.8 728.0 992.6 storage-tank 0
738.8 952.8 742.0 962.2 721.2 969.2 718.0 959.8 storage-tank 0
696.8 993.2 713.0 1013.6 680.2 1039.8 664.0 1019.4 storage-tank 0
670.4 961.1 772.4 910.3 778.6 922.9 676.6 973.7 storage-tank 0
747.0 885.8 786.4 922.7 755.0 956.2 715.6 919.3 storage-tank 0
1018.3 734.1 1031.9 756.3 1009.7 769.9 996.1 747.7 storage-tank 0
503.7 964.6 505.2 965.9 465.3 1013.4 463.8 1012.1 storage-tank 0
553.9 912.6 558.9 909.4 586.1 951.4 581.1 954.6 storage-tank 0
547.7 913.3 553.4 911.7 567.3 959.7 561.6 961.3 storage-tank 0
520.4 955.5 524.6 951.2 563.6 988.5 559.4 992.8 storage-tank 0
516.0 959.5 520.9 956.1 545.0 990.5 540.1 993.9 storage-tank 0
511.8 961.8 533.8 987.7 526.2 994.2 504.2 968.3 storage-tank 0
500.3 963.2 524.5 992.5 516.7 998.8 492.5 969.5 storage-tank 0
491.9 986.0 492.3 984.0 502.1 986.0 501.7 988.0 storage-tank 0
489.6 968.7 491.2 969.9 456.4 1016.3 454.8 1015.1 storage-tank 0
992.8 753.4 996.4 758.2 969.2 778.6 965.6 773.8 storage-tank 0
461.8 968.2 471.0 1021.4 457.2 1023.8 448.0 970.6 storage-tank 0
605.7 977.6 615.3 967.4 631.3 982.4 621.7 992.6 storage-tank 0
624.3 973.0 629.8 970.7 633.7 980.0 628.2 982.3 storage-tank 0
633.5 972.7 638.0 968.8 644.5 976.3 640.0 980.2 storage-tank 0
626.1 982.5 629.5 996.1 615.9 999.5 612.5 985.9 storage-tank 0
959.3 721.5 964.0 717.8 1007.7 772.5 1003.0 776.2 storage-tank 0
1009.8 682.7 1044.4 698.5 1025.2 740.3 990.6 724.5 storage-tank 0
973.6 600.6 992.9 633.3 977.4 642.4 958.1 609.7 storage-tank 0
960.2 613.1 965.7 615.5 947.8 657.9 942.3 655.5 storage-tank 0
933.7 622.2 942.2 627.6 915.3 669.8 906.8 664.4 storage-tank 0
951.4 220.9 972.7 252.4 934.6 278.1 913.3 246.6 storage-tank 0
641.9 1004.5 646.2 1000.3 653.1 1007.5 648.8 1011.7 storage-tank 0
632.4 1006.4 636.7 1002.3 643.6 1009.6 639.3 1013.7 storage-tank 0
621.3 1001.1 638.0 1007.9 632.7 1020.9 616.0 1014.1 storage-tank 0
624.2 939.9 673.9 1046.9 664.8 1051.1 615.1 944.1 storage-tank 0
634.1 989.9 639.7 992.0 634.9 1005.1 629.3 1003.0 storage-tank 0
629.8 995.0 631.6 1000.7 618.2 1005.0 616.4 999.3 storage-tank 0
646.0 978.7 649.8 983.4 639.0 992.3 635.2 987.6 storage-tank 0
610.4 992.8 646.6 971.5 651.6 980.2 615.4 1001.5 storage-tank 0
