439.9 432.8 441.0 431.1 442.6 432.2 441.6 433.9 ship 0
496.8 905.1 497.9 906.8 496.2 907.9 495.1 906.2 large-vehicle 0
456.7 927.3 457.2 929.2 455.3 929.7 454.8 927.8 large-vehicle 0
556.3 1011.8 558.2 1011.3 558.7 1013.2 556.8 1013.7 large-vehicle 0
203.0 841.6 224.7 837.9 231.0 875.4 209.3 879.1 large-vehicle 0
159.5 987.9 160.0 989.8 158.0 990.3 157.5 988.4 large-vehicle 0
196.4 762.2 215.9 779.3 201.4 795.9 181.9 778.7 large-vehicle 0
160.5 750.3 165.5 747.1 190.5 785.7 185.5 788.9 large-vehicle 0
131.2 687.7 148.2 673.8 174.8 706.3 157.8 720.2 large-vehicle 0
315.7 455.5 335.3 445.5 350.7 475.7 331.2 485.8 large-vehicle 0
289.8 399.3 305.6 390.7 333.2 441.7 317.4 450.3 large-vehicle 0
67.7 102.9 80.3 90.1 130.3 139.1 117.7 151.9 large-vehicle 0
22.1 152.5 30.1 141.0 80.9 176.5 72.9 188.0 large-vehicle 0
8.8 114.2 18.1 98.8 60.9 124.6 51.6 140.0 large-vehicle 0
93.6 591.8 107.3 580.1 126.7 603.0 113.0 614.6 large-vehicle 0
