894.0 20.8 905.5 44.1 875.0 59.2 863.5 35.9 large-vehicle 0
255.8 173.5 276.4 157.6 297.2 184.5 276.6 200.4 ship 0
288.7 215.5 289.2 217.4 260.3 225.5 259.8 223.6 ship 0
278.2 206.5 279.5 208.1 256.1 226.8 254.8 225.3 ship 0
267.3 234.4 290.1 253.8 268.1 279.7 245.3 260.3 ship 0
239.3 355.0 266.5 342.5 279.1 369.7 251.8 382.3 ship 0
250.8 387.2 269.3 405.5 248.2 426.8 229.7 408.5 ship 0
88.8 550.1 89.5 552.0 87.5 552.6 86.9 550.7 bridge 0
189.4 43.4 205.6 77.8 167.6 95.6 151.4 61.2 large-vehicle 0
128.1 54.6 132.0 76.3 74.9 86.4 71.0 64.7 large-vehicle 0
39.4 49.4 52.4 76.4 14.6 94.6 1.6 67.6 large-vehicle 0
