526.4 672.2 545.4 654.5 576.8 688.0 557.8 705.8 large-vehicle 0
458.5 267.6 482.2 257.0 489.5 273.4 465.8 284.0 large-vehicle 0
482.0 185.4 493.6 177.6 505.8 195.9 494.2 203.7 large-vehicle 0
479.6 150.0 481.0 148.6 482.4 150.0 481.0 151.4 large-vehicle 0
420.6 162.5 430.5 152.6 440.4 162.5 430.5 172.4 large-vehicle 0
459.2 238.4 483.6 229.2 492.8 253.6 468.4 262.8 large-vehicle 0
501.2 225.5 502.0 223.7 503.8 224.5 503.0 226.3 large-vehicle 0
569.8 906.6 571.4 907.8 570.2 909.4 568.6 908.2 ship 0
387.9 168.1 392.9 225.9 323.1 231.9 318.1 174.1 storage-tank 0
760.7 15.5 795.3 107.2 606.3 178.5 571.7 86.8 storage-tank 0
650.4 179.8 815.0 137.3 831.6 201.2 667.0 243.7 storage-tank 0
393.1 264.8 433.7 275.6 422.9 316.2 382.3 305.4 storage-tank 0
275.3 2.1 320.2 -7.8 332.7 48.9 287.8 58.8 storage-tank 0
