544.7 42.4 552.7 48.4 541.9 62.8 533.9 56.8 large-vehicle 0
858.2 472.6 859.3 474.3 857.7 475.4 856.5 473.8 large-vehicle 0
951.3 470.4 953.3 470.3 953.5 472.2 951.5 472.4 large-vehicle 0
985.1 439.9 995.0 438.3 997.9 456.1 988.0 457.7 large-vehicle 0
205.1 209.4 219.2 198.1 225.4 206.0 211.3 217.2 large-vehicle 0
255.1 288.5 257.0 289.1 256.5 291.0 254.6 290.4 large-vehicle 0
185.2 557.4 187.2 557.2 187.4 559.2 185.4 559.3 large-vehicle 0
203.7 588.5 229.8 573.7 240.7 592.8 214.6 607.6 large-vehicle 0
156.5 532.7 191.4 517.7 198.5 534.3 163.6 549.3 large-vehicle 0
270.5 722.9 270.8 720.9 272.8 721.2 272.5 723.2 ship 0
584.5 428.6 598.3 426.0 601.6 443.7 587.8 446.3 large-vehicle 0
650.0 105.6 651.4 107.0 650.0 108.4 648.6 107.0 large-vehicle 0
645.6 89.7 655.3 99.7 642.4 112.3 632.7 102.3 large-vehicle 0
572.8 29.1 574.4 30.3 573.2 31.9 571.6 30.7 large-vehicle 0
621.9 116.7 623.8 117.3 623.2 119.2 621.3 118.6 large-vehicle 0
