26.8 766.9 45.1 790.6 8.8 818.8 -9.6 795.0 ship 0
17.5 853.2 44.8 865.6 22.5 914.8 -4.8 902.4 ship 0
57.6 313.8 92.5 355.0 36.1 402.8 1.2 361.7 ship 0
434.8 158.7 439.2 162.8 391.2 213.9 386.9 209.8 ship 0
435.5 174.2 449.7 191.0 408.5 225.8 394.3 209.0 ship 0
720.6 199.2 745.6 182.6 784.4 240.8 759.4 257.4 ship 0
666.0 72.5 673.5 65.9 717.0 115.5 709.5 122.1 ship 0
637.0 74.9 656.9 58.1 717.4 130.1 697.4 146.9 ship 0
594.5 105.9 599.6 102.7 619.5 135.1 614.4 138.3 ship 0
605.6 96.4 610.6 93.1 634.1 127.9 629.1 131.3 ship 0
