597.7 613.2 598.6 607.2 628.3 611.8 627.4 617.8 storage-tank 0
599.2 589.9 600.7 588.5 626.8 616.1 625.3 617.5 storage-tank 0
601.3 588.8 604.5 583.7 619.7 593.2 616.5 598.3 storage-tank 0
601.4 609.5 605.6 539.6 619.6 540.5 615.4 610.4 storage-tank 0
588.0 540.6 615.9 604.8 603.0 610.4 575.1 546.2 storage-tank 0
572.0 595.8 573.0 557.8 587.0 558.2 586.0 596.2 storage-tank 0
568.0 556.6 574.7 594.0 561.0 596.4 554.3 559.0 storage-tank 0
522.6 563.6 525.9 558.6 574.4 590.4 571.1 595.4 storage-tank 0
506.3 561.8 509.8 556.9 560.7 592.2 557.2 597.1 storage-tank 0
522.9 572.2 524.6 578.0 511.1 581.8 509.4 576.0 storage-tank 0
506.9 595.7 507.1 589.7 529.1 590.3 528.9 596.3 storage-tank 0
500.2 614.2 501.7 608.4 530.8 615.8 529.3 621.6 storage-tank 0
491.8 594.9 492.8 593.1 537.2 616.1 536.2 617.9 storage-tank 0
