871.4 179.1 875.0 145.3 1012.2 159.7 1008.7 193.5 large-vehicle 0
579.2 45.0 640.1 10.6 666.7 57.7 605.7 92.1 large-vehicle 0
593.9 14.7 618.1 38.6 583.1 74.3 558.9 50.4 small-vehicle 0
565.8 2.8 578.2 9.2 557.2 50.2 544.8 43.8 small-vehicle 0
518.5 -4.4 523.5 4.3 480.4 29.5 475.3 20.9 small-vehicle 0
1013.7 733.7 1027.1 737.4 995.8 851.2 982.3 847.5 large-vehicle 0
545.9 -5.5 556.5 3.7 529.1 35.5 518.5 26.3 small-vehicle 0
931.9 574.0 954.8 586.3 916.0 658.5 893.1 646.2 large-vehicle 0
776.5 300.2 796.7 308.8 752.2 413.8 731.9 405.2 large-vehicle 0
706.6 201.6 733.4 215.2 683.7 313.3 656.9 299.7 large-vehicle 0
800.0 44.0 801.9 18.1 943.5 28.2 941.6 54.2 large-vehicle 0
393.8 274.9 407.6 301.5 370.4 321.0 356.5 294.4 small-vehicle 0
387.9 238.3 404.5 263.3 366.1 288.7 349.5 263.7 small-vehicle 0
187.2 193.2 210.2 212.4 178.2 250.8 155.2 231.6 small-vehicle 0
134.7 45.2 154.8 67.4 123.6 95.6 103.5 73.3 small-vehicle 0
124.9 7.7 131.9 14.9 96.1 49.7 89.1 42.6 small-vehicle 0
97.4 6.7 98.7 8.3 97.1 9.6 95.8 8.0 small-vehicle 0
360.4 48.0 406.9 110.6 360.3 145.2 313.8 82.6 large-vehicle 0
819.5 348.3 865.0 377.5 831.5 429.7 786.0 400.5 large-vehicle 0
992.7 731.6 1007.8 741.4 967.3 803.4 952.2 793.6 large-vehicle 0
997.8 674.5 1026.9 692.0 1003.2 731.5 974.1 714.0 small-vehicle 0
942.5 701.2 993.2 729.3 970.9 769.6 920.2 741.5 small-vehicle 0
882.8 509.5 940.3 502.1 948.2 563.5 890.7 570.9 large-vehicle 0
723.9 703.1 740.7 723.0 699.5 757.9 682.7 738.0 small-vehicle 0
