897.0 530.1 916.0 553.4 895.9 569.8 876.9 546.6 small-vehicle 0
354.8 211.6 358.3 221.0 330.2 231.4 326.7 222.0 small-vehicle 0
246.2 268.9 247.2 267.2 269.8 280.1 268.8 281.8 small-vehicle 0
356.8 213.7 357.3 203.7 387.2 205.3 386.7 215.3 small-vehicle 0
334.2 263.3 334.8 261.4 363.5 270.1 362.9 272.0 small-vehicle 0
368.2 244.4 369.9 245.5 347.6 281.1 345.9 280.1 small-vehicle 0
363.2 245.1 380.9 264.1 373.6 271.0 355.9 251.9 small-vehicle 0
394.8 237.7 403.6 257.9 387.1 265.1 378.3 244.9 small-vehicle 0
390.9 246.2 395.3 228.7 428.2 237.1 423.8 254.5 small-vehicle 0
429.5 219.7 442.2 242.4 433.5 247.3 420.8 224.6 small-vehicle 0
426.8 226.5 439.2 213.4 455.2 228.5 442.8 241.6 small-vehicle 0
522.7 184.4 532.3 204.2 523.3 208.6 513.7 188.8 small-vehicle 0
518.8 185.0 522.3 180.2 546.6 197.8 543.0 202.7 small-vehicle 0
531.4 176.8 536.2 173.2 551.6 194.2 546.8 197.8 small-vehicle 0
548.7 169.1 565.3 189.2 557.6 195.5 541.0 175.5 small-vehicle 0
559.0 168.1 574.2 184.0 567.0 190.9 551.8 175.0 small-vehicle 0
556.6 171.2 569.7 158.8 587.5 177.8 574.4 190.1 small-vehicle 0
479.1 146.3 492.3 163.9 477.9 174.7 464.7 157.1 small-vehicle 0
460.9 155.0 466.6 153.4 472.7 174.5 466.9 176.2 small-vehicle 0
452.0 157.0 466.3 173.7 458.7 180.2 444.4 163.5 small-vehicle 0
606.8 189.8 613.7 206.5 589.6 216.4 582.7 199.8 small-vehicle 0
613.0 204.9 615.2 210.5 591.2 220.4 588.9 214.9 small-vehicle 0
599.7 248.2 615.5 232.8 625.3 242.8 609.5 258.2 small-vehicle 0
631.9 250.6 637.1 259.1 608.1 276.9 602.9 268.4 small-vehicle 0
657.6 298.9 671.8 325.3 659.5 331.9 645.2 305.6 small-vehicle 0
699.2 293.4 706.7 318.3 697.1 321.2 689.6 296.3 small-vehicle 0
699.3 291.1 717.3 290.9 717.7 316.9 699.7 317.1 small-vehicle 0
719.7 287.5 736.7 273.5 753.3 293.5 736.3 307.5 small-vehicle 0
680.7 300.1 688.7 324.8 675.4 329.2 667.4 304.5 small-vehicle 0
252.5 262.5 254.5 262.4 254.6 264.4 252.6 264.5 small-vehicle 0
325.9 194.7 331.1 191.7 340.1 207.3 334.9 210.3 small-vehicle 0
32.6 122.4 40.1 138.8 16.4 149.6 8.9 133.2 small-vehicle 0
333.4 186.4 338.4 183.0 355.4 207.7 350.5 211.1 small-vehicle 0
173.9 473.7 180.9 466.5 236.7 521.0 229.8 528.2 large-vehicle 0
290.7 349.3 314.5 309.9 357.3 335.7 333.5 375.1 large-vehicle 0
857.9 953.8 874.3 939.2 928.9 1000.3 912.5 1015.0 large-vehicle 0
9.7 183.4 15.7 184.4 6.8 237.7 0.9 236.7 large-vehicle 0
10.2 183.2 15.8 180.9 31.8 219.8 26.2 222.1 large-vehicle 0
21.5 179.6 26.9 176.9 45.6 214.5 40.3 217.2 large-vehicle 0
34.5 170.7 42.6 164.8 72.3 205.0 64.3 210.9 large-vehicle 0
48.2 159.0 52.9 155.3 86.2 197.8 81.5 201.5 large-vehicle 0
71.3 152.1 77.0 150.3 94.7 205.5 89.0 207.3 large-vehicle 0
132.1 278.6 142.8 264.1 179.9 291.4 169.2 305.9 large-vehicle 0
166.1 318.5 194.7 287.8 245.9 335.5 217.3 366.2 large-vehicle 0
144.3 333.3 156.1 319.8 202.7 360.7 190.9 374.2 large-vehicle 0
75.5 401.9 105.1 372.1 149.1 415.8 119.5 445.6 large-vehicle 0
226.2 427.4 233.2 420.2 274.8 460.6 267.8 467.8 large-vehicle 0
242.2 411.5 249.7 404.8 296.5 456.8 289.1 463.5 large-vehicle 0
188.0 458.6 202.0 436.7 261.0 474.4 247.0 496.3 large-vehicle 0
194.8 464.1 198.9 459.7 244.2 501.9 240.1 506.3 large-vehicle 0
507.4 531.3 522.7 515.4 538.6 530.7 523.3 546.6 large-vehicle 0
253.3 389.2 276.1 369.7 313.7 413.8 290.9 433.3 large-vehicle 0
233.0 271.1 233.8 272.9 231.9 273.7 231.1 271.9 small-vehicle 0
242.5 277.3 246.0 282.1 231.5 292.7 228.0 287.9 small-vehicle 0
243.2 282.9 248.8 285.0 239.4 309.3 233.8 307.1 small-vehicle 0
254.1 299.3 256.5 304.8 239.9 311.7 237.5 306.2 small-vehicle 0
347.9 180.4 362.4 169.7 382.5 197.1 368.0 207.8 small-vehicle 0
347.3 188.6 351.5 184.4 364.2 197.2 359.9 201.4 small-vehicle 0
61.2 114.3 67.1 127.0 50.8 134.7 44.9 122.0 small-vehicle 0
405.6 19.6 418.2 6.8 433.9 22.2 421.3 35.0 small-vehicle 0
906.2 801.7 920.7 823.3 909.1 831.1 894.6 809.5 small-vehicle 0
985.2 731.2 1014.3 738.7 1006.8 767.8 977.7 760.3 small-vehicle 0
989.6 769.5 1008.0 787.9 986.8 809.1 968.4 790.7 small-vehicle 0
888.9 703.5 912.4 714.5 908.1 723.5 884.6 712.5 small-vehicle 0
914.6 692.6 924.9 707.4 913.4 715.4 903.1 700.6 small-vehicle 0
874.2 715.0 877.5 709.9 902.8 726.0 899.5 731.1 small-vehicle 0
879.0 715.9 888.1 735.9 879.0 740.1 869.9 720.1 small-vehicle 0
915.9 680.3 938.3 693.6 931.1 705.7 908.7 692.4 small-vehicle 0
942.5 666.6 946.8 675.7 930.5 683.4 926.2 674.3 small-vehicle 0
838.0 738.9 843.8 737.6 851.5 770.7 845.7 772.0 small-vehicle 0
848.2 738.8 853.4 735.9 867.8 762.2 862.6 765.1 small-vehicle 0
883.5 747.3 901.8 765.9 883.2 784.1 865.0 765.5 small-vehicle 0
918.5 712.2 934.9 737.3 926.5 742.8 910.1 717.7 small-vehicle 0
920.4 713.0 924.8 709.0 942.5 728.0 938.1 732.1 small-vehicle 0
958.7 757.6 970.1 776.5 947.8 789.9 936.4 771.0 small-vehicle 0
779.9 943.4 795.1 927.4 811.1 942.6 795.9 958.6 small-vehicle 0
793.8 960.4 809.1 944.6 833.6 968.2 818.3 984.1 small-vehicle 0
845.5 984.2 849.4 988.8 832.4 1002.8 828.6 998.2 small-vehicle 0
821.2 983.3 837.1 974.9 841.8 983.7 825.9 992.1 small-vehicle 0
840.1 997.4 848.9 992.7 855.4 1005.1 846.6 1009.8 small-vehicle 0
107.3 96.8 111.2 114.4 89.8 119.2 85.8 101.6 small-vehicle 0
256.9 45.1 257.9 46.9 256.1 47.9 255.1 46.1 small-vehicle 0
266.6 38.2 268.0 32.3 293.3 38.4 291.9 44.3 small-vehicle 0
365.0 27.4 370.6 29.5 360.0 57.6 354.4 55.5 small-vehicle 0
364.2 30.2 368.9 26.5 385.2 46.7 380.5 50.5 small-vehicle 0
385.8 30.5 391.0 33.5 386.0 42.2 380.8 39.2 small-vehicle 0
389.4 38.0 392.6 16.2 402.5 17.7 399.3 39.4 small-vehicle 0
409.5 13.1 415.2 14.8 407.9 39.7 402.1 38.0 small-vehicle 0
905.5 804.2 913.6 783.8 941.5 794.8 933.4 815.2 small-vehicle 0
889.2 808.3 906.0 828.1 895.3 837.2 878.5 817.4 small-vehicle 0
81.4 105.1 87.0 122.2 69.9 127.8 64.3 110.7 small-vehicle 0
949.1 873.3 959.0 871.9 961.9 893.7 952.0 895.1 small-vehicle 0
450.3 580.3 458.9 596.1 436.1 608.5 427.5 592.7 small-vehicle 0
490.5 554.8 506.2 575.5 485.5 591.2 469.8 570.5 small-vehicle 0
512.7 544.9 518.6 544.1 522.2 569.8 516.3 570.7 small-vehicle 0
517.6 541.7 522.9 538.9 537.3 565.1 532.1 568.0 small-vehicle 0
535.5 533.7 552.9 538.2 545.5 567.3 528.1 562.8 small-vehicle 0
657.2 578.4 670.0 596.3 635.8 620.6 623.0 602.7 small-vehicle 0
689.8 547.8 707.3 566.9 685.2 587.2 667.7 568.1 small-vehicle 0
730.2 783.6 749.0 801.5 733.8 817.4 715.0 799.5 small-vehicle 0
825.5 791.1 850.9 807.0 843.5 818.9 818.1 803.0 small-vehicle 0
872.2 791.3 872.3 793.3 826.3 794.2 826.2 792.2 small-vehicle 0
837.8 775.7 841.3 770.9 878.2 798.3 874.7 803.1 small-vehicle 0
860.3 767.4 879.8 784.6 873.2 792.1 853.7 774.9 small-vehicle 0
839.9 873.9 855.3 853.0 863.4 858.9 848.0 879.8 small-vehicle 0
862.6 859.0 868.0 861.5 855.6 888.8 850.2 886.3 small-vehicle 0
864.0 881.7 866.0 881.9 865.3 891.8 863.3 891.7 small-vehicle 0
856.6 893.9 856.9 891.9 886.4 897.1 886.1 899.1 small-vehicle 0
889.7 896.2 891.7 901.9 863.3 911.8 861.3 906.1 small-vehicle 0
890.2 899.2 894.7 903.1 877.8 922.8 873.3 918.9 small-vehicle 0
917.3 851.2 918.4 877.2 888.4 878.4 887.4 852.4 small-vehicle 0
940.1 817.0 953.0 844.1 925.9 857.0 913.0 829.9 small-vehicle 0
955.7 799.1 973.5 818.1 957.5 833.1 939.7 814.2 small-vehicle 0
957.4 873.9 961.7 856.4 983.1 861.6 978.8 879.1 small-vehicle 0
914.4 905.9 924.3 907.3 920.6 933.1 910.7 931.7 small-vehicle 0
914.1 910.3 916.9 905.0 936.3 915.4 933.5 920.7 small-vehicle 0
924.1 894.3 947.0 906.6 942.2 915.4 919.3 903.1 small-vehicle 0
931.4 892.4 935.4 888.0 954.6 905.6 950.6 910.0 small-vehicle 0
940.8 877.5 961.7 893.0 955.7 901.0 934.8 885.5 small-vehicle 0
