797.7 245.0 798.9 243.5 800.5 244.7 799.3 246.3 small-vehicle 0
139.2 328.7 149.5 352.6 125.7 362.9 115.3 339.1 small-vehicle 0
595.1 915.4 599.8 919.1 575.9 948.6 571.2 944.9 ship 0
699.0 670.0 703.4 674.1 677.5 701.9 673.1 697.8 ship 0
709.9 682.8 714.0 687.1 683.5 716.0 679.4 711.7 ship 0
700.8 780.1 703.4 785.5 651.2 810.9 648.6 805.5 ship 0
702.9 788.1 706.8 792.7 659.7 833.0 655.8 828.5 ship 0
723.0 854.5 726.8 859.1 697.5 883.3 693.7 878.6 ship 0
700.0 821.8 703.8 826.5 680.4 845.4 676.7 840.7 ship 0
668.9 720.2 670.4 725.9 633.8 736.0 632.2 730.2 ship 0
580.8 866.1 584.6 870.7 555.6 895.2 551.7 890.6 ship 0
587.6 880.3 590.1 885.7 551.8 903.0 549.4 897.5 ship 0
595.0 911.4 597.0 917.0 565.0 928.6 563.0 923.0 ship 0
589.3 890.8 592.8 895.7 558.7 920.2 555.2 915.3 ship 0
733.0 888.6 736.3 893.5 708.0 912.4 704.7 907.5 ship 0
575.8 859.5 578.7 864.7 545.4 883.1 542.5 877.8 ship 0
563.6 834.3 570.9 841.1 542.2 871.8 534.9 864.9 ship 0
533.9 746.0 538.4 755.0 504.4 772.0 499.9 763.0 ship 0
530.9 765.2 537.5 772.7 509.1 797.8 502.5 790.3 ship 0
554.6 821.5 558.9 825.7 532.1 852.7 527.9 848.5 ship 0
554.2 808.6 557.3 813.8 524.8 833.4 521.7 828.2 ship 0
547.9 785.6 553.8 793.6 523.1 816.1 517.2 808.0 ship 0
617.7 972.8 626.7 977.2 608.4 1015.0 599.4 1010.6 ship 0
608.9 938.4 614.6 946.6 580.1 970.6 574.4 962.4 ship 0
605.5 1019.2 605.5 1009.2 639.5 1009.3 639.5 1019.3 ship 0
646.0 667.9 652.8 675.2 625.0 701.1 618.2 693.8 ship 0
753.9 919.3 776.0 945.1 738.1 977.7 716.0 951.9 ship 0
617.5 835.5 624.0 843.1 595.2 867.9 588.7 860.4 ship 0
633.1 867.5 636.6 872.3 606.0 894.8 602.5 890.0 ship 0
589.8 767.9 593.4 772.7 566.2 793.1 562.6 788.3 ship 0
610.6 809.3 612.9 814.8 577.8 829.4 575.5 823.8 ship 0
603.6 796.0 606.1 801.4 575.4 816.0 572.9 810.6 ship 0
614.3 815.7 618.3 820.1 587.6 848.6 583.5 844.2 ship 0
634.2 875.9 638.9 879.7 614.8 909.1 610.1 905.3 ship 0
743.1 900.8 745.2 906.4 705.9 921.2 703.8 915.6 ship 0
603.7 780.6 606.5 785.9 569.2 805.1 566.4 799.8 ship 0
581.6 745.7 581.7 751.7 547.7 752.5 547.6 746.5 ship 0
578.0 726.8 580.5 732.2 546.0 748.2 543.5 742.8 ship 0
568.8 712.1 571.8 717.2 542.4 734.3 539.4 729.2 ship 0
670.1 733.9 673.7 738.7 640.2 764.0 636.6 759.3 ship 0
676.4 732.3 677.2 738.3 635.6 743.7 634.8 737.7 ship 0
679.9 745.0 687.3 751.8 667.1 774.0 659.7 767.2 ship 0
688.5 769.1 691.8 774.1 656.5 796.9 653.2 791.9 ship 0
717.8 845.3 720.3 850.8 689.2 864.7 686.7 859.2 ship 0
713.7 832.9 716.3 838.3 685.4 852.5 682.9 847.1 ship 0
652.4 688.8 659.3 696.0 628.9 725.0 622.0 717.8 ship 0
350.1 825.2 358.1 831.2 332.9 864.8 324.9 858.8 ship 0
345.5 813.0 351.5 838.3 314.5 847.0 308.5 821.7 ship 0
144.4 790.8 150.5 798.7 123.5 819.3 117.4 811.4 ship 0
204.3 712.6 227.7 737.3 211.7 752.4 188.3 727.7 ship 0
253.4 656.1 268.0 677.7 239.9 696.8 225.3 675.2 ship 0
259.2 687.9 265.6 662.7 290.8 669.1 284.4 694.3 ship 0
305.8 648.5 322.1 668.8 311.2 677.5 294.9 657.2 ship 0
449.8 614.1 473.8 632.1 443.9 672.2 419.9 654.2 ship 0
322.4 633.5 340.7 651.9 322.3 670.3 303.9 651.8 ship 0
183.6 734.5 188.7 743.1 166.4 756.5 161.3 747.9 ship 0
201.2 762.6 205.1 767.1 158.7 808.2 154.7 803.7 ship 0
191.5 750.9 198.2 758.3 184.9 770.4 178.2 762.9 ship 0
326.4 716.7 331.2 758.4 281.6 764.2 276.7 722.5 ship 0
145.4 765.7 152.3 772.9 127.6 796.3 120.7 789.1 ship 0
330.0 878.8 361.5 865.9 366.8 878.9 335.3 891.8 ship 0
138.0 746.7 144.2 754.5 102.0 788.3 95.8 780.5 ship 0
141.4 707.4 160.9 735.3 139.6 750.2 120.1 722.3 ship 0
252.9 752.9 269.3 777.9 214.1 814.1 197.7 789.1 ship 0
240.7 706.5 242.7 716.3 217.2 721.5 215.2 711.7 ship 0
562.0 537.0 577.3 546.5 567.9 561.8 552.6 552.3 ship 0
694.9 987.1 695.2 1017.1 661.2 1017.3 660.9 987.3 ship 0
662.6 945.8 668.9 953.6 642.4 974.9 636.1 967.1 ship 0
370.2 869.1 374.9 872.7 351.8 902.9 347.1 899.3 ship 0
380.9 884.8 384.8 889.4 356.1 914.2 352.2 909.6 ship 0
377.0 911.1 396.9 933.6 371.5 956.1 351.5 933.7 ship 0
387.1 997.4 390.3 992.3 425.9 1014.6 422.7 1019.7 ship 0
403.3 969.3 420.8 988.5 398.7 1008.7 381.2 989.5 ship 0
357.5 853.6 360.6 858.7 331.5 876.4 328.4 871.3 ship 0
430.5 771.7 459.8 788.8 440.7 821.7 411.3 804.5 ship 0
431.0 826.0 459.6 816.9 465.0 834.0 436.4 843.1 ship 0
465.6 835.9 470.2 839.8 448.2 865.7 443.6 861.8 ship 0
480.2 851.2 483.1 856.4 453.4 873.0 450.5 867.8 ship 0
496.0 982.1 497.0 976.2 542.3 984.2 541.3 990.1 ship 0
488.2 736.5 501.9 696.8 534.0 707.9 520.3 747.6 ship 0
433.5 744.1 455.2 764.8 445.5 774.9 423.8 754.2 ship 0
431.6 749.0 446.9 728.0 474.4 748.0 459.1 769.0 ship 0
478.8 871.8 500.6 897.9 477.6 917.1 455.8 891.0 ship 0
536.2 988.7 538.6 994.2 511.3 1006.5 508.8 1001.1 ship 0
490.2 945.5 495.5 937.0 524.4 954.9 519.1 963.4 ship 0
653.8 932.7 658.0 937.0 636.5 958.0 632.3 953.7 ship 0
612.9 917.2 636.7 892.9 658.1 913.9 634.4 938.2 ship 0
871.5 650.3 879.2 662.0 834.1 691.8 826.4 680.1 ship 0
846.9 617.5 869.0 631.1 849.1 663.5 827.0 649.9 ship 0
800.6 908.7 828.7 934.3 800.4 965.3 772.3 939.7 ship 0
724.1 702.9 746.1 728.9 707.9 761.1 685.9 735.2 ship 0
767.2 627.6 874.6 547.4 1036.2 763.7 928.9 843.9 harbor 0
614.0 739.3 672.7 694.3 795.7 854.5 737.1 899.5 harbor 0
517.5 722.5 718.3 914.7 645.0 991.3 444.2 799.1 harbor 0
410.1 885.2 438.1 865.9 525.7 992.6 497.7 1011.9 harbor 0
889.6 680.1 895.1 688.5 840.1 724.9 834.6 716.5 ship 0
891.6 698.5 897.7 706.3 858.3 737.1 852.1 729.2 ship 0
901.0 719.7 905.8 728.5 858.3 754.2 853.5 745.4 ship 0
908.6 736.2 913.3 745.0 869.2 768.5 864.5 759.7 ship 0
1018.9 800.6 1024.6 808.8 980.1 839.4 974.4 831.2 ship 0
1010.0 783.8 1016.1 791.7 973.0 824.2 966.9 816.3 ship 0
1007.1 764.6 1012.3 773.2 966.3 801.5 961.1 792.9 ship 0
986.0 751.3 992.3 759.1 956.8 788.3 950.5 780.5 ship 0
982.1 741.2 985.8 750.5 942.9 767.3 939.3 757.9 ship 0
973.1 709.2 976.0 714.4 932.5 739.0 929.5 733.8 ship 0
969.6 694.0 972.6 699.2 925.5 725.7 922.6 720.5 ship 0
960.9 683.9 963.2 689.5 917.0 708.7 914.7 703.2 ship 0
952.9 665.4 957.3 674.3 916.1 694.6 911.7 685.7 ship 0
946.1 645.6 951.4 654.1 908.9 680.4 903.6 671.9 ship 0
934.0 634.2 938.2 643.3 900.2 661.2 896.0 652.1 ship 0
918.9 608.1 925.1 615.9 895.6 639.7 889.3 631.9 ship 0
909.0 595.1 913.3 599.2 890.0 623.9 885.7 619.8 ship 0
908.8 586.6 911.7 591.8 878.5 610.3 875.6 605.1 ship 0
908.5 577.5 910.3 583.2 870.4 596.2 868.5 590.5 ship 0
916.4 751.2 921.4 759.9 874.6 786.8 869.6 778.1 ship 0
954.7 829.0 962.6 840.5 921.5 868.9 913.5 857.4 ship 0
934.9 808.9 941.9 821.0 894.9 847.7 888.0 835.6 ship 0
886.3 803.3 928.2 784.3 935.7 800.7 893.8 819.7 ship 0
1020.1 574.9 1024.2 579.2 991.0 611.1 986.8 606.7 ship 0
119.7 866.7 144.7 850.2 194.3 925.3 169.3 941.8 ship 0
1013.7 568.6 1016.5 573.9 983.1 592.0 980.3 586.7 ship 0
990.2 613.4 991.5 603.5 1033.1 609.1 1031.8 619.0 ship 0
438.4 541.2 448.7 556.0 427.3 570.9 417.1 556.1 small-vehicle 0
342.6 437.8 359.7 432.1 365.4 449.2 348.3 454.9 small-vehicle 0
334.1 441.1 339.1 437.7 349.3 452.5 344.3 455.9 small-vehicle 0
308.0 451.2 313.3 464.1 285.6 475.6 280.3 462.7 small-vehicle 0
562.6 490.5 563.3 492.4 561.4 493.0 560.7 491.2 small-vehicle 0
542.7 499.9 542.7 497.9 544.7 497.9 544.7 499.9 small-vehicle 0
509.7 510.2 511.4 511.2 510.4 512.9 508.7 512.0 small-vehicle 0
491.5 521.3 491.8 519.3 493.8 519.6 493.4 521.6 small-vehicle 0
465.8 528.7 467.4 527.5 468.6 529.1 467.0 530.3 small-vehicle 0
442.5 538.6 444.1 537.4 445.3 539.0 443.7 540.2 small-vehicle 0
423.5 545.9 425.3 546.9 424.3 548.7 422.5 547.7 small-vehicle 0
398.6 550.7 403.9 559.2 388.6 568.7 383.3 560.2 small-vehicle 0
423.8 400.4 428.1 396.2 449.2 417.6 444.9 421.8 small-vehicle 0
381.8 557.1 386.4 574.5 372.8 578.0 368.3 560.6 small-vehicle 0
226.1 683.3 231.2 691.9 212.3 703.1 207.2 694.6 ship 0
31.3 734.4 44.0 728.4 51.7 744.6 39.0 750.6 small-vehicle 0
19.0 739.3 23.5 735.3 38.0 751.7 33.5 755.7 small-vehicle 0
7.5 742.5 11.7 738.2 27.5 753.5 23.3 757.8 small-vehicle 0
77.1 791.3 78.7 790.1 79.9 791.7 78.3 792.9 small-vehicle 0
97.9 830.4 98.1 832.4 96.1 832.6 95.9 830.6 small-vehicle 0
101.0 815.2 103.4 820.7 83.2 829.5 80.8 824.0 small-vehicle 0
88.3 810.1 89.4 811.8 87.7 812.9 86.6 811.2 small-vehicle 0
85.0 800.1 86.4 801.5 85.0 802.9 83.6 801.5 small-vehicle 0
367.4 436.5 368.7 434.9 370.2 436.2 368.9 437.8 small-vehicle 0
441.3 392.4 459.2 393.1 458.2 419.1 440.2 418.4 small-vehicle 0
857.0 93.8 871.6 77.3 894.0 97.2 879.4 113.7 small-vehicle 0
864.7 239.0 866.5 238.2 867.3 240.0 865.5 240.8 small-vehicle 0
876.8 233.4 878.7 232.6 879.5 234.4 877.6 235.2 small-vehicle 0
890.7 229.4 892.6 228.7 893.3 230.6 891.4 231.3 small-vehicle 0
896.1 223.2 908.7 217.2 913.1 226.2 900.4 232.2 small-vehicle 0
925.9 206.2 931.9 206.8 930.1 224.8 924.1 224.2 small-vehicle 0
934.5 200.2 952.2 203.7 948.6 221.4 931.0 217.8 small-vehicle 0
855.1 208.5 858.6 222.0 848.9 224.5 845.4 211.0 small-vehicle 0
854.6 202.5 859.9 199.6 868.4 215.5 863.1 218.4 small-vehicle 0
862.2 197.1 866.6 193.0 881.8 208.9 877.4 213.0 small-vehicle 0
883.1 196.2 884.8 195.1 885.9 196.8 884.2 197.9 small-vehicle 0
853.6 59.7 877.0 70.9 865.8 94.4 842.3 83.1 small-vehicle 0
483.8 375.7 489.7 376.8 484.2 406.3 478.3 405.2 small-vehicle 0
909.4 147.7 911.7 142.2 935.7 152.2 933.4 157.7 small-vehicle 0
902.7 153.8 906.2 149.0 927.3 164.2 923.8 169.0 small-vehicle 0
904.1 154.0 921.0 168.1 906.9 185.0 890.0 170.9 small-vehicle 0
568.9 361.8 570.7 362.8 569.7 364.6 567.9 363.6 small-vehicle 0
543.3 368.8 545.2 368.3 545.7 370.2 543.8 370.7 small-vehicle 0
521.5 375.5 521.7 377.5 519.7 377.7 519.5 375.7 small-vehicle 0
408.4 421.3 413.8 404.1 430.9 409.5 425.6 426.6 small-vehicle 0
182.1 500.2 182.8 502.1 180.9 502.8 180.2 500.9 small-vehicle 0
208.1 479.7 216.9 495.5 194.2 508.1 185.4 492.4 small-vehicle 0
502.7 372.5 507.1 394.0 489.5 397.6 485.0 376.1 small-vehicle 0
77.2 759.2 84.8 775.5 64.8 784.8 57.2 768.5 small-vehicle 0
64.8 787.0 66.2 812.9 40.3 814.3 38.9 788.3 small-vehicle 0
15.1 782.9 16.9 783.7 16.1 785.5 14.3 784.7 small-vehicle 0
11.4 791.9 17.7 784.2 28.6 793.1 22.3 800.8 small-vehicle 0
1016.9 329.5 1021.8 346.9 1004.5 351.8 999.6 334.4 small-vehicle 0
988.5 334.3 1000.4 347.8 980.9 365.0 969.0 351.4 small-vehicle 0
965.2 348.4 973.6 364.3 957.6 372.7 949.3 356.7 small-vehicle 0
943.6 357.2 953.2 372.4 941.4 379.8 931.8 364.6 small-vehicle 0
33.5 823.4 34.6 825.1 33.0 826.2 31.8 824.5 small-vehicle 0
45.9 836.0 50.3 840.0 38.4 853.5 33.9 849.5 small-vehicle 0
52.1 848.3 55.8 852.9 44.9 861.7 41.2 857.1 small-vehicle 0
236.6 641.1 237.5 642.9 235.7 643.8 234.8 642.0 small-vehicle 0
265.6 624.7 267.8 638.5 250.1 641.5 247.8 627.6 small-vehicle 0
286.3 611.2 293.8 627.6 273.7 636.7 266.3 620.4 small-vehicle 0
339.8 590.9 346.4 607.6 322.2 617.1 315.6 600.4 small-vehicle 0
496.6 542.1 497.9 543.6 496.4 544.9 495.1 543.4 small-vehicle 0
506.6 542.6 507.0 528.6 525.0 529.2 524.6 543.1 small-vehicle 0
596.8 494.1 600.0 511.8 582.3 515.1 579.1 497.4 small-vehicle 0
662.2 469.8 668.7 482.2 642.1 496.1 635.6 483.7 small-vehicle 0
709.8 463.6 710.9 465.3 709.2 466.4 708.1 464.7 small-vehicle 0
739.5 448.5 741.2 462.4 719.3 465.1 717.6 451.2 small-vehicle 0
764.3 432.9 772.7 444.1 764.7 450.1 756.3 438.9 small-vehicle 0
766.2 423.9 773.8 417.4 798.5 446.2 790.9 452.7 small-vehicle 0
803.8 418.7 808.8 427.3 793.2 436.3 788.2 427.7 small-vehicle 0
869.0 392.3 873.8 401.1 858.0 409.7 853.2 400.9 small-vehicle 0
884.3 391.6 885.4 393.3 883.7 394.4 882.6 392.7 small-vehicle 0
848.3 400.0 853.2 408.7 837.5 417.5 832.6 408.8 small-vehicle 0
910.5 374.8 915.5 383.5 899.9 392.5 894.9 383.8 small-vehicle 0
928.1 365.4 933.3 382.6 919.9 386.6 914.7 369.4 small-vehicle 0
854.0 241.0 855.9 240.4 856.5 242.3 854.7 242.9 small-vehicle 0
826.5 246.8 839.5 234.4 857.5 253.2 844.5 265.6 small-vehicle 0
946.1 229.2 946.5 227.2 948.4 227.6 948.1 229.5 small-vehicle 0
563.8 453.9 575.6 435.3 594.2 447.1 582.4 465.7 small-vehicle 0
941.2 329.4 956.2 350.6 928.5 370.2 913.4 349.0 small-vehicle 0
859.8 362.2 871.9 380.5 850.2 394.8 838.1 376.5 large-vehicle 0
868.9 263.6 869.9 265.4 868.1 266.4 867.1 264.6 large-vehicle 0
385.3 239.2 389.7 243.3 369.1 265.1 364.7 261.0 small-vehicle 0
854.3 66.0 868.5 96.9 826.7 116.0 812.5 85.1 ship 0
587.8 127.9 614.0 142.5 572.2 217.7 546.0 203.1 ship 0
509.7 235.1 529.4 225.2 539.3 244.9 519.6 254.8 small-vehicle 0
478.8 241.7 491.3 259.8 473.2 272.3 460.7 254.2 small-vehicle 0
373.0 235.8 377.9 239.3 365.0 257.2 360.1 253.7 small-vehicle 0
378.1 245.8 387.8 243.3 394.4 268.4 384.7 271.0 small-vehicle 0
104.4 195.5 121.5 215.1 101.9 232.2 84.8 212.6 small-vehicle 0
89.4 194.1 91.4 193.9 91.6 195.9 89.6 196.1 small-vehicle 0
59.1 153.5 60.5 152.1 61.9 153.5 60.5 154.9 large-vehicle 0
82.1 161.0 91.0 181.1 70.9 190.0 62.0 169.9 small-vehicle 0
55.3 118.9 58.9 123.7 31.7 144.1 28.1 139.3 small-vehicle 0
44.6 109.9 48.4 114.5 28.4 131.1 24.6 126.5 small-vehicle 0
40.7 100.8 44.0 105.8 22.3 120.2 19.0 115.2 small-vehicle 0
-2.1 86.0 10.9 73.5 20.6 83.6 7.6 96.1 small-vehicle 0
30.5 91.1 33.6 96.2 11.5 109.9 8.4 104.8 small-vehicle 0
835.7 273.8 836.2 275.7 834.3 276.2 833.8 274.3 small-vehicle 0
1016.8 37.8 1018.7 38.1 1018.4 40.1 1016.4 39.8 small-vehicle 0
995.7 17.2 996.3 15.2 998.2 15.8 997.6 17.7 small-vehicle 0
717.2 611.8 721.8 608.0 740.8 631.2 736.2 635.0 ship 0
870.9 541.3 874.6 536.6 904.4 560.3 900.7 565.0 ship 0
903.0 524.6 908.9 524.0 913.6 569.8 907.6 570.4 ship 0
901.1 530.0 905.4 525.7 935.1 555.4 930.8 559.7 ship 0
948.8 508.7 954.5 507.1 964.7 543.7 958.9 545.3 ship 0
955.9 510.3 961.5 508.0 973.1 535.7 967.5 538.0 ship 0
931.5 521.8 936.0 517.8 958.9 543.0 954.4 547.0 ship 0
661.8 625.9 667.4 623.6 681.6 658.9 676.1 661.1 ship 0
737.0 594.6 763.0 616.5 756.6 624.2 730.6 602.3 ship 0
704.9 616.4 710.8 615.8 713.8 645.7 707.8 646.3 ship 0
730.4 604.9 735.9 602.4 746.6 626.1 741.1 628.6 ship 0
706.5 613.2 711.5 609.9 732.4 641.6 727.4 644.9 ship 0
690.9 625.4 696.2 622.7 708.2 645.7 702.9 648.5 ship 0
687.9 621.3 693.8 622.2 688.1 659.7 682.2 658.8 ship 0
821.4 561.2 826.7 558.4 842.5 588.6 837.1 591.3 ship 0
811.5 567.8 817.0 565.4 828.9 593.0 823.4 595.4 ship 0
796.8 580.1 800.5 575.4 824.2 593.9 820.5 598.6 ship 0
791.2 575.8 814.3 600.8 807.0 607.6 783.9 582.6 ship 0
892.7 531.1 898.7 530.2 903.3 563.9 897.3 564.8 ship 0
929.0 518.5 934.9 517.2 942.0 550.5 936.1 551.8 ship 0
915.5 524.6 920.5 521.2 939.5 549.4 934.5 552.8 ship 0
989.5 453.2 994.5 450.0 1006.4 468.5 1001.4 471.8 ship 0
902.1 481.1 903.9 482.0 882.0 526.9 880.2 526.0 ship 0
872.6 492.5 878.0 490.0 892.2 520.9 886.7 523.4 ship 0
869.4 497.4 875.3 496.4 879.8 522.0 873.9 523.0 ship 0
949.1 466.0 950.8 467.0 929.5 503.2 927.8 502.2 ship 0
933.6 474.5 935.5 475.0 928.3 500.0 926.3 499.5 ship 0
891.5 484.1 897.0 481.6 911.3 512.5 905.8 515.0 ship 0
906.7 482.4 908.0 480.8 931.6 499.4 930.3 501.0 ship 0
1014.0 435.0 1027.9 435.8 1025.9 469.8 1011.9 468.9 ship 0
1002.2 445.3 1007.9 443.7 1014.8 468.7 1009.1 470.3 ship 0
963.1 471.2 963.2 469.2 977.2 469.7 977.1 471.7 ship 0
845.8 453.8 846.3 451.9 883.1 461.0 882.7 462.9 ship 0
941.6 470.5 944.2 465.2 978.3 482.1 975.6 487.5 ship 0
951.7 464.8 957.4 466.4 948.3 499.2 942.6 497.6 ship 0
976.6 458.1 981.7 454.9 995.4 476.9 990.3 480.1 ship 0
1004.7 393.6 1022.0 388.7 1031.3 421.4 1014.0 426.3 ship 0
995.2 404.4 999.7 400.4 1016.9 419.9 1012.4 423.9 ship 0
971.6 405.4 976.8 402.5 995.4 435.6 990.2 438.5 ship 0
980.4 410.1 984.1 405.4 1007.6 423.9 1003.9 428.6 ship 0
872.2 442.0 887.8 433.0 902.8 459.0 887.2 468.0 ship 0
897.1 449.1 899.1 449.4 898.7 451.4 896.8 451.0 ship 0
892.6 439.1 894.8 433.5 926.4 445.9 924.2 451.5 ship 0
901.8 485.3 903.2 483.9 921.2 502.7 919.8 504.1 ship 0
773.5 438.9 814.9 431.8 819.9 461.4 778.5 468.5 ship 0
772.1 447.7 789.5 461.2 780.9 472.3 763.5 458.8 ship 0
755.0 456.7 761.0 457.2 759.0 483.1 753.0 482.7 ship 0
702.1 474.1 712.0 473.0 715.2 502.9 705.2 503.9 ship 0
718.9 463.6 724.5 461.5 736.1 493.4 730.5 495.5 ship 0
733.1 462.6 738.8 460.8 747.9 489.4 742.2 491.2 ship 0
844.8 459.1 848.3 454.2 866.2 467.0 862.7 471.9 ship 0
878.8 429.6 884.6 431.1 873.0 475.6 867.2 474.1 ship 0
710.5 563.8 711.5 593.8 701.5 594.2 700.5 564.2 ship 0
800.1 527.3 803.5 522.4 831.3 542.0 827.9 546.9 ship 0
823.2 516.6 838.8 537.4 830.9 543.4 815.2 522.7 ship 0
842.2 512.1 852.8 531.3 844.1 536.2 833.5 516.9 ship 0
751.2 543.5 757.1 542.2 762.8 567.5 756.9 568.8 ship 0
761.3 539.2 767.2 538.2 771.7 563.8 765.8 564.8 ship 0
773.3 538.4 779.3 538.2 780.1 564.2 774.1 564.4 ship 0
787.5 537.5 794.5 554.0 785.3 557.9 778.3 541.4 ship 0
786.1 529.4 791.5 526.8 804.5 553.8 799.1 556.4 ship 0
688.7 534.1 691.2 516.3 705.0 518.2 702.6 536.0 ship 0
715.6 500.4 721.5 501.2 716.3 538.9 710.3 538.0 ship 0
718.5 504.3 723.8 501.5 735.5 524.7 730.2 527.5 ship 0
719.6 507.4 719.9 505.5 757.3 512.3 757.0 514.2 ship 0
755.5 489.8 765.7 504.6 757.5 510.2 747.3 495.4 ship 0
757.7 489.4 771.4 486.5 775.1 504.1 761.4 507.0 ship 0
775.7 493.7 777.6 493.3 778.0 495.3 776.0 495.7 ship 0
779.9 485.7 784.4 481.8 793.6 492.4 789.0 496.3 ship 0
789.4 482.1 802.9 478.3 805.6 487.9 792.1 491.7 ship 0
814.1 476.1 815.4 474.6 816.9 475.9 815.6 477.4 ship 0
825.8 471.6 827.6 470.9 828.3 472.7 826.5 473.4 ship 0
835.7 469.3 837.0 467.8 838.5 469.1 837.2 470.6 ship 0
725.5 556.0 729.4 585.7 711.5 588.0 707.6 558.3 ship 0
791.1 529.7 795.3 525.4 819.6 549.2 815.4 553.5 ship 0
864.5 498.3 870.3 527.8 860.5 529.7 854.7 500.2 ship 0
841.1 509.5 845.6 505.4 865.9 527.5 861.4 531.6 ship 0
291.5 937.6 333.1 871.6 402.5 915.4 360.9 981.4 harbor 0
