517.8 660.7 527.6 583.4 597.0 592.2 587.2 669.5 plane 0
394.5 643.1 450.2 594.4 498.9 650.0 443.3 698.8 plane 0
19.4 667.8 60.4 587.6 165.4 641.3 124.5 721.5 plane 0
103.3 503.3 154.2 538.6 125.7 579.7 74.8 544.4 plane 0
288.4 532.9 351.9 584.8 302.6 645.1 239.1 593.2 plane 0
73.8 184.2 166.2 269.8 113.2 327.1 20.8 241.5 plane 0
20.6 338.1 53.7 312.2 109.2 383.1 76.1 409.0 plane 0
190.5 234.6 266.8 264.6 238.2 337.2 161.9 307.2 plane 0
214.1 207.7 265.6 119.6 419.2 209.5 367.7 297.5 plane 0
541.4 340.0 604.7 378.4 574.6 428.0 511.3 389.6 plane 0
470.9 514.3 487.6 557.1 366.5 604.4 349.8 561.6 plane 0
541.8 552.6 557.8 513.8 615.2 537.4 599.2 576.2 plane 0
