674.6 655.9 675.5 633.9 845.4 641.1 844.5 663.1 large-vehicle 0
796.0 602.1 799.1 623.9 710.0 636.7 706.9 614.9 large-vehicle 0
766.6 563.2 767.1 561.3 769.0 561.8 768.5 563.7 large-vehicle 0
851.0 523.9 851.0 549.9 685.0 550.1 685.0 524.1 large-vehicle 0
657.8 517.7 658.1 495.7 844.1 499.0 843.7 521.0 large-vehicle 0
901.6 726.1 903.0 727.5 901.5 728.9 900.1 727.4 large-vehicle 0
736.9 737.7 742.9 716.6 791.0 730.2 785.0 751.4 large-vehicle 0
692.0 683.0 694.2 657.1 823.7 668.0 821.6 693.9 large-vehicle 0
705.1 796.7 707.6 774.8 797.0 785.3 794.5 807.1 large-vehicle 0
501.0 762.6 505.6 732.9 646.0 754.4 641.4 784.1 large-vehicle 0
241.0 1020.0 241.0 1018.0 243.0 1018.0 243.0 1020.0 large-vehicle 0
696.9 890.9 703.9 903.0 688.4 912.1 681.3 900.0 large-vehicle 0
531.4 867.3 542.7 843.8 598.6 870.7 587.3 894.2 large-vehicle 0
646.0 822.0 648.4 847.9 507.1 861.1 504.6 835.2 large-vehicle 0
517.9 814.5 521.4 792.8 618.1 808.5 614.6 830.2 large-vehicle 0
523.6 788.6 530.0 763.4 621.1 786.4 614.8 811.7 large-vehicle 0
489.9 740.2 491.3 710.3 673.1 718.8 671.7 748.7 large-vehicle 0
693.5 822.5 695.9 804.7 808.8 820.5 806.4 838.3 large-vehicle 0
492.0 709.1 492.9 683.1 674.8 689.8 673.8 715.8 large-vehicle 0
487.2 682.4 487.8 656.4 673.8 660.6 673.2 686.6 large-vehicle 0
634.5 618.5 639.4 648.1 534.9 665.6 529.9 636.0 large-vehicle 0
544.1 588.8 548.8 567.3 617.2 582.2 612.5 603.7 large-vehicle 0
501.3 563.3 501.8 549.3 679.7 554.7 679.2 568.7 large-vehicle 0
507.3 539.1 510.6 509.2 663.7 525.9 660.4 555.8 large-vehicle 0
729.0 887.4 729.6 865.4 767.6 866.5 766.9 888.5 large-vehicle 0
776.1 297.9 777.6 271.9 871.4 277.2 870.0 303.1 large-vehicle 0
821.2 17.6 821.9 15.7 823.8 16.4 823.1 18.3 large-vehicle 0
867.6 37.1 871.6 66.8 782.4 78.8 778.4 49.1 large-vehicle 0
309.4 958.9 310.3 984.9 184.3 989.2 183.5 963.2 large-vehicle 0
195.8 946.9 201.2 921.5 289.2 940.1 283.8 965.5 large-vehicle 0
312.7 864.0 314.1 894.0 184.3 900.0 182.9 870.0 large-vehicle 0
178.8 862.6 182.1 832.8 323.2 848.4 319.9 878.2 large-vehicle 0
221.3 601.0 229.0 572.0 296.7 590.0 289.0 619.0 large-vehicle 0
227.7 428.1 234.0 402.9 317.4 423.8 311.1 449.0 large-vehicle 0
183.0 467.2 183.0 445.2 357.0 445.8 357.0 467.8 large-vehicle 0
220.1 478.7 227.5 453.8 332.9 485.3 325.5 510.2 large-vehicle 0
228.8 510.4 240.5 482.8 301.2 508.6 289.5 536.2 large-vehicle 0
345.5 524.8 346.2 550.8 188.3 555.2 187.6 529.2 large-vehicle 0
240.0 565.1 251.4 546.3 284.0 565.9 272.6 584.7 large-vehicle 0
176.8 628.4 180.3 598.6 345.2 617.6 341.7 647.4 large-vehicle 0
215.5 657.3 225.6 624.9 307.7 650.6 297.5 683.1 large-vehicle 0
175.6 683.8 179.6 658.1 339.7 683.1 335.6 708.8 large-vehicle 0
187.9 712.0 192.5 686.4 324.4 710.0 319.8 735.6 large-vehicle 0
184.1 746.7 186.5 720.8 335.9 734.3 333.5 760.2 large-vehicle 0
296.2 743.4 301.5 768.9 201.6 789.5 196.3 764.1 large-vehicle 0
194.7 806.1 197.0 784.2 314.3 796.9 312.0 818.8 large-vehicle 0
226.0 830.5 233.7 809.9 273.0 824.5 265.3 845.1 large-vehicle 0
476.9 198.4 477.1 200.4 475.1 200.6 474.9 198.6 large-vehicle 0
