773.0 340.1 799.9 361.0 779.0 387.9 752.1 367.0 small-vehicle 0
190.7 690.4 201.2 675.8 271.0 726.2 260.4 740.8 ship 0
406.0 373.4 411.8 365.3 485.0 417.6 479.2 425.7 ship 0
400.9 389.1 407.5 381.6 475.1 440.9 468.5 448.4 ship 0
384.2 410.4 390.1 402.3 449.7 446.3 443.7 454.3 ship 0
360.2 454.1 376.2 428.7 482.8 495.9 466.8 521.3 ship 0
255.7 588.8 263.3 577.0 338.9 625.9 331.3 637.6 ship 0
256.1 620.9 277.4 606.1 301.5 640.5 280.2 655.4 ship 0
228.5 628.4 236.0 621.8 295.3 689.5 287.8 696.1 ship 0
208.9 658.4 226.9 639.6 289.1 699.0 271.1 717.8 ship 0
175.8 710.1 233.5 756.4 212.2 782.9 154.5 736.6 ship 0
980.8 275.7 986.5 283.9 951.7 307.6 946.1 299.3 small-vehicle 0
358.8 811.5 388.3 835.4 329.2 908.5 299.7 884.6 ship 0
403.0 843.2 418.7 858.6 353.0 925.8 337.3 910.4 ship 0
432.8 868.4 455.2 888.3 398.2 952.6 375.8 932.7 ship 0
327.4 825.3 334.4 832.4 273.2 892.9 266.2 885.8 ship 0
308.9 805.9 316.8 812.0 274.3 867.6 266.4 861.5 ship 0
471.5 894.1 490.2 912.2 427.4 976.7 408.8 958.6 ship 0
504.2 904.0 524.4 920.4 470.2 987.2 450.0 970.8 ship 0
511.0 938.6 537.1 960.3 500.0 1004.9 473.9 983.2 ship 0
676.6 352.6 684.5 358.7 647.0 408.0 639.0 402.0 ship 0
600.4 301.2 607.7 307.9 562.9 356.4 555.6 349.6 ship 0
613.0 312.3 621.2 317.9 572.5 388.8 564.2 383.1 ship 0
735.1 388.1 759.8 411.5 697.9 476.9 673.2 453.5 ship 0
696.9 360.7 704.6 367.0 663.2 418.3 655.4 412.0 ship 0
715.7 374.9 723.1 381.6 678.3 430.1 670.9 423.3 ship 0
793.5 422.0 813.9 438.1 770.5 493.1 750.1 477.0 ship 0
817.0 436.7 825.1 442.6 784.0 499.3 775.9 493.4 ship 0
829.4 466.6 857.0 478.5 827.6 546.4 800.0 534.5 ship 0
877.8 492.9 894.9 506.8 858.3 551.8 841.3 538.0 ship 0
902.5 501.2 910.7 506.9 868.7 567.8 860.4 562.1 ship 0
917.2 524.2 935.0 537.1 866.1 632.9 848.3 620.0 ship 0
947.5 539.5 963.9 554.1 901.5 624.5 885.1 609.9 ship 0
967.8 550.7 992.5 567.6 946.2 635.3 921.5 618.4 ship 0
1004.8 634.1 1006.4 635.3 1005.2 636.9 1003.6 635.7 ship 0
547.0 983.1 548.4 984.5 547.0 985.9 545.6 984.5 ship 0
957.5 467.7 976.8 435.0 1009.5 454.3 990.2 487.0 small-vehicle 0
244.7 290.0 265.8 274.7 283.3 299.0 262.2 314.3 small-vehicle 0
716.0 1.2 731.3 22.2 707.0 39.8 691.7 18.8 small-vehicle 0
767.4 140.8 786.2 152.2 768.6 181.2 749.8 169.8 small-vehicle 0
880.2 89.1 908.6 98.6 897.8 130.9 869.4 121.4 small-vehicle 0
789.3 256.2 800.2 270.5 782.7 283.8 771.8 269.5 small-vehicle 0
579.0 248.7 621.2 214.9 647.4 247.6 605.3 281.4 small-vehicle 0
932.1 251.4 940.2 257.1 922.9 281.6 914.8 275.9 small-vehicle 0
933.4 286.0 940.9 265.3 957.8 271.5 950.3 292.1 small-vehicle 0
633.0 328.5 643.8 337.3 582.2 413.5 571.3 404.7 ship 0
