886.3 116.9 901.7 132.7 885.9 148.0 870.6 132.3 swimming-pool 0
664.5 407.6 695.6 435.8 659.4 475.8 628.2 447.6 swimming-pool 0
311.1 393.9 343.7 384.3 358.9 436.1 326.3 445.7 swimming-pool 0
441.1 961.9 469.9 943.7 490.2 975.9 461.4 994.0 swimming-pool 0
89.4 755.0 107.4 736.2 140.6 768.0 122.6 786.8 swimming-pool 0
188.3 38.2 196.1 54.4 169.0 67.4 161.2 51.2 swimming-pool 0
323.6 675.7 344.4 648.8 374.5 672.0 353.7 698.9 swimming-pool 0
566.4 783.5 588.3 781.7 591.4 819.6 569.4 821.4 swimming-pool 0
596.4 795.4 604.4 789.3 636.9 832.5 628.9 838.5 swimming-pool 0
922.7 697.3 960.0 704.9 948.3 761.7 911.0 754.1 swimming-pool 0
774.4 990.4 787.7 1012.7 761.9 1028.1 748.6 1005.8 swimming-pool 0
851.4 561.6 858.9 577.9 842.6 585.4 835.1 569.1 small-vehicle 0
804.6 553.0 818.3 535.8 832.4 547.0 818.7 564.2 small-vehicle 0
752.9 535.1 783.1 519.6 795.0 542.7 764.8 558.2 small-vehicle 0
769.4 703.7 791.3 702.8 792.7 732.7 770.7 733.7 small-vehicle 0
802.3 615.8 815.7 627.9 795.7 650.2 782.3 638.1 small-vehicle 0
374.3 589.7 380.3 577.1 403.7 588.3 397.7 600.9 small-vehicle 0
495.5 586.6 509.1 603.9 494.9 615.0 481.3 597.7 small-vehicle 0
400.5 520.1 419.5 531.2 414.5 539.9 395.5 528.8 small-vehicle 0
404.2 500.0 420.7 485.5 445.8 514.0 429.3 528.5 small-vehicle 0
434.1 516.8 434.6 518.7 393.9 529.2 393.4 527.3 small-vehicle 0
123.7 867.0 126.8 872.1 104.6 885.7 101.5 880.6 small-vehicle 0
108.1 864.2 108.4 870.2 90.5 871.4 90.1 865.4 small-vehicle 0
72.7 856.0 90.2 869.3 74.4 890.0 56.9 876.7 small-vehicle 0
