106.8 292.4 142.4 251.8 180.0 284.7 144.4 325.4 swimming-pool 0
15.2 771.5 16.4 749.6 50.4 751.4 49.2 773.4 swimming-pool 0
36.1 736.0 49.0 708.9 86.9 727.0 74.0 754.1 swimming-pool 0
163.4 353.8 172.8 333.8 203.6 348.2 194.2 368.2 swimming-pool 0
482.3 201.4 494.2 178.2 520.9 192.0 508.9 215.1 swimming-pool 0
442.5 147.0 459.0 121.9 490.8 142.8 474.3 167.9 swimming-pool 0
621.3 451.1 643.9 486.5 591.7 519.9 569.1 484.5 swimming-pool 0
386.9 452.9 395.5 432.7 434.1 449.1 425.5 469.3 swimming-pool 0
303.2 415.2 315.1 383.4 354.5 398.1 342.6 429.9 swimming-pool 0
204.7 330.9 231.4 309.8 257.4 342.8 230.8 363.8 swimming-pool 0
47.1 238.8 70.6 214.2 100.9 243.2 77.4 267.8 swimming-pool 0
905.2 822.2 906.5 832.1 872.8 836.8 871.5 826.9 swimming-pool 0
744.7 173.9 775.2 158.9 793.6 196.6 763.1 211.6 swimming-pool 0
484.3 723.4 505.1 701.8 526.7 722.6 505.9 744.2 swimming-pool 0
777.8 515.0 781.3 544.8 743.6 549.2 740.1 519.4 swimming-pool 0
867.0 499.5 891.1 470.1 932.9 504.2 908.9 533.7 swimming-pool 0
967.5 514.3 982.8 488.5 1015.5 507.8 1000.3 533.6 swimming-pool 0
971.2 534.7 1004.4 542.3 996.8 575.5 963.6 567.8 swimming-pool 0
903.9 552.1 918.8 521.6 960.1 541.9 945.2 572.4 swimming-pool 0
812.5 784.0 815.2 805.9 773.5 811.0 770.8 789.1 swimming-pool 0
877.1 798.4 882.7 790.2 914.1 811.6 908.5 819.9 swimming-pool 0
415.7 866.2 440.0 842.5 469.4 872.5 445.1 896.3 swimming-pool 0
71.9 550.5 87.8 542.1 98.1 561.5 82.2 569.9 small-vehicle 0
85.8 838.4 106.2 830.1 119.0 861.6 98.6 869.9 small-vehicle 0
66.4 889.0 78.5 865.9 101.6 878.0 89.5 901.1 small-vehicle 0
40.4 490.1 53.5 502.4 41.2 515.5 28.1 503.2 small-vehicle 0
34.4 477.2 53.9 467.0 64.1 486.5 44.6 496.7 small-vehicle 0
-1.9 509.2 2.2 504.9 24.1 525.4 20.0 529.7 small-vehicle 0
327.1 243.1 339.7 220.4 365.9 234.9 353.3 257.6 small-vehicle 0
772.3 304.8 793.7 309.9 787.7 335.2 766.3 330.1 small-vehicle 0
800.2 329.4 810.8 343.9 796.3 354.5 785.7 340.0 small-vehicle 0
807.4 624.1 823.4 608.9 838.6 624.9 822.6 640.1 small-vehicle 0
986.1 701.0 999.8 689.3 1008.9 700.0 995.2 711.7 small-vehicle 0
853.4 926.2 867.7 915.2 883.6 935.8 869.3 946.8 small-vehicle 0
812.9 938.0 815.1 955.8 785.3 959.3 783.1 941.5 small-vehicle 0
361.4 945.0 375.4 933.7 391.6 954.0 377.6 965.3 small-vehicle 0
385.3 903.8 400.9 912.8 389.8 931.8 374.2 922.8 small-vehicle 0
471.1 575.4 496.9 578.4 494.0 604.2 468.1 601.2 small-vehicle 0
666.5 321.0 680.0 317.5 685.4 338.8 671.9 342.3 small-vehicle 0
293.7 209.9 308.3 199.3 321.3 217.1 306.7 227.7 small-vehicle 0
-1.5 497.6 2.2 492.8 35.5 518.4 31.8 523.2 small-vehicle 0
118.9 40.9 126.3 47.6 111.4 63.8 104.0 57.1 small-vehicle 0
106.2 30.9 114.1 47.1 94.3 56.7 86.4 40.5 small-vehicle 0
69.5 35.8 88.6 46.7 79.7 62.3 60.5 51.4 small-vehicle 0
