294.0 866.8 314.1 875.8 302.0 903.2 281.9 894.2 small-vehicle 0
254.4 812.5 275.4 819.1 266.4 847.7 245.4 841.2 small-vehicle 0
262.6 595.4 271.3 615.6 236.4 630.6 227.7 610.4 small-vehicle 0
506.6 432.4 517.6 446.6 503.4 457.6 492.4 443.4 small-vehicle 0
467.7 490.9 489.6 492.2 488.3 514.1 466.4 512.8 small-vehicle 0
385.5 482.4 390.2 503.9 364.9 509.5 360.1 488.0 small-vehicle 0
269.8 409.4 299.6 405.8 304.2 443.6 274.4 447.2 small-vehicle 0
799.5 394.0 812.4 358.2 859.4 375.1 846.6 410.9 swimming-pool 0
806.2 1005.1 828.1 991.1 848.6 1023.1 826.7 1037.1 swimming-pool 0
912.7 757.5 931.7 734.3 967.3 763.5 948.3 786.7 swimming-pool 0
751.3 613.4 763.3 649.5 719.7 664.0 707.6 628.0 swimming-pool 0
679.1 653.8 690.7 672.4 668.7 686.2 657.0 667.6 swimming-pool 0
564.5 633.1 582.4 662.0 550.1 682.0 532.2 653.1 swimming-pool 0
432.2 631.7 457.3 638.8 446.9 675.3 421.9 668.3 swimming-pool 0
395.7 595.4 418.8 607.3 403.3 637.6 380.2 625.7 swimming-pool 0
146.0 769.3 162.3 784.1 136.7 812.2 120.5 797.4 swimming-pool 0
143.1 714.2 171.0 725.2 156.9 760.6 129.1 749.5 swimming-pool 0
154.3 594.4 174.8 610.4 151.4 640.3 131.0 624.3 swimming-pool 0
149.3 368.0 191.0 363.4 196.9 417.1 155.2 421.7 swimming-pool 0
228.2 307.0 246.0 345.1 204.3 364.5 186.5 326.5 swimming-pool 0
987.2 56.0 996.8 36.2 1020.2 47.7 1010.5 67.4 swimming-pool 0
247.5 901.5 265.4 903.3 262.9 929.1 245.0 927.4 small-vehicle 0
247.9 998.4 265.0 1004.1 256.7 1028.8 239.6 1023.0 small-vehicle 0
529.3 754.2 539.8 778.0 519.7 786.8 509.2 763.0 small-vehicle 0
506.1 791.9 525.7 801.9 513.9 825.1 494.3 815.1 small-vehicle 0
828.6 471.4 837.7 486.9 815.3 500.1 806.2 484.6 small-vehicle 0
720.7 469.7 737.5 483.9 720.7 503.8 703.9 489.5 small-vehicle 0
938.1 862.1 944.0 862.9 940.2 888.7 934.3 887.8 small-vehicle 0
916.8 850.0 941.1 859.4 931.7 883.6 907.5 874.2 small-vehicle 0
882.8 870.2 905.8 858.0 914.3 873.8 891.3 886.1 small-vehicle 0
786.6 774.7 792.6 774.3 794.4 804.3 788.4 804.7 small-vehicle 0
776.4 771.3 782.4 771.8 780.2 797.7 774.2 797.2 small-vehicle 0
680.6 786.3 682.3 785.2 683.4 786.8 681.8 787.9 small-vehicle 0
655.2 106.1 679.6 67.1 728.8 97.9 704.4 136.9 swimming-pool 0
