613.2 961.2 635.0 987.3 612.0 1006.5 590.2 980.4 small-vehicle 0
85.4 297.5 97.0 289.8 122.5 328.1 110.9 335.8 small-vehicle 0
119.8 311.9 121.5 290.0 147.4 292.0 145.7 313.9 small-vehicle 0
282.2 352.1 293.6 384.2 257.8 396.9 246.4 364.8 small-vehicle 0
184.8 388.7 208.5 413.1 144.0 475.9 120.3 451.5 small-vehicle 0
39.9 472.1 57.1 491.6 25.6 519.4 8.4 499.9 small-vehicle 0
286.7 404.3 293.0 396.6 325.6 423.1 319.2 430.9 small-vehicle 0
310.4 406.5 323.5 388.9 357.2 414.0 344.1 431.6 small-vehicle 0
278.5 422.9 396.4 428.8 395.5 446.8 277.6 440.8 small-vehicle 0
353.0 421.6 356.7 416.9 386.5 440.5 382.8 445.2 small-vehicle 0
358.6 450.4 363.8 441.9 389.4 457.6 384.2 466.1 small-vehicle 0
387.5 453.2 400.3 430.5 423.0 443.3 410.2 466.0 small-vehicle 0
448.2 448.8 460.6 425.9 501.0 447.9 488.6 470.8 small-vehicle 0
430.6 461.7 436.7 449.1 478.0 469.2 471.9 481.8 small-vehicle 0
640.2 932.5 663.6 957.2 644.7 975.1 621.4 950.4 small-vehicle 0
666.6 904.8 691.3 928.2 673.5 947.1 648.8 923.7 small-vehicle 0
695.8 874.3 719.0 893.2 702.6 913.4 679.3 894.4 small-vehicle 0
724.9 849.7 745.2 871.7 726.1 889.3 705.8 867.3 small-vehicle 0
770.5 894.7 792.4 915.2 771.9 937.1 750.0 916.6 small-vehicle 0
739.3 925.9 764.3 949.0 746.7 968.1 721.7 945.0 small-vehicle 0
718.3 955.7 736.8 974.0 718.5 992.5 700.0 974.2 small-vehicle 0
983.5 994.2 1009.7 972.5 1036.5 1004.8 1010.3 1026.5 small-vehicle 0
963.3 976.5 980.2 951.8 1001.7 966.5 984.8 991.2 small-vehicle 0
933.3 949.8 954.6 923.3 974.9 939.5 953.6 966.1 small-vehicle 0
906.9 921.8 932.9 899.8 949.6 919.7 923.6 941.6 small-vehicle 0
880.2 893.6 898.5 869.8 919.1 885.7 900.8 909.5 small-vehicle 0
841.9 866.6 862.0 839.2 899.1 866.4 879.0 893.8 small-vehicle 0
77.7 319.6 81.2 324.4 57.0 342.1 53.5 337.3 small-vehicle 0
73.6 341.5 78.8 350.1 42.8 371.7 37.6 363.1 small-vehicle 0
155.6 916.9 157.1 915.6 158.4 917.1 156.9 918.4 swimming-pool 0
976.8 894.0 996.8 871.7 1016.2 889.0 996.2 911.3 small-vehicle 0
846.3 211.8 865.9 194.7 893.6 226.2 874.1 243.4 small-vehicle 0
809.7 204.2 854.2 161.1 872.3 179.8 827.8 222.9 small-vehicle 0
793.7 154.7 818.7 138.2 839.7 169.8 814.7 186.4 small-vehicle 0
784.8 124.7 810.0 108.4 824.2 130.3 799.0 146.6 small-vehicle 0
751.0 96.3 821.3 62.5 832.5 86.0 762.2 119.7 small-vehicle 0
753.3 54.2 789.3 32.5 802.7 54.8 766.7 76.5 small-vehicle 0
734.3 29.9 773.2 -1.5 789.5 18.7 750.6 50.1 small-vehicle 0
953.4 872.7 976.2 847.5 992.6 862.3 969.8 887.5 small-vehicle 0
944.3 314.9 963.7 292.1 989.7 314.1 970.3 336.9 small-vehicle 0
975.5 346.9 998.4 321.8 1020.5 342.1 997.6 367.2 small-vehicle 0
931.3 849.9 952.5 823.4 969.7 837.1 948.5 863.6 small-vehicle 0
898.1 819.8 920.1 793.8 942.9 813.2 920.9 839.2 small-vehicle 0
863.7 783.8 887.9 760.0 908.9 781.3 884.7 805.2 small-vehicle 0
757.6 786.0 785.9 776.1 798.4 812.0 770.1 821.9 small-vehicle 0
740.2 763.7 766.8 736.7 793.9 763.3 767.2 790.4 small-vehicle 0
836.3 754.2 856.8 732.3 878.7 752.8 858.2 774.7 small-vehicle 0
805.7 731.4 825.5 703.8 846.7 718.9 826.9 746.6 small-vehicle 0
780.1 703.3 804.2 679.4 822.5 697.9 798.4 721.8 small-vehicle 0
743.2 662.6 764.2 641.2 782.8 659.4 761.8 680.8 small-vehicle 0
715.6 640.2 739.5 616.0 758.0 634.3 734.1 658.5 small-vehicle 0
692.5 614.2 711.0 596.0 729.3 614.5 710.8 632.8 small-vehicle 0
657.5 588.7 679.2 557.4 710.4 579.1 688.8 610.3 small-vehicle 0
648.1 428.0 673.2 450.9 655.7 470.1 630.6 447.2 small-vehicle 0
685.2 409.6 708.2 434.7 689.0 452.2 666.0 427.2 small-vehicle 0
712.1 382.0 739.2 408.6 721.0 427.1 693.9 400.5 small-vehicle 0
736.2 355.4 762.4 377.1 745.8 397.1 719.6 375.4 small-vehicle 0
760.1 326.5 785.3 349.2 767.9 368.5 742.7 345.8 small-vehicle 0
792.6 294.4 800.7 300.3 783.0 324.5 774.9 318.6 small-vehicle 0
800.9 291.9 816.5 271.1 850.1 296.2 834.6 317.0 small-vehicle 0
845.9 302.4 863.7 289.5 883.7 317.1 865.9 330.0 small-vehicle 0
901.8 365.0 923.5 344.3 944.2 366.0 922.5 386.7 small-vehicle 0
932.4 399.8 955.5 374.8 977.6 395.1 954.5 420.1 small-vehicle 0
965.8 427.0 985.8 404.7 1005.2 422.1 985.1 444.4 small-vehicle 0
988.6 453.8 1003.2 432.2 1031.4 451.2 1016.8 472.8 small-vehicle 0
505.1 192.3 506.2 190.6 507.9 191.7 506.8 193.4 roundabout 0
