984.1 165.0 985.9 151.1 1011.7 154.5 1009.9 168.4 ship 0
975.6 163.1 980.1 159.0 1003.0 184.1 998.5 188.2 ship 0
922.0 153.1 938.4 138.4 979.7 184.7 963.2 199.3 ship 0
867.9 191.8 895.2 171.5 910.7 192.4 883.4 212.7 ship 0
710.8 130.1 712.2 128.6 713.7 129.9 712.3 131.4 ship 0
660.6 34.1 687.1 -8.2 749.9 31.1 723.3 73.4 ship 0
893.8 133.0 904.5 147.5 851.5 186.7 840.8 172.3 ship 0
739.9 164.5 741.5 163.2 742.8 164.8 741.2 166.0 ship 0
762.1 192.6 763.4 191.1 764.9 192.4 763.6 193.9 ship 0
624.1 54.3 625.7 53.1 626.9 54.7 625.3 55.9 harbor 0
893.7 238.3 895.2 236.9 896.6 238.3 895.1 239.7 ship 0
783.9 326.1 785.5 324.9 786.7 326.5 785.1 327.7 ship 0
980.6 333.0 982.0 331.6 983.4 333.0 982.0 334.4 ship 0
964.6 439.8 965.7 438.1 967.4 439.2 966.3 440.9 ship 0
934.0 464.1 935.4 465.5 934.0 466.9 932.6 465.5 ship 0
911.0 489.2 912.1 490.8 910.5 491.9 909.3 490.3 ship 0
