512.9 471.1 531.7 453.1 594.1 517.9 575.3 535.9 plane 0
598.6 485.7 613.2 469.2 668.6 518.1 654.1 534.6 plane 0
163.8 409.1 181.9 390.5 237.9 444.8 219.8 463.5 plane 0
243.6 413.7 264.5 392.2 323.4 449.3 302.5 470.8 plane 0
248.1 346.2 266.4 322.4 331.4 372.4 313.2 396.1 plane 0
290.9 306.1 344.6 249.5 404.1 305.9 350.4 362.5 plane 0
9.5 157.9 28.2 139.8 93.7 207.2 75.0 225.3 plane 0
91.7 168.6 112.3 146.7 169.1 200.2 148.5 222.0 plane 0
93.4 83.1 112.5 65.5 170.8 128.7 151.7 146.3 plane 0
180.3 94.3 200.5 72.1 255.2 122.0 235.0 144.2 plane 0
162.0 23.7 199.8 -25.5 261.7 22.0 223.9 71.2 plane 0
441.6 557.3 460.6 539.5 508.4 590.7 489.4 608.5 plane 0
430.0 631.2 451.2 610.0 512.0 670.8 490.8 692.0 plane 0
352.9 620.4 373.1 604.2 422.0 664.9 401.8 681.2 plane 0
339.4 730.7 378.7 677.7 438.1 721.8 398.8 774.8 plane 0
733.8 640.3 795.9 575.2 852.4 629.1 790.2 694.2 plane 0
674.3 673.9 709.3 644.1 778.2 724.7 743.2 754.5 plane 0
598.1 734.4 681.2 712.3 703.3 795.4 620.2 817.5 plane 0
528.6 835.3 565.9 796.3 625.1 853.0 587.8 892.0 plane 0
359.1 908.4 429.4 852.2 480.6 916.2 410.3 972.4 plane 0
378.0 856.2 393.9 871.4 365.0 901.8 349.1 886.6 small-vehicle 0
