63.3 90.1 91.9 71.6 114.7 106.9 86.1 125.4 small-vehicle 0
40.8 114.5 56.4 79.8 69.2 85.5 53.6 120.2 small-vehicle 0
12.6 83.4 20.5 77.3 53.4 120.1 45.5 126.2 small-vehicle 0
731.3 387.0 756.3 364.0 776.6 386.0 751.6 409.1 tennis-court 0
581.7 370.0 620.9 338.9 669.4 400.0 630.2 431.1 tennis-court 0
722.5 664.6 754.4 631.5 787.5 663.4 755.6 696.5 tennis-court 0
567.0 638.0 645.5 602.8 684.0 688.5 605.5 723.8 tennis-court 0
701.2 944.4 759.9 893.0 800.8 939.7 742.1 991.0 tennis-court 0
586.6 955.2 631.0 901.1 660.4 925.2 616.0 979.3 tennis-court 0
445.6 943.5 496.4 889.7 544.4 935.0 493.6 988.8 tennis-court 0
260.7 945.8 338.1 885.8 388.3 950.6 310.8 1010.6 tennis-court 0
156.9 941.7 184.6 910.2 234.1 953.9 206.3 985.3 tennis-court 0
36.4 947.3 70.6 916.5 98.7 947.7 64.5 978.5 tennis-court 0
454.6 666.8 505.6 618.9 542.6 658.2 491.5 706.1 tennis-court 0
262.4 664.0 337.5 607.5 391.6 679.4 316.5 735.9 tennis-court 0
140.4 667.4 184.3 612.8 257.6 671.6 213.7 726.2 tennis-court 0
27.6 671.9 81.4 627.2 113.4 665.6 59.6 710.4 tennis-court 0
449.7 349.7 502.3 325.3 545.3 417.8 492.7 442.2 tennis-court 0
264.0 336.6 349.6 308.7 395.0 447.4 309.4 475.4 tennis-court 0
106.6 100.0 128.3 73.8 157.6 98.0 135.9 124.2 small-vehicle 0
162.3 385.0 189.7 353.2 242.7 399.0 215.3 430.8 tennis-court 0
