234.3 914.9 242.6 920.4 221.7 952.1 213.4 946.6 small-vehicle 0
146.8 399.6 147.9 409.6 94.2 415.4 93.1 405.4 small-vehicle 0
97.1 335.7 97.4 325.7 147.4 327.2 147.1 337.2 small-vehicle 0
92.5 308.2 94.4 298.4 147.4 308.6 145.5 318.5 small-vehicle 0
95.8 271.6 99.9 267.2 145.2 309.4 141.1 313.8 small-vehicle 0
90.5 177.4 93.7 172.3 149.5 207.6 146.3 212.7 small-vehicle 0
900.8 14.8 960.0 33.2 907.2 203.2 848.0 184.8 tennis-court 0
698.6 38.8 804.7 9.9 850.4 177.7 744.3 206.7 tennis-court 0
863.7 313.1 953.0 324.0 936.3 461.0 846.9 450.0 tennis-court 0
702.9 301.6 807.1 282.1 842.1 468.9 737.9 488.4 tennis-court 0
575.7 303.4 701.5 295.4 712.3 465.1 586.5 473.1 tennis-court 0
493.3 314.1 538.4 343.8 453.7 472.4 408.6 442.7 tennis-court 0
346.3 298.4 424.6 342.8 342.7 487.2 264.4 442.7 tennis-court 0
180.7 307.1 290.7 337.0 252.4 477.9 142.4 448.0 tennis-court 0
410.7 806.1 452.3 717.4 519.3 748.9 477.7 837.6 tennis-court 0
321.2 672.9 414.5 714.2 340.8 880.6 247.5 839.3 tennis-court 0
131.7 714.1 223.5 679.7 283.3 838.8 191.5 873.3 tennis-court 0
570.3 48.1 679.6 15.5 724.8 166.9 615.6 199.5 tennis-court 0
430.0 9.9 550.7 27.6 522.0 223.5 401.3 205.8 tennis-court 0
293.9 22.1 399.9 20.9 402.1 206.9 296.1 208.1 tennis-court 0
160.9 15.3 282.8 18.3 278.1 212.2 156.2 209.2 tennis-court 0
97.5 366.3 101.8 362.1 148.5 408.7 144.2 412.9 small-vehicle 0
49.7 420.7 70.0 404.5 96.3 437.3 76.0 453.5 small-vehicle 0
143.4 906.6 145.3 924.5 99.6 929.4 97.6 911.5 small-vehicle 0
38.3 387.1 53.9 417.3 23.7 432.9 8.1 402.7 small-vehicle 0
34.1 743.5 43.5 758.9 17.9 774.5 8.5 759.1 small-vehicle 0
30.4 775.0 48.2 787.9 23.6 821.9 5.8 809.0 small-vehicle 0
34.9 819.2 39.7 822.7 15.1 856.8 10.3 853.3 small-vehicle 0
7.0 871.4 7.0 849.4 41.0 849.6 41.0 871.6 small-vehicle 0
25.6 878.7 26.3 880.6 24.4 881.3 23.7 879.4 small-vehicle 0
6.6 904.8 7.6 894.8 41.4 898.2 40.4 908.2 small-vehicle 0
93.2 842.8 93.2 832.8 143.2 833.1 143.2 843.1 small-vehicle 0
87.6 813.6 90.1 803.9 142.4 817.4 139.9 827.1 small-vehicle 0
41.2 465.9 42.5 479.8 28.5 481.1 27.3 467.2 small-vehicle 0
39.1 441.9 45.5 449.6 25.4 466.1 19.0 458.4 small-vehicle 0
103.1 474.4 103.3 464.4 149.3 465.5 149.0 475.5 small-vehicle 0
94.4 444.0 98.1 434.7 144.6 453.0 140.9 462.3 small-vehicle 0
38.8 311.4 45.8 323.6 23.2 336.6 16.2 324.4 small-vehicle 0
140.6 334.8 146.0 343.2 107.4 368.2 102.0 359.8 small-vehicle 0
39.7 218.2 55.9 243.4 27.3 261.8 11.1 236.6 small-vehicle 0
92.3 230.2 94.7 220.5 158.7 236.8 156.3 246.5 small-vehicle 0
151.9 206.4 152.1 216.4 90.1 217.6 89.9 207.6 small-vehicle 0
10.3 198.1 19.0 182.4 55.7 202.9 47.0 218.6 small-vehicle 0
202.4 912.0 212.4 912.0 212.6 954.0 202.6 954.0 small-vehicle 0
272.0 911.5 281.3 915.3 267.0 950.5 257.7 946.7 small-vehicle 0
245.0 916.6 254.9 917.6 251.0 955.4 241.1 954.4 small-vehicle 0
185.9 912.6 199.0 944.0 186.1 949.4 173.0 918.0 small-vehicle 0
97.3 854.6 100.7 845.3 147.7 862.4 144.3 871.7 small-vehicle 0
96.1 882.9 97.2 873.0 142.9 878.1 141.8 888.0 small-vehicle 0
92.7 787.7 97.2 778.8 145.3 803.3 140.8 812.2 small-vehicle 0
98.1 431.2 99.4 421.3 148.9 427.8 147.6 437.7 small-vehicle 0
