450.5 130.4 483.1 77.6 515.5 97.6 482.9 150.4 small-vehicle 0
850.5 792.6 904.4 793.9 900.5 959.8 846.5 958.5 tennis-court 0
750.0 790.3 803.8 794.8 790.0 960.2 736.2 955.7 tennis-court 0
840.4 570.8 888.0 555.6 916.5 645.2 868.9 660.4 tennis-court 0
766.5 535.7 814.7 548.9 780.5 674.3 732.2 661.1 tennis-court 0
840.6 224.8 906.6 221.5 917.4 435.2 851.5 438.5 tennis-court 0
748.8 275.0 799.6 310.6 750.2 381.0 699.4 345.4 tennis-court 0
612.7 281.2 667.7 299.6 644.3 369.8 589.3 351.4 tennis-court 0
477.6 220.0 539.6 221.0 536.4 431.0 474.4 430.0 tennis-court 0
388.8 271.1 430.8 298.2 382.1 373.9 340.1 346.9 tennis-court 0
220.0 203.3 335.8 226.3 294.0 436.2 178.2 413.1 tennis-court 0
