213.7 538.8 263.6 541.9 260.1 599.8 210.2 596.7 plane 0
733.0 882.1 764.3 940.2 685.0 982.9 653.7 924.8 plane 0
465.0 182.2 505.9 130.3 661.4 252.8 620.6 304.7 plane 0
839.8 317.5 873.8 383.2 822.4 409.9 788.3 344.2 plane 0
626.3 349.2 656.0 314.0 712.6 361.7 682.9 396.9 plane 0
594.9 459.7 608.4 432.9 653.1 455.3 639.6 482.1 plane 0
829.9 610.9 900.8 569.7 940.1 637.1 869.2 678.3 plane 0
727.7 789.7 803.5 694.1 902.3 772.3 826.5 867.9 plane 0
857.8 888.6 876.0 855.2 990.2 917.4 972.0 950.8 plane 0
612.2 752.4 674.1 755.7 669.8 837.6 607.9 834.3 plane 0
270.7 616.4 317.3 643.5 290.2 690.2 243.5 663.1 plane 0
666.2 672.7 677.5 632.2 744.9 651.1 733.6 691.5 plane 0
800.7 457.4 822.4 416.8 930.0 474.3 908.4 514.8 plane 0
766.6 533.4 767.3 531.6 769.2 532.2 768.5 534.1 plane 0
657.1 453.4 683.1 410.7 759.9 457.6 733.9 500.3 plane 0
623.4 489.6 684.6 499.5 670.9 584.4 609.7 574.5 plane 0
509.1 605.8 539.3 551.6 638.9 607.2 608.7 661.4 plane 0
580.0 709.3 606.4 671.6 644.1 698.0 617.7 735.7 plane 0
520.8 685.4 556.7 639.9 605.4 678.3 569.5 723.8 plane 0
459.8 480.8 496.3 430.6 540.0 462.4 503.5 512.5 plane 0
375.7 318.4 377.1 244.4 491.1 246.6 489.6 320.6 plane 0
687.4 131.5 793.4 133.5 790.6 283.5 684.6 281.5 plane 0
