251.8 122.3 284.3 165.4 221.9 212.3 189.5 169.1 plane 0
712.1 475.4 764.2 528.0 705.9 585.6 653.8 533.0 plane 0
553.0 32.9 567.6 6.7 695.0 78.1 680.4 104.3 plane 0
913.4 169.8 935.8 252.9 856.6 274.2 834.2 191.1 plane 0
727.4 395.3 798.7 291.4 902.6 362.7 831.3 466.6 plane 0
872.7 493.1 888.7 463.0 975.3 508.9 959.3 539.0 plane 0
965.0 685.8 977.6 672.9 1019.1 713.5 1006.5 726.3 plane 0
575.9 394.3 642.5 327.9 706.1 391.7 639.5 458.1 plane 0
245.5 272.9 258.9 216.4 315.3 229.8 302.0 286.2 plane 0
664.4 259.7 711.4 219.2 746.7 260.1 699.7 300.6 plane 0
824.4 66.5 862.7 22.9 906.3 61.2 868.0 104.8 plane 0
745.0 128.6 761.7 108.7 790.8 133.1 774.1 153.0 plane 0
659.4 34.7 674.4 13.4 757.6 72.3 742.6 93.6 plane 0
648.7 86.8 694.9 128.2 645.5 183.3 599.3 141.9 plane 0
519.3 181.2 541.0 155.0 628.7 227.8 607.0 254.0 plane 0
580.6 296.6 603.0 271.0 643.6 306.7 621.1 332.2 plane 0
533.7 296.1 563.2 246.2 592.5 263.6 562.9 313.5 plane 0
474.2 89.7 475.7 47.7 525.6 49.5 524.2 91.4 plane 0
