368.7 619.1 424.3 602.5 476.3 776.9 420.7 793.5 tennis-court 0
708.4 539.2 726.6 563.0 375.6 831.6 357.4 807.8 tennis-court 0
625.8 585.7 687.7 581.7 699.4 763.3 637.5 767.4 tennis-court 0
834.1 604.0 870.7 631.8 808.9 713.0 772.3 685.2 tennis-court 0
914.0 560.2 976.0 561.6 972.0 735.5 910.1 734.1 tennis-court 0
926.1 290.2 963.1 317.6 900.1 402.8 863.1 375.5 tennis-court 0
798.0 292.8 842.3 315.9 786.0 424.2 741.7 401.1 tennis-court 0
673.8 292.4 705.9 319.4 591.2 455.6 559.1 428.6 tennis-court 0
570.4 295.9 598.1 321.9 454.3 475.0 426.6 448.9 tennis-court 0
422.7 315.6 460.0 342.4 363.3 477.4 326.0 450.6 tennis-court 0
