1010.9 157.2 1015.9 165.8 965.8 194.9 960.8 186.3 ship 0
969.0 250.9 1059.0 250.5 1059.1 268.5 969.1 268.9 ship 0
1025.1 219.6 1030.9 227.7 987.1 259.3 981.3 251.2 ship 0
1010.7 171.4 1026.1 192.4 982.5 224.2 967.1 203.2 ship 0
1004.8 139.8 1009.3 148.8 957.5 174.9 953.0 166.0 ship 0
1000.0 115.5 1005.2 124.0 952.3 156.4 947.1 147.9 ship 0
908.5 139.2 912.1 134.5 939.0 155.3 935.4 160.0 ship 0
647.2 242.9 653.2 250.9 625.8 271.1 619.8 263.1 ship 0
654.7 262.6 659.7 271.3 630.3 288.4 625.3 279.7 ship 0
621.7 287.6 671.7 287.3 671.7 301.3 621.7 301.6 ship 0
674.7 288.5 680.9 296.4 632.0 334.5 625.8 326.7 ship 0
678.5 310.1 684.2 318.4 636.3 351.2 630.7 343.0 ship 0
977.3 417.8 1015.9 392.8 1023.5 404.6 984.9 429.6 ship 0
1013.6 434.1 1037.4 444.5 1019.0 486.6 995.2 476.2 ship 0
674.2 335.1 680.1 343.2 655.8 360.9 649.9 352.8 ship 0
679.4 352.0 685.3 360.1 657.9 380.2 652.0 372.1 ship 0
686.1 370.8 691.8 379.0 664.0 398.5 658.3 390.3 ship 0
769.0 425.4 773.9 434.1 723.5 462.8 718.6 454.1 ship 0
813.6 575.5 818.4 584.3 767.6 612.1 762.8 603.3 ship 0
809.8 565.3 811.9 571.0 761.2 589.7 759.1 584.0 ship 0
755.7 556.5 757.2 550.7 813.3 565.5 811.8 571.3 ship 0
795.2 520.2 802.1 527.4 763.0 564.6 756.1 557.4 ship 0
788.5 504.1 795.1 511.6 751.5 549.9 744.9 542.4 ship 0
744.1 486.4 747.7 481.6 775.0 501.9 771.4 506.7 ship 0
727.7 469.6 731.3 460.3 789.3 482.4 785.7 491.7 ship 0
767.5 413.2 769.6 418.8 719.4 438.5 717.2 432.9 ship 0
690.6 388.4 696.2 396.7 671.4 413.6 665.8 405.3 ship 0
757.2 394.7 760.5 399.7 718.8 427.3 715.5 422.3 ship 0
701.3 395.2 702.0 389.3 759.7 395.8 759.0 401.7 ship 0
751.7 361.5 755.7 370.6 706.3 392.5 702.3 383.4 ship 0
746.1 341.9 751.0 350.6 703.9 377.1 699.0 368.4 ship 0
735.6 323.3 741.2 331.6 696.4 361.7 690.8 353.4 ship 0
715.9 261.4 719.9 270.6 674.1 290.6 670.1 281.4 ship 0
715.1 252.5 715.8 262.4 662.0 266.2 661.2 256.3 ship 0
809.9 571.6 815.4 574.1 781.2 648.7 775.7 646.2 ship 0
825.3 608.8 829.9 617.7 778.5 644.5 773.9 635.6 ship 0
827.7 624.2 832.9 632.8 783.3 662.9 778.1 654.3 ship 0
816.7 645.5 822.1 648.1 808.9 675.1 803.5 672.5 ship 0
700.0 405.6 703.9 414.8 672.7 428.2 668.7 419.0 ship 0
705.8 422.3 710.5 431.1 680.4 447.0 675.7 438.1 ship 0
707.7 442.5 711.2 451.8 679.3 463.5 675.8 454.2 ship 0
711.2 455.4 716.8 463.7 688.6 482.7 683.0 474.4 ship 0
717.6 471.7 723.3 479.9 695.4 499.3 689.7 491.1 ship 0
731.1 505.4 736.6 522.5 704.2 532.8 698.7 515.7 ship 0
740.6 541.1 746.0 549.6 717.4 567.9 712.0 559.4 ship 0
744.6 561.5 748.6 570.7 717.4 584.2 713.4 575.0 ship 0
757.7 598.6 759.1 608.5 725.4 613.3 724.0 603.4 ship 0
755.6 610.6 759.6 615.1 737.3 635.1 733.3 630.6 ship 0
775.1 619.8 780.4 628.2 731.5 659.3 726.1 650.9 ship 0
773.4 661.3 779.2 669.4 751.4 689.1 745.6 681.0 ship 0
779.4 677.6 784.8 686.0 759.6 702.3 754.2 693.9 ship 0
792.2 690.0 810.6 713.7 790.0 729.6 771.6 705.9 ship 0
839.0 663.7 841.2 669.3 791.0 689.3 788.8 683.7 ship 0
1017.4 374.2 1021.2 378.9 976.3 415.6 972.5 410.9 ship 0
1008.1 362.7 1011.6 367.6 977.5 392.1 974.0 387.2 ship 0
978.5 281.9 982.9 286.0 957.4 314.1 953.0 310.1 ship 0
986.3 296.4 990.6 300.6 958.8 333.8 954.5 329.7 ship 0
915.5 192.8 961.4 189.2 962.5 203.2 916.6 206.8 ship 0
940.0 149.3 944.2 153.6 914.1 183.0 909.9 178.7 ship 0
945.3 166.5 951.3 174.5 924.2 195.0 918.2 187.0 ship 0
960.3 200.0 965.6 208.4 926.7 233.0 921.4 224.6 ship 0
967.2 213.1 973.1 221.2 932.8 250.9 926.9 242.8 ship 0
969.1 239.7 972.9 248.9 941.4 261.7 937.6 252.4 ship 0
971.7 253.9 975.3 258.7 948.1 279.1 944.5 274.3 ship 0
980.2 273.5 982.3 279.1 946.8 292.5 944.7 286.9 ship 0
1001.0 345.8 1005.2 350.1 975.0 379.2 970.8 374.9 ship 0
975.8 343.5 980.1 339.3 989.9 349.3 985.6 353.5 ship 0
984.6 306.3 990.3 308.2 974.1 355.5 968.4 353.5 ship 0
711.2 222.4 715.4 231.5 662.8 255.9 658.6 246.8 ship 0
707.0 206.9 710.5 216.3 656.0 236.1 652.5 226.7 ship 0
790.9 162.6 794.5 172.0 758.9 185.4 755.4 176.0 ship 0
488.4 616.2 493.4 624.9 439.6 655.8 434.6 647.1 ship 0
390.9 490.6 393.4 485.2 453.1 513.4 450.6 518.8 ship 0
448.9 504.0 453.6 512.8 409.5 536.3 404.8 527.5 ship 0
456.4 533.1 457.9 543.0 408.4 550.0 406.9 540.1 ship 0
464.3 542.6 468.1 551.9 410.7 575.4 406.9 566.1 ship 0
469.1 560.1 473.4 569.2 420.9 593.9 416.6 584.8 ship 0
471.3 581.2 475.6 590.3 430.4 611.6 426.1 602.6 ship 0
476.1 602.3 480.3 611.4 438.7 630.9 434.4 621.8 ship 0
491.0 646.9 493.2 656.7 440.5 668.6 438.3 658.9 ship 0
428.6 691.6 435.2 699.2 409.4 721.4 402.8 713.8 ship 0
496.4 652.0 502.5 659.9 453.6 698.0 447.5 690.1 ship 0
506.9 689.7 507.1 699.7 449.1 700.3 448.9 690.3 ship 0
502.9 693.7 508.7 701.9 464.8 733.3 459.0 725.2 ship 0
512.6 713.1 517.4 721.9 462.8 751.3 458.1 742.5 ship 0
520.1 735.2 524.4 744.3 472.1 769.3 467.8 760.2 ship 0
543.0 742.0 547.9 750.7 462.7 799.0 457.8 790.3 ship 0
454.6 755.1 458.5 764.3 423.4 778.9 419.5 769.7 ship 0
444.3 473.5 446.0 483.4 392.7 492.5 391.0 482.6 ship 0
427.8 449.0 431.4 458.4 388.5 474.9 384.9 465.5 ship 0
422.9 424.6 427.9 433.3 388.1 456.4 383.1 447.7 ship 0
416.4 403.4 421.5 412.0 378.5 437.6 373.4 429.0 ship 0
544.7 436.7 550.7 444.6 517.2 470.0 511.2 462.0 ship 0
544.7 410.7 550.1 419.1 501.3 450.3 495.9 441.9 ship 0
525.5 378.1 530.2 387.0 500.2 403.0 495.5 394.1 ship 0
526.6 365.1 526.9 375.1 488.9 376.1 488.6 366.1 ship 0
512.5 334.4 519.2 341.8 490.9 367.2 484.2 359.7 ship 0
516.6 312.7 521.0 321.8 472.4 345.3 468.0 336.2 ship 0
505.5 287.2 511.5 295.2 464.9 329.7 458.9 321.7 ship 0
502.0 272.2 505.7 281.5 455.4 301.3 451.8 292.0 ship 0
486.5 250.2 492.1 258.5 460.6 279.7 455.0 271.4 ship 0
391.0 282.4 394.5 291.8 336.4 313.5 332.9 304.1 ship 0
394.2 301.5 398.7 310.4 343.4 338.6 338.9 329.7 ship 0
405.7 321.6 409.6 330.8 345.3 358.4 341.4 349.2 ship 0
406.4 348.3 409.3 357.9 353.8 374.6 350.9 365.1 ship 0
408.1 365.4 412.2 374.5 362.9 396.6 358.8 387.5 ship 0
413.6 387.0 417.1 396.4 366.6 415.6 363.1 406.2 ship 0
453.0 717.4 460.3 724.2 412.7 775.5 405.3 768.6 ship 0
427.6 670.4 433.1 678.7 401.4 699.6 395.9 691.3 ship 0
561.7 497.7 567.3 506.0 539.1 525.1 533.5 516.8 ship 0
376.5 688.3 426.9 628.8 437.6 637.9 387.1 697.4 ship 0
756.2 373.6 835.9 292.1 991.7 444.6 912.0 526.1 harbor 0
545.7 251.1 649.0 194.1 899.1 647.8 795.7 704.7 harbor 0
405.7 262.3 478.5 224.6 738.3 727.5 665.4 765.2 harbor 0
374.7 428.2 512.8 504.8 426.6 660.5 288.4 583.9 harbor 0
421.0 617.6 427.7 625.0 378.8 669.2 372.1 661.8 ship 0
376.3 621.0 379.8 611.6 415.4 625.1 411.8 634.4 ship 0
347.9 495.4 453.2 643.8 422.2 665.8 316.9 517.4 ship 0
397.1 523.6 400.5 533.0 345.9 552.4 342.5 543.0 ship 0
391.1 509.5 391.8 519.5 333.9 523.5 333.2 513.5 ship 0
362.5 430.0 368.5 438.0 322.2 472.9 316.1 465.0 ship 0
359.2 408.8 364.4 417.3 311.4 449.6 306.2 441.1 ship 0
357.0 388.3 361.5 397.2 299.0 428.7 294.5 419.8 ship 0
330.5 348.6 335.2 357.4 301.7 375.3 297.0 366.5 ship 0
329.2 330.3 331.0 340.2 289.6 347.5 287.9 337.6 ship 0
320.1 301.4 325.9 309.6 294.9 331.6 289.1 323.4 ship 0
554.4 479.2 560.1 487.4 532.1 506.7 526.4 498.5 ship 0
581.0 522.2 583.4 531.9 531.0 544.8 528.6 535.1 ship 0
793.4 177.0 797.2 181.6 768.1 205.9 764.2 201.3 ship 0
949.7 482.6 952.7 487.8 906.3 515.4 903.3 510.2 ship 0
987.0 644.6 997.1 664.1 913.7 707.5 903.6 688.0 ship 0
975.8 635.8 980.9 644.4 962.0 655.6 956.9 647.0 ship 0
989.9 613.1 992.9 622.7 937.7 640.4 934.7 630.9 ship 0
966.4 567.4 977.0 576.6 941.5 617.3 930.9 608.1 ship 0
960.5 529.5 966.0 537.9 920.9 567.6 915.4 559.2 ship 0
962.7 517.2 965.1 522.7 908.3 547.8 905.9 542.3 ship 0
954.9 501.2 957.8 506.5 910.1 531.8 907.2 526.5 ship 0
945.4 471.8 947.7 477.3 897.9 498.1 895.6 492.6 ship 0
888.2 286.9 888.3 296.9 838.3 297.2 838.2 287.2 ship 0
934.2 445.9 940.7 453.5 899.6 488.5 893.1 480.9 ship 0
931.3 416.3 937.4 433.2 886.7 451.7 880.6 434.8 ship 0
918.4 369.6 935.5 389.1 888.9 430.0 871.7 410.4 ship 0
912.3 358.5 916.5 362.7 869.6 409.2 865.4 405.0 ship 0
908.9 354.4 911.5 364.1 867.0 375.9 864.4 366.2 ship 0
902.8 329.3 906.2 334.3 858.5 367.2 855.1 362.2 ship 0
903.2 316.4 906.8 325.8 852.8 346.9 849.2 337.6 ship 0
928.6 629.0 933.3 637.8 903.4 654.0 898.7 645.2 ship 0
922.5 614.0 927.1 622.9 900.5 636.7 895.9 627.9 ship 0
926.8 588.0 932.3 596.3 887.2 626.0 881.7 617.7 ship 0
911.8 574.1 918.5 581.5 890.2 606.9 883.5 599.5 ship 0
798.3 198.9 801.5 208.3 769.3 219.3 766.1 209.8 ship 0
804.6 214.2 809.5 223.0 776.3 241.5 771.4 232.7 ship 0
807.9 232.6 813.7 240.8 785.9 260.4 780.1 252.2 ship 0
814.3 250.0 820.2 258.0 792.7 278.0 786.8 270.0 ship 0
821.2 269.4 825.8 278.3 795.5 293.7 790.9 284.8 ship 0
831.2 306.2 835.1 315.4 803.8 328.8 799.9 319.6 ship 0
834.5 322.2 839.8 330.6 814.5 346.8 809.2 338.4 ship 0
852.9 350.7 857.9 359.4 811.2 386.6 806.2 377.9 ship 0
857.5 368.4 863.0 376.7 821.5 404.6 816.0 396.3 ship 0
792.3 307.2 937.6 510.7 906.7 532.8 761.4 329.3 ship 0
876.4 444.0 877.2 462.0 843.2 463.5 842.5 445.5 ship 0
891.9 465.6 898.1 473.5 849.1 511.4 842.9 503.5 ship 0
887.3 494.7 891.7 503.7 861.3 518.8 856.8 509.8 ship 0
896.5 526.0 901.9 534.4 876.8 550.7 871.3 542.3 ship 0
904.6 544.4 909.3 553.2 879.3 569.2 874.6 560.4 ship 0
897.6 300.5 900.7 310.0 845.4 327.5 842.3 318.0 ship 0
880.6 247.7 885.1 256.7 833.3 282.7 828.8 273.7 ship 0
575.8 523.7 583.9 529.6 542.7 586.2 534.6 580.3 ship 0
689.9 700.6 695.4 709.0 646.7 740.5 641.2 732.1 ship 0
644.9 545.0 647.3 554.7 591.1 569.0 588.7 559.3 ship 0
592.2 550.6 596.1 546.1 654.8 597.4 650.9 601.9 ship 0
660.2 604.2 665.7 612.6 617.4 644.6 611.8 636.3 ship 0
668.5 621.8 673.6 630.4 627.4 658.2 622.2 649.7 ship 0
673.1 654.9 676.5 659.9 628.9 693.1 625.5 688.1 ship 0
678.8 669.2 684.2 677.6 635.4 709.0 630.0 700.6 ship 0
688.5 689.5 692.0 698.8 637.7 719.2 634.2 709.8 ship 0
682.2 718.0 699.6 751.8 619.6 793.0 602.2 759.3 ship 0
872.7 227.9 877.7 236.5 827.4 265.4 822.4 256.7 ship 0
637.2 717.4 642.7 725.8 597.5 755.4 592.0 747.0 ship 0
619.7 699.9 626.8 706.9 602.8 731.0 595.7 723.9 ship 0
612.4 680.0 620.0 686.5 597.8 712.3 590.2 705.7 ship 0
616.0 658.0 620.9 666.7 573.8 693.1 568.9 684.3 ship 0
601.4 638.9 608.4 646.1 584.1 669.9 577.1 662.8 ship 0
589.8 592.7 600.2 607.4 556.0 638.4 545.6 623.7 ship 0
576.3 560.0 582.2 568.1 554.8 588.3 548.9 580.2 ship 0
634.1 517.4 638.4 521.7 599.9 559.6 595.6 555.3 ship 0
621.1 490.4 625.7 499.3 584.9 520.6 580.3 511.7 ship 0
619.6 464.8 625.6 472.8 576.2 510.2 570.2 502.3 ship 0
619.4 453.3 623.2 462.5 569.6 484.7 565.8 475.5 ship 0
874.9 220.2 876.4 230.1 819.0 238.5 817.5 228.6 ship 0
855.7 172.7 864.6 188.3 814.3 217.1 805.3 201.5 ship 0
842.3 127.9 861.6 155.9 813.8 188.8 794.5 160.8 ship 0
636.9 225.0 643.5 232.4 618.1 255.0 611.5 247.6 ship 0
702.6 180.9 707.6 189.5 650.5 222.5 645.5 213.9 ship 0
603.2 215.7 607.6 206.7 641.8 223.3 637.4 232.3 ship 0
553.1 226.0 558.0 234.7 503.9 265.0 499.0 256.3 ship 0
550.5 237.8 555.2 241.4 515.5 294.2 510.8 290.6 ship 0
559.8 268.6 563.6 277.8 517.2 296.4 513.4 287.2 ship 0
571.9 297.6 578.7 314.3 525.1 336.4 518.3 319.7 ship 0
531.4 333.6 534.7 328.6 592.9 367.4 589.6 372.4 ship 0
586.9 351.9 591.1 361.0 538.4 385.3 534.2 376.2 ship 0
586.3 365.3 592.7 373.0 551.2 407.6 544.8 399.9 ship 0
593.2 391.4 602.4 402.0 561.8 437.6 552.6 427.0 ship 0
610.9 435.9 615.4 444.9 567.1 469.1 562.6 460.1 ship 0
954.1 773.8 963.1 769.6 987.6 822.3 978.5 826.5 ship 0
936.2 787.3 945.3 783.2 965.8 828.7 956.7 832.8 ship 0
974.9 757.4 984.5 754.8 1007.1 837.8 997.5 840.4 ship 0
989.2 774.6 1012.1 762.3 1035.8 806.4 1012.8 818.7 ship 0
1022.7 981.7 1030.1 993.5 981.0 1024.4 973.6 1012.6 ship 0
1026.6 958.1 1031.6 971.2 966.1 996.0 961.1 982.9 ship 0
1019.8 930.3 1024.9 938.9 961.2 976.7 956.1 968.1 ship 0
1010.6 891.5 1020.1 901.8 948.4 968.5 938.9 958.2 ship 0
998.5 881.3 1003.8 889.7 941.5 929.7 936.2 921.3 ship 0
992.3 857.2 997.8 865.5 942.7 901.8 937.2 893.5 ship 0
990.5 836.2 995.7 849.2 934.5 873.8 929.3 860.8 ship 0
204.8 27.9 219.0 84.1 120.2 109.1 106.0 52.9 roundabout 0
