1011.8 961.3 1024.8 979.1 997.4 999.2 984.4 981.5 small-vehicle 0
489.1 304.7 596.3 466.5 487.9 538.3 380.7 376.5 basketball-court 0
681.2 811.0 682.3 809.4 683.9 810.5 682.8 812.2 baseball-diamond 0
19.1 310.3 51.2 283.2 75.8 312.1 43.7 339.3 small-vehicle 0
25.6 575.0 27.0 576.5 25.5 577.9 24.2 576.4 small-vehicle 0
996.6 869.3 1009.9 881.4 992.4 900.7 979.1 888.6 small-vehicle 0
403.2 913.5 425.2 914.5 423.8 944.5 401.8 943.5 small-vehicle 0
906.7 835.6 923.8 841.2 914.5 869.7 897.4 864.1 small-vehicle 0
904.8 756.8 906.0 718.8 932.0 719.6 930.8 757.6 small-vehicle 0
1008.5 50.3 1013.0 54.3 985.2 85.8 980.7 81.8 small-vehicle 0
976.0 83.3 980.7 74.4 1021.3 96.0 1016.6 104.8 small-vehicle 0
351.9 387.2 484.9 544.5 428.4 592.3 295.4 435.0 basketball-court 0
