32.3 360.2 51.0 348.7 64.7 370.8 46.0 382.3 small-vehicle 0
330.1 600.8 376.6 573.4 479.0 747.6 432.4 775.0 tennis-court 0
432.5 563.4 479.2 536.3 582.5 714.6 535.8 741.7 tennis-court 0
616.7 494.9 670.9 693.7 603.3 712.1 549.1 513.3 tennis-court 0
433.0 164.4 434.7 165.6 433.5 167.2 431.9 166.1 baseball-diamond 0
919.4 485.1 920.9 486.4 919.6 487.9 918.1 486.6 baseball-diamond 0
178.1 16.3 201.4 41.1 170.8 69.9 147.5 45.1 small-vehicle 0
69.1 404.9 70.1 403.1 71.9 404.1 70.9 405.9 small-vehicle 0
66.9 434.9 76.2 424.5 113.5 457.8 104.1 468.2 small-vehicle 0
62.2 482.4 74.3 454.9 116.4 473.5 104.3 500.9 small-vehicle 0
262.1 834.4 284.3 854.7 255.9 885.6 233.7 865.3 small-vehicle 0
29.0 894.5 34.8 865.1 72.0 872.5 66.2 901.9 small-vehicle 0
599.1 875.6 622.5 864.3 640.8 902.1 617.4 913.4 small-vehicle 0
596.0 905.1 605.0 900.7 629.0 949.0 620.1 953.5 small-vehicle 0
583.8 891.2 595.6 877.6 606.2 886.8 594.4 900.4 small-vehicle 0
203.1 646.0 298.2 590.6 403.9 772.0 308.8 827.4 tennis-court 0
