375.2 0.9 394.9 -8.9 411.8 25.1 392.1 34.9 small-vehicle 0
31.4 509.6 40.2 498.7 63.6 517.4 54.8 528.4 small-vehicle 0
328.0 747.1 374.6 719.7 479.1 897.3 432.5 924.7 tennis-court 0
401.4 730.1 497.0 667.9 611.6 843.9 516.0 906.1 tennis-court 0
500.9 694.7 590.5 630.8 717.1 808.3 627.5 872.2 tennis-court 0
432.5 312.4 433.6 314.1 432.0 315.2 430.9 313.5 baseball-diamond 0
918.5 633.1 919.9 634.5 918.5 635.9 917.1 634.5 baseball-diamond 0
39.6 105.4 59.4 88.6 81.4 114.6 61.6 131.4 small-vehicle 0
169.2 164.4 198.7 181.3 177.7 217.8 148.3 200.8 small-vehicle 0
276.1 140.1 277.9 139.1 278.9 140.9 277.1 141.9 small-vehicle 0
335.8 98.2 350.1 114.9 315.2 144.8 300.9 128.1 small-vehicle 0
68.1 552.7 69.3 551.1 70.9 552.3 69.7 553.9 small-vehicle 0
555.6 59.9 557.0 58.5 558.4 60.0 557.0 61.4 small-vehicle 0
70.5 583.5 77.4 576.3 107.8 605.2 100.9 612.5 small-vehicle 0
63.5 633.1 73.4 604.8 113.1 618.7 103.1 647.0 small-vehicle 0
267.5 985.7 281.9 1012.1 248.5 1030.3 234.1 1003.9 small-vehicle 0
640.9 15.0 670.7 18.3 666.1 60.0 636.3 56.7 small-vehicle 0
623.2 28.9 636.9 31.8 630.6 61.1 616.9 58.2 small-vehicle 0
225.0 781.9 267.2 755.0 380.0 932.1 337.8 959.0 tennis-court 0
