931.2 418.8 977.5 399.8 993.4 438.7 947.2 457.7 ship 0
653.0 432.2 699.0 390.5 789.0 489.8 743.0 531.5 harbor 0
459.0 8.8 487.4 -22.1 589.0 71.2 560.6 102.1 harbor 0
934.9 398.5 981.3 379.9 1034.3 511.6 987.9 530.3 harbor 0
832.5 398.2 880.8 411.1 855.5 505.8 807.2 492.9 harbor 0
585.9 812.6 616.6 763.4 669.2 796.1 638.5 845.4 harbor 0
587.8 799.4 608.4 783.6 629.2 810.6 608.6 826.4 ship 0
268.1 757.7 269.3 756.1 270.9 757.3 269.7 758.9 small-vehicle 0
306.2 780.3 308.2 780.7 307.8 782.7 305.8 782.3 small-vehicle 0
302.0 809.5 304.0 809.5 304.0 811.5 302.0 811.5 small-vehicle 0
112.1 977.7 113.8 976.6 114.9 978.3 113.2 979.4 small-vehicle 0
254.0 746.7 275.3 778.1 243.9 799.4 222.6 768.0 ship 0
