278.7 95.0 279.5 93.2 281.3 94.0 280.5 95.8 ship 0
637.2 574.3 742.2 801.2 667.8 835.7 562.8 608.8 large-vehicle 0
327.1 759.2 338.9 766.7 294.9 835.8 283.1 828.3 large-vehicle 0
358.2 756.0 370.2 763.3 329.8 830.0 317.8 822.7 large-vehicle 0
383.0 769.7 395.1 776.7 355.8 844.1 343.7 837.0 large-vehicle 0
410.6 784.0 426.3 792.8 382.0 871.2 366.4 862.3 large-vehicle 0
425.0 824.2 437.8 830.0 409.0 893.8 396.2 888.0 large-vehicle 0
443.1 864.0 472.4 881.3 434.9 945.0 405.6 927.7 large-vehicle 0
506.4 862.3 515.6 866.3 478.6 952.7 469.4 948.7 large-vehicle 0
436.5 752.0 442.0 739.1 517.5 771.0 512.0 783.9 large-vehicle 0
437.9 726.8 443.0 713.8 523.1 745.2 518.0 758.2 large-vehicle 0
453.9 705.6 459.1 692.7 535.1 723.4 529.9 736.3 large-vehicle 0
459.9 673.0 465.0 664.4 532.0 704.3 526.9 712.9 large-vehicle 0
458.1 643.8 465.3 631.8 538.9 676.2 531.7 688.2 large-vehicle 0
465.3 619.3 471.8 606.9 554.8 651.2 548.2 663.5 large-vehicle 0
478.1 593.9 485.1 581.8 555.9 623.1 548.9 635.2 large-vehicle 0
597.3 587.3 609.3 594.4 573.7 654.7 561.7 647.6 large-vehicle 0
630.0 598.7 641.2 607.1 587.1 679.1 575.9 670.6 large-vehicle 0
658.6 605.2 670.1 613.2 632.6 667.4 621.1 659.4 large-vehicle 0
296.2 748.4 308.6 754.9 266.8 834.6 254.4 828.1 large-vehicle 0
278.3 731.5 290.1 739.1 247.7 804.5 235.9 796.9 large-vehicle 0
195.7 722.3 230.2 738.2 199.1 805.4 164.6 789.4 large-vehicle 0
155.4 519.7 162.0 507.3 241.6 549.3 235.0 561.7 large-vehicle 0
250.3 290.2 254.1 276.8 313.7 293.8 309.9 307.2 large-vehicle 0
213.0 337.6 219.1 329.7 287.0 382.4 280.9 390.3 large-vehicle 0
202.9 365.9 207.5 357.0 284.1 396.1 279.5 405.0 large-vehicle 0
192.9 400.6 197.9 387.5 282.1 419.4 277.1 432.5 large-vehicle 0
191.2 423.1 197.7 410.7 266.8 446.9 260.3 459.3 large-vehicle 0
154.0 461.3 159.2 452.8 236.0 499.7 230.8 508.2 large-vehicle 0
150.5 495.8 156.1 482.9 238.5 519.2 232.9 532.1 large-vehicle 0
152.9 541.1 157.9 532.4 232.1 575.9 227.1 584.6 large-vehicle 0
12.2 898.3 144.1 686.0 196.8 718.7 64.9 931.0 large-vehicle 0
148.5 561.8 154.3 553.6 224.5 603.2 218.7 611.4 large-vehicle 0
145.0 594.7 152.0 582.7 212.5 618.0 205.4 630.1 large-vehicle 0
114.9 637.3 120.4 624.4 203.1 659.7 197.6 672.6 large-vehicle 0
118.5 662.3 122.8 653.2 196.8 688.6 192.5 697.6 large-vehicle 0
124.5 692.1 128.6 683.0 170.5 701.9 166.4 711.0 large-vehicle 0
94.8 716.2 96.3 706.3 193.2 720.8 191.7 730.7 large-vehicle 0
16.1 831.1 165.9 636.0 230.9 685.9 81.1 881.0 large-vehicle 0
698.8 618.8 708.0 629.3 637.2 691.2 628.0 680.7 large-vehicle 0
608.9 746.3 614.4 737.9 706.1 798.7 700.6 807.1 large-vehicle 0
567.6 43.6 602.0 7.3 632.5 36.3 598.0 72.5 small-vehicle 0
624.3 791.3 630.2 778.6 711.7 816.7 705.8 829.4 large-vehicle 0
428.8 237.4 457.0 256.4 431.2 294.6 403.0 275.6 small-vehicle 0
464.0 247.3 472.6 252.5 446.7 295.3 438.2 290.1 small-vehicle 0
486.1 254.8 494.4 260.4 466.5 301.8 458.2 296.3 small-vehicle 0
504.0 270.0 516.2 277.0 497.3 309.9 485.2 303.0 small-vehicle 0
126.2 758.6 153.7 712.1 189.8 733.4 162.3 779.9 small-vehicle 0
81.5 780.4 90.7 760.4 132.5 779.6 123.3 799.6 small-vehicle 0
604.1 748.8 609.3 723.3 677.9 737.2 672.7 762.7 small-vehicle 0
567.4 785.0 591.6 767.3 604.6 785.0 580.4 802.7 small-vehicle 0
725.5 759.7 738.3 765.3 727.9 789.1 715.1 783.5 ship 0
898.3 703.8 913.5 677.9 949.7 699.2 934.5 725.1 small-vehicle 0
664.0 727.3 679.9 701.9 715.5 724.1 699.6 749.6 small-vehicle 0
718.3 743.9 726.2 723.3 758.0 735.5 750.1 756.0 small-vehicle 0
671.4 596.0 693.7 582.6 711.2 611.8 688.9 625.2 small-vehicle 0
728.1 640.3 735.7 646.8 710.9 675.6 703.4 669.1 small-vehicle 0
699.8 626.7 718.5 638.3 696.3 674.0 677.6 662.4 small-vehicle 0
706.4 616.6 721.5 590.7 761.2 613.8 746.2 639.7 small-vehicle 0
687.1 386.6 702.3 365.5 733.1 387.7 717.9 408.8 small-vehicle 0
435.1 215.3 453.7 197.1 471.9 215.7 453.3 233.9 small-vehicle 0
465.1 163.7 472.3 170.6 448.9 195.3 441.7 188.4 small-vehicle 0
276.0 144.5 284.9 168.9 253.0 180.5 244.1 156.1 small-vehicle 0
253.2 181.3 261.7 170.2 339.6 229.6 331.1 240.7 large-vehicle 0
620.3 808.7 625.5 800.2 705.7 849.3 700.5 857.8 large-vehicle 0
621.0 839.7 625.7 830.8 705.5 872.4 700.9 881.3 large-vehicle 0
608.0 874.8 612.6 861.6 697.6 891.3 692.9 904.6 large-vehicle 0
587.5 908.3 593.2 891.2 678.5 919.7 672.8 936.8 large-vehicle 0
564.4 960.6 587.5 925.5 652.6 968.4 629.5 1003.5 large-vehicle 0
405.8 947.3 464.8 985.0 429.2 1040.7 370.2 1003.0 large-vehicle 0
268.1 233.8 275.7 222.0 331.0 257.9 323.4 269.7 large-vehicle 0
218.9 303.2 224.4 290.3 307.1 325.8 301.6 338.7 large-vehicle 0
53.6 827.4 62.5 811.7 126.9 848.2 118.0 863.8 large-vehicle 0
246.9 730.2 258.9 737.5 216.5 807.6 204.5 800.4 large-vehicle 0
462.3 913.3 474.2 920.5 460.7 942.7 448.8 935.5 large-vehicle 0
537.6 889.0 556.8 899.8 520.4 964.3 501.2 953.4 large-vehicle 0
255.1 250.9 261.1 242.9 313.7 282.8 307.7 290.8 large-vehicle 0
