257.1 936.2 278.0 914.7 310.9 946.8 290.0 968.3 small-vehicle 0
756.0 623.6 772.2 644.0 739.3 670.1 723.1 649.7 small-vehicle 0
575.9 811.4 593.6 830.4 557.0 864.5 539.3 845.4 small-vehicle 0
786.3 590.6 802.9 610.6 770.6 637.4 754.0 617.4 small-vehicle 0
616.0 253.5 655.7 205.8 881.7 393.7 842.1 441.4 tennis-court 0
543.1 329.8 588.4 287.4 783.9 496.2 738.6 538.6 tennis-court 0
480.7 483.3 507.8 432.0 679.3 522.7 652.2 574.0 tennis-court 0
455.8 458.1 595.8 689.0 532.5 727.4 392.5 496.5 tennis-court 0
306.0 644.2 342.6 594.2 515.3 720.6 478.6 770.6 tennis-court 0
274.7 791.8 279.8 742.1 377.3 752.2 372.2 801.9 tennis-court 0
