668.8 298.0 676.8 304.0 658.8 328.0 650.8 322.1 small-vehicle 0
584.9 281.5 603.0 294.0 579.1 328.5 561.0 316.0 small-vehicle 0
576.8 211.1 582.1 219.6 546.6 242.0 541.3 233.5 small-vehicle 0
555.5 191.4 563.3 197.7 534.5 233.6 526.7 227.3 small-vehicle 0
30.3 499.4 32.3 499.8 31.8 501.8 29.9 501.3 small-vehicle 0
367.0 236.4 389.2 256.5 353.0 296.6 330.8 276.5 small-vehicle 0
435.5 143.1 460.2 166.6 428.4 199.9 403.8 176.4 small-vehicle 0
498.7 137.5 503.8 146.1 457.3 173.5 452.2 164.9 small-vehicle 0
495.6 196.6 502.7 203.6 476.0 230.7 468.9 223.6 small-vehicle 0
447.5 196.2 482.8 182.2 489.4 198.9 454.1 212.9 small-vehicle 0
537.8 172.1 546.4 177.2 523.2 216.9 514.6 211.8 small-vehicle 0
512.0 142.9 519.5 149.5 484.0 190.1 476.5 183.5 small-vehicle 0
607.6 44.1 631.8 68.0 605.0 95.0 580.9 71.1 small-vehicle 0
801.7 484.6 833.1 456.7 914.1 548.0 882.6 575.9 large-vehicle 0
517.5 897.8 539.4 877.3 619.9 963.6 598.0 984.1 large-vehicle 0
703.4 703.2 730.8 683.1 786.6 758.8 759.2 778.9 large-vehicle 0
764.6 667.4 777.8 655.1 820.2 700.3 807.0 712.6 large-vehicle 0
720.0 667.8 733.0 655.4 806.0 732.2 793.0 744.6 large-vehicle 0
668.4 710.5 681.6 698.2 759.5 781.4 746.3 793.7 large-vehicle 0
497.3 914.2 510.9 902.3 591.1 994.2 577.6 1006.1 large-vehicle 0
654.6 737.6 669.3 727.2 728.4 810.4 713.7 820.8 large-vehicle 0
580.4 730.5 592.6 717.2 682.6 799.5 670.5 812.8 large-vehicle 0
382.0 224.6 396.7 208.2 511.0 311.4 496.3 327.8 large-vehicle 0
622.2 820.6 647.6 798.1 672.8 826.5 647.4 849.0 large-vehicle 0
563.4 900.8 581.0 881.6 617.8 915.4 600.3 934.6 large-vehicle 0
586.3 218.7 595.1 223.6 574.8 260.3 566.0 255.5 small-vehicle 0
589.5 320.5 622.0 300.7 648.0 343.4 615.5 363.2 small-vehicle 0
625.2 282.0 626.0 280.2 627.8 281.0 627.0 282.8 small-vehicle 0
828.4 102.2 849.7 117.0 828.1 148.2 806.7 133.4 small-vehicle 0
657.6 279.2 665.1 285.8 637.6 317.5 630.0 311.0 small-vehicle 0
670.5 345.7 675.2 367.1 634.2 376.1 629.5 354.6 small-vehicle 0
668.8 353.0 687.7 364.3 668.2 397.0 649.3 385.7 small-vehicle 0
689.4 312.2 696.3 319.5 671.6 342.8 664.7 335.5 small-vehicle 0
699.8 355.4 723.5 344.8 729.2 357.6 705.5 368.2 small-vehicle 0
742.3 348.1 749.7 354.9 718.7 388.9 711.3 382.1 small-vehicle 0
703.3 383.8 718.2 400.0 690.3 425.7 675.4 409.5 small-vehicle 0
933.9 473.7 967.8 472.9 968.4 498.9 934.5 499.7 small-vehicle 0
939.6 448.1 947.8 427.7 990.4 444.9 982.2 465.3 small-vehicle 0
996.1 376.8 1006.3 367.2 1035.2 397.6 1025.0 407.3 small-vehicle 0
920.2 281.8 939.6 292.2 919.8 329.2 900.4 318.8 small-vehicle 0
750.8 225.2 767.1 245.5 743.7 264.2 727.4 243.9 small-vehicle 0
721.2 214.6 745.4 224.2 735.8 248.4 711.6 238.8 small-vehicle 0
765.2 242.2 784.5 259.5 761.8 284.8 742.5 267.5 small-vehicle 0
790.5 260.4 797.6 267.5 770.7 294.3 763.6 287.3 small-vehicle 0
793.8 271.9 803.5 274.3 794.2 311.1 784.5 308.7 small-vehicle 0
825.9 231.3 849.5 249.8 816.3 292.3 792.6 273.9 small-vehicle 0
789.9 202.0 817.7 213.5 800.1 256.0 772.3 244.5 small-vehicle 0
704.0 114.6 749.3 150.9 708.0 202.4 662.7 166.1 small-vehicle 0
756.3 179.4 766.1 181.1 758.0 230.4 748.2 228.8 small-vehicle 0
875.2 138.9 881.7 146.5 852.8 171.1 846.3 163.5 small-vehicle 0
928.5 193.1 948.6 209.6 924.5 238.9 904.4 222.4 small-vehicle 0
887.2 153.2 894.7 159.8 867.0 191.3 859.5 184.7 small-vehicle 0
451.6 935.7 475.8 911.9 578.2 1016.0 554.0 1039.8 large-vehicle 0
