598.8 629.0 611.4 616.2 627.1 631.5 614.6 644.4 tennis-court 0
507.2 624.5 509.0 623.7 509.8 625.5 508.0 626.3 tennis-court 0
402.2 623.7 403.0 621.9 404.8 622.7 404.0 624.5 tennis-court 0
297.5 618.6 298.9 620.1 297.5 621.5 296.1 620.0 tennis-court 0
156.7 529.0 246.1 539.0 227.4 707.9 138.0 698.0 tennis-court 0
135.1 393.7 171.7 269.0 261.9 295.4 225.3 420.1 tennis-court 0
241.1 291.4 275.9 267.8 366.9 401.8 332.2 425.4 tennis-court 0
384.8 264.0 438.7 266.1 432.2 436.0 378.3 433.9 tennis-court 0
427.9 305.9 503.0 256.2 599.0 401.3 524.0 450.9 tennis-court 0
564.2 328.4 586.8 303.0 674.8 381.6 652.2 407.0 tennis-court 0
592.3 74.8 606.5 53.1 661.7 89.2 647.5 110.9 tennis-court 0
479.7 42.3 535.3 25.7 562.3 115.7 506.7 132.3 tennis-court 0
436.2 21.5 468.2 48.8 396.8 132.5 364.8 105.3 tennis-court 0
265.9 45.0 323.1 21.0 357.9 104.0 300.7 128.0 tennis-court 0
171.3 21.4 224.7 13.6 240.6 122.4 187.2 130.3 tennis-court 0
