974.9 539.6 1003.0 520.5 1026.5 555.4 998.4 574.4 ship 0
977.2 599.8 1006.6 575.7 1035.8 611.2 1006.4 635.3 ship 0
941.0 611.1 975.8 587.6 1003.7 629.1 968.9 652.5 ship 0
919.3 567.2 948.7 537.1 978.7 566.4 949.4 596.5 ship 0
861.9 575.3 870.4 570.0 899.1 615.7 890.6 621.0 ship 0
893.0 564.3 908.7 555.5 935.0 602.7 919.3 611.5 ship 0
845.7 586.0 854.4 581.1 877.3 621.0 868.6 625.9 ship 0
869.1 651.2 912.4 618.9 939.9 655.8 896.6 688.1 ship 0
795.0 609.2 811.4 594.5 850.0 637.8 833.6 652.5 ship 0
834.9 646.2 844.3 642.6 868.2 704.1 858.9 707.7 ship 0
815.3 659.7 824.0 654.9 850.0 702.2 841.2 707.0 ship 0
753.5 677.9 819.1 628.7 834.7 649.5 769.1 698.7 ship 0
695.1 480.6 719.6 463.3 759.9 520.4 735.4 537.7 ship 0
877.1 119.7 916.5 167.5 877.9 199.3 838.5 151.5 ship 0
691.9 222.5 719.3 202.4 746.6 239.5 719.1 259.6 ship 0
142.7 242.6 148.5 234.5 198.9 270.6 193.1 278.7 ship 0
331.6 737.5 340.9 733.8 367.8 802.8 358.4 806.4 ship 0
347.8 737.0 356.5 732.0 393.5 796.1 384.9 801.1 ship 0
306.5 751.2 319.3 745.6 350.8 816.9 338.0 822.6 ship 0
178.8 806.5 206.6 786.9 251.6 850.7 223.8 870.3 ship 0
141.0 715.1 181.8 693.8 218.0 762.9 177.2 784.2 ship 0
26.7 473.8 71.4 443.5 124.3 521.2 79.6 551.5 ship 0
344.4 344.3 389.9 308.3 433.3 363.1 387.8 399.1 ship 0
255.0 385.5 286.0 357.1 338.7 414.7 307.7 443.0 ship 0
200.5 387.4 240.7 365.0 288.5 450.6 248.3 473.0 ship 0
151.8 417.9 191.1 393.9 240.2 474.1 200.9 498.1 ship 0
278.7 187.8 329.3 159.3 379.3 248.1 328.8 276.6 ship 0
213.0 191.4 229.9 185.4 271.8 304.2 254.9 310.2 ship 0
163.0 218.9 190.8 199.3 261.0 299.1 233.2 318.7 ship 0
60.0 259.9 97.1 226.4 168.0 305.1 130.9 338.6 ship 0
426.4 700.2 436.0 697.4 454.6 760.8 445.0 763.6 ship 0
919.6 61.5 1022.2 153.8 873.8 318.9 771.2 226.6 harbor 0
493.8 531.2 600.4 693.3 388.2 832.8 281.6 670.7 harbor 0
400.8 705.4 409.8 701.0 442.2 767.6 433.2 772.0 ship 0
456.9 686.3 493.2 675.1 516.1 749.7 479.8 760.9 ship 0
648.7 234.5 664.9 219.6 698.8 256.3 682.6 271.2 ship 0
980.1 93.9 988.1 87.8 1015.7 124.6 1007.7 130.6 ship 0
608.9 286.0 637.8 268.1 674.6 327.7 645.7 345.5 ship 0
656.7 298.8 668.6 291.4 697.3 337.2 685.4 344.6 ship 0
683.1 285.5 696.0 280.0 718.7 333.3 705.8 338.8 ship 0
726.9 262.0 761.7 313.4 740.1 327.9 705.3 276.6 ship 0
779.6 248.5 801.3 302.3 773.4 313.5 751.7 259.7 ship 0
814.1 231.3 822.9 226.6 848.1 274.4 839.3 279.1 ship 0
833.4 226.0 841.8 220.6 875.5 272.7 867.0 278.1 ship 0
896.4 200.4 907.0 191.3 939.5 229.3 928.9 238.4 ship 0
923.5 185.1 934.1 175.9 972.3 219.5 961.7 228.7 ship 0
962.5 171.9 970.2 165.4 999.7 200.7 992.1 207.1 ship 0
919.1 114.9 928.1 110.5 950.2 155.3 941.2 159.8 ship 0
936.0 107.7 943.8 101.5 974.8 140.7 966.9 146.9 ship 0
964.7 101.2 973.2 96.0 997.1 135.4 988.5 140.5 ship 0
1006.5 77.9 1028.2 74.6 1034.5 116.1 1012.8 119.4 ship 0
507.3 670.1 540.3 651.3 571.0 705.1 538.0 723.9 ship 0
986.1 158.3 998.6 152.0 1021.2 196.6 1008.7 202.9 ship 0
313.9 647.9 338.4 630.6 381.1 691.1 356.6 708.4 ship 0
359.8 602.6 390.8 588.5 428.2 670.4 397.2 684.5 ship 0
419.9 604.8 433.9 605.2 432.1 659.2 418.1 658.8 ship 0
585.3 536.5 616.4 514.8 658.7 575.5 627.6 597.2 ship 0
553.8 655.7 570.9 641.9 609.8 690.2 592.6 704.0 ship 0
218.7 269.9 313.1 353.4 261.4 411.8 167.0 328.3 harbor 0
