637.3 261.9 662.2 285.0 590.1 362.7 565.2 339.6 ship 0
571.6 268.8 585.8 279.8 540.4 338.2 526.2 327.2 ship 0
545.2 255.8 557.2 269.3 516.8 305.2 504.8 291.7 ship 0
451.5 169.6 491.2 206.3 427.5 275.4 387.8 238.7 ship 0
350.1 194.5 394.4 232.0 369.9 261.0 325.6 223.6 ship 0
248.2 51.3 297.4 73.5 262.1 151.9 212.8 129.7 ship 0
785.3 355.9 813.3 375.3 727.7 498.5 699.7 479.1 ship 0
829.2 637.0 832.1 499.0 962.1 501.8 959.1 639.7 harbor 0
825.8 378.5 949.1 483.6 805.1 652.5 681.8 547.5 harbor 0
662.0 287.9 730.4 528.3 640.0 554.1 571.6 313.7 harbor 0
479.3 382.9 641.2 291.3 675.7 352.2 513.8 443.9 harbor 0
425.0 296.1 502.8 259.4 536.0 329.9 458.2 366.6 harbor 0
310.0 256.4 392.5 172.0 428.2 206.9 345.8 291.3 harbor 0
328.8 94.9 400.2 217.7 253.2 303.1 181.8 180.3 harbor 0
179.1 148.3 232.4 116.7 257.9 159.7 204.6 191.3 harbor 0
103.4 143.9 118.9 59.3 187.7 71.9 172.3 156.5 harbor 0
652.0 354.1 688.7 381.9 644.0 440.9 607.3 413.1 ship 0
807.9 415.3 824.7 429.6 774.0 488.9 757.2 474.6 ship 0
153.2 952.1 173.1 961.5 156.8 995.9 136.9 986.5 small-vehicle 0
442.1 751.2 472.1 735.2 489.9 768.8 459.9 784.8 small-vehicle 0
788.9 956.2 790.4 954.9 791.7 956.5 790.1 957.7 small-vehicle 0
673.0 809.1 674.5 807.7 675.8 809.2 674.3 810.6 small-vehicle 0
388.5 634.1 389.8 632.6 391.4 633.8 390.1 635.4 small-vehicle 0
178.6 590.4 188.9 580.9 201.1 594.1 190.8 603.6 small-vehicle 0
24.8 491.5 39.1 480.7 64.4 514.2 50.0 525.0 small-vehicle 0
865.1 923.5 866.5 922.1 867.9 923.5 866.5 924.9 small-vehicle 0
942.4 972.8 966.2 962.4 976.6 986.2 952.8 996.6 small-vehicle 0
549.4 820.7 581.9 794.2 623.6 845.3 591.1 871.8 small-vehicle 0
897.0 460.8 930.4 492.4 901.6 522.9 868.1 491.3 ship 0
499.9 776.8 525.6 772.6 531.1 806.2 505.4 810.4 small-vehicle 0
383.2 730.6 385.3 708.7 419.1 712.0 417.0 733.9 small-vehicle 0
498.0 710.9 512.9 694.8 532.0 712.5 517.0 728.6 small-vehicle 0
108.1 28.7 123.5 76.3 49.3 100.3 33.9 52.8 harbor 0
