394.0 109.0 397.4 104.0 452.0 141.0 448.6 146.0 ship 0
271.0 264.5 452.4 -212.1 559.0 -171.5 377.6 305.1 harbor 0
250.3 145.9 397.3 -20.5 524.7 92.1 377.7 258.5 harbor 0
390.2 90.7 463.7 212.2 314.8 302.3 241.3 180.8 harbor 0
210.2 255.5 423.8 242.6 426.8 292.5 213.2 305.4 harbor 0
257.5 290.7 354.7 377.1 308.2 429.4 211.0 343.0 harbor 0
231.7 358.1 344.4 444.5 279.9 528.6 167.2 442.2 harbor 0
208.0 522.2 241.9 553.3 194.5 604.8 160.7 573.7 harbor 0
64.5 727.2 65.2 621.2 251.2 622.4 250.5 728.4 harbor 0
424.1 71.5 467.5 110.0 452.9 126.5 409.5 88.0 ship 0
432.7 135.7 437.3 144.5 417.8 154.7 413.2 145.8 ship 0
68.1 22.2 69.8 23.1 68.9 24.8 67.2 23.9 small-vehicle 0
378.5 162.5 384.8 150.0 429.5 172.5 423.2 185.0 ship 0
363.1 207.3 380.9 178.4 426.9 206.7 409.1 235.6 ship 0
355.7 252.2 369.7 221.2 408.0 238.5 394.0 269.5 ship 0
314.0 292.9 354.7 257.4 392.9 301.1 352.2 336.6 ship 0
528.9 504.5 562.7 508.1 557.4 557.8 523.6 554.3 ship 0
272.6 391.2 319.0 425.9 281.9 475.6 235.5 440.9 ship 0
245.6 445.6 250.4 436.9 315.4 472.4 310.6 481.1 ship 0
207.8 492.1 232.4 458.1 260.0 478.0 235.3 512.0 ship 0
244.8 532.8 248.8 519.4 285.2 530.2 281.2 543.6 ship 0
243.4 536.5 280.4 570.2 265.6 586.4 228.6 552.8 ship 0
205.1 650.1 242.3 689.3 208.9 720.9 171.7 681.7 ship 0
