783.7 61.2 803.2 78.4 775.3 109.8 755.8 92.6 small-vehicle 0
748.5 833.9 751.7 816.2 820.6 828.8 817.3 846.5 ship 0
905.7 895.6 913.2 911.9 853.3 939.4 845.8 923.1 ship 0
901.0 935.8 909.2 947.1 856.0 986.2 847.8 974.9 ship 0
898.9 974.6 910.6 1006.5 856.1 1026.4 844.4 994.5 ship 0
798.8 970.4 810.4 1006.6 751.3 1025.5 739.7 989.3 ship 0
772.1 955.9 773.1 954.1 774.9 955.1 773.9 956.9 ship 0
776.5 887.0 800.3 911.3 773.2 937.9 749.3 913.7 ship 0
747.5 868.2 755.2 847.6 809.5 867.8 801.8 888.4 ship 0
842.9 885.8 851.6 844.7 920.1 859.2 911.4 900.3 ship 0
807.1 751.1 817.6 760.4 758.2 828.0 747.7 818.7 ship 0
606.7 436.8 615.3 447.8 550.6 498.2 542.0 487.2 ship 0
539.4 556.9 552.9 517.2 611.6 537.1 598.1 576.8 ship 0
543.3 585.2 547.4 567.7 607.7 581.8 603.6 599.3 ship 0
598.0 595.3 603.4 628.9 546.1 638.1 540.7 604.5 ship 0
601.8 636.9 607.4 666.4 546.5 678.0 540.9 648.6 ship 0
608.6 675.6 611.2 709.5 533.4 715.4 530.8 681.5 ship 0
585.7 712.0 592.3 724.4 548.3 748.0 541.7 735.6 ship 0
537.1 767.6 544.7 751.3 590.1 772.3 582.5 788.7 ship 0
596.9 776.7 608.4 817.1 541.1 836.3 529.6 795.9 ship 0
528.1 854.1 537.6 821.4 600.9 839.9 591.4 872.6 ship 0
591.2 865.9 594.3 879.5 533.8 893.1 530.7 879.5 ship 0
579.7 889.7 597.4 923.3 546.1 950.3 528.4 916.7 ship 0
580.2 948.9 583.0 966.7 541.5 973.1 538.7 955.3 ship 0
538.2 1001.6 538.9 983.6 588.8 985.4 588.2 1003.4 ship 0
433.9 998.9 445.9 962.9 500.9 981.1 488.9 1017.2 ship 0
489.8 934.8 497.0 951.3 451.1 971.2 443.9 954.7 ship 0
500.2 890.5 505.5 932.2 448.0 939.5 442.7 897.8 ship 0
542.4 508.4 545.7 490.7 610.6 502.6 607.3 520.3 ship 0
543.4 437.0 543.6 419.0 613.6 420.0 613.4 438.0 ship 0
852.6 835.4 869.1 805.6 923.4 835.6 906.9 865.4 ship 0
550.2 359.3 554.2 341.8 618.5 356.7 614.5 374.2 ship 0
833.8 669.9 835.7 669.6 836.1 671.5 834.1 671.9 harbor 0
470.3 316.1 470.7 286.1 524.7 286.9 524.3 316.9 ship 0
572.6 259.3 578.1 288.8 540.7 295.7 535.3 266.2 ship 0
550.9 331.4 555.9 297.8 629.1 308.6 624.1 342.2 ship 0
519.7 312.3 525.7 325.0 473.3 349.7 467.3 337.0 ship 0
462.1 357.3 466.5 348.3 522.1 375.7 517.7 384.7 ship 0
521.8 380.9 525.3 394.4 477.0 407.1 473.4 393.6 ship 0
605.1 375.8 609.3 389.2 553.9 406.4 549.7 393.1 ship 0
441.2 879.7 456.9 849.5 504.8 874.3 489.1 904.5 ship 0
437.9 831.6 445.8 815.4 516.0 849.4 508.1 865.6 ship 0
449.6 806.5 452.4 788.7 501.8 796.4 499.0 814.2 ship 0
443.9 750.4 452.5 739.3 504.8 779.6 496.3 790.7 ship 0
854.9 472.7 856.1 438.7 930.1 441.3 928.9 475.3 ship 0
918.7 472.3 926.3 513.6 865.3 524.7 857.8 483.4 ship 0
822.1 442.1 826.2 459.6 765.9 473.9 761.8 456.4 ship 0
760.4 503.0 767.3 473.8 831.6 489.0 824.7 518.2 ship 0
823.7 528.3 824.3 546.3 758.4 548.7 757.7 530.7 ship 0
919.7 516.0 926.8 549.3 862.3 563.0 855.2 529.7 ship 0
857.1 587.1 860.8 565.4 921.9 575.9 918.2 597.6 ship 0
919.9 603.7 923.7 637.5 854.1 645.3 850.3 611.5 ship 0
814.0 600.7 820.5 613.1 761.9 643.5 755.5 631.1 ship 0
755.2 589.3 755.4 567.3 813.4 567.7 813.2 589.7 ship 0
809.4 641.4 815.7 658.3 750.0 682.5 743.8 665.6 ship 0
925.0 644.6 926.0 686.5 848.0 688.4 847.0 646.5 ship 0
843.1 710.6 847.6 689.1 923.9 705.2 919.4 726.7 ship 0
737.9 706.1 749.7 674.2 819.1 699.9 807.3 731.8 ship 0
814.3 724.0 816.6 765.9 754.7 769.3 752.4 727.4 ship 0
847.8 744.7 854.8 728.1 919.2 755.3 912.2 771.9 ship 0
904.8 762.9 918.0 798.5 856.2 821.5 842.9 785.9 ship 0
833.3 398.2 833.7 416.2 767.7 417.8 767.3 399.8 ship 0
921.0 399.4 925.0 417.0 864.5 430.6 860.6 413.1 ship 0
930.6 347.4 936.6 389.0 863.4 399.6 857.4 358.0 ship 0
518.0 475.9 521.8 489.4 466.0 505.1 462.2 491.6 ship 0
444.5 739.7 445.1 725.8 503.1 728.3 502.5 742.3 ship 0
447.2 686.9 449.3 673.1 510.6 682.2 508.5 696.1 ship 0
500.6 643.8 504.8 657.2 449.4 674.4 445.2 661.1 ship 0
459.3 621.0 464.9 603.9 508.7 618.0 503.1 635.1 ship 0
465.0 583.8 470.5 571.0 512.7 589.2 507.2 602.1 ship 0
457.4 544.8 462.7 536.3 515.2 569.2 509.9 577.7 ship 0
506.8 507.6 509.9 521.3 461.2 532.5 458.1 518.9 ship 0
471.2 456.6 477.6 444.1 511.5 461.4 505.1 473.9 ship 0
755.4 368.2 759.8 354.9 826.3 376.8 821.9 390.1 ship 0
514.5 415.7 518.8 429.0 471.2 444.3 466.9 431.0 ship 0
758.1 270.2 758.8 272.1 756.9 272.8 756.2 270.9 ship 0
612.8 272.5 645.6 253.3 662.8 282.6 630.0 301.8 ship 0
860.5 259.2 876.6 233.9 898.5 247.8 882.4 273.2 ship 0
873.4 305.2 904.7 256.4 926.6 270.4 895.3 319.2 ship 0
927.0 312.0 928.9 345.9 871.0 349.0 869.1 315.1 ship 0
755.2 336.1 757.4 306.2 823.2 311.0 821.0 340.9 ship 0
758.1 73.1 765.2 80.1 741.4 104.4 734.3 97.4 small-vehicle 0
641.6 63.7 659.4 82.6 628.8 111.4 611.0 92.4 small-vehicle 0
8.0 530.8 17.1 526.6 33.0 561.2 23.9 565.4 small-vehicle 0
-4.0 661.9 1.9 653.8 39.0 681.1 33.1 689.2 small-vehicle 0
27.5 623.4 36.8 619.7 50.8 655.0 41.5 658.7 small-vehicle 0
48.9 646.0 66.1 640.8 77.2 677.1 60.0 682.4 small-vehicle 0
66.0 609.2 91.3 603.4 100.7 644.3 75.4 650.1 small-vehicle 0
-4.9 626.9 2.4 620.0 36.9 656.1 29.6 663.0 small-vehicle 0
90.1 731.3 112.1 751.8 88.9 776.7 66.9 756.2 small-vehicle 0
5.4 155.9 56.4 138.2 68.8 174.1 17.8 191.8 large-vehicle 0
45.7 539.4 49.1 544.4 34.3 554.6 30.9 549.6 small-vehicle 0
59.5 520.1 79.4 529.4 63.5 563.9 43.6 554.6 small-vehicle 0
33.2 615.0 39.7 607.4 83.8 645.0 77.3 652.6 small-vehicle 0
690.5 54.5 713.8 79.2 677.5 113.5 654.2 88.8 small-vehicle 0
447.5 604.0 475.2 578.0 610.7 722.4 583.0 748.4 harbor 0
