993.1 169.2 997.6 165.2 1027.9 199.8 1023.4 203.8 ship 0
834.5 334.0 844.0 337.0 830.5 381.0 821.0 378.0 ship 0
372.5 331.3 373.9 341.2 316.5 349.7 315.1 339.8 ship 0
325.0 373.6 329.3 360.3 373.0 374.4 368.7 387.7 ship 0
424.0 364.7 424.9 378.7 387.0 381.3 386.1 367.3 ship 0
421.7 383.4 427.2 391.7 395.6 412.7 390.0 404.4 ship 0
368.0 390.8 371.9 395.3 334.3 428.2 330.3 423.7 ship 0
379.4 407.1 384.3 415.8 326.6 447.9 321.7 439.2 ship 0
437.0 442.1 437.2 452.1 399.2 452.9 399.0 442.9 ship 0
383.6 432.9 386.3 442.6 330.4 458.1 327.7 448.4 ship 0
387.3 449.2 390.1 458.8 334.3 474.7 331.6 465.1 ship 0
386.0 458.0 393.7 482.8 338.4 500.1 330.6 475.3 ship 0
434.8 456.0 439.2 465.0 405.2 482.0 400.8 473.0 ship 0
647.5 295.7 661.4 294.6 669.5 392.3 655.6 393.4 ship 0
671.2 282.2 685.1 280.0 696.8 353.1 683.0 355.3 ship 0
729.8 281.9 739.7 282.5 735.3 356.4 725.3 355.8 ship 0
654.7 292.3 856.6 296.7 855.3 358.7 653.4 354.3 ship 0
770.6 288.0 779.9 284.4 803.4 346.0 794.1 349.6 ship 0
804.3 301.4 814.3 300.7 816.7 330.6 806.7 331.3 ship 0
404.1 289.5 434.6 348.0 400.9 365.5 370.4 307.0 ship 0
373.3 303.7 376.2 309.0 314.7 342.3 311.8 337.0 ship 0
361.3 293.6 363.9 303.2 315.7 316.4 313.1 306.8 ship 0
159.9 355.5 162.0 345.7 210.9 356.2 208.8 366.0 ship 0
279.3 468.4 285.6 476.1 234.3 517.7 228.0 509.9 ship 0
176.6 493.9 180.4 484.7 230.4 505.1 226.6 514.3 ship 0
214.2 454.8 219.2 458.1 186.8 506.2 181.8 502.9 ship 0
219.8 438.3 220.5 448.2 170.6 451.7 169.9 441.7 ship 0
167.6 422.0 169.1 416.2 217.4 429.0 215.9 434.8 ship 0
209.7 398.2 212.6 407.8 172.3 419.8 169.4 410.2 ship 0
198.1 371.1 203.1 374.4 177.9 412.9 172.9 409.6 ship 0
158.5 325.3 161.6 320.1 211.5 349.7 208.4 354.9 ship 0
359.7 264.2 365.3 272.5 314.3 307.6 308.6 299.4 ship 0
136.5 314.5 210.9 271.4 221.9 290.4 147.5 333.6 ship 0
351.2 212.9 353.0 203.1 421.8 216.1 420.0 225.9 ship 0
414.4 167.3 419.4 176.0 358.6 210.7 353.6 202.0 ship 0
288.0 206.1 289.2 188.1 363.0 192.9 361.8 210.9 ship 0
348.9 215.6 358.5 230.8 319.7 255.4 310.0 240.2 ship 0
408.3 248.0 411.6 261.6 374.6 270.4 371.4 256.8 ship 0
415.8 218.4 419.3 227.8 361.2 249.6 357.7 240.2 ship 0
831.0 289.2 840.9 290.1 836.0 343.8 826.1 342.9 ship 0
791.1 367.2 798.4 360.4 826.9 391.2 819.6 398.0 ship 0
986.1 189.5 989.2 184.4 1024.9 206.5 1021.8 211.6 ship 0
775.8 355.3 789.8 356.5 786.2 398.4 772.2 397.2 ship 0
757.9 632.2 767.9 631.8 770.1 689.8 760.1 690.2 ship 0
740.2 625.3 750.2 626.2 744.8 688.0 734.8 687.1 ship 0
721.6 628.1 731.6 629.3 724.4 686.9 714.4 685.7 ship 0
707.3 628.6 716.7 632.0 695.7 690.4 686.3 687.0 ship 0
665.7 629.9 675.3 627.0 693.3 686.4 683.7 689.3 ship 0
642.2 678.6 672.2 680.5 668.8 734.4 638.8 732.5 ship 0
674.3 693.6 684.3 693.4 684.7 727.4 674.7 727.6 ship 0
699.9 695.4 709.0 699.5 695.1 730.6 686.0 726.5 ship 0
713.5 695.9 723.4 694.4 728.5 728.1 718.6 729.6 ship 0
733.2 695.6 742.9 693.3 750.8 726.4 741.1 728.7 ship 0
759.5 695.7 769.5 696.3 767.5 730.3 757.5 729.7 ship 0
773.2 697.6 782.7 694.4 794.8 730.4 785.3 733.6 ship 0
800.4 697.7 810.3 696.6 814.6 734.3 804.7 735.4 ship 0
816.6 697.5 826.3 694.9 836.4 731.5 826.7 734.1 ship 0
821.0 813.7 830.9 814.9 820.0 904.3 810.1 903.1 ship 0
790.4 807.4 808.4 806.6 809.6 832.6 791.6 833.4 ship 0
792.3 853.3 801.9 850.7 809.7 879.7 800.1 882.3 ship 0
765.9 632.2 775.2 628.4 797.1 682.1 787.8 685.9 ship 0
794.5 628.6 808.3 626.3 819.5 695.4 805.7 697.7 ship 0
797.4 532.9 811.4 534.2 807.8 572.0 793.9 570.7 ship 0
721.8 465.1 731.7 463.6 740.2 520.9 730.3 522.4 ship 0
753.0 359.3 766.5 362.8 758.0 395.7 744.5 392.2 ship 0
726.2 358.3 736.2 358.7 734.8 392.7 724.8 392.3 ship 0
704.3 355.1 714.2 356.0 710.7 393.9 700.8 393.0 ship 0
676.3 354.0 686.1 352.2 692.7 389.6 682.9 391.4 ship 0
810.1 456.0 823.2 461.0 806.9 504.0 793.8 499.0 ship 0
766.6 459.3 776.4 457.2 790.4 521.7 780.6 523.8 ship 0
750.7 460.1 760.7 459.9 762.3 525.9 752.3 526.1 ship 0
703.1 458.0 713.1 458.0 712.9 524.0 702.9 524.0 ship 0
777.6 531.4 787.1 534.4 775.4 570.6 765.9 567.6 ship 0
670.6 461.6 680.4 459.7 693.4 524.4 683.6 526.3 ship 0
645.7 466.3 655.4 463.8 671.3 523.7 661.6 526.2 ship 0
637.7 532.9 660.8 520.9 680.3 558.1 657.2 570.1 ship 0
679.8 528.9 689.6 530.8 683.2 564.1 673.4 562.2 ship 0
705.1 527.0 714.7 529.8 703.9 566.2 694.3 563.4 ship 0
721.5 528.7 735.5 528.3 736.5 566.3 722.5 566.7 ship 0
753.9 528.0 763.9 528.7 761.1 566.6 751.1 565.9 ship 0
264.5 466.9 267.7 476.3 235.5 487.1 232.3 477.7 ship 0
270.8 447.8 273.6 457.4 225.5 471.2 222.8 461.5 ship 0
268.1 425.7 272.0 434.9 222.4 456.3 218.5 447.1 ship 0
256.6 413.2 259.2 422.9 226.4 431.8 223.8 422.1 ship 0
666.7 861.3 698.1 768.5 855.3 821.7 823.9 914.5 harbor 0
267.6 180.5 376.0 145.3 486.6 485.8 378.1 521.0 harbor 0
116.8 376.2 196.7 258.9 304.2 332.1 224.2 449.4 harbor 0
62.3 283.1 149.6 327.4 81.8 461.2 -5.6 416.8 harbor 0
829.2 925.3 846.5 1017.7 734.4 1038.6 717.2 946.2 harbor 0
864.0 610.4 882.9 714.7 625.0 761.4 606.2 657.0 harbor 0
629.7 526.5 655.0 448.5 862.3 515.7 837.0 593.7 harbor 0
607.0 344.6 679.7 222.6 891.0 348.4 818.3 470.4 harbor 0
732.4 11.4 894.9 179.8 769.7 300.6 607.2 132.3 harbor 0
241.4 214.7 245.9 223.6 197.6 247.8 193.1 238.8 ship 0
30.3 537.0 96.6 482.2 108.1 496.1 41.8 550.9 ship 0
81.9 463.5 89.2 475.4 43.1 503.5 35.8 491.6 ship 0
19.6 428.6 101.2 437.5 98.4 463.4 16.8 454.5 ship 0
24.0 286.5 117.4 442.8 74.5 468.4 -18.9 312.2 ship 0
18.5 307.2 21.0 297.5 61.7 307.9 59.2 317.6 ship 0
64.1 280.3 65.7 290.1 16.2 297.8 14.7 287.9 ship 0
193.6 211.8 196.1 202.1 244.5 214.7 242.0 224.4 ship 0
188.9 235.3 193.3 244.2 152.1 264.7 147.7 255.8 ship 0
120.5 499.6 124.3 504.1 104.4 520.9 100.6 516.3 ship 0
202.2 259.1 203.4 269.0 145.8 275.9 144.6 266.0 ship 0
209.9 289.3 210.1 279.3 240.1 279.7 239.9 289.7 ship 0
248.5 288.6 250.8 294.1 204.8 313.5 202.4 308.0 ship 0
242.3 307.5 245.7 316.9 213.7 328.5 210.3 319.1 ship 0
241.5 324.5 246.1 333.4 219.5 347.2 214.9 338.3 ship 0
253.8 353.0 259.3 361.4 214.2 391.0 208.7 382.6 ship 0
257.3 378.6 260.0 388.2 215.7 400.4 213.0 390.8 ship 0
104.5 521.2 107.9 530.6 64.5 546.0 61.2 536.5 ship 0
118.9 482.6 123.6 491.4 97.2 505.5 92.5 496.7 ship 0
89.5 371.7 143.9 494.2 116.5 506.3 62.1 383.8 ship 0
3.0 245.4 18.5 210.7 60.5 229.5 45.0 264.2 ship 0
92.9 225.3 101.4 236.4 65.1 264.7 56.6 253.6 ship 0
68.8 280.5 70.9 270.7 96.3 276.3 94.2 286.1 ship 0
99.0 287.6 101.7 293.0 74.8 306.3 72.1 300.9 ship 0
108.5 307.2 109.4 317.1 67.5 320.8 66.6 310.9 ship 0
108.2 323.1 110.6 332.8 69.8 342.9 67.4 333.2 ship 0
50.1 413.5 104.0 299.6 141.9 317.5 88.0 431.4 ship 0
773.6 852.8 783.5 852.2 785.4 886.2 775.5 886.8 ship 0
753.9 850.7 759.9 850.3 762.1 884.3 756.1 884.7 ship 0
742.2 848.7 748.2 849.7 742.8 883.3 736.8 882.3 ship 0
335.8 19.5 351.1 -1.5 414.2 44.5 398.9 65.5 ship 0
322.2 63.4 336.3 46.5 393.0 94.1 378.9 110.9 ship 0
289.9 126.1 313.6 86.8 370.1 120.9 346.4 160.2 ship 0
1005.4 791.6 1006.5 793.3 980.6 808.4 979.5 806.7 ship 0
980.5 668.6 989.2 652.9 1015.5 667.4 1006.8 683.1 ship 0
1010.5 685.3 1013.4 690.6 983.5 706.7 980.6 701.4 ship 0
978.8 710.5 979.5 704.6 1017.2 709.5 1016.5 715.4 ship 0
978.7 721.6 979.8 715.6 1013.3 721.4 1012.2 727.4 ship 0
973.3 729.2 982.4 713.6 1018.7 734.8 1009.6 750.4 ship 0
980.0 747.2 1000.6 739.5 1009.7 763.8 989.0 771.5 ship 0
1003.7 765.3 1008.2 774.3 981.3 787.7 976.8 778.7 ship 0
1000.6 802.9 1003.1 808.4 979.4 819.1 976.9 813.6 ship 0
1017.6 627.7 1019.0 629.2 982.4 663.3 981.0 661.8 ship 0
995.7 821.1 997.4 822.2 996.3 823.9 994.6 822.8 ship 0
973.2 853.8 978.5 828.3 1011.8 835.2 1006.5 860.7 ship 0
937.0 838.2 960.8 827.7 969.6 847.9 945.8 858.3 ship 0
979.6 935.0 985.2 922.2 1005.4 931.0 999.8 943.8 ship 0
986.4 980.2 996.4 979.0 998.6 996.8 988.6 998.0 ship 0
994.8 77.6 1016.6 80.7 1011.2 118.4 989.4 115.3 ship 0
986.8 115.6 993.9 108.6 1028.9 144.4 1021.7 151.4 ship 0
981.3 658.3 981.7 652.3 1015.7 654.7 1015.3 660.7 ship 0
973.5 590.3 976.6 585.2 1022.5 613.7 1019.4 618.8 ship 0
1027.6 379.1 1028.3 389.1 990.4 391.9 989.7 381.9 ship 0
1025.3 488.8 1025.6 494.8 983.7 497.2 983.4 491.2 ship 0
993.5 346.1 1027.3 349.0 1024.8 378.9 990.9 376.0 ship 0
992.8 439.0 994.1 433.2 1031.3 441.0 1030.0 446.9 ship 0
1028.2 405.2 1032.5 409.4 991.8 450.8 987.5 446.6 ship 0
982.9 434.7 986.9 430.2 1027.1 466.3 1023.1 470.8 ship 0
979.4 458.7 980.6 452.8 1025.6 462.3 1024.4 468.2 ship 0
1025.8 464.8 1026.7 470.7 985.2 477.2 984.3 471.3 ship 0
979.0 474.9 981.2 469.3 1024.0 486.1 1021.8 491.7 ship 0
984.3 504.7 985.2 498.7 1022.7 504.3 1021.8 510.3 ship 0
980.6 586.9 982.6 581.2 1018.4 594.1 1016.4 599.8 ship 0
1020.4 500.4 1023.9 505.3 989.6 529.6 986.1 524.7 ship 0
1028.7 517.1 1030.9 522.7 991.8 538.0 989.6 532.4 ship 0
1026.8 533.3 1027.2 539.3 989.2 541.7 988.8 535.7 ship 0
989.9 546.3 991.5 540.5 1028.1 550.7 1026.5 556.5 ship 0
987.8 553.7 990.6 548.4 1024.2 566.3 1021.4 571.6 ship 0
1021.4 565.5 1022.3 571.4 988.6 576.5 987.7 570.6 ship 0
986.9 573.0 990.4 568.2 1018.1 588.0 1014.6 592.8 ship 0
720.7 847.7 730.2 851.0 720.3 879.3 710.8 876.0 ship 0
760.8 109.0 770.7 110.4 765.2 148.0 755.3 146.6 ship 0
735.9 84.5 749.9 86.0 741.1 163.5 727.1 162.0 ship 0
706.5 90.1 720.5 89.9 721.4 159.9 707.5 160.1 ship 0
675.7 69.0 689.7 67.4 703.3 184.6 689.4 186.2 ship 0
635.6 101.0 667.7 89.7 689.6 152.0 657.5 163.2 ship 0
785.7 89.7 795.7 90.6 789.3 160.3 779.3 159.4 ship 0
810.3 92.7 820.2 93.9 810.7 167.3 800.8 166.1 ship 0
559.9 187.7 748.4 127.1 766.1 182.3 577.6 242.9 ship 0
783.4 933.5 789.3 934.7 777.6 991.5 771.7 990.3 ship 0
697.4 848.2 706.9 851.3 697.6 879.8 688.1 876.7 ship 0
696.6 788.8 706.5 789.3 703.4 843.2 693.5 842.7 ship 0
719.9 787.6 729.8 788.9 722.1 846.4 712.2 845.1 ship 0
736.0 787.5 746.0 787.5 746.0 845.5 736.0 845.5 ship 0
760.5 789.1 770.4 790.3 763.5 847.9 753.6 846.7 ship 0
732.2 935.4 758.2 936.3 756.8 978.2 730.8 977.4 ship 0
767.2 937.4 773.0 938.6 762.8 987.6 757.0 986.4 ship 0
790.9 937.9 800.8 936.5 807.1 982.1 797.2 983.5 ship 0
730.2 168.0 744.1 169.6 739.9 207.3 726.0 205.8 ship 0
734.5 991.3 788.3 986.8 790.5 1012.7 736.7 1017.2 ship 0
792.1 237.0 826.0 234.2 830.9 292.0 797.0 294.8 ship 0
812.3 213.4 848.0 200.2 857.0 224.6 821.3 237.8 ship 0
833.5 131.7 843.4 132.7 836.5 198.3 826.6 197.3 ship 0
804.2 171.0 818.1 172.1 814.8 214.0 800.9 212.9 ship 0
780.1 169.2 793.9 171.1 788.9 208.8 775.1 206.9 ship 0
749.4 169.4 763.2 167.1 769.6 204.6 755.8 206.9 ship 0
