273.2 679.4 277.8 675.5 312.8 716.6 308.2 720.5 ship 0
235.5 789.6 243.1 783.2 285.6 833.7 277.9 840.2 ship 0
134.8 812.2 402.6 870.5 396.2 899.8 128.4 841.5 ship 0
350.8 844.6 369.2 826.2 424.2 881.4 405.8 899.8 ship 0
366.4 823.8 388.2 849.9 337.6 892.2 315.8 866.1 ship 0
226.6 644.9 303.9 717.4 242.4 783.1 165.1 710.6 harbor 0
323.4 723.8 329.4 724.4 326.6 754.2 320.6 753.6 ship 0
342.2 722.0 348.0 723.6 338.8 756.4 333.0 754.7 ship 0
345.2 726.4 350.6 723.9 364.8 754.8 359.4 757.3 ship 0
366.8 725.4 376.8 724.7 379.2 758.6 369.2 759.3 ship 0
356.2 669.8 373.9 673.1 364.8 722.2 347.1 718.9 ship 0
318.9 734.0 319.1 660.0 333.1 660.0 332.9 734.0 ship 0
315.9 659.3 318.1 733.3 304.1 733.7 301.9 659.7 ship 0
307.3 725.8 313.3 726.2 311.7 752.2 305.7 751.8 ship 0
109.4 854.8 202.3 823.5 210.6 848.2 117.7 879.5 ship 0
284.9 728.8 290.3 726.1 302.1 749.2 296.7 751.9 ship 0
259.9 721.5 269.4 724.6 260.0 753.1 250.5 750.0 ship 0
238.7 723.7 244.6 722.9 248.4 748.6 242.4 749.5 ship 0
224.6 721.4 230.6 720.8 233.4 750.6 227.4 751.2 ship 0
213.4 720.7 219.2 722.0 212.6 751.3 206.8 750.0 ship 0
83.3 722.2 88.6 719.4 100.7 742.5 95.4 745.2 ship 0
96.9 721.1 102.3 718.3 116.1 744.9 110.7 747.7 ship 0
123.4 718.7 129.0 720.8 118.6 749.0 113.0 746.9 ship 0
132.1 718.8 138.1 718.3 140.9 748.2 134.9 748.7 ship 0
141.0 722.6 146.4 719.9 160.0 746.6 154.7 749.4 ship 0
165.1 718.7 171.0 719.7 165.9 749.3 160.0 748.3 ship 0
169.1 724.0 173.8 720.3 194.9 747.0 190.2 750.7 ship 0
211.0 843.5 227.5 767.2 249.0 771.9 232.5 848.1 ship 0
142.7 843.5 169.4 766.0 190.2 773.1 163.5 850.7 ship 0
213.5 676.0 218.7 673.0 241.5 713.0 236.3 716.0 ship 0
51.7 989.5 292.9 969.6 295.3 999.5 54.1 1019.4 ship 0
282.0 902.2 372.5 971.5 347.0 1004.8 256.5 935.5 ship 0
282.9 988.0 290.2 981.2 316.1 1009.0 308.8 1015.8 ship 0
260.7 984.5 274.6 982.7 278.3 1012.5 264.4 1014.3 ship 0
254.2 932.2 260.1 930.8 271.7 979.4 265.9 980.8 ship 0
251.4 916.3 256.6 990.1 242.6 991.1 237.4 917.2 ship 0
179.8 1021.1 218.8 949.0 259.2 970.9 220.2 1043.0 ship 0
153.6 960.3 232.0 901.5 264.4 944.7 186.0 1003.5 ship 0
134.4 775.1 140.4 775.4 137.6 841.3 131.6 841.0 ship 0
179.4 926.9 188.7 930.5 170.6 977.1 161.3 973.5 ship 0
184.4 921.6 188.5 926.1 130.6 978.4 126.5 973.9 ship 0
118.1 926.2 128.0 926.6 125.9 972.6 115.9 972.1 ship 0
117.4 924.8 122.2 928.4 90.6 972.2 85.8 968.6 ship 0
80.3 924.2 90.3 924.4 89.6 974.4 79.6 974.2 ship 0
80.0 974.8 89.8 976.8 84.0 1006.2 74.2 1004.2 ship 0
57.8 937.8 67.8 938.2 65.1 1004.1 55.1 1003.7 ship 0
16.6 842.9 98.6 796.9 109.4 816.1 27.4 862.1 ship 0
79.6 840.3 84.6 837.1 96.4 855.7 91.4 858.9 ship 0
94.9 838.0 99.6 834.3 118.1 858.0 113.4 861.7 ship 0
67.7 840.0 91.4 765.7 112.3 772.4 88.7 846.7 ship 0
97.0 842.2 131.2 763.3 144.0 768.8 109.8 847.7 ship 0
186.2 631.0 352.9 722.1 332.8 759.0 166.1 667.9 ship 0
200.6 734.3 207.4 652.6 221.4 653.7 214.6 735.4 ship 0
194.8 291.4 204.8 291.6 204.2 341.6 194.2 341.4 ship 0
174.5 283.8 184.5 284.3 181.5 346.2 171.5 345.7 ship 0
89.6 269.9 99.2 267.1 126.4 357.1 116.8 359.9 ship 0
128.2 291.2 138.0 293.4 129.8 330.5 120.0 328.3 ship 0
148.2 294.7 158.2 295.4 155.8 333.3 145.8 332.6 ship 0
169.8 229.2 177.7 223.1 218.2 275.1 210.3 281.3 ship 0
148.9 227.4 157.5 222.3 193.1 282.6 184.5 287.7 ship 0
132.6 220.7 149.4 227.4 126.3 285.0 109.6 278.3 ship 0
515.6 798.5 543.1 835.4 499.8 867.7 472.3 830.8 swimming-pool 0
259.0 292.1 268.9 290.6 278.0 351.9 268.1 353.4 ship 0
181.9 901.1 297.7 976.1 253.1 1044.9 137.3 969.9 harbor 0
126.1 830.3 169.7 751.5 321.9 835.7 278.3 914.5 harbor 0
177.7 458.6 259.5 412.3 331.3 539.4 249.5 585.7 harbor 0
113.2 310.0 118.6 244.3 411.6 268.0 406.3 333.8 harbor 0
213.1 292.2 222.8 290.0 233.9 338.8 224.2 341.0 ship 0
231.4 229.4 248.5 235.2 232.6 282.6 215.5 276.8 ship 0
162.9 670.8 172.3 674.4 157.1 713.6 147.8 710.0 ship 0
211.9 430.9 224.0 444.2 178.1 485.8 166.0 472.5 ship 0
128.6 667.8 133.9 665.1 158.4 713.2 153.1 715.9 ship 0
127.6 663.3 133.5 664.1 126.4 717.7 120.5 716.9 ship 0
88.8 671.0 93.2 666.9 133.2 709.0 128.8 713.1 ship 0
76.7 682.0 80.4 677.2 107.3 698.0 103.6 702.8 ship 0
50.7 687.5 62.8 680.4 88.2 723.5 76.1 730.6 ship 0
73.4 474.0 89.5 482.0 72.6 516.0 56.5 508.0 ship 0
90.1 514.9 102.8 509.0 113.9 532.5 101.2 538.5 ship 0
116.9 428.9 126.8 427.6 134.1 485.1 124.2 486.4 ship 0
143.2 426.1 153.2 426.3 151.8 488.3 141.8 488.0 ship 0
124.0 494.6 138.0 495.6 134.0 553.4 120.0 552.4 ship 0
161.3 493.4 170.6 497.1 147.7 554.6 138.4 550.9 ship 0
199.2 496.0 209.2 496.0 208.8 558.0 198.8 558.0 ship 0
66.4 427.3 423.9 445.8 421.6 491.7 64.1 473.2 ship 0
280.7 229.9 290.2 233.1 274.3 280.5 264.8 277.3 ship 0
217.1 493.6 227.0 492.1 236.9 561.4 227.0 562.9 ship 0
311.9 436.7 332.5 444.4 315.2 491.3 294.5 483.6 ship 0
414.0 433.3 428.0 459.8 398.0 475.7 384.0 449.2 ship 0
378.7 441.7 385.8 448.7 345.3 490.2 338.2 483.2 ship 0
330.2 240.4 339.7 237.1 354.8 280.6 345.3 283.9 ship 0
369.6 300.7 382.8 296.1 399.4 343.3 386.2 347.9 ship 0
368.3 296.7 377.2 301.2 348.7 356.3 339.8 351.8 ship 0
335.2 291.6 345.2 292.6 339.8 346.4 329.8 345.4 ship 0
303.6 302.6 313.1 299.4 325.4 335.4 315.9 338.6 ship 0
279.0 292.8 288.7 290.4 304.0 350.4 294.3 352.9 ship 0
320.1 230.1 329.9 231.8 319.9 288.9 310.1 287.2 ship 0
301.2 228.7 310.9 231.1 296.8 287.3 287.1 284.9 ship 0
352.3 142.4 384.6 122.4 429.7 195.6 397.4 215.6 harbor 0
