66.4 343.8 74.6 323.4 150.6 354.3 142.4 374.6 ship 0
45.0 543.4 46.0 521.4 143.9 525.6 143.0 547.6 ship 0
57.7 493.9 59.5 471.9 137.3 478.1 135.5 500.1 ship 0
59.5 429.8 69.7 410.4 152.9 454.2 142.6 473.7 ship 0
119.9 364.7 138.5 402.3 90.1 426.3 71.5 388.7 ship 0
86.8 206.9 111.5 178.1 161.6 221.1 136.8 249.9 ship 0
162.2 226.0 173.0 262.4 82.8 289.0 72.0 252.6 ship 0
127.2 144.9 156.7 168.8 137.8 192.1 108.3 168.2 ship 0
45.6 593.3 47.9 551.4 129.8 555.9 127.5 597.8 ship 0
80.2 107.7 91.8 89.0 171.7 138.6 160.0 157.3 ship 0
92.8 584.5 133.7 625.6 95.4 663.7 54.5 622.6 ship 0
76.4 811.7 122.4 734.4 158.5 755.8 112.5 833.2 ship 0
41.5 732.3 75.2 727.5 83.4 784.9 49.7 789.7 ship 0
-17.9 759.2 16.3 742.7 38.0 787.7 3.8 804.2 ship 0
119.9 642.4 126.0 679.9 41.1 693.6 35.0 656.1 ship 0
87.2 88.9 104.2 41.9 173.8 67.1 156.8 114.1 ship 0
710.3 250.7 710.8 228.7 776.7 230.3 776.2 252.3 ship 0
716.2 124.3 723.2 86.9 795.9 100.7 788.9 138.1 ship 0
900.8 128.1 904.8 145.6 832.6 161.9 828.6 144.4 ship 0
824.8 191.3 825.2 173.3 895.2 174.7 894.8 192.7 ship 0
726.5 151.2 748.3 125.1 780.5 152.1 758.7 178.2 ship 0
784.3 169.4 790.9 214.9 713.7 226.0 707.1 180.5 ship 0
885.4 206.1 891.3 223.1 829.0 244.9 823.0 227.9 ship 0
820.1 264.2 827.4 243.4 908.5 271.8 901.3 292.6 ship 0
772.7 244.1 788.0 269.9 707.1 317.9 691.8 292.1 ship 0
889.7 42.9 896.8 55.0 850.2 82.3 843.2 70.3 ship 0
826.7 300.1 837.3 285.6 874.4 312.9 863.7 327.4 ship 0
680.4 315.9 684.6 298.4 791.6 324.1 787.4 341.6 ship 0
769.1 346.0 771.3 379.9 705.5 384.2 703.3 350.3 ship 0
815.5 379.2 824.3 363.5 878.5 393.8 869.7 409.5 ship 0
805.5 431.7 809.6 410.0 886.3 424.4 882.2 446.0 ship 0
794.4 452.8 803.7 437.4 887.6 488.2 878.3 503.6 ship 0
693.5 413.6 702.6 380.9 762.4 397.4 753.3 430.1 ship 0
712.3 62.3 720.3 41.8 796.7 71.6 788.7 92.1 ship 0
848.6 18.1 856.8 2.1 908.4 28.7 900.1 44.7 ship 0
108.2 31.4 124.0 6.0 169.8 34.6 154.0 60.0 ship 0
383.8 782.0 397.0 759.7 426.3 776.9 413.1 799.3 ship 0
309.2 491.7 400.0 467.4 407.8 496.3 317.0 520.6 ship 0
298.4 540.1 304.4 519.0 406.4 547.8 400.4 569.0 ship 0
308.7 607.4 310.5 565.4 392.4 568.8 390.6 610.8 ship 0
302.0 634.9 318.4 600.7 392.4 636.0 376.0 670.3 ship 0
390.1 653.3 397.1 694.7 296.6 711.8 289.5 670.4 ship 0
311.1 758.6 322.5 772.6 283.6 804.1 272.3 790.1 ship 0
322.4 735.7 362.9 724.7 388.6 819.3 348.1 830.3 ship 0
433.9 767.0 449.9 758.8 469.1 796.1 453.1 804.3 ship 0
327.7 393.0 350.6 362.6 409.7 407.2 386.8 437.5 ship 0
486.2 764.7 518.8 774.3 504.8 822.3 472.2 812.7 ship 0
418.2 711.4 428.5 662.5 504.8 678.6 494.5 727.5 ship 0
421.7 658.5 433.6 618.2 516.1 642.5 504.2 682.8 ship 0
428.4 554.4 447.8 521.7 528.6 569.6 509.2 602.3 ship 0
524.7 500.6 530.0 517.8 436.3 546.4 431.0 529.2 ship 0
520.4 469.2 520.6 491.2 430.6 491.8 430.4 469.8 ship 0
439.6 442.4 442.0 420.5 543.4 431.6 541.0 453.5 ship 0
363.5 421.4 386.0 451.9 355.5 474.5 332.9 444.0 ship 0
343.8 348.0 354.5 328.7 398.2 353.0 387.5 372.3 ship 0
536.4 328.5 542.5 345.5 461.6 374.5 455.5 357.5 ship 0
436.4 264.9 436.6 266.9 434.6 267.1 434.4 265.1 harbor 0
795.2 266.3 796.8 267.5 795.6 269.1 794.0 267.9 harbor 0
320.7 271.2 326.3 229.5 431.3 243.8 425.7 285.5 ship 0
358.7 18.0 377.6 -14.9 438.3 20.0 419.4 52.9 ship 0
414.7 35.6 431.6 78.4 370.3 102.7 353.3 59.9 ship 0
430.1 100.6 432.4 122.4 346.9 131.4 344.6 109.6 ship 0
344.1 157.9 353.5 137.9 424.1 171.1 414.7 191.0 ship 0
462.5 401.7 482.4 364.7 526.5 388.3 506.6 425.3 ship 0
453.2 331.7 455.9 285.8 533.8 290.3 531.1 336.2 ship 0
546.7 253.5 547.9 275.5 454.0 280.5 452.8 258.6 ship 0
462.6 214.4 470.1 198.0 548.4 233.6 540.9 250.0 ship 0
462.6 182.6 467.7 161.2 551.3 181.3 546.2 202.7 ship 0
467.3 143.4 491.1 99.4 552.7 132.6 528.9 176.6 ship 0
562.9 72.8 563.1 114.8 473.1 115.2 472.9 73.2 ship 0
486.0 30.3 495.9 20.4 551.0 75.7 541.1 85.6 ship 0
526.8 9.3 527.2 11.3 525.2 11.7 524.8 9.7 ship 0
763.1 427.7 766.6 469.5 684.8 476.3 681.3 434.5 ship 0
686.1 482.9 694.7 467.1 766.9 506.1 758.3 521.9 ship 0
669.3 523.1 677.2 507.0 765.2 550.0 757.3 566.1 ship 0
806.6 524.9 808.9 487.0 874.8 491.0 872.5 529.0 ship 0
744.8 772.7 749.9 759.7 785.3 773.6 780.2 786.7 ship 0
874.2 538.0 875.5 556.0 801.7 561.2 800.4 543.2 ship 0
859.3 552.7 875.0 578.2 801.8 623.4 786.1 597.8 ship 0
797.2 627.3 802.3 610.0 865.6 628.8 860.4 646.0 ship 0
796.4 657.7 807.4 643.4 856.5 681.2 845.6 695.5 ship 0
686.9 636.1 689.3 598.1 755.2 602.3 752.8 640.2 ship 0
676.3 584.4 679.3 558.6 756.7 567.6 753.7 593.4 ship 0
667.2 722.3 711.6 710.0 739.8 812.2 695.5 824.5 ship 0
790.7 756.0 805.8 740.0 842.2 774.3 827.1 790.3 ship 0
981.2 718.0 1010.5 711.3 1029.7 795.1 1000.5 801.9 ship 0
