948.1 905.5 984.3 926.8 938.7 1004.4 902.5 983.1 ship 0
953.5 25.1 961.5 36.6 871.5 99.9 863.5 88.4 ship 0
914.3 109.7 953.0 28.4 972.9 37.9 934.1 119.1 ship 0
994.4 45.6 1006.5 52.6 971.6 113.3 959.5 106.3 ship 0
1008.5 52.0 1037.7 58.8 1023.7 119.2 994.5 112.4 ship 0
863.1 21.8 881.1 20.0 889.0 97.6 871.1 99.4 ship 0
996.9 918.6 1023.7 974.5 982.2 994.4 955.4 938.5 ship 0
754.2 533.1 768.2 544.4 726.8 595.9 712.8 584.6 ship 0
946.5 564.3 1033.3 588.4 1013.5 659.7 926.7 635.6 ship 0
830.5 572.6 884.0 541.2 923.5 608.4 870.0 639.8 ship 0
803.0 223.9 820.8 227.1 807.8 299.9 790.1 296.8 ship 0
854.2 236.7 866.1 244.1 828.8 303.3 816.9 295.9 ship 0
889.9 239.7 901.7 247.3 864.1 306.3 852.3 298.7 ship 0
927.9 248.6 939.2 256.8 898.1 313.4 886.8 305.2 ship 0
938.0 254.5 952.0 254.5 952.0 324.5 938.0 324.5 ship 0
988.2 256.8 1004.7 264.1 974.9 331.8 958.5 324.6 ship 0
996.1 260.0 1025.9 256.5 1035.9 342.0 1006.1 345.5 ship 0
795.6 11.0 813.5 9.0 821.0 74.5 803.1 76.6 ship 0
708.1 527.7 724.6 534.9 702.9 584.3 686.4 577.1 ship 0
864.9 637.3 902.1 664.2 854.1 730.7 816.9 703.8 ship 0
943.5 658.6 955.7 665.4 917.5 733.4 905.3 726.6 ship 0
949.4 664.2 963.1 661.4 978.6 737.8 964.9 740.6 ship 0
1006.1 677.0 1021.8 685.7 987.9 747.0 972.2 738.3 ship 0
538.6 79.1 551.4 47.6 601.4 67.9 588.6 99.4 ship 0
699.4 -16.1 742.7 9.0 709.6 66.1 666.3 41.0 ship 0
780.7 7.2 795.6 17.2 765.5 62.0 750.5 52.0 ship 0
335.7 138.1 347.5 145.6 314.0 197.8 302.3 190.3 ship 0
369.7 139.6 381.8 146.5 345.2 210.8 333.1 203.9 ship 0
999.8 367.5 1016.4 374.5 992.2 431.5 975.6 424.5 ship 0
889.4 342.4 907.1 345.6 894.1 418.4 876.4 415.3 ship 0
932.9 359.8 945.0 352.9 987.5 427.7 975.3 434.6 ship 0
938.5 348.4 950.6 355.5 913.1 419.3 901.1 412.3 ship 0
858.8 330.9 875.5 337.4 847.2 410.1 830.5 403.6 ship 0
838.5 324.1 850.2 331.9 804.5 399.9 792.8 392.1 ship 0
579.2 182.2 593.0 193.7 550.7 244.3 536.9 232.8 ship 0
613.4 191.8 627.3 203.3 582.6 257.2 568.7 245.7 ship 0
676.8 206.2 681.0 215.3 592.2 256.8 588.0 247.7 ship 0
684.7 204.5 695.8 213.1 650.3 271.5 639.2 262.9 ship 0
710.8 209.8 768.7 213.3 764.2 287.2 706.3 283.7 ship 0
780.0 320.9 798.0 321.1 797.0 399.1 779.0 398.9 ship 0
760.5 321.4 776.2 330.3 743.5 387.6 727.8 378.7 ship 0
703.8 302.1 721.6 299.8 732.4 381.1 714.5 383.4 ship 0
701.0 298.0 712.6 305.8 667.0 374.0 655.4 366.2 ship 0
656.9 294.0 672.9 302.2 639.1 368.0 623.1 359.8 ship 0
601.0 291.4 614.9 289.9 622.0 355.6 608.1 357.1 ship 0
576.8 283.3 594.4 287.1 581.2 347.7 563.6 343.9 ship 0
499.4 266.6 517.4 265.5 521.6 335.4 503.6 336.5 ship 0
482.7 268.2 495.6 273.7 471.3 330.8 458.4 325.3 ship 0
524.1 167.3 542.0 169.3 534.0 242.8 516.1 240.9 ship 0
500.0 162.2 512.9 167.7 484.0 235.8 471.1 230.3 ship 0
448.4 160.6 466.4 159.5 470.6 233.4 452.6 234.5 ship 0
