280.3 592.9 290.0 595.0 281.7 632.1 272.0 630.0 ship 0
319.1 445.6 329.1 445.0 330.9 474.9 320.9 475.5 ship 0
451.9 434.4 457.2 437.1 434.2 481.5 428.9 478.8 ship 0
412.7 447.4 421.7 442.9 435.3 469.6 426.3 474.1 ship 0
392.9 445.8 402.5 448.5 393.3 481.2 383.6 478.5 ship 0
370.2 437.7 380.2 437.3 381.8 487.3 371.8 487.7 ship 0
351.4 449.3 361.2 447.2 367.5 476.5 357.7 478.6 ship 0
337.1 445.7 347.0 445.4 347.9 475.3 338.0 475.6 ship 0
301.4 440.6 311.4 439.6 315.6 485.4 305.6 486.4 ship 0
470.0 444.4 475.7 442.8 484.0 471.6 478.3 473.2 ship 0
284.3 441.3 294.2 440.0 299.7 481.7 289.8 483.0 ship 0
282.1 443.2 287.5 445.8 265.9 490.8 260.5 488.2 ship 0
293.6 392.7 302.7 396.9 283.3 438.6 274.2 434.4 ship 0
305.5 396.9 315.2 399.1 305.6 440.0 295.9 437.7 ship 0
316.5 388.8 326.5 388.3 329.5 442.2 319.5 442.7 ship 0
328.7 389.1 338.4 386.7 351.3 439.2 341.6 441.6 ship 0
450.9 436.0 456.8 434.9 466.1 484.0 460.2 485.1 ship 0
484.2 440.3 489.9 438.4 499.8 466.7 494.1 468.6 ship 0
657.3 378.1 667.3 379.2 662.7 420.9 652.7 419.8 ship 0
518.0 386.3 527.9 385.0 533.0 426.7 523.1 428.0 ship 0
629.9 374.9 635.6 376.9 619.1 424.1 613.4 422.1 ship 0
609.4 375.8 615.3 376.4 609.6 430.1 603.7 429.5 ship 0
588.7 373.0 594.7 373.3 592.3 431.2 586.3 431.0 ship 0
562.2 373.1 567.9 371.2 587.8 429.9 582.1 431.8 ship 0
563.4 376.3 569.1 378.2 552.5 429.6 546.8 427.7 ship 0
531.5 380.3 537.2 378.5 552.5 426.1 546.8 427.9 ship 0
497.4 378.0 509.4 385.2 479.6 435.0 467.6 427.8 ship 0
511.7 435.2 529.0 430.4 541.3 474.8 524.0 479.6 ship 0
639.4 437.2 649.1 434.7 656.6 463.8 646.9 466.3 ship 0
614.7 430.0 623.8 425.9 642.3 468.0 633.2 472.1 ship 0
607.1 435.5 617.1 436.2 614.9 470.1 604.9 469.4 ship 0
588.1 429.0 598.1 428.1 601.9 470.0 591.9 470.9 ship 0
572.6 436.6 578.5 435.2 585.4 464.4 579.5 465.8 ship 0
553.4 431.6 563.4 430.9 566.5 472.8 556.5 473.5 ship 0
267.2 554.6 284.9 551.2 289.8 576.8 272.1 580.2 ship 0
646.7 51.3 656.4 53.5 642.3 113.9 632.6 111.6 ship 0
662.5 57.7 672.5 58.5 668.5 104.3 658.5 103.5 ship 0
672.0 51.2 681.7 48.7 697.0 108.8 687.3 111.3 ship 0
745.3 57.5 754.1 52.7 778.1 96.5 769.3 101.3 ship 0
841.9 108.3 851.4 111.3 841.1 143.7 831.6 140.7 ship 0
815.7 105.0 825.6 104.1 829.3 146.0 819.4 146.9 ship 0
799.0 110.5 809.0 110.5 809.0 144.5 799.0 144.5 ship 0
774.0 108.4 783.8 106.2 793.9 151.0 784.2 153.2 ship 0
754.2 108.5 763.6 105.1 778.8 148.5 769.4 151.9 ship 0
785.2 54.4 794.4 58.4 777.8 96.9 768.6 93.0 ship 0
731.7 108.5 740.9 104.8 762.7 158.5 753.5 162.3 ship 0
693.9 58.0 703.6 55.5 715.8 104.0 706.1 106.4 ship 0
732.4 103.4 741.8 106.9 721.6 161.3 712.2 157.8 ship 0
709.1 53.4 718.2 49.3 742.0 102.2 732.8 106.3 ship 0
697.9 120.2 707.1 116.4 720.1 147.8 710.9 151.6 ship 0
687.0 116.4 696.8 118.7 688.0 155.6 678.2 153.3 ship 0
656.6 111.3 666.4 109.5 674.9 154.7 665.0 156.5 ship 0
640.6 117.7 650.5 116.5 654.4 150.3 644.5 151.5 ship 0
353.5 384.4 363.5 385.0 360.5 438.9 350.5 438.3 ship 0
366.9 390.0 376.9 389.1 380.8 435.0 370.9 435.8 ship 0
392.3 390.9 398.1 392.2 388.7 433.1 382.9 431.8 ship 0
462.3 380.5 468.0 382.4 449.9 437.5 444.2 435.6 ship 0
370.1 74.4 380.0 75.6 374.9 117.3 365.0 116.1 ship 0
411.2 123.1 421.2 122.9 421.8 172.9 411.8 173.1 ship 0
386.5 136.9 395.3 132.2 411.3 162.2 402.5 166.9 ship 0
376.1 120.5 385.9 122.6 374.9 175.5 365.1 173.4 ship 0
350.5 128.8 360.4 128.3 362.6 170.2 352.6 170.8 ship 0
404.7 78.8 414.2 75.9 425.3 112.2 415.8 115.1 ship 0
392.8 71.3 402.6 73.0 395.2 114.4 385.4 112.6 ship 0
359.7 64.2 368.9 68.0 347.3 121.8 338.1 118.0 ship 0
317.4 75.2 326.5 71.1 350.6 123.8 341.5 127.9 ship 0
308.3 76.8 318.3 75.6 324.0 125.3 314.1 126.4 ship 0
279.2 78.6 288.3 74.4 310.8 123.5 301.7 127.7 ship 0
274.5 92.1 283.1 97.3 267.5 122.9 258.9 117.7 ship 0
254.0 82.3 263.8 84.4 257.0 117.7 247.2 115.6 ship 0
618.1 814.7 619.1 816.4 617.3 817.4 616.3 815.6 harbor 0
548.7 708.3 707.8 620.0 755.3 705.7 596.2 794.0 harbor 0
627.4 573.8 721.2 483.8 800.2 566.1 706.3 656.1 harbor 0
753.7 318.7 820.9 415.7 671.3 519.3 604.1 422.3 harbor 0
691.1 176.5 802.3 258.2 730.1 356.5 618.9 274.8 harbor 0
605.9 107.7 685.9 5.3 807.2 100.2 727.2 202.6 harbor 0
309.7 132.4 319.7 131.6 322.4 165.5 312.4 166.3 ship 0
302.7 130.3 310.6 136.4 292.2 160.1 284.3 154.0 ship 0
235.8 138.5 267.3 125.6 283.2 164.5 251.7 177.4 ship 0
457.2 281.0 462.8 278.7 481.8 325.0 476.2 327.3 ship 0
572.7 276.0 578.6 277.3 567.3 326.0 561.4 324.7 ship 0
549.9 278.9 555.9 279.1 554.1 321.1 548.1 320.9 ship 0
530.9 287.5 536.8 286.4 542.1 315.9 536.2 317.0 ship 0
511.5 287.4 521.4 285.9 526.5 319.6 516.6 321.1 ship 0
501.0 287.9 507.0 288.2 505.0 322.1 499.0 321.8 ship 0
483.6 281.3 489.6 281.8 486.4 323.7 480.4 323.2 ship 0
445.7 288.6 451.6 287.8 457.3 329.4 451.4 330.2 ship 0
604.5 283.8 610.5 284.6 606.4 314.3 600.5 313.5 ship 0
432.4 282.0 438.4 281.7 440.6 327.6 434.6 327.9 ship 0
413.3 292.7 419.3 292.4 420.7 322.3 414.7 322.6 ship 0
396.0 294.9 401.8 293.3 410.6 326.2 404.8 327.7 ship 0
317.7 242.8 327.0 239.1 345.3 285.6 336.0 289.3 ship 0
312.1 240.4 318.1 240.6 316.9 290.6 310.9 290.4 ship 0
289.7 240.9 295.4 239.2 310.3 291.1 304.6 292.8 ship 0
587.1 283.5 592.9 285.0 584.0 317.9 578.2 316.3 ship 0
613.4 283.4 623.1 281.3 629.6 310.6 619.9 312.7 ship 0
273.6 296.2 283.0 292.9 295.4 328.8 286.0 332.1 ship 0
686.9 218.9 692.7 220.1 682.5 273.1 676.6 272.0 ship 0
434.4 382.1 444.4 381.9 445.6 435.9 435.6 436.1 ship 0
394.9 386.4 400.6 384.4 419.0 435.1 413.4 437.2 ship 0
419.3 384.5 425.3 384.5 425.7 434.5 419.7 434.5 ship 0
523.9 227.2 529.7 225.6 543.9 277.7 538.1 279.3 ship 0
547.1 223.9 557.1 224.5 553.8 282.4 543.8 281.8 ship 0
627.9 220.8 637.8 219.6 644.4 273.2 634.5 274.4 ship 0
657.7 224.6 663.4 222.8 678.9 270.3 673.2 272.2 ship 0
569.4 229.8 575.3 230.6 569.6 272.2 563.6 271.4 ship 0
650.1 222.9 656.1 223.1 654.9 273.1 648.9 272.9 ship 0
680.4 278.2 690.3 277.0 693.6 306.8 683.7 308.0 ship 0
652.3 271.4 657.2 268.0 687.7 312.6 682.8 316.0 ship 0
656.0 283.2 661.4 285.9 648.1 312.8 642.7 310.1 ship 0
601.2 225.1 611.1 226.3 604.8 279.9 594.9 278.7 ship 0
584.8 228.8 590.7 229.7 583.9 275.2 578.0 274.3 ship 0
264.4 291.3 274.4 291.8 271.6 341.7 261.6 341.2 ship 0
301.5 293.7 307.4 294.9 301.5 324.3 295.6 323.1 ship 0
421.0 123.7 430.4 120.3 447.6 167.2 438.2 170.7 ship 0
581.6 114.0 591.5 112.5 598.4 158.0 588.5 159.5 ship 0
582.2 62.6 592.2 62.4 592.8 108.4 582.8 108.6 ship 0
559.4 64.3 569.3 62.9 575.7 108.4 565.8 109.8 ship 0
533.1 58.9 542.7 61.9 524.9 117.1 515.3 114.1 ship 0
504.3 65.4 514.3 64.7 517.7 110.6 507.7 111.3 ship 0
483.2 59.6 493.1 58.6 498.8 116.4 488.9 117.4 ship 0
458.7 64.7 468.4 62.2 482.8 118.4 473.1 120.8 ship 0
560.3 116.4 570.0 114.0 581.7 162.6 572.0 165.0 ship 0
622.4 53.3 632.4 53.9 628.6 115.7 618.6 115.1 ship 0
543.1 118.8 552.9 116.9 560.9 158.2 551.1 160.1 ship 0
527.0 112.5 537.0 112.5 537.0 166.5 527.0 166.5 ship 0
501.5 121.3 511.1 118.6 524.5 166.7 514.9 169.4 ship 0
485.0 128.0 494.9 126.4 501.0 164.0 491.1 165.6 ship 0
467.9 124.3 477.9 124.9 475.9 158.8 465.9 158.3 ship 0
439.7 127.2 448.6 122.7 469.3 163.8 460.4 168.3 ship 0
600.8 59.0 610.8 59.0 611.2 109.0 601.2 109.0 ship 0
605.8 119.5 615.7 120.5 612.2 154.3 602.3 153.3 ship 0
310.7 295.6 316.6 294.5 322.3 323.9 316.4 325.1 ship 0
382.6 235.9 388.6 236.5 383.3 286.3 377.4 285.6 ship 0
335.4 293.2 341.4 294.0 337.6 323.8 331.6 323.0 ship 0
348.3 285.1 354.3 284.9 355.7 330.9 349.7 331.1 ship 0
365.2 294.1 371.2 293.6 373.9 323.5 367.9 324.0 ship 0
382.8 292.4 388.8 292.7 387.2 322.6 381.2 322.3 ship 0
353.2 236.4 362.7 239.6 346.7 287.0 337.3 283.8 ship 0
356.8 237.8 362.5 235.9 378.5 283.2 372.9 285.2 ship 0
393.1 232.9 399.0 232.0 406.9 285.5 401.0 286.3 ship 0
620.4 119.5 630.4 118.6 633.6 152.5 623.6 153.4 ship 0
405.8 237.7 411.6 236.1 424.2 280.3 418.4 281.9 ship 0
517.1 229.3 523.1 230.0 516.9 283.6 510.9 282.9 ship 0
502.4 229.0 508.3 229.9 500.6 279.3 494.6 278.4 ship 0
477.1 231.3 487.1 231.0 488.8 280.9 478.8 281.3 ship 0
457.3 230.5 467.2 229.1 474.6 282.6 464.7 283.9 ship 0
432.6 235.0 442.3 237.4 430.4 286.0 420.7 283.6 ship 0
853.2 106.9 862.9 104.3 871.8 137.1 862.1 139.7 ship 0
877.9 107.3 887.9 107.8 886.1 141.7 876.1 141.2 ship 0
889.2 98.9 899.0 96.7 909.8 145.5 900.0 147.7 ship 0
882.1 565.3 888.0 565.9 884.9 595.7 879.0 595.1 ship 0
678.7 522.9 684.6 524.2 674.1 573.0 668.2 571.8 ship 0
657.1 579.6 662.9 578.2 669.9 607.4 664.1 608.8 ship 0
673.1 577.8 679.0 576.7 683.9 602.2 678.0 603.3 ship 0
686.4 579.0 692.0 576.9 702.6 605.0 697.0 607.1 ship 0
709.8 525.1 715.8 525.8 709.1 575.4 703.2 574.6 ship 0
705.9 576.7 711.9 576.4 713.1 602.3 707.1 602.6 ship 0
719.1 568.7 729.0 567.6 733.9 609.3 724.0 610.4 ship 0
719.9 524.8 725.9 524.5 728.1 566.4 722.1 566.7 ship 0
729.6 520.3 735.4 518.8 748.4 571.2 742.6 572.7 ship 0
750.7 518.8 756.7 518.3 760.3 568.2 754.3 568.7 ship 0
748.4 575.3 754.0 573.0 765.6 600.6 760.0 602.9 ship 0
766.8 573.0 772.8 572.2 776.2 598.0 770.2 598.8 ship 0
797.3 573.1 802.9 570.9 813.7 598.9 808.1 601.1 ship 0
790.4 571.3 796.1 573.2 786.6 601.7 780.9 599.8 ship 0
767.3 518.9 777.3 519.2 775.7 569.1 765.7 568.8 ship 0
637.8 581.6 643.5 579.6 655.1 611.5 649.5 613.6 ship 0
631.7 579.0 637.4 580.8 628.3 609.4 622.6 607.6 ship 0
619.1 525.5 628.9 523.5 638.9 572.5 629.1 574.5 ship 0
545.2 585.1 551.1 584.2 555.8 613.9 549.9 614.8 ship 0
534.9 673.3 540.9 673.1 542.0 711.1 536.0 711.3 ship 0
502.9 584.8 512.7 587.0 506.1 616.2 496.3 614.0 ship 0
539.5 530.0 545.1 532.2 528.5 575.1 522.9 572.9 ship 0
570.6 524.8 576.4 523.5 588.4 576.2 582.6 577.5 ship 0
555.1 531.9 560.8 530.2 574.9 578.1 569.2 579.8 ship 0
537.3 582.8 543.0 584.7 533.7 613.2 528.0 611.3 ship 0
564.3 581.4 570.3 581.7 568.7 611.6 562.7 611.3 ship 0
652.8 525.8 662.7 524.8 667.2 570.6 657.3 571.6 ship 0
577.0 583.1 582.8 581.7 590.0 610.9 584.2 612.3 ship 0
598.1 580.7 604.1 581.3 600.8 611.1 594.9 610.5 ship 0
606.6 581.6 612.3 579.8 621.5 608.3 615.8 610.2 ship 0
609.9 527.4 615.9 527.9 611.7 577.7 605.7 577.2 ship 0
589.6 523.7 595.6 522.7 604.4 576.0 598.5 576.9 ship 0
686.3 526.6 692.2 525.8 698.7 571.4 692.8 572.2 ship 0
782.8 518.5 788.8 517.8 794.2 567.5 788.2 568.2 ship 0
809.7 519.2 815.1 521.8 793.3 566.8 787.9 564.2 ship 0
807.8 526.2 813.3 523.8 828.2 558.8 822.7 561.2 ship 0
995.5 691.8 1005.4 690.3 1011.5 731.9 1001.6 733.3 ship 0
897.0 652.8 902.9 651.8 910.0 693.2 904.1 694.2 ship 0
921.4 647.0 931.1 649.3 919.6 698.0 909.9 695.7 ship 0
933.6 655.1 939.5 654.9 941.0 692.9 935.0 693.1 ship 0
907.3 695.3 913.1 696.4 904.7 741.7 898.9 740.6 ship 0
920.6 702.3 926.6 702.9 923.4 732.7 917.4 732.1 ship 0
925.8 704.2 930.5 700.4 949.2 723.8 944.5 727.6 ship 0
991.3 685.6 996.9 687.8 978.7 734.4 973.1 732.2 ship 0
887.7 704.4 893.6 704.0 895.4 734.0 889.4 734.3 ship 0
961.2 698.5 966.9 696.6 977.8 728.8 972.1 730.7 ship 0
956.4 649.8 962.0 652.0 946.6 691.0 941.0 688.9 ship 0
845.6 570.5 851.4 569.1 858.4 598.3 852.5 599.7 ship 0
861.3 566.8 867.1 565.2 875.0 594.2 869.3 595.7 ship 0
857.8 520.3 863.5 518.5 875.2 554.7 869.5 556.5 ship 0
873.9 514.4 879.8 513.2 890.1 562.1 884.2 563.4 ship 0
883.5 647.7 889.5 647.4 892.5 697.3 886.5 697.6 ship 0
875.4 700.7 881.2 702.3 873.6 731.3 867.8 729.7 ship 0
842.8 521.7 847.8 525.1 824.2 559.8 819.2 556.5 ship 0
792.6 712.4 817.2 703.9 828.3 736.0 803.8 744.5 ship 0
841.2 517.3 846.9 515.3 862.8 562.7 857.1 564.7 ship 0
831.9 562.9 837.9 562.5 841.1 608.4 835.1 608.8 ship 0
823.9 573.4 829.4 575.8 819.1 599.6 813.6 597.2 ship 0
753.1 659.1 758.9 657.5 771.2 701.8 765.4 703.4 ship 0
776.3 655.3 782.3 655.9 777.7 705.7 771.7 705.1 ship 0
754.0 707.5 763.2 703.6 778.0 738.5 768.8 742.4 ship 0
831.4 700.0 836.9 697.6 856.6 743.6 851.1 746.0 ship 0
852.3 707.0 858.0 705.2 865.7 730.0 860.0 731.8 ship 0
830.0 707.7 835.6 709.7 827.0 734.3 821.4 732.3 ship 0
816.2 660.2 821.9 658.4 832.8 694.8 827.1 696.6 ship 0
813.3 660.7 818.9 662.9 804.7 698.2 799.1 695.9 ship 0
837.9 654.9 843.9 655.1 843.1 697.1 837.1 696.9 ship 0
856.5 654.5 866.3 656.4 857.5 701.5 847.7 699.6 ship 0
870.5 650.1 876.5 650.3 875.5 696.3 869.5 696.1 ship 0
561.5 671.3 567.2 669.5 579.5 709.7 573.8 711.5 ship 0
582.4 668.9 592.4 669.1 591.6 711.1 581.6 710.9 ship 0
626.7 661.6 632.0 664.4 607.3 712.4 602.0 709.6 ship 0
469.9 585.5 475.9 585.6 475.1 615.6 469.1 615.5 ship 0
422.8 593.9 428.8 594.2 427.2 628.1 421.2 627.8 ship 0
428.4 592.5 433.5 589.5 448.6 615.5 443.5 618.5 ship 0
444.7 535.5 454.5 533.5 464.3 582.5 454.5 584.5 ship 0
469.2 534.7 478.5 531.0 498.0 581.4 488.6 585.0 ship 0
497.2 537.8 507.2 537.9 506.8 575.9 496.8 575.8 ship 0
504.2 533.5 513.5 530.0 532.7 580.4 523.4 584.0 ship 0
449.6 586.1 459.6 585.9 460.4 615.9 450.4 616.1 ship 0
425.9 533.3 431.6 535.0 416.1 586.7 410.4 585.0 ship 0
479.0 587.9 484.6 585.8 495.0 613.9 489.4 616.0 ship 0
738.9 710.7 744.5 708.7 756.1 740.7 750.5 742.7 ship 0
723.6 711.6 728.8 708.7 741.4 731.4 736.2 734.3 ship 0
708.9 715.1 714.3 712.6 725.1 736.3 719.7 738.8 ship 0
324.5 726.7 329.9 729.4 316.5 756.3 311.1 753.6 ship 0
423.8 536.4 429.2 533.7 451.2 578.6 445.8 581.3 ship 0
390.5 536.5 395.9 533.7 422.5 585.3 417.1 588.0 ship 0
305.5 729.3 311.3 730.9 303.4 759.8 297.6 758.2 ship 0
335.5 543.3 341.3 542.0 352.5 590.7 346.7 592.0 ship 0
291.9 549.5 297.9 549.6 297.1 587.6 291.1 587.5 ship 0
295.6 593.6 301.6 593.2 303.5 623.2 297.5 623.5 ship 0
322.0 595.6 327.8 594.4 333.0 619.9 327.1 621.1 ship 0
312.3 594.7 318.2 595.7 313.7 621.3 307.8 620.3 ship 0
297.8 547.9 303.2 545.3 323.2 586.7 317.8 589.3 ship 0
322.4 542.0 332.4 542.0 332.6 592.0 322.6 592.0 ship 0
356.8 543.3 362.8 544.3 356.2 581.7 350.2 580.7 ship 0
401.6 535.6 406.8 538.5 378.4 589.1 373.2 586.2 ship 0
346.5 593.2 352.2 595.3 343.5 619.8 337.8 617.7 ship 0
357.3 593.4 363.3 593.5 362.8 619.5 356.8 619.4 ship 0
372.4 590.3 378.4 589.4 382.5 619.1 376.6 620.0 ship 0
412.7 592.2 418.1 594.8 405.3 621.9 399.9 619.3 ship 0
398.9 586.0 404.5 588.3 388.1 627.0 382.5 624.7 ship 0
369.8 540.6 375.8 539.9 381.1 585.6 375.1 586.3 ship 0
283.7 725.8 293.7 726.2 292.3 760.2 282.3 759.8 ship 0
295.3 683.8 300.5 686.8 275.7 730.2 270.5 727.2 ship 0
632.2 661.6 642.2 662.7 636.8 708.4 626.8 707.3 ship 0
636.9 713.2 646.5 716.0 638.1 744.8 628.5 742.0 ship 0
493.4 681.4 498.8 684.0 487.6 707.5 482.2 704.9 ship 0
515.4 672.5 521.2 671.3 529.6 712.5 523.8 713.7 ship 0
549.8 711.1 555.0 713.9 533.2 754.4 527.9 751.6 ship 0
515.7 724.7 521.0 721.8 533.3 744.8 528.0 747.6 ship 0
671.9 715.5 677.3 718.1 666.1 741.5 660.7 738.9 ship 0
655.6 709.8 661.4 711.0 652.4 752.1 646.6 750.8 ship 0
609.8 713.2 621.6 720.6 601.6 752.9 589.7 745.5 ship 0
485.1 725.6 490.5 723.0 501.9 746.4 496.5 749.0 ship 0
737.2 663.4 743.1 662.3 750.8 703.6 744.9 704.7 ship 0
727.4 660.8 733.4 661.1 731.2 707.1 725.2 706.8 ship 0
717.0 664.9 722.8 666.4 713.0 703.1 707.2 701.6 ship 0
691.3 656.1 697.2 655.1 706.7 708.2 700.8 709.3 ship 0
675.9 662.8 681.8 661.8 689.1 707.2 683.2 708.2 ship 0
659.5 660.8 665.4 659.8 673.5 709.2 667.6 710.2 ship 0
501.7 719.2 507.4 717.4 519.3 753.4 513.6 755.3 ship 0
450.1 729.8 461.9 722.3 475.9 744.2 464.1 751.7 ship 0
297.0 684.3 302.9 683.2 309.7 720.6 303.8 721.7 ship 0
406.1 671.4 412.1 670.8 417.4 724.6 411.4 725.1 ship 0
309.2 681.1 315.0 679.6 326.8 724.0 321.0 725.6 ship 0
322.9 677.7 328.5 675.6 347.1 726.3 341.5 728.4 ship 0
341.5 677.5 347.4 676.3 357.4 725.3 351.6 726.5 ship 0
385.6 677.9 395.4 675.8 404.4 716.8 394.6 719.0 ship 0
369.8 671.2 375.5 673.2 358.1 724.3 352.4 722.3 ship 0
425.5 671.3 431.5 671.8 427.5 721.7 421.5 721.2 ship 0
356.4 733.0 361.6 730.0 376.6 756.0 371.4 759.0 ship 0
462.8 667.4 468.7 668.6 458.2 721.6 452.3 720.4 ship 0
376.5 728.9 386.5 728.2 388.5 758.1 378.5 758.8 ship 0
390.9 730.6 396.5 728.4 407.1 756.4 401.5 758.6 ship 0
407.0 727.6 412.7 725.6 423.0 753.8 417.3 755.8 ship 0
423.0 725.9 428.9 724.7 435.0 754.1 429.1 755.3 ship 0
436.7 671.7 446.6 670.6 452.3 720.3 442.4 721.4 ship 0
474.0 667.8 480.0 667.9 479.0 721.9 473.0 721.8 ship 0
901.4 516.8 907.0 518.8 891.6 562.2 886.0 560.2 ship 0
897.3 564.9 903.3 565.1 902.7 595.1 896.7 594.9 ship 0
912.4 98.1 922.4 97.4 925.6 147.3 915.6 148.0 ship 0
908.4 565.1 914.1 563.3 923.3 591.8 917.6 593.7 ship 0
865.7 208.8 871.7 208.0 879.3 265.5 873.3 266.3 ship 0
888.8 213.1 894.7 214.4 885.0 259.4 879.2 258.1 ship 0
892.6 213.5 897.9 210.8 920.4 255.5 915.1 258.2 ship 0
878.6 260.5 884.1 258.1 904.3 303.8 898.8 306.2 ship 0
910.8 260.1 920.3 263.3 905.7 306.9 896.2 303.7 ship 0
931.5 258.2 937.2 256.3 954.5 307.4 948.8 309.4 ship 0
924.8 260.9 934.7 262.7 926.8 308.0 916.9 306.2 ship 0
959.8 258.0 965.8 259.0 958.1 304.4 952.2 303.4 ship 0
919.8 211.2 929.7 212.0 926.2 253.8 916.3 253.0 ship 0
960.0 205.2 969.4 208.6 953.6 251.8 944.2 248.4 ship 0
967.7 209.1 973.7 208.2 980.2 249.6 974.3 250.6 ship 0
985.2 209.8 991.2 209.3 994.8 251.2 988.8 251.7 ship 0
999.7 210.4 1005.7 209.6 1010.3 247.4 1004.3 248.1 ship 0
1010.5 214.9 1015.5 211.6 1034.2 240.1 1029.2 243.4 ship 0
978.4 271.6 991.3 266.1 1004.6 297.4 991.7 302.9 ship 0
857.5 270.7 867.1 273.6 858.5 302.3 848.9 299.4 ship 0
835.1 269.0 845.1 268.2 847.9 302.0 837.9 302.8 ship 0
844.8 213.9 854.5 211.8 865.2 260.6 855.4 262.8 ship 0
596.9 242.8 865.8 190.2 876.1 243.2 607.2 295.8 ship 0
886.2 364.9 896.0 363.1 904.8 412.4 894.9 414.1 ship 0
860.5 364.7 870.5 365.6 865.5 419.3 855.5 418.4 ship 0
698.9 216.1 708.9 217.1 703.1 274.9 693.1 273.9 ship 0
711.8 276.7 721.3 273.5 732.2 305.7 722.7 308.9 ship 0
735.1 274.2 745.1 274.9 742.9 304.8 732.9 304.1 ship 0
752.0 266.9 762.0 267.1 761.0 309.1 751.0 308.9 ship 0
755.1 227.1 767.3 220.3 787.9 256.9 775.7 263.7 ship 0
825.8 214.2 831.4 212.1 850.2 262.8 844.6 264.9 ship 0
772.6 269.4 782.4 271.8 772.4 312.6 762.6 310.2 ship 0
780.6 268.5 790.5 267.0 797.4 312.5 787.5 314.0 ship 0
800.5 209.3 810.5 209.5 809.6 267.5 799.6 267.3 ship 0
822.2 209.6 832.0 211.5 820.8 268.4 811.0 266.5 ship 0
801.6 272.6 811.6 272.4 812.4 306.4 802.4 306.6 ship 0
815.5 273.6 825.3 271.6 831.5 300.9 821.7 303.0 ship 0
812.9 50.7 822.8 49.6 828.1 99.3 818.2 100.4 ship 0
981.3 39.1 990.5 35.3 1012.7 88.9 1003.5 92.7 ship 0
966.8 43.1 976.7 42.1 982.2 91.8 972.3 92.8 ship 0
898.6 43.6 908.2 46.4 894.4 94.4 884.8 91.6 ship 0
869.7 39.3 879.6 38.0 886.9 95.6 877.0 96.8 ship 0
849.0 42.6 858.9 41.1 868.0 98.4 858.1 99.9 ship 0
829.1 46.8 838.8 44.1 852.9 96.2 843.2 98.9 ship 0
947.2 36.2 957.1 35.1 963.8 96.8 953.9 97.9 ship 0
933.7 43.4 943.5 45.5 933.3 94.4 923.5 92.4 ship 0
907.6 46.5 917.5 45.0 924.4 90.5 914.5 92.0 ship 0
989.6 102.2 999.3 99.8 1007.4 132.8 997.7 135.2 ship 0
970.6 107.0 980.0 103.7 991.4 135.7 982.0 139.1 ship 0
969.2 97.7 977.3 103.5 945.8 147.3 937.7 141.5 ship 0
933.0 102.2 943.0 102.8 941.0 136.8 931.0 136.2 ship 0
1004.9 46.3 1014.6 43.7 1025.3 84.4 1015.6 86.9 ship 0
1005.6 102.5 1014.7 98.4 1028.4 129.5 1019.3 133.6 ship 0
905.6 364.5 915.6 363.6 920.4 413.3 910.5 414.3 ship 0
937.8 361.0 943.3 363.4 921.8 413.0 916.3 410.6 ship 0
934.3 364.4 943.8 361.3 960.7 412.6 951.2 415.7 ship 0
979.5 507.9 985.4 508.7 977.5 562.1 971.6 561.3 ship 0
925.7 559.0 931.6 558.1 937.3 595.6 931.4 596.5 ship 0
945.5 513.0 950.1 516.8 913.5 561.8 908.9 558.0 ship 0
936.2 520.4 941.8 518.2 955.8 553.6 950.2 555.8 ship 0
953.6 516.8 959.5 515.7 966.4 553.1 960.5 554.2 ship 0
943.0 559.4 953.0 559.6 952.0 597.6 942.0 597.4 ship 0
960.4 559.7 966.4 559.4 967.9 597.4 961.9 597.6 ship 0
973.2 565.0 978.9 563.2 986.8 588.0 981.1 589.8 ship 0
990.1 549.8 996.0 548.8 1003.9 598.2 998.0 599.2 ship 0
1016.4 553.0 1022.2 554.8 1008.5 598.7 1002.8 596.9 ship 0
989.8 515.5 995.8 515.5 996.2 549.5 990.2 549.5 ship 0
999.5 513.1 1005.2 511.1 1017.5 547.1 1011.8 549.0 ship 0
658.0 423.5 663.9 422.8 669.0 468.5 663.1 469.2 ship 0
967.7 361.1 973.5 362.9 959.8 406.8 954.0 405.0 ship 0
997.5 409.9 1002.4 406.4 1031.5 447.1 1026.6 450.6 ship 0
795.0 417.5 804.9 418.8 799.0 464.5 789.1 463.2 ship 0
809.0 426.4 819.0 425.9 820.9 459.8 811.0 460.4 ship 0
843.9 423.5 857.7 426.2 851.1 459.5 837.3 456.8 ship 0
880.9 420.7 886.8 421.7 881.1 455.3 875.2 454.3 ship 0
992.1 411.4 998.0 410.3 1005.9 455.6 1000.0 456.7 ship 0
753.2 427.4 762.7 424.5 772.8 456.9 763.3 459.9 ship 0
988.0 410.8 993.8 412.6 980.9 452.6 975.2 450.8 ship 0
959.0 416.5 968.9 414.9 973.6 444.5 963.7 446.1 ship 0
921.1 421.8 930.6 418.7 939.9 447.2 930.4 450.3 ship 0
906.5 425.9 916.2 423.5 924.5 456.4 914.8 458.9 ship 0
889.6 420.5 899.4 418.9 904.4 448.5 894.6 450.1 ship 0
943.8 418.9 953.8 418.1 956.2 448.0 946.2 448.8 ship 0
772.9 427.2 782.8 425.8 787.1 455.4 777.2 456.9 ship 0
839.8 362.4 849.8 362.6 849.2 420.6 839.2 420.4 ship 0
680.8 431.2 686.7 432.6 679.7 461.8 673.9 460.4 ship 0
704.8 425.4 714.7 424.0 721.2 469.6 711.3 471.0 ship 0
666.9 371.7 672.7 370.2 687.1 426.4 681.2 427.8 ship 0
688.7 367.0 694.7 367.0 694.6 425.0 688.6 425.0 ship 0
701.8 373.2 711.8 372.7 714.2 422.6 704.2 423.1 ship 0
690.9 433.9 696.8 433.3 700.1 467.1 694.2 467.7 ship 0
720.4 422.0 730.2 420.2 738.6 465.4 728.7 467.2 ship 0
820.1 365.6 826.0 364.4 836.6 417.4 830.8 418.6 ship 0
735.9 431.0 745.4 427.9 757.1 464.0 747.6 467.1 ship 0
722.0 371.9 732.0 371.5 734.0 417.4 724.0 417.9 ship 0
754.1 366.8 764.1 367.0 762.9 417.0 752.9 416.8 ship 0
768.6 365.9 778.5 364.8 784.4 418.5 774.5 419.6 ship 0
794.9 369.0 804.6 371.5 793.1 416.0 783.4 413.5 ship 0
800.0 367.4 809.8 365.1 823.0 421.6 813.2 423.9 ship 0
