615.9 589.3 634.9 578.2 694.5 680.0 675.5 691.1 ship 0
367.8 793.8 493.6 704.9 529.4 755.6 403.6 844.5 ship 0
499.7 192.8 508.4 187.8 535.1 234.8 526.4 239.8 ship 0
250.8 323.4 258.2 316.7 297.2 359.6 289.8 366.3 ship 0
283.6 308.8 291.2 302.3 326.4 343.2 318.8 349.7 ship 0
301.0 299.3 309.1 293.5 342.9 340.6 334.8 346.4 ship 0
331.7 277.9 347.0 268.3 379.9 320.9 364.6 330.4 ship 0
395.2 255.7 400.4 252.8 423.1 292.8 417.8 295.8 ship 0
399.1 249.2 403.7 245.3 440.9 289.8 436.3 293.7 ship 0
410.1 243.4 414.7 239.5 449.8 280.6 445.2 284.5 ship 0
423.7 235.2 431.1 228.5 467.2 268.7 459.8 275.4 ship 0
444.9 225.9 453.0 220.1 489.3 270.4 481.2 276.2 ship 0
462.7 219.0 470.5 212.7 499.5 248.4 491.7 254.7 ship 0
476.8 203.7 484.8 197.6 519.9 243.8 511.9 249.8 ship 0
547.8 169.3 591.6 137.6 627.9 187.9 584.1 219.5 ship 0
198.5 534.7 206.6 528.8 238.5 572.3 230.4 578.2 ship 0
616.9 129.9 624.9 123.8 669.8 182.6 661.9 188.7 ship 0
634.8 119.2 642.4 112.8 689.7 169.8 682.0 176.1 ship 0
657.6 114.8 665.3 108.4 697.2 146.9 689.5 153.3 ship 0
695.9 30.6 741.4 9.8 757.1 44.4 711.6 65.2 ship 0
156.6 274.6 182.6 273.9 183.5 307.9 157.5 308.6 ship 0
157.0 311.5 183.0 313.6 180.0 351.5 154.0 349.4 ship 0
142.8 371.8 170.9 361.4 188.2 408.2 160.1 418.6 ship 0
188.0 362.7 197.4 366.2 187.0 394.3 177.6 390.8 ship 0
180.8 319.1 186.4 316.9 197.2 344.9 191.6 347.1 ship 0
182.0 313.2 184.4 307.7 219.2 323.0 216.7 328.5 ship 0
174.4 561.9 183.3 557.3 200.6 591.1 191.7 595.7 ship 0
232.7 326.4 237.4 322.6 280.9 377.4 276.2 381.2 ship 0
220.1 328.4 229.0 323.8 258.9 382.6 250.0 387.2 ship 0
608.6 69.3 616.6 63.3 649.2 106.4 641.2 112.4 ship 0
589.2 75.2 597.4 69.4 630.8 116.8 622.6 122.6 ship 0
161.6 169.6 195.2 174.8 189.4 212.4 155.8 207.2 ship 0
169.4 210.6 193.3 220.9 176.6 259.4 152.7 249.1 ship 0
203.4 300.4 211.7 294.8 230.8 322.9 222.5 328.5 ship 0
219.6 290.4 228.2 285.3 245.4 314.6 236.8 319.7 ship 0
250.8 270.7 259.4 265.8 280.2 302.3 271.6 307.2 ship 0
264.3 262.8 272.4 257.0 299.3 294.4 291.2 300.2 ship 0
278.6 241.7 287.8 237.7 309.4 287.3 300.2 291.3 ship 0
292.1 240.2 299.6 233.5 332.9 270.8 325.4 277.5 ship 0
310.0 228.8 317.9 222.6 351.0 265.2 343.1 271.4 ship 0
328.6 224.1 336.3 217.7 365.5 253.3 357.7 259.6 ship 0
348.1 209.5 356.6 204.2 383.4 246.4 374.9 251.8 ship 0
385.9 189.6 394.5 184.5 420.1 227.4 411.5 232.5 ship 0
400.1 181.7 408.3 176.0 439.0 220.5 430.8 226.2 ship 0
421.2 179.2 429.2 173.2 451.8 203.8 443.8 209.8 ship 0
437.9 165.2 446.1 159.5 472.7 197.0 464.5 202.8 ship 0
452.9 153.3 460.8 147.2 494.1 189.7 486.2 195.8 ship 0
473.2 147.0 481.1 140.9 506.8 174.0 498.9 180.1 ship 0
491.3 133.2 499.5 127.5 527.7 168.8 519.5 174.5 ship 0
503.6 120.2 511.8 114.5 547.2 165.5 539.0 171.2 ship 0
522.3 114.8 530.5 109.1 561.7 153.2 553.5 158.9 ship 0
541.9 109.9 550.0 104.0 577.1 141.2 569.1 147.1 ship 0
564.7 102.4 573.3 97.2 592.9 129.8 584.3 135.0 ship 0
574.5 85.0 582.6 79.1 617.0 125.8 608.9 131.7 ship 0
176.8 537.8 184.9 532.0 221.2 582.2 213.1 588.0 ship 0
231.2 512.3 239.1 506.1 274.8 551.7 266.9 557.9 ship 0
176.2 148.6 221.3 157.7 217.8 175.4 172.7 166.3 ship 0
272.8 704.5 297.4 681.0 332.0 717.1 307.4 740.6 ship 0
462.8 463.8 471.0 458.1 502.2 502.2 494.0 507.9 ship 0
481.7 455.7 489.9 450.0 522.9 497.7 514.7 503.4 ship 0
500.1 440.8 508.6 435.4 542.1 487.6 533.6 493.0 ship 0
534.6 422.1 542.8 416.3 581.0 470.1 572.8 475.9 ship 0
547.6 410.4 555.4 404.1 599.4 458.6 591.6 464.9 ship 0
583.0 407.8 591.7 402.9 602.5 422.0 593.8 426.9 ship 0
589.3 432.0 597.0 425.6 623.7 458.0 616.0 464.4 ship 0
589.3 395.4 593.9 391.6 641.1 448.6 636.5 452.4 ship 0
641.8 362.0 652.8 353.4 690.9 402.3 679.8 410.9 ship 0
668.5 362.0 674.3 353.9 711.5 381.0 705.7 389.1 ship 0
288.9 741.6 322.9 716.9 366.3 776.8 332.3 801.5 ship 0
338.0 731.8 350.6 718.9 395.0 762.2 382.4 775.1 ship 0
254.5 502.8 263.0 497.7 288.7 540.6 280.2 545.7 ship 0
377.6 703.0 396.1 691.2 425.2 736.7 406.7 748.5 ship 0
417.8 685.2 425.7 679.1 461.3 724.9 453.4 731.0 ship 0
443.6 680.8 451.4 674.5 480.4 710.2 472.6 716.5 ship 0
461.9 659.6 470.8 655.1 495.1 703.4 486.2 707.9 ship 0
476.8 654.6 484.4 648.2 521.8 692.6 514.1 699.0 ship 0
494.7 644.5 502.2 637.9 540.3 681.5 532.8 688.1 ship 0
510.8 628.9 518.5 622.5 558.2 670.1 550.5 676.5 ship 0
532.8 622.2 540.5 615.9 577.2 660.8 569.5 667.1 ship 0
551.0 608.6 559.3 603.0 594.0 654.4 585.7 660.0 ship 0
571.8 605.2 579.6 599.0 623.2 653.8 615.4 660.0 ship 0
569.5 702.1 622.4 662.7 647.5 696.4 594.6 735.8 ship 0
429.9 483.3 438.2 477.8 468.1 522.7 459.8 528.2 ship 0
409.4 485.3 418.4 481.0 446.6 540.7 437.6 545.0 ship 0
360.4 516.4 363.6 506.9 437.6 531.6 434.4 541.1 ship 0
351.3 523.9 362.6 515.6 392.5 555.7 381.2 564.0 ship 0
273.4 497.5 281.8 491.9 309.6 533.5 301.2 539.1 ship 0
290.6 485.6 298.6 479.7 328.1 520.1 320.0 526.0 ship 0
306.1 477.5 314.0 471.4 344.6 510.9 336.7 517.0 ship 0
336.5 462.0 353.3 447.8 385.5 486.0 368.7 500.2 ship 0
376.7 432.2 384.8 426.2 419.3 472.8 411.2 478.8 ship 0
397.0 424.3 405.3 418.7 435.5 463.5 427.2 469.1 ship 0
411.0 417.7 418.3 410.9 458.0 453.3 450.7 460.1 ship 0
452.5 397.5 460.9 392.0 492.5 440.6 484.2 446.1 ship 0
477.1 384.3 486.5 380.7 503.2 423.5 493.8 427.2 ship 0
491.5 384.7 499.3 378.5 528.0 414.5 520.1 420.7 ship 0
503.1 368.9 511.0 362.8 546.6 408.6 538.7 414.7 ship 0
522.5 359.8 530.1 353.3 565.2 394.3 557.6 400.8 ship 0
542.1 345.8 550.4 340.2 582.9 388.2 574.6 393.8 ship 0
562.1 339.1 570.2 333.2 601.9 376.9 593.8 382.8 ship 0
579.2 330.3 587.2 324.3 617.2 364.3 609.2 370.3 ship 0
595.5 317.6 603.3 311.3 634.5 350.4 626.7 356.7 ship 0
619.4 312.8 627.5 306.9 652.0 341.0 643.9 346.9 ship 0
221.5 593.2 228.4 585.9 279.5 633.8 272.6 641.1 ship 0
246.6 573.2 255.3 568.2 286.4 621.8 277.7 626.8 ship 0
268.3 567.0 276.9 562.1 303.7 609.0 295.1 613.9 ship 0
281.7 561.0 290.0 555.4 320.3 600.0 312.0 605.6 ship 0
294.2 552.5 301.7 545.8 348.1 598.2 340.6 604.8 ship 0
308.6 540.5 315.4 533.2 363.4 578.5 356.6 585.8 ship 0
208.5 113.0 218.5 112.4 221.8 166.3 211.9 166.9 ship 0
409.2 144.9 527.4 199.1 483.2 295.4 365.0 241.2 harbor 0
554.6 315.5 628.1 417.8 356.8 612.7 283.3 510.3 harbor 0
642.9 554.9 707.7 658.3 363.7 873.9 298.9 770.6 harbor 0
211.7 116.2 219.3 109.7 254.3 150.8 246.7 157.3 ship 0
463.2 -5.1 471.3 -11.0 495.8 23.1 487.7 29.0 ship 0
446.6 1.8 455.1 -3.4 477.0 32.4 468.5 37.6 ship 0
409.0 17.2 416.6 10.7 449.0 48.8 441.4 55.3 ship 0
391.2 25.0 398.9 18.7 435.6 63.6 427.9 69.9 ship 0
367.3 30.5 374.6 23.7 421.7 75.5 414.4 82.3 ship 0
356.9 38.7 365.3 33.3 401.2 88.7 392.8 94.1 ship 0
350.1 41.3 359.8 38.8 374.5 94.9 364.8 97.4 ship 0
305.5 66.1 312.7 59.2 355.9 103.7 348.7 110.6 ship 0
289.1 74.6 296.6 68.0 337.5 114.6 330.0 121.2 ship 0
276.7 83.2 285.0 77.6 317.3 125.8 309.0 131.4 ship 0
239.3 104.9 253.0 93.3 290.4 137.6 276.7 149.2 ship 0
193.9 81.8 202.1 76.1 219.3 100.6 211.1 106.3 ship 0
214.6 63.5 224.5 62.0 230.4 99.5 220.5 101.0 ship 0
293.1 26.0 297.8 22.3 318.9 49.0 314.2 52.7 ship 0
305.4 16.7 313.7 11.2 339.2 49.5 330.9 55.0 ship 0
327.8 12.7 336.4 7.5 353.9 36.6 345.3 41.8 ship 0
341.1 3.6 349.6 -1.7 367.7 27.1 359.3 32.4 ship 0
