297.4 363.7 324.9 290.7 517.6 363.3 490.1 436.3 harbor 0
401.7 428.5 405.1 526.5 95.3 537.5 91.9 439.5 harbor 0
632.4 648.7 652.9 752.7 619.6 759.3 599.1 655.3 ship 0
414.7 616.7 424.5 618.3 417.3 663.7 407.5 662.1 ship 0
439.6 617.7 448.7 622.0 432.4 656.3 423.3 652.0 ship 0
341.2 666.4 362.8 670.4 353.8 719.6 332.2 715.6 ship 0
397.5 665.3 407.0 668.4 389.5 723.7 380.0 720.6 ship 0
404.2 667.5 413.8 664.7 429.8 720.5 420.2 723.3 ship 0
426.9 664.4 436.8 662.7 449.1 731.6 439.2 733.3 ship 0
487.0 674.5 496.3 678.1 481.0 717.2 471.7 713.5 ship 0
516.9 673.7 525.0 679.5 496.1 720.3 488.0 714.5 ship 0
556.6 674.3 565.8 670.6 587.4 724.4 578.2 728.1 ship 0
601.6 670.3 610.9 673.9 591.5 724.3 582.1 720.7 ship 0
569.1 619.5 579.0 618.0 585.9 663.5 576.0 665.0 ship 0
616.7 617.5 621.2 621.5 582.3 664.5 577.8 660.5 ship 0
623.3 626.6 654.4 640.3 640.7 671.4 609.6 657.7 ship 0
381.4 610.4 390.3 615.0 367.6 659.6 358.7 655.0 ship 0
387.0 612.5 396.9 611.7 401.0 661.5 391.1 662.3 ship 0
294.0 666.0 319.7 669.5 313.0 719.0 287.3 715.5 ship 0
284.9 614.3 294.9 613.0 300.1 654.7 290.1 656.0 ship 0
1.1 610.6 11.1 611.3 8.8 645.2 -1.2 644.5 ship 0
31.8 603.9 40.7 608.4 22.2 646.1 13.3 641.6 ship 0
58.5 606.5 66.7 612.2 42.5 646.5 34.3 640.8 ship 0
73.5 603.7 83.2 606.0 72.5 650.7 62.7 648.4 ship 0
136.1 600.8 146.1 601.2 143.9 659.2 133.9 658.8 ship 0
152.4 608.2 162.0 605.4 173.6 645.8 164.0 648.6 ship 0
185.5 608.9 195.5 609.5 192.5 659.4 182.5 658.8 ship 0
199.8 611.0 209.6 608.9 218.2 650.0 208.4 652.1 ship 0
216.0 652.2 227.7 611.8 245.0 616.8 233.3 657.2 ship 0
238.7 612.6 248.1 609.1 265.3 656.1 255.9 659.5 ship 0
275.4 607.3 284.8 610.5 267.6 661.7 258.2 658.5 ship 0
313.9 614.3 323.6 651.1 310.1 654.7 300.4 617.9 ship 0
278.8 663.6 288.7 664.7 282.2 722.4 272.3 721.3 ship 0
6.8 662.6 52.4 656.8 58.2 702.4 12.6 708.2 ship 0
74.9 660.4 100.7 663.3 95.1 713.0 69.3 710.1 ship 0
184.1 667.3 194.1 667.3 193.9 717.3 183.9 717.3 ship 0
214.5 664.6 224.0 667.5 209.5 715.4 200.0 712.5 ship 0
234.6 669.0 244.3 671.1 234.4 716.0 224.7 713.9 ship 0
251.4 665.3 261.4 664.8 264.6 718.7 254.6 719.2 ship 0
55.4 860.2 69.2 862.5 60.6 915.8 46.8 913.5 ship 0
560.7 870.2 574.2 873.8 559.3 929.8 545.8 926.2 ship 0
576.8 875.7 590.8 875.4 592.2 941.3 578.2 941.6 ship 0
599.7 871.1 637.4 866.2 642.3 903.9 604.6 908.8 ship 0
498.3 871.3 511.1 877.1 485.7 933.7 472.9 927.9 ship 0
492.5 891.1 529.6 871.5 560.5 929.9 523.4 949.5 ship 0
460.3 871.3 474.3 872.7 467.6 938.4 453.7 937.0 ship 0
106.4 857.0 114.4 862.9 68.6 926.0 60.6 920.1 ship 0
277.6 804.5 307.6 803.9 308.4 845.8 278.4 846.5 ship 0
105.2 857.4 138.3 865.3 123.8 925.6 90.7 917.7 ship 0
195.7 866.5 213.5 869.0 206.3 922.5 188.5 920.0 ship 0
230.6 865.8 244.5 867.7 236.4 925.2 222.5 923.2 ship 0
252.8 864.8 285.3 874.8 268.2 930.2 235.7 920.2 ship 0
3.4 793.7 17.3 795.8 10.6 841.3 -3.3 839.2 ship 0
25.2 790.1 39.2 789.9 39.8 839.9 25.8 840.1 ship 0
58.6 790.1 72.1 793.9 57.4 845.9 43.9 842.1 ship 0
88.8 797.6 97.7 802.2 78.2 839.4 69.3 834.8 ship 0
92.3 805.4 101.1 800.5 123.7 840.6 114.9 845.5 ship 0
141.4 798.1 150.4 802.4 130.6 843.9 121.6 839.6 ship 0
177.6 799.2 181.5 803.8 140.4 838.8 136.5 834.2 ship 0
221.9 799.2 255.7 824.2 233.1 854.8 199.3 829.8 ship 0
353.6 803.7 363.6 804.4 360.4 846.3 350.4 845.6 ship 0
397.5 872.7 411.4 870.8 418.5 924.3 404.6 926.2 ship 0
383.2 806.8 392.5 810.7 374.8 853.2 365.5 849.3 ship 0
400.4 806.6 410.2 808.9 399.6 853.7 389.9 851.4 ship 0
418.4 810.1 428.4 811.2 423.6 852.9 413.6 851.8 ship 0
448.1 812.7 456.9 817.4 436.9 854.3 428.1 849.6 ship 0
477.3 812.9 487.2 811.5 492.7 849.1 482.8 850.5 ship 0
510.5 807.7 520.0 810.6 506.5 854.6 497.0 851.7 ship 0
532.7 808.4 545.6 852.6 528.3 857.6 515.4 813.4 ship 0
561.4 807.2 570.0 812.3 542.6 858.8 534.0 853.7 ship 0
569.2 809.7 579.2 810.4 575.8 856.3 565.8 855.6 ship 0
613.0 814.9 616.6 819.6 577.0 850.1 573.4 845.4 ship 0
309.5 865.9 323.5 865.2 326.5 927.1 312.5 927.8 ship 0
333.3 870.4 347.0 867.5 359.7 928.2 346.0 931.1 ship 0
394.9 865.5 405.7 874.4 361.1 928.4 350.3 919.5 ship 0
481.9 348.2 491.8 349.0 488.1 394.8 478.2 394.0 ship 0
305.5 294.1 317.9 325.7 256.5 349.9 244.1 318.3 ship 0
246.8 347.8 250.6 352.4 218.2 379.2 214.4 374.6 ship 0
253.5 340.9 263.2 343.2 251.6 391.8 241.8 389.5 ship 0
302.9 346.3 312.5 356.4 279.1 388.0 269.5 377.9 ship 0
364.1 341.8 381.8 344.9 373.9 390.2 356.2 387.1 ship 0
414.5 334.6 439.5 373.2 397.5 400.4 372.5 361.8 ship 0
437.0 348.0 442.1 351.1 418.0 390.3 412.9 387.2 ship 0
444.1 351.0 453.9 353.1 445.9 390.3 436.2 388.2 ship 0
482.4 345.9 486.9 349.8 451.6 390.7 447.1 386.8 ship 0
502.9 346.6 512.8 347.8 507.1 393.4 497.2 392.2 ship 0
522.2 348.0 532.1 349.4 525.8 395.0 515.9 393.6 ship 0
538.9 347.9 548.9 348.1 548.1 390.1 538.1 389.9 ship 0
572.6 353.1 582.4 351.2 590.4 392.5 580.6 394.4 ship 0
591.6 352.6 601.4 350.4 610.4 391.4 600.6 393.6 ship 0
655.4 347.9 662.1 355.4 621.6 391.1 614.9 383.6 ship 0
675.1 348.2 716.6 354.3 709.9 399.8 668.4 393.7 ship 0
744.5 376.2 752.3 392.4 714.5 410.8 706.7 394.6 ship 0
520.4 326.8 538.5 308.2 557.2 326.4 539.0 345.0 ship 0
597.1 320.4 610.3 338.0 589.4 353.6 576.3 335.9 ship 0
453.2 318.5 462.0 338.7 441.8 347.5 433.0 327.3 ship 0
425.0 318.5 428.8 344.2 407.0 347.5 403.2 321.8 ship 0
391.5 316.4 399.0 337.1 378.4 344.6 370.9 323.9 ship 0
4.4 394.8 52.3 498.3 39.6 504.2 -8.3 400.7 ship 0
601.8 495.7 611.3 498.7 596.2 546.3 586.7 543.3 ship 0
254.4 482.2 262.9 487.4 232.6 536.8 224.1 531.6 ship 0
273.6 482.6 282.9 486.4 262.4 536.4 253.1 532.6 ship 0
284.3 487.7 294.3 487.4 295.7 533.3 285.7 533.6 ship 0
314.4 490.0 324.2 491.9 314.6 541.0 304.8 539.1 ship 0
346.5 491.7 355.1 496.8 331.5 536.3 322.9 531.2 ship 0
373.1 488.0 381.7 493.2 351.9 543.0 343.3 537.8 ship 0
400.6 491.1 408.3 497.4 371.5 542.2 363.7 535.9 ship 0
404.1 495.2 418.1 495.9 415.9 541.8 401.9 541.1 ship 0
473.2 442.0 476.7 483.8 450.8 486.0 447.3 444.2 ship 0
534.2 442.7 538.5 446.9 497.8 488.3 493.5 484.1 ship 0
550.5 445.7 554.8 449.9 519.5 485.3 515.2 481.1 ship 0
621.9 474.1 656.7 444.0 692.1 484.9 657.3 515.0 ship 0
609.5 495.4 618.9 492.0 638.5 546.6 629.1 550.0 ship 0
588.1 477.2 597.3 481.1 561.9 563.8 552.7 559.9 ship 0
185.1 490.1 199.0 489.0 202.9 538.9 189.0 540.0 ship 0
535.3 496.0 544.3 491.8 568.8 544.4 559.7 548.6 ship 0
453.4 494.2 463.4 494.9 460.6 536.8 450.6 536.1 ship 0
481.9 492.5 491.6 495.0 479.1 543.5 469.4 541.0 ship 0
517.3 492.6 525.5 498.2 492.7 546.0 484.5 540.4 ship 0
524.5 489.8 534.5 490.3 531.5 552.2 521.5 551.7 ship 0
208.5 488.3 222.4 486.9 227.5 536.7 213.6 538.1 ship 0
154.1 487.9 163.9 485.6 176.9 542.1 167.1 544.4 ship 0
33.2 431.4 43.0 429.4 50.8 466.6 41.0 468.6 ship 0
357.3 441.9 367.0 439.4 376.7 476.1 367.0 478.6 ship 0
63.6 427.5 73.4 429.7 63.4 474.6 53.6 472.4 ship 0
75.8 436.3 85.6 434.4 92.2 467.7 82.4 469.6 ship 0
100.6 434.0 110.6 434.0 110.4 468.0 100.4 468.0 ship 0
126.2 430.5 135.9 433.1 123.8 477.5 114.1 474.9 ship 0
142.4 428.7 152.4 429.4 148.6 479.3 138.6 478.6 ship 0
179.9 429.2 184.7 432.8 152.1 475.8 147.3 472.2 ship 0
188.2 429.4 198.2 429.6 196.8 479.6 186.8 479.4 ship 0
202.5 435.5 212.3 433.5 222.5 482.5 212.7 484.5 ship 0
221.9 435.3 231.6 433.0 243.1 481.7 233.4 484.0 ship 0
232.0 441.4 236.6 437.5 269.0 475.6 264.4 479.5 ship 0
312.2 437.0 321.4 478.0 307.8 481.0 298.6 440.0 ship 0
325.9 432.0 335.8 432.9 331.1 486.6 321.1 485.8 ship 0
350.5 440.1 359.7 444.1 344.5 478.9 335.3 474.9 ship 0
424.6 438.9 428.9 443.1 388.4 484.7 384.1 480.5 ship 0
136.3 482.2 146.3 481.9 147.7 531.8 137.7 532.1 ship 0
412.7 433.8 422.2 430.9 440.3 490.2 430.8 493.1 ship 0
7.7 485.1 29.7 485.9 28.3 527.9 6.3 527.1 ship 0
59.4 472.6 69.3 473.8 62.3 535.4 52.4 534.2 ship 0
87.8 472.5 97.0 476.3 73.2 533.5 64.0 529.7 ship 0
97.4 474.9 107.4 475.5 103.6 541.4 93.6 540.8 ship 0
115.6 478.0 125.6 477.9 126.2 531.9 116.2 532.0 ship 0
