657.9 42.6 698.5 -19.3 740.3 8.1 699.7 70.0 ship 0
728.3 88.5 768.1 16.8 808.3 39.1 768.6 110.8 ship 0
767.5 97.1 818.8 43.8 837.5 61.9 786.2 115.2 ship 0
889.9 -18.3 927.9 20.1 883.9 63.7 845.9 25.3 ship 0
849.4 68.5 871.6 88.6 824.6 140.5 802.4 120.4 ship 0
591.4 582.0 621.3 605.3 553.6 692.0 523.7 668.7 ship 0
805.2 437.7 821.6 452.4 764.2 516.4 747.8 501.7 ship 0
838.5 445.0 852.8 455.9 817.4 501.9 803.2 490.9 ship 0
885.3 472.6 897.0 486.3 843.8 531.8 832.1 518.1 ship 0
914.4 487.6 927.6 499.8 874.5 557.0 861.3 544.7 ship 0
944.8 510.5 961.0 525.4 913.7 577.0 897.5 562.1 ship 0
957.8 825.7 962.1 839.0 903.2 858.3 898.9 845.0 ship 0
917.0 772.7 945.6 797.7 870.4 883.5 841.8 858.5 ship 0
853.7 786.6 870.6 800.7 828.3 851.4 811.4 837.3 ship 0
841.1 727.6 856.4 737.2 797.9 830.4 782.6 820.8 ship 0
816.1 709.2 830.0 720.6 762.8 802.6 748.9 791.2 ship 0
774.2 701.8 787.3 714.1 711.8 794.2 698.7 781.9 ship 0
721.8 677.0 748.1 691.6 702.4 773.8 676.2 759.2 ship 0
664.9 668.2 699.4 684.1 675.1 736.8 640.6 720.9 ship 0
559.1 593.9 688.4 677.5 639.6 753.1 510.2 669.5 ship 0
557.4 567.6 583.0 589.9 510.9 673.0 485.2 650.7 ship 0
742.6 408.3 752.9 423.1 698.8 460.9 688.4 446.1 ship 0
484.5 530.2 499.0 540.9 433.4 629.2 418.9 618.5 ship 0
444.0 513.9 470.4 535.4 398.5 623.8 372.1 602.3 ship 0
352.3 588.8 396.9 475.2 421.1 484.8 376.5 598.3 ship 0
359.2 461.5 376.4 466.6 346.6 568.3 329.3 563.2 ship 0
590.0 214.1 666.8 252.8 606.5 372.5 529.7 333.8 harbor 0
774.8 419.4 786.9 432.7 732.2 482.6 720.1 469.3 ship 0
704.4 375.8 719.4 385.7 676.4 450.8 661.4 440.8 ship 0
883.2 87.6 893.3 97.3 855.8 136.2 845.7 126.4 ship 0
658.0 202.1 689.6 223.3 635.1 304.7 603.5 283.6 ship 0
926.6 107.7 938.7 121.0 886.9 168.0 874.8 154.7 ship 0
942.8 37.2 971.4 55.7 946.4 94.3 917.8 75.8 ship 0
983.0 57.0 992.6 67.3 953.0 104.0 943.4 93.7 ship 0
943.4 126.9 958.4 136.9 919.7 195.2 904.7 185.2 ship 0
978.0 454.9 996.5 473.2 964.1 505.9 945.6 487.6 ship 0
947.1 417.5 958.0 426.2 921.9 471.5 911.0 462.8 ship 0
931.7 391.5 942.2 400.8 895.9 453.2 885.4 444.0 ship 0
908.3 379.4 914.3 396.4 844.6 421.2 838.6 404.3 ship 0
866.9 325.2 882.0 334.9 831.2 414.0 816.1 404.3 ship 0
866.7 320.0 872.9 332.5 767.0 384.6 760.8 372.0 ship 0
804.3 300.2 816.7 313.2 754.7 372.8 742.3 359.8 ship 0
767.8 282.5 781.1 294.6 726.2 355.5 712.9 343.4 ship 0
739.9 268.2 750.6 282.7 684.8 331.5 674.0 317.1 ship 0
687.0 245.7 702.6 254.6 664.0 322.3 648.4 313.4 ship 0
625.7 210.2 639.2 222.0 585.3 283.8 571.8 272.0 ship 0
668.4 363.3 683.5 373.2 651.6 421.7 636.5 411.8 ship 0
600.8 180.6 614.2 192.6 557.0 256.7 543.5 244.8 ship 0
542.2 179.4 557.1 189.6 520.0 244.2 505.1 234.0 ship 0
529.6 157.3 540.7 171.5 479.4 219.7 468.3 205.5 ship 0
437.0 188.6 499.0 112.8 519.1 129.2 457.1 205.1 ship 0
237.7 -23.8 270.8 -16.2 253.3 59.8 220.2 52.2 ship 0
301.4 0.2 314.5 12.6 249.7 80.7 236.7 68.3 ship 0
314.5 44.8 331.8 58.4 293.5 107.2 276.2 93.6 ship 0
424.2 91.3 444.5 118.6 391.6 158.0 371.3 130.7 ship 0
237.9 142.1 260.0 106.4 377.3 179.0 355.2 214.7 ship 0
408.8 187.1 431.2 207.0 381.9 262.2 359.5 242.3 ship 0
503.2 251.1 519.2 266.2 479.5 308.4 463.5 293.3 ship 0
543.3 277.6 559.4 292.6 500.7 355.4 484.6 340.4 ship 0
545.8 351.4 613.2 312.3 634.3 348.6 566.9 387.7 ship 0
647.6 341.7 658.8 355.8 591.3 409.2 580.2 395.1 ship 0
305.9 796.0 329.8 820.1 302.8 846.9 278.9 822.7 small-vehicle 0
381.6 768.2 401.9 784.5 378.2 814.2 357.9 797.9 small-vehicle 0
118.2 859.0 139.7 885.4 104.0 914.4 82.5 888.0 small-vehicle 0
176.3 223.7 279.5 280.9 266.8 303.7 163.7 246.4 ship 0
224.6 917.1 239.3 947.8 201.4 965.9 186.7 935.2 small-vehicle 0
5.1 981.6 24.6 964.5 52.3 996.2 32.7 1013.3 small-vehicle 0
299.1 964.3 304.3 972.8 264.9 996.7 259.7 988.2 small-vehicle 0
314.9 974.5 321.9 981.6 295.1 1008.5 288.1 1001.4 small-vehicle 0
343.5 989.2 347.6 998.3 294.7 1022.1 290.6 1013.0 small-vehicle 0
578.7 532.9 734.6 738.4 631.0 817.0 475.1 611.4 harbor 0
