662.8 416.9 671.4 422.0 642.2 472.1 633.6 467.0 ship 0
615.2 465.6 623.9 470.6 603.2 507.1 594.5 502.2 ship 0
642.4 417.5 650.7 423.0 625.6 461.5 617.3 456.0 ship 0
608.4 453.4 615.2 460.7 576.0 497.8 569.1 490.5 ship 0
621.5 411.0 630.4 415.5 611.5 453.0 602.6 448.5 ship 0
604.2 401.1 613.5 404.6 598.8 443.9 589.5 440.4 ship 0
582.2 388.6 592.1 389.8 585.8 443.4 575.9 442.2 ship 0
569.7 388.2 579.0 391.9 563.3 430.8 554.0 427.1 ship 0
556.0 379.4 564.5 384.7 540.0 423.6 531.5 418.3 ship 0
525.8 370.5 531.8 369.8 537.2 419.5 531.2 420.2 ship 0
537.4 374.8 539.8 380.3 494.0 400.3 491.6 394.8 ship 0
503.4 356.8 512.2 361.5 492.4 398.6 483.6 393.9 ship 0
565.8 438.3 573.8 444.2 544.0 484.3 536.0 478.4 ship 0
525.7 440.9 535.3 438.0 545.1 470.5 535.6 473.4 ship 0
522.6 423.7 531.6 428.0 509.6 473.0 500.6 468.6 ship 0
475.4 447.8 512.5 420.5 520.8 431.8 483.7 459.1 ship 0
490.6 408.3 498.8 414.1 470.2 455.1 462.0 449.3 ship 0
455.6 420.9 460.5 417.5 468.4 429.1 463.5 432.5 ship 0
455.0 390.4 463.3 396.0 433.3 440.9 425.0 435.4 ship 0
462.7 380.8 490.9 349.7 501.3 359.2 473.1 390.3 ship 0
468.8 332.7 478.1 336.3 457.2 390.3 447.9 386.7 ship 0
435.9 390.8 443.2 397.6 417.3 425.3 410.0 418.5 ship 0
415.2 374.6 424.1 379.1 399.8 427.4 390.9 422.9 ship 0
413.4 373.5 416.9 378.3 366.6 414.5 363.1 409.7 ship 0
409.8 318.9 419.7 320.1 414.4 365.8 404.4 364.6 ship 0
632.8 476.4 641.3 481.7 623.2 510.6 614.7 505.3 ship 0
721.9 557.7 741.8 540.9 766.3 570.0 746.4 586.7 ship 0
741.3 525.8 762.1 518.6 770.7 543.2 749.9 550.4 ship 0
715.1 449.9 720.0 453.5 694.9 487.1 690.0 483.5 ship 0
706.7 508.6 714.5 514.8 693.3 541.4 685.5 535.2 ship 0
686.6 497.1 695.3 502.0 674.6 538.5 665.9 533.6 ship 0
681.2 486.2 687.9 493.6 647.8 529.8 641.1 522.4 ship 0
719.0 451.8 725.0 452.5 720.0 498.2 714.0 497.5 ship 0
382.6 303.0 391.6 307.2 371.9 348.8 362.9 344.6 ship 0
582.7 4.7 616.1 122.0 483.3 159.8 450.0 42.4 harbor 0
312.7 215.1 351.5 120.8 638.2 238.8 599.3 333.1 harbor 0
287.5 320.5 364.1 241.5 552.2 423.8 475.6 502.8 harbor 0
268.8 511.1 373.2 440.5 441.6 541.6 337.2 612.2 harbor 0
170.2 635.9 244.6 566.1 393.8 725.1 319.4 794.9 harbor 0
62.9 769.0 375.6 797.2 365.7 906.8 53.0 878.5 harbor 0
376.9 306.7 382.2 303.9 413.1 362.2 407.8 365.0 ship 0
363.9 297.2 373.1 301.0 357.1 339.8 347.9 336.0 ship 0
828.1 217.2 836.8 222.2 814.1 262.2 805.4 257.3 ship 0
842.7 218.2 864.1 232.9 831.3 280.8 809.9 266.1 ship 0
823.6 157.6 828.9 154.9 863.4 220.4 858.1 223.1 ship 0
850.0 236.8 864.4 220.2 884.0 237.2 869.6 253.8 ship 0
831.6 157.2 840.4 161.9 820.4 198.8 811.6 194.1 ship 0
823.7 151.0 830.6 158.3 794.2 192.6 787.4 185.3 ship 0
760.0 174.6 809.6 153.1 815.2 166.0 765.6 187.5 ship 0
759.4 168.5 777.8 139.9 789.6 147.5 771.2 176.1 ship 0
752.1 129.3 762.1 129.8 759.9 171.7 749.9 171.2 ship 0
739.2 124.4 748.8 127.3 737.8 163.6 728.2 160.7 ship 0
689.9 168.6 743.9 91.7 755.4 99.8 701.3 176.7 ship 0
707.0 108.1 716.3 111.8 701.0 150.9 691.7 147.2 ship 0
669.3 128.2 692.4 103.3 702.7 112.8 679.6 137.7 ship 0
675.4 95.2 683.9 100.5 663.6 132.7 655.2 127.4 ship 0
654.6 83.7 664.0 87.0 650.3 126.7 640.8 123.4 ship 0
627.7 79.3 633.6 78.0 642.5 119.1 636.7 120.3 ship 0
611.9 86.6 616.7 82.9 625.2 94.1 620.4 97.7 ship 0
606.5 65.9 615.4 70.6 597.5 104.1 588.6 99.4 ship 0
587.6 57.7 596.4 62.4 578.2 95.8 569.4 91.0 ship 0
838.4 101.3 856.7 72.7 878.6 86.7 860.3 115.3 ship 0
848.4 28.9 869.1 21.4 880.7 53.4 860.0 60.9 ship 0
824.1 5.5 830.0 4.3 837.9 41.5 832.0 42.7 ship 0
814.1 207.9 822.1 213.8 795.0 250.9 786.9 245.0 ship 0
802.4 203.0 808.3 211.0 771.3 238.3 765.4 230.3 ship 0
754.1 224.9 770.7 195.2 782.9 202.1 766.3 231.8 ship 0
543.8 56.5 548.4 52.7 557.2 63.5 552.6 67.3 ship 0
427.4 43.4 430.3 48.6 393.8 69.3 390.8 64.0 ship 0
416.3 21.7 432.3 -8.3 444.7 -1.7 428.7 28.3 ship 0
448.3 -3.1 457.8 -0.2 446.7 36.1 437.2 33.2 ship 0
491.9 13.7 493.4 19.5 441.1 33.3 439.6 27.5 ship 0
487.9 16.3 496.0 22.1 476.1 49.7 468.0 43.9 ship 0
427.4 45.2 436.8 48.8 421.9 88.0 412.6 84.5 ship 0
430.6 55.6 436.1 53.2 454.4 95.4 448.9 97.8 ship 0
458.2 58.0 464.2 58.0 464.8 104.0 458.8 104.0 ship 0
485.6 66.6 493.9 72.1 468.4 110.4 460.1 104.9 ship 0
493.7 20.7 503.6 20.3 505.3 58.3 495.4 58.7 ship 0
519.9 33.5 525.3 31.0 546.1 76.5 540.7 79.0 ship 0
576.8 50.1 584.6 56.4 560.7 86.0 552.9 79.7 ship 0
737.0 181.9 746.5 185.2 734.0 221.1 724.5 217.8 ship 0
509.2 121.2 529.2 88.9 551.3 102.6 531.3 134.9 ship 0
543.2 139.7 571.8 103.6 582.8 112.3 554.2 148.4 ship 0
589.1 107.8 597.6 112.9 571.7 155.7 563.2 150.6 ship 0
602.1 116.0 611.3 119.9 591.9 166.0 582.7 162.1 ship 0
605.4 132.3 611.0 130.1 623.6 161.7 618.0 163.9 ship 0
639.8 133.5 648.3 138.7 626.2 174.5 617.7 169.3 ship 0
666.8 148.4 669.9 153.5 634.2 175.6 631.1 170.5 ship 0
664.7 149.3 670.7 150.1 665.4 191.7 659.5 191.0 ship 0
689.4 160.8 697.5 166.6 677.6 194.2 669.5 188.4 ship 0
706.4 163.0 715.5 167.1 696.6 209.0 687.5 204.9 ship 0
729.8 173.9 737.1 180.8 702.7 217.1 695.4 210.2 ship 0
373.2 62.9 404.9 24.2 415.8 33.1 384.1 71.8 ship 0
347.6 290.5 356.5 295.1 337.4 332.5 328.5 327.9 ship 0
509.3 255.4 514.2 259.0 491.7 289.6 486.8 286.0 ship 0
138.2 97.7 209.7 36.7 218.8 47.3 147.3 108.3 ship 0
202.2 58.8 210.8 63.8 189.8 100.2 181.2 95.2 ship 0
209.3 100.3 243.7 76.3 251.7 87.7 217.3 111.7 ship 0
134.5 159.7 169.7 76.8 182.5 82.3 147.3 165.2 ship 0
178.8 101.1 188.4 104.0 174.2 151.9 164.6 149.0 ship 0
192.4 110.5 202.3 112.2 194.6 157.5 184.7 155.8 ship 0
228.6 123.6 232.6 128.1 192.5 164.3 188.5 159.8 ship 0
242.5 79.3 248.5 78.8 252.5 124.7 246.5 125.2 ship 0
271.7 83.7 280.5 88.5 256.3 132.3 247.5 127.5 ship 0
286.0 96.7 295.0 100.9 279.0 135.3 270.0 131.1 ship 0
292.6 99.3 302.6 98.8 305.4 148.7 295.4 149.2 ship 0
295.9 137.4 334.0 105.0 343.1 115.6 305.0 148.0 ship 0
227.9 127.0 237.4 129.9 225.1 170.0 215.6 167.1 ship 0
237.8 137.0 243.7 136.5 248.0 182.3 242.0 182.8 ship 0
235.5 179.6 273.3 146.8 282.5 157.4 244.7 190.2 ship 0
294.6 159.2 298.9 168.2 264.5 184.4 260.3 175.4 ship 0
284.7 204.2 291.4 158.7 305.3 160.8 298.6 206.3 ship 0
313.9 165.9 323.5 168.7 312.1 209.1 302.5 206.3 ship 0
348.2 180.9 351.2 186.1 314.8 207.1 311.8 201.9 ship 0
385.1 194.1 394.3 198.0 376.2 240.3 367.0 236.4 ship 0
351.6 234.1 361.7 185.1 375.4 187.9 365.3 236.9 ship 0
402.1 201.6 411.5 205.0 396.9 244.4 387.5 241.0 ship 0
395.8 250.7 420.4 211.8 432.2 219.3 407.6 258.2 ship 0
458.7 222.0 467.2 227.3 438.3 273.0 429.8 267.7 ship 0
452.3 273.0 467.6 233.9 480.7 239.0 465.4 278.1 ship 0
86.2 39.8 104.7 58.1 80.8 82.2 62.3 63.9 ship 0
162.2 47.3 170.3 53.2 119.8 122.7 111.7 116.8 ship 0
136.5 259.9 146.2 262.2 136.5 303.1 126.8 300.8 ship 0
199.3 327.4 236.8 294.3 254.0 313.9 216.5 346.9 ship 0
335.6 284.3 343.8 290.0 317.4 327.7 309.2 322.0 ship 0
347.5 392.0 387.8 369.8 394.5 382.0 354.2 404.2 ship 0
335.2 390.9 361.8 353.4 373.2 361.5 346.6 399.0 ship 0
340.1 352.4 348.6 357.6 330.9 386.6 322.4 381.4 ship 0
323.6 339.1 332.4 343.8 311.1 384.5 302.2 379.9 ship 0
308.1 329.5 316.6 334.8 287.9 380.5 279.4 375.2 ship 0
314.1 278.3 322.8 283.3 301.9 319.7 293.2 314.7 ship 0
292.0 266.5 301.8 268.4 293.0 313.5 283.2 311.6 ship 0
277.2 255.2 286.8 257.8 273.7 306.1 264.0 303.4 ship 0
265.6 255.0 273.7 260.9 251.2 291.5 243.1 285.6 ship 0
255.0 359.0 295.8 323.5 305.0 334.0 264.2 369.5 ship 0
245.5 243.1 254.6 247.2 235.5 289.1 226.4 284.9 ship 0
123.5 248.6 132.5 253.0 110.7 298.0 101.7 293.6 ship 0
204.3 271.8 231.5 234.7 242.8 242.9 215.6 280.1 ship 0
197.7 278.9 206.4 283.8 181.8 327.3 173.1 322.4 ship 0
151.7 312.2 180.3 276.1 191.3 284.8 162.7 320.9 ship 0
150.7 267.1 160.7 268.1 156.3 313.9 146.3 312.9 ship 0
194.7 226.7 203.2 231.9 183.3 264.3 174.8 259.1 ship 0
177.4 216.8 186.2 221.5 168.6 255.2 159.8 250.5 ship 0
148.7 227.7 153.2 223.7 162.4 234.2 157.9 238.2 ship 0
143.7 201.3 152.3 206.4 130.9 242.5 122.3 237.5 ship 0
120.5 191.8 130.2 194.2 119.6 238.9 109.9 236.6 ship 0
105.7 187.6 113.7 193.7 59.3 265.4 51.3 259.3 ship 0
78.4 283.5 107.1 242.5 118.6 250.5 89.9 291.5 ship 0
491.6 236.4 500.4 241.0 477.2 285.3 468.3 280.6 ship 0
512.5 270.3 517.8 267.4 524.5 279.7 519.2 282.6 ship 0
388.8 22.3 396.2 29.0 362.5 66.0 355.1 59.3 ship 0
542.8 267.5 550.6 273.6 527.2 303.5 519.4 297.4 ship 0
508.7 189.9 517.8 194.0 499.3 236.1 490.2 232.0 ship 0
486.1 182.5 492.1 182.5 491.9 224.5 485.9 224.5 ship 0
467.1 176.1 477.0 177.2 471.9 222.9 462.0 221.8 ship 0
440.3 157.3 455.9 166.2 435.2 202.7 419.6 193.9 ship 0
411.7 144.7 420.1 150.1 393.3 192.3 384.9 186.9 ship 0
393.3 136.6 401.9 141.6 380.9 178.0 372.3 173.0 ship 0
369.8 131.5 379.3 134.6 366.2 174.5 356.7 171.4 ship 0
350.5 125.0 356.4 125.8 351.0 163.4 345.0 162.6 ship 0
344.6 117.1 352.5 123.2 327.1 156.6 319.1 150.6 ship 0
290.4 -0.3 299.0 -5.4 320.4 30.8 311.8 35.8 ship 0
325.6 41.8 346.9 10.3 358.4 18.2 337.2 49.7 ship 0
359.3 16.4 365.1 18.0 354.7 54.6 348.9 53.0 ship 0
524.6 190.6 534.3 192.8 522.4 245.4 512.7 243.2 ship 0
548.1 204.5 556.2 210.3 531.9 244.5 523.8 238.7 ship 0
541.7 248.2 562.7 207.3 575.1 213.7 554.1 254.6 ship 0
787.4 320.4 792.9 318.1 810.6 360.6 805.1 362.9 ship 0
559.8 268.6 568.3 273.8 542.1 316.4 533.6 311.1 ship 0
559.3 323.4 599.7 281.8 609.7 291.6 569.3 333.2 ship 0
597.2 311.6 601.8 307.7 610.8 318.4 606.2 322.3 ship 0
628.5 298.3 637.2 303.3 614.3 343.2 605.6 338.2 ship 0
618.5 343.9 648.3 303.8 659.5 312.1 629.7 352.2 ship 0
659.8 319.1 667.8 325.0 647.6 352.4 639.6 346.5 ship 0
662.5 328.8 668.0 326.6 680.5 358.2 675.0 360.4 ship 0
694.9 334.5 703.3 339.8 685.1 368.5 676.7 363.2 ship 0
693.7 335.3 699.2 333.0 720.3 382.7 714.8 385.0 ship 0
726.3 358.7 731.3 355.4 754.7 390.3 749.7 393.6 ship 0
744.1 407.6 759.4 351.7 772.9 355.4 757.6 411.3 ship 0
786.4 312.3 795.2 317.1 774.9 353.9 766.2 349.0 ship 0
585.3 217.1 593.5 222.7 567.4 260.6 559.1 254.9 ship 0
740.8 329.4 779.7 304.8 787.2 316.6 748.3 341.2 ship 0
750.8 298.1 759.3 303.3 739.3 335.7 730.8 330.4 ship 0
727.4 287.1 737.2 289.2 728.4 330.3 718.6 328.2 ship 0
720.0 281.7 724.7 285.4 696.0 321.3 691.3 317.6 ship 0
689.7 270.4 695.7 269.9 699.6 315.7 693.6 316.2 ship 0
682.4 269.1 691.1 274.1 672.3 307.1 663.6 302.2 ship 0
658.8 257.0 668.7 258.3 663.2 300.0 653.3 298.6 ship 0
648.7 250.5 657.6 255.2 635.9 295.8 627.1 291.1 ship 0
625.9 243.4 635.5 246.1 625.1 282.6 615.5 279.9 ship 0
603.7 229.3 613.7 229.6 611.9 287.5 601.9 287.2 ship 0
599.4 227.5 607.6 233.1 584.1 267.9 575.8 262.3 ship 0
230.2 982.6 239.9 984.9 229.1 1029.6 219.4 1027.3 ship 0
219.8 972.4 227.9 978.2 201.2 1015.6 193.1 1009.8 ship 0
194.2 959.0 203.8 961.8 189.9 1009.8 180.3 1007.1 ship 0
9.7 707.5 14.9 704.6 37.1 744.9 31.9 747.8 ship 0
550.2 940.4 577.1 953.7 563.8 980.6 536.9 967.3 ship 0
562.8 936.4 565.6 946.0 506.2 963.6 503.4 954.0 ship 0
526.9 911.2 535.4 916.4 507.3 962.5 498.7 957.3 ship 0
500.8 909.4 510.0 913.2 492.2 955.6 483.0 951.8 ship 0
459.7 934.7 486.5 902.4 497.3 911.3 470.5 943.6 ship 0
468.6 889.1 476.7 894.9 445.4 938.9 437.3 933.1 ship 0
451.3 881.2 459.2 887.5 425.5 929.7 417.7 923.5 ship 0
434.7 867.5 442.5 873.8 403.7 922.1 395.9 915.9 ship 0
400.1 861.8 409.8 864.3 398.1 908.8 388.4 906.3 ship 0
382.0 857.2 391.4 860.8 375.0 903.8 365.6 900.2 ship 0
347.6 851.9 357.2 849.0 370.4 893.1 360.8 896.0 ship 0
350.1 845.7 357.4 852.5 328.9 883.3 321.6 876.5 ship 0
303.0 825.3 308.5 822.8 336.0 882.7 330.5 885.2 ship 0
286.4 828.2 291.8 825.6 311.9 866.9 306.5 869.6 ship 0
251.1 808.0 261.0 806.5 267.9 852.0 258.0 853.5 ship 0
250.1 798.9 258.4 804.4 230.9 846.1 222.6 840.6 ship 0
211.3 786.1 221.2 784.6 229.7 841.9 219.8 843.4 ship 0
184.6 813.4 205.5 781.7 220.6 791.6 199.6 823.3 ship 0
188.7 777.0 196.5 783.2 170.3 816.0 162.5 809.8 ship 0
167.4 765.2 176.1 770.1 155.6 806.8 146.9 801.9 ship 0
148.6 754.7 157.4 759.5 133.4 803.3 124.6 798.5 ship 0
129.8 749.7 138.0 755.5 113.9 789.9 105.7 784.1 ship 0
110.3 740.2 118.6 745.8 93.0 784.0 84.7 778.4 ship 0
63.3 762.8 86.8 728.1 101.7 738.2 78.2 772.9 ship 0
70.9 723.4 79.0 729.3 52.1 766.6 44.0 760.7 ship 0
516.3 1018.0 528.6 1004.9 544.7 1020.0 532.4 1033.1 ship 0
502.4 978.7 524.4 980.1 521.0 1030.0 499.1 1028.6 ship 0
494.4 975.4 503.9 978.6 491.6 1014.6 482.1 1011.4 ship 0
212.8 856.9 222.7 858.1 217.9 895.8 208.0 894.5 ship 0
14.0 766.8 24.0 766.3 26.0 808.2 16.0 808.7 ship 0
19.0 807.2 46.2 775.2 60.0 786.8 32.8 818.8 ship 0
48.9 789.2 54.4 786.8 69.1 821.8 63.6 824.2 ship 0
98.8 798.5 104.1 807.0 58.2 835.5 52.9 827.0 ship 0
103.4 803.6 112.2 808.2 92.6 845.4 83.8 840.8 ship 0
128.3 808.9 136.4 814.8 107.0 855.2 98.9 849.4 ship 0
142.6 817.8 151.6 822.1 131.9 863.6 122.8 859.3 ship 0
163.3 822.8 172.6 826.5 155.7 869.2 146.4 865.5 ship 0
183.1 837.6 191.5 843.0 168.9 878.4 160.5 873.0 ship 0
203.5 840.2 212.4 844.8 187.5 892.8 178.6 888.2 ship 0
251.6 861.5 258.8 868.5 221.1 907.2 213.9 900.2 ship 0
495.0 968.7 500.1 977.3 453.9 1005.2 448.7 996.6 ship 0
261.5 867.3 270.8 871.1 253.5 913.7 244.2 909.9 ship 0
294.5 876.7 301.3 884.1 258.5 923.3 251.7 915.9 ship 0
301.3 888.8 310.2 893.4 292.7 927.2 283.8 922.6 ship 0
326.5 893.1 334.9 898.5 305.5 943.9 297.1 938.5 ship 0
318.2 898.5 323.6 895.8 353.8 954.5 348.4 957.2 ship 0
372.6 914.9 379.0 922.7 337.4 957.1 331.0 949.3 ship 0
387.0 921.1 394.9 927.2 362.0 969.9 354.1 963.8 ship 0
404.3 929.2 412.5 935.0 383.7 975.8 375.5 970.0 ship 0
425.4 937.3 433.4 943.2 401.3 986.6 393.3 980.7 ship 0
444.1 947.1 452.2 952.9 420.9 996.9 412.8 991.1 ship 0
455.6 953.1 465.2 955.9 451.4 1003.9 441.8 1001.1 ship 0
49.7 715.2 57.8 721.0 35.8 752.0 27.7 746.2 ship 0
101.0 939.1 109.3 933.6 128.0 961.9 119.7 967.4 ship 0
159.5 945.4 168.1 950.5 142.6 993.5 134.0 988.4 ship 0
185.2 959.7 191.5 967.4 155.8 996.3 149.5 988.6 ship 0
97.5 982.5 105.7 988.2 77.2 1029.3 69.0 1023.6 ship 0
101.7 926.1 108.8 933.1 79.4 963.1 72.3 956.1 ship 0
75.6 976.1 84.3 981.0 61.4 1020.9 52.7 1016.0 ship 0
45.4 972.0 55.4 973.3 50.6 1011.0 40.6 1009.7 ship 0
18.7 964.7 28.5 963.0 36.3 1008.3 26.5 1010.0 ship 0
34.6 893.1 44.2 895.6 31.4 943.9 21.8 941.4 ship 0
50.4 908.4 60.1 910.6 51.6 947.6 41.9 945.4 ship 0
76.3 909.5 85.6 913.3 66.7 959.5 57.4 955.7 ship 0
-1.3 947.6 8.5 946.0 16.3 995.4 6.5 997.0 ship 0
280.7 438.1 289.3 443.1 266.3 482.9 257.7 477.9 ship 0
275.7 498.9 284.5 503.7 262.3 544.0 253.6 539.2 ship 0
266.2 496.0 272.1 504.1 234.8 531.0 228.9 522.9 ship 0
235.6 480.8 245.0 484.1 229.7 527.5 220.3 524.2 ship 0
220.6 481.9 228.5 488.0 205.4 518.1 197.5 512.0 ship 0
199.7 465.9 209.0 469.7 190.3 516.1 181.0 512.3 ship 0
181.4 462.8 190.6 466.8 173.6 505.2 164.4 501.2 ship 0
138.0 480.7 174.9 447.0 187.0 460.3 150.1 494.0 ship 0
146.2 443.8 155.3 448.1 137.4 486.1 128.3 481.8 ship 0
131.9 439.0 140.3 444.5 115.1 483.0 106.7 477.5 ship 0
135.1 432.4 138.9 441.6 77.7 466.5 74.0 457.3 ship 0
74.9 464.8 83.3 419.6 97.1 422.2 88.7 467.4 ship 0
61.6 410.0 71.6 409.2 75.4 459.0 65.4 459.8 ship 0
38.1 411.3 43.2 408.2 62.9 440.7 57.8 443.8 ship 0
34.4 398.9 43.6 402.8 28.8 437.8 19.6 433.9 ship 0
30.4 340.1 51.9 354.8 3.6 425.9 -17.9 411.2 ship 0
57.8 348.7 67.0 352.7 51.7 387.5 42.6 383.5 ship 0
76.3 352.8 85.8 355.9 71.5 399.6 62.0 396.4 ship 0
98.3 356.9 107.3 361.5 84.7 406.1 75.7 401.5 ship 0
118.8 368.5 127.1 374.1 99.2 415.5 90.9 409.9 ship 0
137.6 376.3 145.7 382.1 116.4 422.7 108.3 416.9 ship 0
152.6 383.4 161.4 388.2 139.4 428.6 130.6 423.8 ship 0
163.4 432.9 192.8 402.9 202.8 412.7 173.4 442.7 ship 0
205.3 408.1 214.3 412.3 194.7 453.9 185.7 449.7 ship 0
224.3 419.4 232.9 424.4 211.7 460.6 203.1 455.6 ship 0
243.2 423.1 251.9 428.1 228.8 467.9 220.1 462.9 ship 0
280.9 525.7 285.8 522.1 294.1 533.3 289.2 536.9 ship 0
315.1 511.0 323.6 516.3 294.9 562.0 286.4 556.7 ship 0
331.9 522.0 340.6 526.9 318.1 567.0 309.4 562.1 ship 0
475.2 584.9 484.1 589.3 461.8 634.1 452.9 629.7 ship 0
579.3 634.5 588.9 637.3 576.7 677.5 567.1 674.7 ship 0
573.1 625.2 580.4 632.0 546.3 668.5 539.0 661.7 ship 0
569.9 564.5 578.9 568.9 558.8 610.2 549.8 605.9 ship 0
559.7 555.4 567.2 561.9 534.3 599.6 526.8 593.1 ship 0
533.1 550.6 541.9 555.4 521.9 592.4 513.1 587.6 ship 0
545.6 616.2 554.9 619.9 536.6 666.4 527.3 662.8 ship 0
530.7 615.0 538.6 621.2 515.2 651.1 507.4 645.0 ship 0
509.5 607.8 518.4 612.5 500.5 646.1 491.7 641.4 ship 0
494.3 593.6 503.1 598.3 479.7 642.4 470.9 637.7 ship 0
518.5 539.2 527.0 544.5 500.5 586.8 492.0 581.5 ship 0
500.9 533.5 509.2 539.1 481.1 580.5 472.8 574.9 ship 0
455.5 577.7 464.6 581.9 443.5 627.3 434.4 623.1 ship 0
347.6 471.0 357.1 474.0 342.9 517.8 333.4 514.7 ship 0
440.5 573.1 448.5 579.1 423.5 612.9 415.5 606.9 ship 0
475.2 523.2 484.8 526.2 468.8 577.8 459.2 574.8 ship 0
430.9 553.8 467.6 519.9 477.1 530.2 440.4 564.1 ship 0
459.4 517.8 462.3 523.0 418.6 547.2 415.7 542.0 ship 0
427.9 500.9 436.3 506.3 409.4 548.4 401.0 543.1 ship 0
388.8 556.4 398.7 555.7 402.2 601.6 392.3 602.3 ship 0
381.5 547.0 390.6 551.0 373.7 589.5 364.6 585.4 ship 0
348.5 577.8 359.0 541.3 372.5 545.2 362.0 581.7 ship 0
400.8 493.5 410.6 495.2 402.2 544.5 392.4 542.8 ship 0
363.9 517.3 388.3 488.2 402.1 499.7 377.7 528.8 ship 0
374.8 477.9 382.6 484.1 351.2 523.1 343.4 516.9 ship 0
250.0 427.1 260.0 426.9 261.0 480.9 251.0 481.1 ship 0
297.6 446.4 306.5 450.8 284.4 495.6 275.5 491.2 ship 0
619.3 653.2 628.0 658.1 607.6 694.8 598.8 689.9 ship 0
312.2 454.8 321.5 458.4 304.8 501.2 295.5 497.6 ship 0
311.3 642.2 320.6 645.9 305.4 685.0 296.1 681.4 ship 0
271.3 665.1 300.7 635.1 310.7 644.9 281.3 674.9 ship 0
251.0 687.5 276.8 684.5 281.7 726.2 255.9 729.2 ship 0
226.6 710.2 255.4 679.6 265.6 689.2 236.8 719.8 ship 0
252.2 609.0 271.3 620.0 246.1 663.2 227.1 652.2 ship 0
200.6 651.7 210.6 650.6 216.4 704.3 206.4 705.4 ship 0
159.7 684.1 202.1 650.7 213.3 664.9 170.9 698.3 ship 0
176.8 641.8 185.1 647.4 159.1 685.4 150.9 679.7 ship 0
217.6 601.9 225.4 608.1 199.4 641.1 191.6 634.9 ship 0
200.1 589.0 208.0 595.1 177.9 635.0 170.0 628.9 ship 0
151.8 613.4 181.1 583.3 191.2 593.0 161.9 623.1 ship 0
155.0 628.2 163.9 632.9 138.8 680.7 130.0 676.1 ship 0
129.6 562.7 149.7 571.5 134.4 606.3 114.3 597.5 ship 0
120.7 617.2 128.1 623.9 94.6 661.0 87.2 654.3 ship 0
77.7 613.7 87.4 611.4 96.3 648.3 86.6 650.6 ship 0
96.9 545.8 113.9 559.9 87.1 592.2 70.1 578.1 ship 0
83.5 598.3 90.9 605.1 51.5 647.7 44.1 640.9 ship 0
54.0 591.1 62.8 595.8 41.2 636.4 32.4 631.7 ship 0
38.8 582.6 47.0 588.4 22.9 622.8 14.7 617.0 ship 0
30.7 541.3 62.7 529.7 74.3 561.7 42.3 573.3 ship 0
339.0 649.2 347.0 655.2 317.2 695.3 309.2 689.4 ship 0
355.4 658.2 364.1 663.1 343.6 699.8 334.9 694.9 ship 0
394.3 675.2 403.0 680.0 382.7 716.8 374.0 712.0 ship 0
565.9 814.6 574.9 818.9 555.1 860.4 546.1 856.1 ship 0
324.4 460.8 334.4 461.3 331.6 511.2 321.6 510.7 ship 0
613.0 788.4 633.1 779.3 643.8 802.9 623.8 812.1 ship 0
615.2 768.6 623.1 774.7 592.5 814.3 584.6 808.2 ship 0
571.4 797.0 583.4 756.8 600.6 762.0 588.6 802.2 ship 0
568.0 743.6 577.8 745.7 566.0 798.4 556.2 796.3 ship 0
545.8 740.5 555.7 741.9 549.2 787.5 539.3 786.1 ship 0
536.5 733.0 544.7 738.7 516.5 780.0 508.3 774.3 ship 0
504.4 725.1 514.3 726.1 509.7 771.8 499.7 770.8 ship 0
493.4 717.3 502.2 722.0 480.6 762.7 471.8 758.0 ship 0
462.0 703.8 472.0 703.8 472.0 753.8 462.0 753.8 ship 0
558.8 863.5 578.6 817.6 606.2 829.5 586.4 875.4 ship 0
549.2 804.2 557.9 809.3 532.5 852.4 523.9 847.3 ship 0
373.2 664.0 382.4 668.0 362.8 714.0 353.6 710.0 ship 0
504.7 840.2 522.4 793.4 539.3 799.8 521.6 846.6 ship 0
486.4 778.8 495.6 782.8 478.6 821.2 469.4 817.2 ship 0
460.7 761.4 470.7 761.8 468.4 819.7 458.4 819.3 ship 0
433.0 751.1 441.8 755.9 418.0 799.9 409.2 795.1 ship 0
396.1 764.6 401.1 761.3 410.9 776.4 405.9 779.7 ship 0
449.6 699.5 459.1 702.5 446.4 742.5 436.9 739.5 ship 0
407.3 685.3 412.4 682.3 447.7 742.7 442.6 745.7 ship 0
417.4 677.5 426.1 682.4 399.6 729.5 390.9 724.6 ship 0
397.3 735.2 404.8 741.7 372.1 779.5 364.6 773.0 ship 0
352.7 721.0 361.3 726.3 335.3 769.0 326.7 763.8 ship 0
328.8 714.8 337.9 718.9 320.7 757.3 311.6 753.2 ship 0
603.4 640.9 612.1 645.8 589.7 686.0 580.9 681.1 ship 0
638.1 662.5 646.6 667.9 626.3 700.0 617.8 694.7 ship 0
708.5 641.3 709.5 639.6 711.2 640.6 710.2 642.3 ship 0
783.0 15.3 806.0 -4.0 815.0 6.7 792.0 26.0 ship 0
666.5 604.1 674.2 610.4 645.2 646.1 637.4 639.8 ship 0
641.4 601.8 650.2 606.5 632.6 640.2 623.8 635.5 ship 0
625.3 587.1 634.4 591.4 614.7 632.9 605.6 628.6 ship 0
606.8 581.5 615.6 586.4 593.2 626.5 584.4 621.6 ship 0
607.2 581.4 609.8 586.8 560.8 609.6 558.2 604.2 ship 0
658.4 664.3 667.2 669.0 645.6 709.7 636.8 705.0 ship 0
678.0 671.5 686.1 677.3 659.0 714.5 650.9 708.7 ship 0
683.6 684.0 699.0 693.4 683.4 719.0 668.0 709.6 ship 0
828.4 3.7 832.0 8.4 802.0 31.7 798.3 26.9 ship 0
840.9 60.1 849.0 66.1 824.1 99.9 816.0 93.9 ship 0
779.9 70.0 807.8 44.3 817.3 54.6 789.3 80.3 ship 0
827.1 49.7 834.9 55.9 806.6 92.1 798.7 85.9 ship 0
649.1 21.4 656.4 -7.8 669.9 -4.4 662.6 24.8 ship 0
695.9 -3.4 699.2 1.6 661.1 27.4 657.8 22.4 ship 0
698.8 0.5 708.1 4.1 694.2 39.5 684.9 35.9 ship 0
722.5 49.6 724.5 15.6 738.5 16.4 736.5 50.4 ship 0
755.2 21.3 763.5 27.0 739.8 61.7 731.5 56.0 ship 0
755.5 23.5 761.4 22.4 771.5 79.5 765.6 80.6 ship 0
786.6 33.8 795.8 37.9 777.0 79.9 767.9 75.8 ship 0
