968.5 905.9 976.9 911.4 929.5 983.1 921.1 977.6 ship 0
956.5 925.2 966.1 922.4 984.5 985.8 974.9 988.6 ship 0
1013.3 946.2 1043.1 969.6 1014.7 1005.8 984.9 982.4 ship 0
1003.0 449.4 1011.6 454.4 934.1 587.5 925.5 582.4 ship 0
993.5 495.2 1003.0 498.3 980.5 568.8 971.0 565.7 ship 0
986.7 508.9 1004.3 505.1 1023.3 593.1 1005.7 596.9 ship 0
926.8 894.8 934.6 901.0 886.2 962.2 878.4 956.0 ship 0
942.4 904.0 950.9 909.3 913.8 968.6 905.3 963.3 ship 0
872.6 878.6 882.5 877.2 894.7 958.3 884.8 959.7 ship 0
855.8 850.4 864.9 854.5 827.9 936.5 818.7 932.4 ship 0
633.6 762.1 645.0 770.1 597.8 837.2 586.3 829.1 ship 0
664.3 779.2 672.3 785.2 625.7 847.8 617.7 841.8 ship 0
684.1 779.5 692.8 784.4 650.9 859.5 642.2 854.6 ship 0
698.1 800.8 710.3 807.7 677.9 865.2 665.7 858.3 ship 0
742.6 813.5 748.4 821.6 678.4 871.5 672.6 863.4 ship 0
752.4 818.0 760.0 824.5 709.6 884.0 702.0 877.5 ship 0
763.0 838.2 771.4 843.6 738.0 895.8 729.6 890.4 ship 0
789.9 835.3 798.5 840.3 761.1 904.2 752.4 899.1 ship 0
810.4 847.0 818.9 852.2 782.6 912.0 774.1 906.8 ship 0
833.1 860.6 841.6 866.0 801.9 928.4 793.4 923.0 ship 0
591.7 849.2 603.4 856.8 576.3 898.8 564.6 891.2 ship 0
615.5 848.5 625.1 851.1 604.6 926.4 594.9 923.7 ship 0
647.8 856.2 656.6 860.8 616.3 936.8 607.4 932.1 ship 0
666.8 881.5 675.1 887.1 647.2 928.5 638.9 922.9 ship 0
686.3 893.0 694.6 898.6 666.7 940.0 658.4 934.4 ship 0
710.1 894.6 718.7 899.7 685.3 956.6 676.6 951.5 ship 0
747.4 920.4 766.0 932.1 741.4 971.0 722.8 959.3 ship 0
784.4 939.6 804.0 949.7 779.4 997.7 759.8 987.7 ship 0
843.2 962.4 850.7 969.0 809.8 1015.6 802.3 1009.0 ship 0
874.4 957.1 881.8 963.8 837.6 1012.9 830.2 1006.2 ship 0
872.6 988.8 905.6 980.5 918.7 1032.9 885.7 1041.2 ship 0
371.5 941.8 383.0 949.8 331.4 1023.5 319.9 1015.5 ship 0
396.5 956.9 404.8 962.5 362.9 1023.5 354.7 1017.9 ship 0
416.6 970.7 424.8 976.6 386.4 1030.3 378.2 1024.4 ship 0
