832.7 737.5 867.4 696.2 890.3 715.5 855.6 756.8 harbor 0
721.2 636.5 777.5 582.5 828.7 636.0 772.4 689.9 harbor 0
694.4 560.7 756.7 520.6 781.6 559.3 719.3 599.4 harbor 0
668.3 478.3 698.3 478.9 696.8 552.9 666.8 552.2 harbor 0
583.0 502.0 620.6 433.7 660.9 455.9 623.2 524.2 harbor 0
465.2 415.5 468.4 389.8 561.7 401.6 558.4 427.4 harbor 0
459.3 295.5 508.2 345.7 443.7 408.5 394.8 358.3 harbor 0
418.4 237.2 473.1 287.1 420.5 344.7 365.8 294.8 harbor 0
356.4 211.0 388.0 122.5 442.6 142.0 411.0 230.5 harbor 0
406.9 -36.0 466.5 36.7 409.3 83.6 349.7 11.0 harbor 0
842.2 662.7 858.6 677.3 809.5 732.6 793.0 718.0 harbor 0
857.6 767.4 914.2 742.2 926.4 769.6 869.8 794.8 harbor 0
922.3 767.3 938.8 774.6 910.7 838.7 894.2 831.4 harbor 0
994.5 824.3 994.7 878.3 932.7 878.4 932.5 824.4 harbor 0
