905.0 787.4 932.1 819.5 900.0 846.6 872.9 814.5 ship 0
536.8 130.7 572.5 171.1 424.2 302.3 388.5 261.9 harbor 0
100.2 26.2 144.1 57.6 108.0 108.0 64.1 76.6 harbor 0
266.7 13.4 302.4 53.9 61.1 267.1 25.4 226.6 harbor 0
258.8 19.4 398.5 123.1 323.4 224.3 183.7 120.5 harbor 0
380.5 93.8 397.9 113.2 271.6 227.0 254.2 207.7 harbor 0
348.0 308.1 378.2 285.0 411.0 327.9 380.8 351.0 swimming-pool 0
806.8 706.6 832.2 668.2 867.2 691.4 841.8 729.8 ship 0
602.5 230.6 636.2 267.6 504.5 387.4 470.8 350.4 harbor 0
732.4 421.3 754.2 461.8 618.6 534.7 596.8 494.2 harbor 0
754.8 708.7 830.2 667.4 856.1 714.8 780.7 756.0 harbor 0
692.7 874.9 723.5 852.7 750.3 890.1 719.5 912.3 swimming-pool 0
846.8 799.3 877.5 813.9 857.7 855.5 827.0 840.8 harbor 0
948.1 839.5 979.3 878.6 859.0 974.6 827.8 935.6 harbor 0
225.1 82.8 253.0 -2.8 292.9 10.2 265.0 95.8 ship 0
288.8 71.9 350.8 70.8 351.7 120.7 289.8 121.9 ship 0
517.9 170.6 577.7 198.6 561.6 233.0 501.8 205.1 ship 0
