544.5 720.5 580.6 760.7 418.5 906.5 382.4 866.3 harbor 0
35.2 279.1 47.5 234.8 199.8 276.9 187.5 321.2 harbor 0
-5.5 444.8 -2.1 390.9 191.5 403.2 188.1 457.1 harbor 0
50.9 498.1 120.8 463.5 144.8 511.9 74.9 546.5 harbor 0
44.7 587.2 159.0 558.2 170.3 602.8 56.0 631.8 harbor 0
167.8 591.8 194.3 629.4 42.3 736.5 15.8 698.9 harbor 0
278.9 606.6 315.7 651.5 50.9 868.0 14.2 823.1 harbor 0
263.9 615.6 399.1 718.6 320.4 822.0 185.1 719.0 harbor 0
369.7 680.5 390.4 696.3 284.4 834.3 263.8 818.5 harbor 0
350.9 908.8 375.4 885.2 410.1 921.2 385.6 944.8 swimming-pool 0
469.1 937.8 596.1 824.8 639.9 874.2 512.9 987.2 harbor 0
230.9 645.4 244.7 618.7 289.1 641.6 275.3 668.3 ship 0
296.2 688.7 323.1 667.9 346.3 698.0 319.4 718.8 ship 0
535.0 766.7 573.4 798.7 546.5 831.0 508.1 798.9 ship 0
400.4 3.8 430.6 -25.4 473.6 19.2 443.4 48.4 harbor 0
