740.8 891.0 768.2 917.3 725.2 962.0 697.8 935.7 harbor 0
771.8 896.6 793.1 901.9 773.2 981.4 751.9 976.1 harbor 0
683.9 591.9 695.4 568.6 751.1 595.9 739.6 619.3 harbor 0
779.2 447.3 792.5 411.7 843.1 430.7 829.8 466.3 harbor 0
674.9 484.7 677.1 434.8 755.1 438.2 752.9 488.1 harbor 0
788.4 516.5 795.5 479.2 844.6 488.5 837.5 525.8 harbor 0
747.8 490.3 769.2 535.5 684.2 575.6 662.8 530.4 harbor 0
786.3 579.2 788.8 537.3 850.7 540.8 848.2 582.7 harbor 0
783.0 632.1 804.5 591.4 845.2 612.9 823.7 653.6 harbor 0
696.6 682.6 710.8 671.5 749.1 720.3 734.9 731.4 harbor 0
711.4 373.0 872.4 355.2 876.6 393.0 715.6 410.8 harbor 0
785.8 747.3 809.8 708.1 859.3 738.3 835.2 777.6 harbor 0
750.3 712.6 776.4 759.9 697.7 803.4 671.6 756.1 harbor 0
845.5 777.1 856.5 817.7 800.5 832.9 789.5 792.3 harbor 0
741.4 838.6 771.2 878.8 724.6 913.4 694.8 873.2 harbor 0
830.7 834.5 853.9 859.3 817.3 893.5 794.1 868.7 harbor 0
794.5 901.8 817.0 876.4 854.5 909.4 832.0 934.9 harbor 0
721.2 370.4 750.5 410.9 706.8 442.6 677.5 402.1 harbor 0
773.4 299.7 811.4 301.4 809.6 343.3 771.6 341.6 harbor 0
592.3 2.8 640.7 15.0 621.7 90.6 573.2 78.5 harbor 0
470.6 7.8 516.3 12.7 508.4 86.2 462.7 81.3 harbor 0
516.7 12.3 557.7 3.4 573.3 75.7 532.3 84.6 harbor 0
650.3 12.2 688.0 17.3 679.7 78.8 642.0 73.7 harbor 0
718.0 233.0 739.4 247.8 695.0 312.0 673.6 297.2 harbor 0
707.8 11.6 728.6 18.9 708.2 77.4 687.4 70.1 harbor 0
772.3 12.9 800.9 43.7 746.7 94.1 718.1 63.3 harbor 0
803.0 74.4 844.3 120.7 795.0 164.6 753.7 118.3 harbor 0
636.4 188.5 730.9 132.2 766.7 192.4 672.1 248.6 harbor 0
771.4 200.7 796.7 167.2 836.6 197.3 811.3 230.8 harbor 0
771.6 258.2 781.1 234.0 831.4 253.8 821.9 278.0 harbor 0
371.0 603.9 373.0 577.9 426.9 582.1 424.9 608.0 harbor 0
263.9 459.9 271.1 398.4 328.7 405.1 321.5 466.7 harbor 0
367.9 488.6 373.8 451.0 427.1 459.4 421.2 497.0 harbor 0
325.5 450.4 345.4 496.3 266.5 530.6 246.6 484.7 harbor 0
265.5 539.4 325.0 522.0 334.5 554.6 275.0 572.0 harbor 0
405.1 540.6 406.4 539.1 407.9 540.4 406.6 541.9 harbor 0
323.9 560.9 337.7 572.6 282.0 638.1 268.3 626.4 harbor 0
273.0 669.3 283.7 641.3 349.1 666.4 338.3 694.5 harbor 0
313.3 332.9 338.0 376.4 273.7 412.9 249.0 369.4 harbor 0
370.7 673.8 376.8 632.2 430.3 640.0 424.2 681.6 harbor 0
320.3 688.5 349.3 724.2 295.1 768.4 266.0 732.7 harbor 0
368.8 724.8 373.7 683.1 435.3 690.3 430.4 732.0 harbor 0
376.7 779.7 396.3 733.7 442.3 753.3 422.7 799.3 harbor 0
326.1 751.6 354.9 792.5 300.9 830.4 272.1 789.5 harbor 0
333.9 816.7 355.1 857.6 303.6 884.3 282.4 843.4 harbor 0
398.9 382.4 416.1 396.1 380.1 441.6 362.9 427.9 harbor 0
347.8 340.2 402.1 310.2 428.2 357.4 374.0 387.4 harbor 0
228.0 16.8 254.0 16.2 255.4 70.2 229.4 70.8 harbor 0
36.8 21.5 74.1 14.4 84.2 67.5 46.9 74.6 harbor 0
93.3 23.5 132.5 8.5 154.7 66.4 115.4 81.4 harbor 0
178.1 7.4 222.3 20.2 203.9 83.6 159.7 70.8 harbor 0
291.8 -2.7 337.0 6.2 321.2 86.7 276.0 77.8 harbor 0
308.1 262.5 337.5 307.8 268.8 352.5 239.3 307.2 harbor 0
334.5 -4.2 388.4 -7.6 394.5 86.2 340.6 89.6 harbor 0
386.5 25.2 427.2 3.8 461.6 69.4 420.8 90.7 harbor 0
203.2 111.4 271.6 126.4 254.8 202.6 186.4 187.6 harbor 0
261.4 247.4 281.9 206.3 326.6 228.6 306.1 269.7 harbor 0
386.2 193.0 415.2 265.4 368.8 284.0 339.8 211.6 harbor 0
434.4 867.5 442.1 883.8 389.6 908.5 381.9 892.2 harbor 0
335.9 880.6 346.3 900.0 295.1 927.4 284.7 908.0 harbor 0
315.5 943.7 356.8 936.0 364.5 977.3 323.2 985.0 harbor 0
359.5 907.1 377.3 904.7 390.4 1001.9 372.5 1004.3 harbor 0
383.2 926.7 413.5 903.8 438.8 937.3 408.5 960.2 harbor 0
