106.7 392.4 122.1 408.1 66.3 462.6 50.9 446.9 harbor 0
307.8 622.5 310.5 564.5 352.5 566.5 349.8 624.4 harbor 0
355.0 567.5 384.0 559.8 400.9 623.6 371.9 631.3 harbor 0
441.2 547.1 476.1 570.5 434.8 631.9 399.9 608.5 harbor 0
499.0 546.3 539.5 575.6 493.7 638.8 453.2 609.4 harbor 0
522.2 562.1 565.1 545.5 594.8 621.9 551.9 638.5 harbor 0
593.4 574.8 617.5 565.1 637.7 615.2 613.5 624.9 harbor 0
628.0 402.5 666.1 428.3 638.0 469.7 599.9 443.9 harbor 0
500.9 396.0 545.4 426.6 508.1 481.0 463.6 450.4 harbor 0
406.2 414.9 432.5 393.3 466.8 435.1 440.5 456.7 harbor 0
286.9 414.4 326.4 390.8 356.1 440.6 316.6 464.2 harbor 0
230.9 395.7 266.2 381.7 289.1 439.3 253.8 453.3 harbor 0
242.4 387.9 252.3 397.8 194.5 456.0 184.6 446.1 harbor 0
110.3 439.7 128.4 397.4 181.7 420.2 163.6 462.5 harbor 0
11.0 392.0 49.9 416.5 27.5 452.0 -11.4 427.5 harbor 0
255.5 558.9 291.6 580.4 261.9 630.2 225.8 608.7 harbor 0
192.6 566.9 208.3 558.3 232.4 602.1 216.7 610.7 harbor 0
61.9 608.7 100.1 518.5 135.1 533.3 96.9 623.5 harbor 0
170.9 806.5 208.9 805.4 212.0 911.3 174.1 912.5 harbor 0
861.9 835.2 907.3 842.5 886.1 974.8 840.7 967.5 harbor 0
764.2 851.9 801.3 843.6 827.8 962.7 790.7 971.0 harbor 0
706.5 835.8 739.9 842.4 717.5 954.2 684.1 947.6 harbor 0
588.4 840.2 626.2 836.4 639.4 965.7 601.6 969.6 harbor 0
525.4 826.5 559.3 825.6 563.6 987.5 529.7 988.4 harbor 0
492.1 827.3 524.1 838.8 482.9 953.7 450.9 942.2 harbor 0
411.7 809.2 453.6 811.2 446.3 965.0 404.4 963.0 harbor 0
368.4 814.3 405.7 821.6 376.6 968.8 339.3 961.4 harbor 0
244.9 804.1 286.3 811.2 258.5 974.8 217.1 967.8 harbor 0
