150.0 431.7 186.8 476.5 142.0 513.3 105.2 468.5 harbor 0
152.8 767.6 268.8 692.8 287.2 721.4 171.2 796.2 harbor 0
211.6 658.9 228.2 666.0 200.6 730.3 184.1 723.2 harbor 0
197.9 606.2 213.8 614.5 183.3 673.0 167.3 664.7 harbor 0
230.3 615.9 270.9 586.8 297.7 624.2 257.1 653.3 harbor 0
189.3 561.1 202.2 583.7 158.8 608.5 145.9 586.0 harbor 0
219.8 543.5 252.3 523.8 278.2 566.5 245.7 586.2 harbor 0
161.4 496.6 191.9 531.0 160.5 558.9 130.0 524.5 harbor 0
212.4 502.1 221.3 491.2 260.1 522.8 251.2 533.6 harbor 0
185.9 450.5 212.8 418.3 257.4 455.4 230.5 487.7 harbor 0
240.1 764.4 279.7 806.8 231.4 851.8 191.8 809.4 harbor 0
96.2 410.0 101.4 388.6 161.7 403.1 156.5 424.5 harbor 0
177.5 390.9 210.2 364.5 241.6 403.4 209.0 429.8 harbor 0
140.4 337.8 141.2 383.8 91.2 384.7 90.4 338.7 harbor 0
156.1 325.4 195.3 301.3 229.9 357.6 190.7 381.7 harbor 0
125.4 269.5 144.0 311.5 76.4 341.6 57.7 299.5 harbor 0
141.5 277.4 172.9 249.5 206.0 287.0 174.6 314.8 harbor 0
130.4 211.7 160.4 195.6 189.6 250.3 159.6 266.4 harbor 0
99.6 217.8 123.3 266.2 78.4 288.2 54.7 239.8 harbor 0
265.5 718.4 312.6 701.5 329.5 748.6 282.4 765.5 harbor 0
274.1 792.5 310.3 752.4 347.4 785.9 311.3 826.0 harbor 0
268.2 835.3 282.6 851.9 235.8 892.7 221.4 876.1 harbor 0
354.2 995.3 362.9 984.3 392.8 1007.7 384.1 1018.7 harbor 0
286.1 943.8 303.6 957.1 270.9 1000.2 253.4 986.9 harbor 0
377.0 926.6 386.5 967.5 345.5 977.0 336.1 936.1 harbor 0
266.5 865.5 302.8 886.6 259.7 960.9 223.3 939.8 harbor 0
362.6 873.7 368.3 911.3 326.7 917.5 321.1 879.9 harbor 0
305.0 831.1 314.2 820.5 352.0 853.2 342.9 863.8 harbor 0
44.2 203.0 80.1 174.2 101.4 200.8 65.4 229.5 harbor 0
102.3 150.5 149.5 124.3 185.4 189.0 138.2 215.2 harbor 0
70.8 96.2 101.9 135.4 47.0 178.8 15.9 139.6 harbor 0
730.2 819.1 761.4 797.3 787.8 834.9 756.6 856.7 harbor 0
794.7 975.3 831.3 985.3 819.3 1029.7 782.7 1019.7 harbor 0
775.1 942.6 784.4 932.2 821.7 965.4 812.4 975.9 harbor 0
681.2 971.2 718.1 943.7 748.0 983.7 711.2 1011.3 harbor 0
744.5 892.6 775.5 864.2 814.7 907.0 783.7 935.3 harbor 0
711.8 893.4 727.6 914.1 678.2 951.6 662.4 930.9 harbor 0
689.7 838.0 708.3 856.2 673.3 892.0 654.7 873.8 harbor 0
79.7 103.8 106.4 43.5 155.8 65.3 129.1 125.7 harbor 0
725.4 769.8 734.4 759.1 778.8 796.4 769.8 807.1 harbor 0
673.8 773.3 704.8 812.5 659.3 848.5 628.3 809.3 harbor 0
697.9 717.2 745.3 691.3 775.1 745.8 727.7 771.7 harbor 0
680.1 713.3 700.0 754.8 618.9 793.7 599.0 752.2 harbor 0
685.3 677.8 724.7 640.8 761.7 680.2 722.3 717.2 harbor 0
649.6 655.3 679.7 700.2 624.8 736.9 594.8 692.0 harbor 0
739.1 591.7 750.4 619.5 674.5 650.4 663.2 622.6 harbor 0
632.0 612.3 649.3 625.9 611.0 674.7 593.7 661.1 harbor 0
47.8 54.3 65.4 67.4 33.2 110.7 15.6 97.6 harbor 0
165.4 -6.7 177.9 -12.9 196.6 24.7 184.1 30.9 harbor 0
655.5 559.7 694.7 528.7 728.2 571.1 689.0 602.1 harbor 0
1013.4 473.1 1015.0 474.2 1013.8 475.9 1012.2 474.7 harbor 0
993.4 394.7 1027.5 419.2 1005.3 450.1 971.2 425.6 harbor 0
992.0 341.5 1008.3 356.3 977.4 390.4 961.1 375.6 harbor 0
976.5 272.9 1009.3 310.7 968.5 346.1 935.7 308.3 harbor 0
616.8 560.0 632.6 575.4 592.2 617.0 576.4 601.6 harbor 0
603.3 496.6 630.4 538.6 581.7 570.1 554.5 528.1 harbor 0
652.6 498.1 662.1 487.8 698.9 521.7 689.4 532.0 harbor 0
899.4 209.5 963.4 158.2 984.7 184.8 920.7 236.1 harbor 0
1026.9 91.1 1040.9 134.9 985.6 152.5 971.7 108.7 harbor 0
942.6 114.3 958.5 129.5 915.5 174.2 899.6 159.0 harbor 0
958.3 59.4 1001.4 34.0 1024.7 73.6 981.6 99.0 harbor 0
902.1 -14.0 943.7 42.3 893.8 79.1 852.2 22.8 harbor 0
978.5 210.5 997.7 228.0 934.5 297.5 915.3 280.0 harbor 0
534.5 228.5 547.7 250.9 501.2 278.3 488.0 255.9 harbor 0
631.9 465.8 649.7 423.4 692.1 441.2 674.3 483.6 harbor 0
591.5 441.1 608.4 455.3 560.7 511.9 543.9 497.7 harbor 0
613.2 410.3 629.1 367.1 679.8 385.7 663.9 428.9 harbor 0
568.7 379.5 605.1 419.4 559.2 461.2 522.9 421.3 harbor 0
597.7 328.9 632.5 305.3 662.8 349.9 628.0 373.5 harbor 0
551.3 341.5 568.8 354.7 541.1 391.4 523.6 378.2 harbor 0
590.5 277.0 599.6 266.4 640.4 301.7 631.3 312.3 harbor 0
548.2 281.3 563.6 302.3 510.3 341.2 494.9 320.2 harbor 0
577.5 216.8 619.1 211.0 624.4 248.7 582.8 254.5 harbor 0
469.1 196.5 507.3 164.3 536.9 199.5 498.7 231.7 harbor 0
560.1 171.4 592.2 150.9 610.4 179.6 578.4 200.0 harbor 0
508.4 105.8 527.7 133.8 463.6 178.2 444.3 150.2 harbor 0
531.6 129.5 551.4 92.5 602.5 119.9 582.7 156.9 harbor 0
487.4 54.9 504.0 69.4 460.6 119.1 444.0 104.6 harbor 0
520.3 90.9 526.5 33.3 588.2 39.9 582.0 97.5 harbor 0
461.4 4.6 477.8 29.7 442.7 52.7 426.2 27.6 harbor 0
