851.7 174.6 884.9 148.9 930.3 207.4 897.1 233.1 harbor 0
768.4 103.5 792.6 113.0 769.7 170.7 745.6 161.1 harbor 0
738.9 164.9 774.8 193.7 751.0 223.3 715.1 194.5 harbor 0
689.5 238.9 743.5 239.1 743.4 281.1 689.4 280.9 harbor 0
650.6 162.0 651.3 163.9 649.4 164.6 648.7 162.7 harbor 0
453.4 251.9 479.9 108.3 544.8 120.3 518.3 263.9 harbor 0
301.7 83.3 351.5 87.3 335.3 292.7 285.5 288.7 harbor 0
185.6 102.4 231.1 109.0 211.4 245.6 165.9 239.0 harbor 0
94.7 203.2 122.8 134.7 169.1 153.7 141.0 222.2 harbor 0
-22.7 156.1 22.4 126.4 61.0 184.8 15.9 214.6 harbor 0
