265.7 86.3 306.5 65.0 331.5 112.9 290.7 134.1 harbor 0
187.0 149.1 261.8 171.5 247.5 219.4 172.7 197.0 harbor 0
143.0 216.8 174.7 183.5 216.7 223.6 184.9 256.9 harbor 0
30.6 300.6 67.6 280.8 98.9 338.9 61.8 358.8 harbor 0
-24.1 332.8 11.7 303.9 65.7 370.8 29.9 399.7 harbor 0
223.8 133.5 259.0 104.0 296.2 148.5 261.0 178.0 harbor 0
293.4 53.0 319.6 20.1 374.3 63.7 348.2 96.6 harbor 0
701.6 227.7 731.7 257.0 699.6 289.9 669.5 260.6 swimming-pool 0
352.4 9.7 384.7 -17.1 416.6 21.3 384.3 48.1 harbor 0
454.6 952.1 487.7 978.1 449.4 1026.9 416.3 1000.9 swimming-pool 0
192.7 592.4 219.3 560.0 264.1 596.8 237.5 629.2 swimming-pool 0
