958.4 173.4 1000.9 140.0 1044.1 195.1 1001.6 228.5 harbor 0
920.9 201.4 937.6 181.4 1006.7 239.0 990.1 259.0 harbor 0
799.0 303.2 840.0 268.0 898.5 336.4 857.5 371.5 harbor 0
761.5 325.3 780.3 307.4 848.0 378.2 829.2 396.2 harbor 0
674.0 417.0 689.3 396.0 762.0 449.0 746.7 470.0 harbor 0
615.3 461.3 650.6 415.2 734.7 479.7 699.4 525.8 harbor 0
540.4 529.6 576.0 494.5 653.2 572.9 617.6 608.0 harbor 0
504.4 555.2 521.9 536.0 617.7 623.9 600.1 643.1 harbor 0
422.9 653.1 461.7 615.5 527.1 682.9 488.3 720.5 harbor 0
395.1 684.4 411.8 664.4 474.7 717.0 458.0 737.0 harbor 0
364.9 734.6 385.5 718.8 416.1 758.4 395.5 774.2 harbor 0
325.3 770.1 344.6 752.7 391.5 804.7 372.2 822.1 harbor 0
286.9 796.4 320.6 778.7 369.9 872.5 336.3 890.2 harbor 0
240.8 893.8 260.0 870.7 329.2 928.2 310.0 951.3 harbor 0
220.6 989.9 224.1 936.1 294.0 940.7 290.4 994.6 harbor 0
986.0 593.2 1000.0 571.3 1038.8 596.0 1024.8 617.9 swimming-pool 0
192.2 1018.5 221.8 988.7 248.8 1015.4 219.2 1045.3 harbor 0
