470.0 302.7 514.9 272.6 585.0 377.3 540.1 407.4 harbor 0
575.5 280.6 615.2 257.5 682.5 373.4 642.8 396.5 harbor 0
681.6 285.3 725.6 254.0 789.4 343.7 745.4 375.0 harbor 0
902.8 288.1 966.8 250.8 1022.2 345.9 958.2 383.2 harbor 0
466.9 290.1 500.9 307.0 453.5 401.9 419.5 384.9 harbor 0
364.8 298.4 413.6 287.4 442.1 414.3 393.3 425.2 harbor 0
322.0 303.3 371.9 305.9 365.0 435.7 315.1 433.1 harbor 0
245.4 379.9 258.1 357.2 322.6 393.5 309.9 416.1 harbor 0
36.8 398.5 77.9 419.1 42.9 488.8 1.8 468.2 harbor 0
51.7 364.9 98.7 347.8 152.9 496.2 105.9 513.3 harbor 0
125.5 388.0 167.6 361.1 222.5 447.0 180.4 473.9 harbor 0
195.0 370.8 218.5 359.6 269.0 466.2 245.5 477.4 harbor 0
