164.9 10.6 176.4 29.4 137.1 53.4 125.6 34.6 harbor 0
78.6 95.2 78.9 97.2 76.9 97.4 76.7 95.4 harbor 0
209.3 992.6 233.0 974.2 258.7 1007.4 235.0 1025.8 harbor 0
22.2 680.0 43.1 701.6 12.9 730.8 -8.0 709.3 swimming-pool 0
536.1 727.4 569.0 753.5 537.9 792.6 505.0 766.5 swimming-pool 0
346.4 548.9 373.4 522.1 405.8 554.7 378.9 581.5 swimming-pool 0
606.7 637.4 625.3 619.2 646.3 640.6 627.7 658.8 swimming-pool 0
735.1 428.1 746.2 395.9 774.5 405.7 763.5 437.8 swimming-pool 0
580.4 213.5 597.0 183.9 633.6 204.5 617.0 234.1 swimming-pool 0
350.4 241.1 367.2 221.2 396.2 245.8 379.3 265.6 swimming-pool 0
275.9 324.6 293.5 305.4 321.5 331.0 304.0 350.2 swimming-pool 0
261.6 369.4 280.3 351.4 309.4 381.6 290.7 399.6 swimming-pool 0
489.1 87.4 507.6 63.7 537.6 87.1 519.1 110.7 swimming-pool 0
570.3 19.8 587.2 -9.7 616.7 7.2 599.8 36.7 swimming-pool 0
652.9 773.0 680.3 752.8 698.1 777.0 670.7 797.2 swimming-pool 0
793.6 930.6 795.4 931.6 794.4 933.4 792.6 932.4 swimming-pool 0
881.0 635.8 914.7 640.5 910.0 674.2 876.3 669.5 swimming-pool 0
605.6 97.8 611.7 89.8 651.4 120.2 645.3 128.2 harbor 0
649.4 76.2 652.0 85.9 619.2 95.0 616.6 85.3 harbor 0
643.0 41.8 648.7 50.1 604.3 80.8 598.6 72.5 harbor 0
342.6 477.3 361.5 532.1 310.4 549.7 291.5 494.9 harbor 0
75.2 892.8 91.4 854.1 170.8 887.2 154.6 925.9 harbor 0
62.0 695.1 87.1 760.4 18.0 786.9 -7.1 721.6 harbor 0
72.7 687.3 86.7 643.5 134.3 658.7 120.3 702.5 harbor 0
165.7 657.8 207.6 660.6 204.2 710.5 162.3 707.7 harbor 0
229.1 568.9 265.1 540.3 306.1 592.1 270.0 620.6 harbor 0
238.8 468.3 274.9 489.9 245.1 539.7 209.1 518.1 harbor 0
315.1 406.5 342.5 438.3 298.6 476.2 271.2 444.4 harbor 0
585.2 51.8 622.1 31.8 628.8 44.2 591.9 64.2 harbor 0
377.0 330.3 403.7 367.7 363.0 396.7 336.3 359.3 harbor 0
350.7 421.6 458.6 329.3 496.3 373.4 388.4 465.7 harbor 0
422.7 354.0 468.3 300.9 518.3 344.0 472.7 397.1 harbor 0
478.3 221.9 500.1 248.0 446.4 292.8 424.6 266.7 harbor 0
482.7 294.6 507.7 246.7 552.0 269.9 527.0 317.7 harbor 0
524.8 204.3 575.6 168.7 604.2 209.7 553.4 245.3 harbor 0
508.4 155.9 544.0 178.2 519.6 217.1 484.0 194.8 harbor 0
573.6 146.8 593.7 124.5 630.9 157.9 610.8 180.2 harbor 0
578.9 57.1 603.8 118.3 553.7 138.6 528.9 77.5 harbor 0
