36.8 871.9 58.9 892.2 25.2 929.1 3.1 908.8 small-vehicle 0
18.1 796.2 50.0 775.5 72.9 810.8 41.0 831.5 small-vehicle 0
834.0 263.1 854.3 246.9 883.0 282.9 862.7 299.1 small-vehicle 0
523.9 61.4 530.1 53.6 597.1 107.6 590.9 115.4 small-vehicle 0
500.5 58.7 507.9 52.0 576.1 127.8 568.7 134.5 small-vehicle 0
765.5 277.7 796.3 300.0 774.0 330.8 743.2 308.5 small-vehicle 0
541.9 520.9 562.4 499.1 590.1 525.1 569.6 546.9 small-vehicle 0
573.5 503.8 583.7 463.0 624.5 473.2 614.3 514.0 small-vehicle 0
700.7 486.8 720.1 469.5 758.8 512.7 739.5 530.0 small-vehicle 0
619.3 459.5 640.3 438.1 678.9 475.9 657.9 497.3 small-vehicle 0
524.2 457.8 546.0 483.9 516.8 508.2 495.0 482.1 small-vehicle 0
232.4 326.8 262.2 356.4 232.6 386.2 202.8 356.6 small-vehicle 0
144.4 358.2 153.5 347.5 191.6 379.8 182.5 390.5 small-vehicle 0
156.5 341.5 182.9 320.0 209.5 352.5 183.1 374.0 small-vehicle 0
137.0 986.7 166.9 963.4 192.8 996.5 162.8 1019.9 small-vehicle 0
542.9 733.3 625.2 666.4 732.4 798.3 650.1 865.2 large-vehicle 0
778.9 835.8 790.2 884.5 757.1 892.2 745.8 843.5 small-vehicle 0
