41.5 73.0 131.4 77.7 128.0 143.6 38.1 138.9 harbor 0
310.3 11.7 348.1 44.4 299.7 100.3 261.9 67.6 harbor 0
376.8 85.1 421.9 143.8 363.2 188.9 318.1 130.2 harbor 0
222.9 311.9 234.5 271.5 324.9 297.4 313.3 337.8 harbor 0
406.5 169.4 486.0 189.6 464.8 273.0 385.4 252.8 harbor 0
472.2 371.2 486.0 278.3 575.0 291.4 561.2 384.4 harbor 0
366.8 379.0 429.4 432.0 397.1 470.1 334.5 417.1 harbor 0
623.3 397.9 658.7 427.2 614.0 481.1 578.6 451.7 harbor 0
430.5 450.7 455.7 444.4 480.5 543.3 455.3 549.6 harbor 0
606.0 543.8 634.0 502.3 695.4 543.7 667.4 585.1 harbor 0
546.8 599.8 557.5 546.8 653.6 566.3 642.8 619.2 harbor 0
69.5 635.7 96.3 662.7 66.5 692.3 39.7 665.3 small-vehicle 0
110.7 664.5 117.5 671.7 75.3 711.5 68.5 704.3 small-vehicle 0
115.3 678.5 123.7 683.9 98.7 722.5 90.3 717.1 small-vehicle 0
736.7 953.4 761.6 970.1 740.3 1001.6 715.4 984.9 small-vehicle 0
843.4 857.7 862.6 875.2 831.6 909.3 812.4 891.8 small-vehicle 0
936.3 764.6 956.6 780.9 932.7 810.4 912.4 794.1 small-vehicle 0
780.0 129.2 804.4 105.4 836.5 138.3 812.2 162.1 small-vehicle 0
