-47.1 557.5 48.8 482.1 92.0 537.2 -3.9 612.6 harbor 0
93.9 577.1 151.7 629.4 104.7 681.3 46.9 628.9 harbor 0
-5.9 898.1 19.9 837.3 65.9 856.9 40.1 917.7 harbor 0
101.6 907.5 131.6 966.3 76.4 994.5 46.4 935.7 harbor 0
127.5 905.8 161.7 864.0 237.5 926.2 203.3 968.0 harbor 0
184.0 852.3 203.0 824.1 274.4 872.0 255.4 900.3 harbor 0
244.4 792.0 268.7 782.8 283.6 822.0 259.3 831.2 harbor 0
181.9 717.3 222.1 687.5 273.2 756.7 233.0 786.4 harbor 0
907.9 785.7 927.2 803.2 891.1 843.3 871.8 825.8 small-vehicle 0
847.8 119.9 873.5 147.9 798.2 216.8 772.6 188.8 harbor 0
700.6 257.1 718.9 320.5 640.1 343.2 621.8 279.8 harbor 0
695.1 344.9 755.3 309.1 780.9 352.1 720.7 387.9 harbor 0
905.8 195.4 912.4 228.7 863.4 238.5 856.7 205.1 harbor 0
