64.2 28.1 122.2 -3.4 176.5 96.9 118.5 128.3 harbor 0
410.4 247.5 449.2 199.1 550.6 280.5 511.8 328.9 harbor 0
155.8 941.8 176.8 963.1 141.2 998.2 120.2 976.9 harbor 0
84.3 840.7 238.9 873.3 229.4 918.3 74.8 885.7 harbor 0
545.5 681.5 578.3 662.3 603.5 705.5 570.7 724.7 roundabout 0
251.9 722.0 261.7 779.2 145.4 799.1 135.6 741.9 harbor 0
206.0 552.6 229.5 499.5 374.0 563.4 350.5 616.5 harbor 0
315.5 338.5 358.4 299.5 456.5 407.5 413.6 446.5 harbor 0
383.3 311.3 385.1 289.4 494.7 298.7 492.9 320.6 harbor 0
525.4 113.7 599.4 116.4 593.6 270.3 519.6 267.6 harbor 0
652.2 150.1 723.0 128.6 754.8 233.9 684.0 255.4 harbor 0
849.8 98.3 893.9 60.7 975.7 156.6 931.5 194.2 harbor 0
1005.2 20.8 1038.9 25.7 1024.8 122.7 991.1 117.8 harbor 0
