207.2 983.6 225.2 982.5 226.8 1008.4 208.8 1009.5 small-vehicle 0
232.4 56.9 300.7 41.8 316.6 114.1 248.3 129.2 plane 0
366.2 77.1 424.2 45.7 455.7 103.7 397.6 135.1 plane 0
507.0 37.2 572.2 26.7 584.0 99.8 518.8 110.3 plane 0
645.1 7.9 681.0 -4.7 705.5 65.2 669.6 77.7 plane 0
761.5 15.1 821.4 -21.1 853.5 31.9 793.6 68.1 plane 0
412.2 320.1 471.9 303.5 495.0 386.3 435.3 403.0 plane 0
291.1 343.7 364.7 351.8 357.4 417.4 283.9 409.3 plane 0
547.4 294.5 603.8 281.0 624.7 368.5 568.3 382.0 plane 0
277.9 900.6 278.9 910.6 233.1 915.4 232.1 905.4 small-vehicle 0
270.5 879.6 272.8 889.3 239.7 897.2 237.4 887.5 small-vehicle 0
180.5 587.0 199.9 569.7 230.5 604.0 211.1 621.3 small-vehicle 0
536.1 677.6 562.1 595.7 667.0 629.0 640.9 710.9 plane 0
662.5 274.3 748.4 247.5 774.0 329.6 688.1 356.4 plane 0
660.6 610.9 742.3 549.9 820.1 654.1 738.4 715.1 plane 0
809.6 564.4 928.4 522.4 975.7 656.3 856.9 698.3 plane 0
944.1 228.0 1013.8 222.0 1019.8 291.8 950.0 297.7 plane 0
813.8 257.5 860.9 240.7 885.8 310.4 838.7 327.2 plane 0
