247.9 958.5 313.5 837.1 368.1 866.5 302.5 987.9 tennis-court 0
196.7 325.8 276.3 401.6 225.3 455.2 145.7 379.4 harbor 0
102.8 428.3 138.3 387.6 239.2 475.7 203.7 516.4 harbor 0
101.1 480.2 128.3 459.8 206.3 563.8 179.1 584.2 harbor 0
58.0 503.1 93.5 480.6 161.0 586.9 125.5 609.4 harbor 0
15.7 489.4 50.9 475.1 104.3 606.6 69.1 620.9 harbor 0
255.2 194.0 288.4 156.6 400.5 256.3 367.3 293.7 harbor 0
201.5 289.7 239.6 240.9 310.5 296.3 272.4 345.1 harbor 0
311.6 104.3 340.7 68.7 444.5 153.4 415.4 189.1 harbor 0
382.6 33.4 393.5 -11.3 515.9 18.3 505.1 63.0 harbor 0
