501.1 70.8 536.6 10.5 583.1 37.9 547.6 98.2 harbor 0
467.2 7.8 488.2 34.6 448.8 65.4 427.8 38.7 harbor 0
512.9 96.2 541.8 131.9 487.4 175.9 458.5 140.1 harbor 0
408.6 70.4 417.6 66.1 437.4 107.6 428.4 111.9 harbor 0
408.2 76.2 423.7 119.5 410.5 124.2 395.0 80.9 harbor 0
402.7 212.6 429.4 199.0 453.9 247.1 427.2 260.7 harbor 0
422.3 860.2 441.4 837.0 458.4 851.0 439.3 874.2 swimming-pool 0
464.9 910.5 478.6 932.6 453.1 948.5 439.4 926.4 swimming-pool 0
618.4 559.8 637.3 577.6 608.6 608.2 589.7 590.4 swimming-pool 0
890.6 211.8 905.8 227.7 878.5 254.0 863.2 238.2 swimming-pool 0
972.9 114.2 978.7 147.7 949.1 152.8 943.3 119.3 swimming-pool 0
370.2 305.1 386.3 279.8 418.4 300.2 402.3 325.5 harbor 0
91.7 530.8 128.2 496.7 170.6 542.0 134.1 576.1 harbor 0
246.1 323.2 246.7 313.3 292.7 316.1 292.0 326.1 harbor 0
240.7 330.2 244.9 321.1 293.9 343.8 289.7 352.9 harbor 0
338.3 323.1 382.2 354.5 364.8 378.9 320.8 347.5 harbor 0
315.4 373.0 325.4 373.0 325.6 447.0 315.6 447.0 harbor 0
318.8 385.9 324.8 377.9 361.5 405.6 355.5 413.6 harbor 0
233.9 351.6 257.2 381.6 224.1 407.4 200.8 377.4 harbor 0
267.7 443.0 291.8 433.2 318.3 498.0 294.2 507.8 harbor 0
211.0 400.3 239.5 418.9 205.7 470.8 177.2 452.3 harbor 0
236.7 525.8 253.2 518.8 268.0 553.8 251.4 560.8 harbor 0
149.5 475.5 155.1 473.5 166.5 505.5 160.9 507.5 harbor 0
147.4 469.9 152.9 461.6 194.6 489.1 189.1 497.4 harbor 0
209.1 541.7 214.6 539.2 241.9 599.3 236.4 601.8 harbor 0
237.4 576.4 240.9 581.3 203.2 607.7 199.8 602.8 harbor 0
85.4 552.1 140.1 595.9 101.3 644.3 46.7 600.5 harbor 0
205.4 641.6 209.5 650.7 145.6 679.4 141.5 670.3 harbor 0
164.4 682.6 167.9 687.5 146.6 702.4 143.1 697.5 harbor 0
127.5 715.9 129.1 706.1 166.6 711.8 165.1 721.7 harbor 0
92.1 729.8 133.9 734.3 126.3 803.9 84.5 799.4 harbor 0
4.7 733.5 13.7 696.6 58.3 707.5 49.3 744.4 harbor 0
43.6 828.8 79.6 857.4 56.0 887.1 20.0 858.6 harbor 0
13.9 881.4 52.2 907.0 31.1 938.6 -7.2 913.0 harbor 0
