396.8 465.0 470.8 508.8 433.2 572.5 359.1 528.7 plane 0
42.9 500.8 103.9 458.9 148.1 523.2 87.1 565.1 plane 0
136.2 534.9 173.7 453.2 262.8 494.1 225.2 575.8 plane 0
273.1 459.6 370.1 502.5 336.9 577.4 239.9 534.5 plane 0
585.0 75.9 629.0 16.4 685.3 58.1 641.3 117.6 plane 0
476.2 209.4 563.6 243.9 540.8 301.6 453.4 267.1 plane 0
394.6 215.8 437.5 232.2 415.5 290.1 372.5 273.7 plane 0
297.8 204.9 340.4 222.2 309.5 298.2 266.9 280.8 plane 0
196.9 203.2 250.8 241.3 208.1 301.8 154.2 263.7 plane 0
-24.3 827.0 26.3 791.1 83.0 871.1 32.4 906.9 plane 0
