334.5 93.2 335.4 119.2 289.5 120.8 288.6 94.8 small-vehicle 0
273.7 -4.7 290.0 10.1 261.6 41.1 245.4 26.3 small-vehicle 0
666.1 64.2 670.5 97.9 624.9 103.8 620.5 70.1 small-vehicle 0
377.9 152.7 383.0 131.4 420.0 140.2 414.9 161.6 small-vehicle 0
328.4 155.5 339.3 131.9 366.5 144.5 355.6 168.1 small-vehicle 0
320.2 137.2 326.3 158.3 285.9 169.9 279.8 148.8 small-vehicle 0
60.7 576.8 160.2 540.2 243.9 767.2 144.4 803.9 tennis-court 0
188.0 587.2 228.2 564.7 327.0 740.8 286.8 763.3 tennis-court 0
401.9 549.1 437.8 571.0 320.1 763.9 284.2 742.0 tennis-court 0
435.0 543.7 488.9 541.4 498.1 755.2 444.2 757.5 tennis-court 0
306.1 317.4 414.9 271.6 494.8 461.5 386.0 507.3 tennis-court 0
117.5 492.7 158.6 299.0 254.5 319.3 213.4 513.0 tennis-court 0
