282.4 247.3 324.9 273.6 279.6 346.7 237.1 320.4 plane 0
141.8 164.7 206.6 208.2 154.2 286.3 89.4 242.8 plane 0
478.3 222.3 516.8 173.8 571.6 217.3 533.1 265.9 plane 0
531.1 123.4 537.9 102.5 600.7 122.9 593.9 143.8 plane 0
583.8 87.2 592.1 71.2 686.3 119.7 678.1 135.7 plane 0
546.3 40.8 568.7 0.7 654.3 48.4 631.9 88.6 plane 0
627.7 24.3 635.7 8.1 691.3 35.7 683.3 51.9 plane 0
195.5 959.9 223.1 933.8 257.5 970.1 229.9 996.2 small-vehicle 0
96.0 520.9 187.3 566.4 140.0 661.3 48.7 615.8 plane 0
360.2 640.5 415.3 695.6 346.1 765.0 290.9 709.8 plane 0
41.3 796.4 87.7 755.3 128.8 801.7 82.5 842.8 plane 0
344.7 631.2 356.1 603.4 428.3 632.8 416.9 660.6 large-vehicle 0
