154.5 315.8 257.3 354.9 225.3 439.0 122.5 399.9 plane 0
584.3 145.1 685.9 175.5 669.2 231.1 567.7 200.7 plane 0
510.3 346.3 551.5 294.8 631.2 358.6 589.9 410.1 plane 0
515.1 239.8 556.2 204.7 632.7 294.6 591.6 329.6 plane 0
663.2 76.1 676.7 58.8 757.2 121.4 743.7 138.8 plane 0
747.2 20.7 777.2 18.9 784.9 148.7 754.9 150.4 plane 0
298.0 21.9 319.4 -14.3 414.1 41.6 392.8 77.8 plane 0
284.4 80.3 308.9 62.9 360.9 136.4 336.4 153.7 plane 0
252.3 148.1 274.7 128.2 308.0 165.5 285.6 185.4 plane 0
166.2 121.3 169.1 87.4 266.8 95.7 263.9 129.6 plane 0
182.9 198.0 207.8 169.2 300.1 249.0 275.2 277.8 plane 0
74.1 78.3 92.1 141.7 70.9 147.7 52.9 84.3 plane 0
90.1 54.1 104.1 53.8 105.9 127.8 91.9 128.1 plane 0
63.1 24.8 76.9 -1.9 167.6 44.8 153.9 71.5 plane 0
