1013.2 425.1 1032.7 447.9 1022.1 457.0 1002.5 434.2 plane 0
1010.2 441.1 1025.5 457.0 1009.6 472.2 994.4 456.4 plane 0
807.0 982.3 811.7 986.1 780.0 1024.7 775.3 1020.9 plane 0
778.9 958.2 817.4 983.3 807.6 998.4 769.1 973.3 plane 0
791.1 983.9 794.8 988.7 771.0 1007.0 767.3 1002.3 plane 0
912.9 659.3 936.4 670.3 928.8 686.6 905.2 675.6 plane 0
918.9 639.7 946.4 651.9 939.1 668.3 911.6 656.1 plane 0
955.0 553.2 976.4 558.6 970.0 583.8 948.6 578.4 plane 0
999.4 573.5 1003.2 555.9 1028.6 561.5 1024.8 579.1 plane 0
374.8 508.5 376.0 510.0 306.1 566.7 304.9 565.2 plane 0
513.0 288.5 542.4 312.6 531.0 326.5 501.6 302.4 plane 0
453.1 305.1 459.3 322.0 423.7 335.3 417.5 318.4 plane 0
455.3 310.8 460.8 313.2 448.5 340.6 443.0 338.1 plane 0
411.6 355.5 427.4 340.1 437.2 350.1 421.4 365.5 plane 0
437.3 347.3 447.2 348.7 444.1 370.5 434.2 369.1 plane 0
424.1 374.8 430.1 375.2 428.9 397.2 422.9 396.8 plane 0
418.7 369.2 422.6 373.7 406.1 388.2 402.2 383.7 plane 0
461.4 420.9 471.2 435.9 436.1 458.9 426.2 443.9 plane 0
332.5 576.4 379.6 509.2 387.7 515.0 340.7 582.1 plane 0
366.1 500.7 371.4 503.4 332.1 579.9 326.7 577.2 plane 0
365.6 483.8 367.2 485.0 297.4 580.2 295.8 579.0 plane 0
515.7 263.9 549.6 261.4 550.7 275.3 516.8 277.8 plane 0
324.6 485.0 330.6 485.6 321.8 579.1 315.8 578.6 plane 0
301.5 690.3 316.9 681.1 336.5 713.7 321.1 722.9 plane 0
306.1 676.9 314.7 682.1 296.9 711.1 288.3 705.9 plane 0
276.7 697.6 280.7 702.0 270.4 711.5 266.3 707.0 plane 0
236.8 707.1 238.7 701.4 320.4 728.2 318.5 733.9 plane 0
266.8 714.4 271.7 717.9 261.2 732.6 256.3 729.1 plane 0
270.5 728.9 271.8 723.0 285.5 726.1 284.2 732.0 plane 0
285.7 728.8 291.6 727.6 295.3 745.2 289.4 746.4 plane 0
444.1 288.4 445.6 287.1 446.9 288.6 445.4 289.9 plane 0
518.2 272.5 545.6 284.8 539.8 297.5 512.4 285.2 plane 0
509.2 242.5 511.0 248.2 467.0 261.6 465.2 255.9 plane 0
461.1 209.8 536.6 250.9 529.9 263.2 454.4 222.1 plane 0
604.6 12.1 606.3 13.1 605.3 14.9 603.6 13.8 plane 0
594.4 35.1 599.5 43.6 580.7 55.0 575.5 46.4 plane 0
513.2 60.1 539.4 38.4 576.4 83.1 550.2 104.8 plane 0
520.2 117.1 560.6 128.7 547.8 172.9 507.4 161.3 plane 0
542.7 150.2 614.5 189.8 607.7 202.1 536.0 162.4 plane 0
556.8 179.0 579.3 191.9 570.4 207.5 547.8 194.6 plane 0
512.4 160.4 539.0 187.6 529.0 197.3 502.4 170.2 plane 0
571.9 147.2 594.7 159.7 588.0 172.0 565.2 159.4 plane 0
446.1 175.5 580.9 204.8 577.9 218.5 443.1 189.2 plane 0
496.1 201.7 518.2 215.3 510.9 227.3 488.8 213.7 plane 0
