5.2 274.9 52.3 291.8 36.8 335.1 -10.3 318.2 plane 0
3.1 642.4 45.7 659.7 26.9 706.0 -15.7 688.8 plane 0
97.5 232.8 126.1 242.1 111.8 285.8 83.3 276.5 plane 0
141.2 306.4 170.2 336.8 145.6 360.3 116.6 329.9 plane 0
261.1 526.3 262.9 580.3 188.9 582.7 187.1 528.7 plane 0
479.1 72.9 489.1 36.2 556.6 54.7 546.6 91.4 plane 0
322.1 27.6 335.8 -12.1 405.7 12.0 392.0 51.8 plane 0
321.8 84.7 328.8 55.6 377.4 67.3 370.4 96.5 plane 0
327.3 299.9 357.3 301.3 355.4 343.3 325.4 341.9 plane 0
370.8 329.1 391.8 313.7 411.9 341.1 391.0 356.5 plane 0
554.1 821.3 562.4 772.0 595.9 777.7 587.6 827.0 plane 0
226.1 417.9 244.1 399.2 288.9 442.1 270.9 460.8 plane 0
170.8 474.5 199.0 433.3 316.2 513.5 288.0 554.7 plane 0
