672.9 496.3 678.6 494.3 700.1 556.7 694.4 558.7 ship 0
47.4 26.0 54.0 18.5 109.7 67.2 103.1 74.8 ship 0
14.7 236.3 38.3 225.4 59.3 270.7 35.7 281.6 ship 0
41.2 200.1 50.9 197.4 69.6 264.8 60.0 267.5 ship 0
311.2 356.4 384.8 311.8 406.6 347.7 333.0 392.3 ship 0
331.6 404.6 393.6 345.1 408.9 361.0 346.8 420.5 ship 0
401.5 408.8 405.9 413.0 354.8 466.5 350.5 462.4 ship 0
395.3 400.1 401.0 408.3 343.3 447.9 337.6 439.7 ship 0
189.2 236.6 194.5 239.5 166.4 290.3 161.1 287.4 ship 0
176.8 236.9 181.9 240.1 155.5 282.5 150.4 279.4 ship 0
705.0 526.5 708.6 531.4 659.0 568.5 655.4 563.6 ship 0
699.9 701.8 730.1 731.0 667.6 795.7 637.4 766.5 ship 0
732.9 737.3 746.0 749.6 686.8 812.1 673.7 799.7 ship 0
44.5 38.7 48.7 34.5 100.5 87.3 96.3 91.5 ship 0
