25.6 224.9 31.5 226.0 22.4 275.1 16.5 274.0 storage-tank 0
-5.5 241.8 -1.1 237.7 22.5 262.2 18.1 266.3 storage-tank 0
812.5 402.2 814.4 401.8 814.8 403.7 812.9 404.1 ship 0
691.7 911.6 700.5 927.3 681.3 938.1 672.5 922.4 ship 0
198.6 495.4 213.4 485.1 253.4 542.6 238.6 552.9 ship 0
234.5 501.2 240.5 500.9 242.5 538.8 236.5 539.1 ship 0
284.3 366.6 304.8 350.6 325.7 377.4 305.2 393.4 ship 0
401.1 585.9 402.9 587.0 401.8 588.7 400.1 587.7 ship 0
722.7 58.4 723.3 112.4 701.3 112.6 700.7 58.6 ship 0
615.8 222.9 657.6 195.3 718.2 287.1 676.4 314.7 ship 0
737.3 471.5 739.2 472.1 738.5 474.0 736.6 473.4 ship 0
