624.6 810.5 638.3 827.8 564.8 886.3 551.0 869.1 bridge 0
452.6 529.3 454.2 528.1 455.4 529.7 453.8 530.9 storage-tank 0
460.2 527.9 462.1 527.2 462.8 529.1 460.9 529.8 storage-tank 0
466.6 525.6 468.4 524.6 469.4 526.4 467.6 527.4 storage-tank 0
473.1 523.2 474.8 522.1 475.9 523.8 474.2 524.9 storage-tank 0
481.5 518.2 483.3 519.0 482.5 520.8 480.7 520.0 storage-tank 0
489.3 517.1 490.9 518.3 489.7 519.9 488.1 518.7 storage-tank 0
505.1 511.3 506.2 509.6 507.9 510.7 506.8 512.4 storage-tank 0
512.8 509.3 514.7 508.8 515.2 510.7 513.3 511.2 storage-tank 0
520.1 505.2 521.8 504.1 522.9 505.8 521.2 506.9 storage-tank 0
527.4 501.6 529.4 501.4 529.6 503.4 527.6 503.6 storage-tank 0
535.5 500.7 537.3 501.5 536.5 503.3 534.7 502.5 storage-tank 0
456.1 536.9 458.1 537.1 457.9 539.1 455.9 538.9 storage-tank 0
463.7 536.5 465.5 535.7 466.3 537.5 464.5 538.3 storage-tank 0
471.2 531.6 472.9 532.7 471.8 534.4 470.1 533.3 storage-tank 0
476.9 529.6 478.9 529.4 479.1 531.4 477.1 531.6 storage-tank 0
486.2 526.6 487.4 528.2 485.8 529.4 484.6 527.8 storage-tank 0
492.6 525.6 493.9 527.1 492.4 528.4 491.1 526.9 storage-tank 0
458.1 547.3 459.7 546.1 460.9 547.7 459.3 548.9 storage-tank 0
234.9 455.1 235.9 456.9 234.1 457.9 233.1 456.1 storage-tank 0
237.8 456.3 238.2 454.3 240.2 454.7 239.8 456.7 storage-tank 0
243.1 452.5 244.5 451.1 245.9 452.5 244.5 453.9 storage-tank 0
247.6 449.4 249.1 448.1 250.4 449.6 248.9 450.9 storage-tank 0
254.2 447.1 255.4 448.7 253.8 449.9 252.6 448.3 storage-tank 0
235.7 462.5 236.5 460.7 238.3 461.5 237.5 463.3 storage-tank 0
240.1 461.1 241.4 459.6 242.9 460.9 241.6 462.4 storage-tank 0
246.9 456.4 247.1 458.4 245.1 458.6 244.9 456.6 storage-tank 0
249.6 456.1 250.9 454.6 252.4 455.9 251.1 457.4 storage-tank 0
256.8 452.6 257.9 454.3 256.2 455.4 255.1 453.7 storage-tank 0
238.3 466.8 240.2 466.3 240.7 468.2 238.8 468.7 storage-tank 0
243.6 464.7 245.3 463.6 246.4 465.3 244.7 466.4 storage-tank 0
248.1 463.4 249.6 462.1 250.9 463.6 249.4 464.9 storage-tank 0
252.6 461.9 254.1 460.6 255.4 462.1 253.9 463.4 storage-tank 0
258.1 459.4 259.1 457.6 260.9 458.6 259.9 460.4 storage-tank 0
595.5 18.3 625.3 22.1 619.5 67.7 589.7 63.9 bridge 0
250.8 441.6 252.4 442.8 251.2 444.4 249.6 443.2 storage-tank 0
245.1 445.8 246.7 444.6 247.9 446.2 246.3 447.4 storage-tank 0
240.7 446.9 242.6 446.2 243.3 448.1 241.4 448.8 storage-tank 0
522.6 512.7 524.3 513.6 523.4 515.3 521.7 514.4 storage-tank 0
465.2 544.0 467.0 543.2 467.8 545.0 466.0 545.8 storage-tank 0
472.6 542.0 474.0 540.6 475.4 542.0 474.0 543.4 storage-tank 0
479.6 538.2 481.3 537.1 482.4 538.8 480.7 539.9 storage-tank 0
487.1 536.2 488.8 535.1 489.9 536.8 488.2 537.9 storage-tank 0
493.6 534.8 495.2 533.6 496.4 535.2 494.8 536.4 storage-tank 0
507.8 521.2 508.3 519.3 510.2 519.8 509.7 521.7 storage-tank 0
516.1 517.8 517.2 516.1 518.9 517.2 517.8 518.9 storage-tank 0
531.3 511.1 532.4 512.8 530.7 513.9 529.6 512.2 storage-tank 0
236.5 449.5 238.5 449.5 238.5 451.5 236.5 451.5 storage-tank 0
539.1 509.1 540.4 510.6 538.9 511.9 537.6 510.4 storage-tank 0
511.8 527.2 513.8 526.8 514.2 528.8 512.2 529.2 storage-tank 0
519.2 524.1 520.9 523.2 521.8 524.9 520.1 525.8 storage-tank 0
526.2 522.4 528.1 521.7 528.8 523.6 526.9 524.3 storage-tank 0
532.8 520.7 534.8 520.3 535.2 522.3 533.2 522.7 storage-tank 0
540.1 519.2 541.8 518.1 542.9 519.8 541.2 520.9 storage-tank 0
232.1 450.1 233.9 451.1 232.9 452.9 231.1 451.9 storage-tank 0
