967.1 354.1 979.9 341.5 1000.9 362.9 988.1 375.5 ship 0
979.9 345.5 983.8 341.0 997.4 352.8 993.5 357.3 ship 0
997.5 341.0 998.7 339.4 1000.3 340.6 999.1 342.2 ship 0
1005.2 335.1 1006.7 333.8 1008.0 335.3 1006.5 336.6 ship 0
1016.0 328.8 1017.6 330.0 1016.4 331.6 1014.8 330.4 ship 0
970.8 323.1 971.9 324.8 970.2 325.9 969.1 324.2 ship 0
969.7 301.4 974.5 305.0 956.2 328.8 951.4 325.2 ship 0
916.9 230.2 948.3 217.1 958.3 241.0 926.9 254.2 ship 0
798.3 107.7 802.6 103.6 820.7 122.3 816.4 126.4 ship 0
786.3 109.6 787.9 110.8 786.7 112.4 785.1 111.2 ship 0
764.0 139.8 774.9 120.7 797.5 133.6 786.6 152.7 ship 0
821.1 121.0 825.3 125.3 800.9 149.0 796.7 144.7 ship 0
825.9 124.8 835.6 134.9 808.1 161.2 798.4 151.1 ship 0
