96.2 294.2 114.5 275.7 138.6 299.7 120.4 318.1 ship 0
256.6 392.5 267.6 373.5 314.4 400.5 303.4 419.5 ship 0
764.4 411.4 768.6 402.3 788.6 411.6 784.4 420.7 ship 0
781.1 421.0 782.3 422.5 780.8 423.8 779.5 422.2 ship 0
358.1 367.1 374.6 360.0 384.9 383.9 368.4 391.0 ship 0
429.8 272.9 430.1 274.8 428.2 275.1 427.9 273.2 ship 0
435.9 319.9 439.9 324.4 420.6 341.8 416.6 337.4 ship 0
426.8 312.2 431.0 316.5 415.2 331.8 411.0 327.5 ship 0
405.1 307.3 410.9 305.7 417.9 330.7 412.1 332.3 ship 0
394.8 319.9 396.2 318.6 397.6 320.0 396.1 321.4 ship 0
399.2 361.6 404.6 364.3 394.7 384.0 389.4 381.3 ship 0
373.6 356.4 375.1 355.1 396.4 381.6 394.9 382.9 ship 0
