16.5 572.0 16.5 574.0 14.5 574.0 14.5 572.0 ship 0
250.3 606.5 265.0 628.0 230.3 651.7 215.6 630.2 ship 0
370.4 598.1 371.4 599.9 369.6 600.9 368.6 599.1 ship 0
285.7 558.1 307.0 537.0 328.1 558.4 306.7 579.4 ship 0
477.2 515.8 478.1 517.6 476.3 518.5 475.4 516.6 ship 0
672.8 323.1 674.4 324.3 673.2 325.9 671.6 324.7 ship 0
614.2 444.1 616.0 443.3 616.8 445.1 615.0 445.9 ship 0
693.1 398.5 694.7 399.7 693.6 401.3 692.0 400.1 ship 0
778.9 320.6 780.4 321.9 779.1 323.4 777.6 322.1 ship 0
570.4 151.5 581.4 160.0 558.1 190.0 547.1 181.5 bridge 0
