57.5 758.9 58.7 760.5 57.0 761.7 55.9 760.1 ship 0
237.7 378.3 252.5 388.6 239.9 406.6 225.1 396.4 ship 0
366.4 89.1 367.9 90.4 366.6 91.9 365.1 90.6 ship 0
383.9 113.1 385.4 114.4 384.0 115.9 382.5 114.5 ship 0
375.2 106.2 376.5 107.8 375.0 109.1 373.7 107.6 ship 0
133.0 896.2 134.3 894.6 135.8 895.9 134.6 897.5 ship 0
857.5 438.6 868.4 419.5 891.0 432.4 880.1 451.5 bridge 0
136.3 883.3 136.5 881.3 138.5 881.6 138.2 883.6 ship 0
1009.6 732.7 1010.8 731.1 1012.4 732.3 1011.2 733.9 ship 0
864.5 583.9 865.8 582.4 867.3 583.7 866.0 585.2 ship 0
858.6 591.7 859.9 590.1 861.4 591.4 860.2 592.9 ship 0
853.8 601.3 855.0 599.7 856.6 600.9 855.4 602.5 ship 0
954.1 631.9 966.8 619.1 990.9 643.1 978.2 655.9 ship 0
946.2 632.8 950.6 628.7 976.8 656.2 972.4 660.3 ship 0
939.8 642.8 944.0 638.5 968.2 662.2 964.0 666.5 ship 0
943.7 661.8 945.3 660.6 946.5 662.2 944.9 663.4 ship 0
894.6 622.6 895.9 621.1 897.4 622.4 896.1 623.9 ship 0
892.1 627.6 893.4 626.1 894.9 627.4 893.6 628.9 ship 0
234.2 517.8 235.4 516.2 237.0 517.4 235.8 519.0 bridge 0
212.6 542.5 214.0 541.1 215.4 542.5 214.0 543.9 bridge 0
