-12.0 441.7 7.5 424.4 22.1 440.8 2.6 458.1 plane 0
329.6 943.9 358.8 968.3 321.5 1012.8 292.4 988.3 plane 0
204.5 791.5 244.2 828.1 199.4 876.6 159.7 840.0 plane 0
253.6 472.3 275.7 492.6 255.4 514.7 233.3 494.4 plane 0
203.4 520.0 219.5 505.0 242.7 529.8 226.7 544.9 plane 0
158.3 546.3 186.2 520.4 217.5 554.1 189.7 580.0 plane 0
136.9 587.1 158.4 618.4 127.1 639.9 105.6 608.6 plane 0
87.0 619.0 120.8 615.2 125.0 653.0 91.2 656.8 plane 0
43.8 641.6 65.4 667.8 39.2 689.5 17.6 663.3 plane 0
20.1 433.5 29.0 400.7 57.9 408.5 49.0 441.3 plane 0
40.7 389.2 74.1 371.0 96.1 411.4 62.7 429.6 plane 0
69.6 367.5 99.4 343.8 132.9 386.1 103.2 409.8 plane 0
