87.5 211.9 94.3 204.5 140.1 246.3 133.3 253.7 ship 0
282.0 86.9 304.3 61.3 342.0 94.1 319.7 119.7 ship 0
272.9 103.7 280.9 92.2 321.9 120.9 313.9 132.3 ship 0
238.6 113.9 242.3 104.6 299.9 127.4 296.2 136.7 ship 0
203.9 144.6 225.5 118.3 264.1 150.1 242.5 176.3 ship 0
191.6 149.2 202.3 140.2 239.4 184.8 228.7 193.8 ship 0
169.4 164.3 179.6 154.7 219.6 196.7 209.4 206.3 ship 0
154.9 178.8 162.8 172.6 196.1 215.2 188.2 221.4 ship 0
131.7 187.4 139.3 180.8 177.3 224.6 169.7 231.2 ship 0
109.3 201.1 116.5 194.1 156.7 235.9 149.5 242.9 ship 0
77.2 229.0 84.0 221.7 117.6 253.2 110.7 260.5 ship 0
213.4 28.2 225.7 21.4 255.6 75.7 243.3 82.5 ship 0
41.3 250.8 48.9 244.2 79.1 278.9 71.6 285.5 ship 0
21.6 261.5 29.4 255.3 58.2 291.1 50.4 297.3 ship 0
0.2 270.1 7.9 263.7 42.8 304.9 35.1 311.3 ship 0
106.3 187.7 107.7 189.2 106.3 190.6 104.9 189.1 harbor 0
235.5 15.1 246.3 6.1 283.4 50.7 272.6 59.7 ship 0
189.8 51.8 201.8 44.5 231.9 94.1 220.0 101.4 ship 0
158.2 75.0 167.1 64.3 211.7 101.3 202.8 112.1 ship 0
25.1 161.5 50.6 139.0 88.9 182.5 63.4 205.0 ship 0
61.4 134.7 72.5 126.2 107.6 172.3 96.5 180.8 ship 0
89.9 125.4 100.8 116.6 132.1 155.6 121.2 164.4 ship 0
112.7 108.3 123.2 98.9 156.4 136.3 145.9 145.6 ship 0
140.9 85.8 152.3 77.7 185.7 125.2 174.3 133.2 ship 0
229.8 475.3 234.3 484.2 200.4 501.3 195.9 492.3 ship 0
313.4 447.3 323.4 437.5 369.6 484.7 359.6 494.5 ship 0
152.1 639.4 159.0 632.1 201.0 672.0 194.1 679.3 ship 0
173.7 622.8 181.4 616.4 215.8 658.0 208.1 664.4 ship 0
191.6 610.7 199.0 603.9 240.9 649.6 233.6 656.3 ship 0
213.1 592.6 221.5 587.3 250.6 632.8 242.1 638.2 ship 0
204.9 547.8 233.6 529.6 273.1 592.2 244.4 610.4 ship 0
232.5 510.1 288.8 558.1 274.5 574.9 218.2 526.9 ship 0
256.9 510.7 269.5 497.8 322.5 549.5 309.9 562.4 ship 0
280.6 482.6 291.0 473.3 329.7 516.5 319.3 525.9 ship 0
303.5 464.2 311.3 458.0 347.3 503.5 339.4 509.7 ship 0
337.9 429.9 345.4 423.4 394.1 479.1 386.6 485.6 ship 0
111.6 513.1 117.1 521.5 65.3 555.5 59.8 547.2 ship 0
356.8 426.7 362.6 418.5 413.2 454.3 407.4 462.5 ship 0
385.8 406.0 393.5 399.7 430.3 444.6 422.6 450.9 ship 0
406.2 397.1 413.7 390.5 454.8 436.9 447.3 443.5 ship 0
166.8 301.8 183.9 331.2 140.7 356.3 123.6 326.9 ship 0
168.3 342.5 174.6 350.2 117.3 397.1 111.0 389.3 ship 0
168.8 370.8 175.3 378.5 134.2 413.4 127.7 405.8 ship 0
185.0 388.4 191.4 396.1 149.8 430.5 143.4 422.8 ship 0
198.5 407.9 205.1 415.4 161.5 453.7 154.9 446.1 ship 0
209.0 426.1 216.0 433.2 177.4 471.1 170.4 464.0 ship 0
123.8 536.1 132.1 547.4 88.5 579.3 80.2 568.0 ship 0
89.7 495.0 96.3 502.5 55.8 538.2 49.2 530.7 ship 0
82.3 477.2 88.2 485.2 41.6 519.8 35.7 511.7 ship 0
36.8 427.0 42.6 435.2 5.2 462.0 -0.6 453.8 ship 0
49.7 440.2 56.2 447.7 15.2 482.9 8.7 475.3 ship 0
218.0 448.6 224.6 456.1 190.0 486.4 183.4 478.9 ship 0
219.6 305.7 225.9 313.5 177.4 352.2 171.2 344.4 ship 0
584.6 94.2 592.8 88.4 628.6 139.0 620.4 144.8 ship 0
549.5 108.1 560.4 99.3 617.0 169.2 606.1 178.0 ship 0
589.7 102.1 591.4 96.4 670.1 119.5 668.4 125.3 ship 0
227.6 330.3 233.7 338.3 190.5 370.8 184.5 362.8 ship 0
881.3 274.3 889.2 262.8 946.7 302.7 938.8 314.2 ship 0
904.2 260.5 927.3 235.6 975.7 280.5 952.5 305.4 ship 0
669.5 268.2 688.1 256.4 732.0 325.7 713.4 337.5 ship 0
702.6 257.4 725.9 238.5 765.0 286.7 741.7 305.6 ship 0
752.0 216.8 780.2 191.3 840.6 258.0 812.4 283.5 ship 0
796.9 162.6 810.3 158.2 840.7 251.4 827.4 255.7 ship 0
839.1 134.1 868.6 110.0 935.6 192.2 906.1 216.2 ship 0
989.0 128.6 1005.9 103.8 1030.6 120.7 1013.7 145.5 ship 0
859.1 264.5 860.5 263.1 861.9 264.5 860.5 265.9 harbor 0
917.1 129.7 947.8 95.5 999.9 142.3 969.2 176.5 ship 0
752.3 352.0 767.9 343.1 790.7 383.0 775.1 391.9 ship 0
847.7 297.4 877.6 267.9 926.8 317.6 896.9 347.2 ship 0
715.9 373.1 728.5 360.2 767.1 397.9 754.5 410.8 ship 0
631.6 74.7 642.2 65.5 682.7 112.4 672.2 121.6 ship 0
673.6 43.2 683.2 33.1 736.9 84.0 727.2 94.2 ship 0
702.9 27.0 713.1 17.4 758.5 65.3 748.3 74.9 ship 0
752.3 6.5 771.1 -11.5 805.6 24.6 786.9 42.6 ship 0
520.3 33.8 553.4 -8.8 608.7 34.2 575.6 76.8 ship 0
377.1 300.6 378.4 302.1 376.9 303.4 375.6 301.9 harbor 0
532.9 396.4 544.0 410.6 492.0 451.3 480.9 437.1 ship 0
571.1 461.0 582.5 475.0 537.5 511.6 526.1 497.7 ship 0
585.3 491.6 594.7 501.9 552.0 541.1 542.5 530.8 ship 0
590.6 559.4 595.0 517.7 620.9 520.4 616.4 562.2 ship 0
531.8 579.5 543.8 592.8 500.9 631.8 488.8 618.4 ship 0
520.7 544.6 530.4 554.6 488.9 595.1 479.1 585.1 ship 0
504.2 520.0 513.6 530.5 464.4 574.5 455.1 564.1 ship 0
491.3 496.4 498.9 503.0 460.7 546.6 453.1 540.0 ship 0
501.7 493.4 503.6 493.1 504.0 495.1 502.0 495.4 harbor 0
485.0 352.1 491.6 359.6 460.3 387.5 453.6 380.0 ship 0
476.0 398.2 479.9 389.0 500.2 397.6 496.3 406.8 ship 0
479.8 327.7 486.0 335.6 440.2 371.3 434.0 363.4 ship 0
357.8 292.5 366.6 303.4 330.9 332.4 322.1 321.5 ship 0
236.6 349.9 243.0 357.6 201.4 392.1 195.0 384.4 ship 0
250.5 369.2 257.3 376.6 214.5 415.8 207.7 408.4 ship 0
261.7 384.0 268.8 391.0 227.8 432.1 220.8 425.1 ship 0
276.2 405.4 283.5 412.3 243.8 454.6 236.5 447.7 ship 0
293.2 430.1 298.1 438.9 250.8 464.9 245.9 456.1 ship 0
209.1 416.9 210.6 418.2 209.3 419.7 207.8 418.4 harbor 0
322.6 238.2 328.6 246.2 282.2 281.0 276.2 273.0 ship 0
343.3 254.3 348.4 262.9 298.7 292.7 293.6 284.1 ship 0
349.8 269.4 356.3 277.0 309.3 317.4 302.8 309.8 ship 0
370.5 312.5 379.9 322.9 339.7 359.0 330.3 348.5 ship 0
458.4 293.0 469.6 301.5 424.8 360.4 413.6 351.9 ship 0
387.7 333.3 394.5 340.7 357.6 374.4 350.8 367.0 ship 0
395.2 353.1 402.7 359.7 375.0 391.3 367.5 384.7 ship 0
337.5 231.8 341.9 222.9 379.6 241.3 375.2 250.3 ship 0
350.5 214.0 355.8 205.5 405.1 236.0 399.8 244.5 ship 0
376.3 193.6 383.6 186.8 417.7 223.4 410.4 230.2 ship 0
395.4 187.8 402.8 181.1 431.1 212.1 423.8 218.8 ship 0
353.6 292.9 404.9 218.9 423.0 231.4 371.7 305.4 ship 0
384.6 283.7 434.3 246.6 447.4 264.3 397.7 301.4 ship 0
390.2 292.5 467.9 285.6 469.9 307.6 392.2 314.5 ship 0
