847.0 997.0 870.7 972.6 898.0 999.0 874.3 1023.4 swimming-pool 0
979.5 854.3 998.2 866.0 980.2 894.8 961.5 883.2 swimming-pool 0
955.5 58.9 974.3 82.3 938.5 111.1 919.7 87.7 swimming-pool 0
910.9 92.0 928.0 116.7 900.1 136.0 883.0 111.3 swimming-pool 0
794.8 186.7 823.2 161.5 848.5 189.9 820.1 215.1 swimming-pool 0
222.8 900.0 226.2 890.6 258.2 902.0 254.8 911.4 swimming-pool 0
253.6 926.6 254.9 925.1 256.4 926.4 255.1 927.9 swimming-pool 0
300.3 908.4 305.9 941.9 272.4 947.5 266.8 914.0 swimming-pool 0
5.6 983.3 7.8 957.4 41.7 960.3 39.4 986.2 swimming-pool 0
367.3 971.4 371.5 967.1 406.7 1002.6 402.5 1006.9 swimming-pool 0
356.0 953.3 390.4 937.0 405.0 967.7 370.6 984.0 swimming-pool 0
400.6 934.2 421.8 907.6 448.4 928.8 427.2 955.4 swimming-pool 0
423.6 922.1 424.2 900.1 458.2 901.0 457.6 923.0 swimming-pool 0
492.1 880.9 507.3 902.0 495.9 910.1 480.7 889.0 swimming-pool 0
491.3 883.6 493.2 877.9 529.2 889.9 527.3 895.6 swimming-pool 0
370.9 879.1 384.4 896.4 367.1 909.9 353.6 892.6 swimming-pool 0
341.8 768.4 354.4 741.2 396.2 760.6 383.6 787.8 swimming-pool 0
408.8 480.0 418.4 512.6 378.1 524.4 368.5 491.8 swimming-pool 0
587.7 518.6 595.3 506.9 620.5 523.1 613.0 534.9 ship 0
631.2 413.6 638.9 450.8 597.8 459.4 590.1 422.2 swimming-pool 0
197.5 900.5 225.4 911.7 212.7 943.2 184.9 932.1 swimming-pool 0
138.8 889.4 148.1 926.3 111.2 935.6 101.9 898.7 swimming-pool 0
14.1 761.0 34.1 783.4 8.7 806.0 -11.3 783.6 swimming-pool 0
221.9 27.3 244.4 1.9 275.8 29.8 253.3 55.2 swimming-pool 0
23.8 5.2 36.1 -7.9 63.9 18.0 51.6 31.1 ship 0
-9.2 36.5 8.6 7.6 51.2 33.8 33.3 62.8 ship 0
172.7 14.2 175.0 19.7 136.4 36.3 134.1 30.8 ship 0
119.6 55.8 141.3 70.2 115.7 108.5 94.1 94.1 ship 0
264.7 501.0 281.5 471.4 314.5 490.2 297.7 519.8 swimming-pool 0
178.3 12.9 187.3 23.6 142.9 60.9 133.9 50.2 ship 0
165.4 95.9 165.6 69.9 191.6 70.1 191.4 96.1 swimming-pool 0
19.6 205.9 33.4 174.9 64.5 188.7 50.6 219.8 swimming-pool 0
267.0 317.5 275.0 301.4 301.9 314.8 293.8 330.9 swimming-pool 0
57.7 457.0 68.0 442.2 89.3 457.0 79.0 471.8 swimming-pool 0
158.2 462.4 184.8 448.6 196.8 471.6 170.2 485.4 swimming-pool 0
223.3 477.4 248.5 454.5 276.7 485.6 251.5 508.5 swimming-pool 0
301.0 343.5 328.9 317.6 352.0 342.5 324.1 368.4 swimming-pool 0
298.0 305.5 302.5 296.5 333.0 311.5 328.5 320.5 swimming-pool 0
670.0 305.9 701.0 334.1 670.1 368.1 639.0 339.9 swimming-pool 0
390.5 207.9 417.3 180.9 447.0 210.5 420.2 237.5 swimming-pool 0
469.4 213.1 475.3 196.1 496.1 203.4 490.2 220.4 swimming-pool 0
493.4 130.7 517.5 160.1 485.1 186.8 461.0 157.4 swimming-pool 0
668.1 207.2 696.8 189.0 715.0 217.7 686.3 235.9 swimming-pool 0
575.5 114.9 600.3 98.0 619.5 126.1 594.7 143.0 swimming-pool 0
567.8 85.1 570.1 115.0 532.2 117.9 529.9 88.0 swimming-pool 0
589.1 36.8 608.0 13.5 631.3 32.5 612.3 55.7 swimming-pool 0
628.7 57.5 630.5 56.7 631.3 58.5 629.5 59.3 swimming-pool 0
688.8 -9.0 704.1 16.8 678.3 32.1 663.0 6.3 swimming-pool 0
