194.6 67.0 196.0 65.6 197.4 67.0 196.0 68.4 ship 0
330.4 388.9 340.2 398.9 298.8 439.6 289.0 429.6 ship 0
301.6 357.1 327.6 372.0 308.8 405.0 282.7 390.1 ship 0
322.3 357.1 323.9 358.2 322.7 359.8 321.1 358.7 ship 0
355.7 321.9 364.9 346.3 344.3 354.1 335.1 329.7 ship 0
371.2 297.4 388.8 321.7 371.0 334.6 353.4 310.3 ship 0
403.4 293.8 409.4 294.7 405.5 320.4 399.6 319.5 ship 0
890.3 959.4 897.1 952.1 936.5 989.0 929.7 996.3 ship 0
876.7 969.9 883.7 962.8 919.3 998.0 912.2 1005.1 ship 0
864.2 983.3 871.1 976.1 904.4 1007.8 897.5 1015.1 ship 0
848.1 999.3 854.5 991.6 893.0 1023.5 886.6 1031.2 ship 0
849.8 968.4 863.3 980.3 846.1 999.8 832.6 987.9 harbor 0
982.3 822.9 1001.8 805.7 1029.7 837.1 1010.2 854.3 ship 0
1007.7 796.0 1013.4 794.2 1028.3 842.0 1022.6 843.8 ship 0
947.1 901.0 954.9 894.7 986.5 933.5 978.7 939.8 ship 0
933.3 917.0 940.3 909.8 979.0 947.4 972.0 954.6 ship 0
895.7 857.3 908.1 844.3 950.0 884.4 937.6 897.4 ship 0
351.2 335.2 417.7 233.0 432.8 242.8 366.3 345.0 ship 0
585.8 789.4 589.7 784.8 612.4 804.5 608.4 809.0 ship 0
929.8 752.5 938.1 746.9 966.2 788.2 958.0 793.8 ship 0
767.2 737.4 800.1 756.5 778.9 792.8 746.1 773.6 ship 0
722.4 795.0 722.5 789.0 772.5 790.2 772.4 796.2 ship 0
717.7 788.6 725.7 782.6 753.3 819.4 745.3 825.4 ship 0
701.7 795.1 709.7 789.0 742.4 832.0 734.4 838.0 ship 0
685.9 815.3 695.1 811.2 717.1 860.6 707.9 864.6 ship 0
666.9 829.7 671.4 825.8 707.1 866.3 702.6 870.2 ship 0
655.0 839.3 659.6 835.4 697.0 879.7 692.4 883.6 ship 0
636.7 850.0 643.9 843.2 686.5 888.3 679.2 895.1 ship 0
636.7 840.4 661.9 943.3 648.3 946.6 623.1 843.7 ship 0
602.0 888.9 609.1 881.8 650.0 922.9 642.9 930.0 ship 0
584.2 905.1 599.6 889.4 646.6 935.7 631.2 951.4 ship 0
802.1 778.3 832.4 793.7 813.4 831.2 783.1 815.8 ship 0
768.6 823.8 779.9 815.5 800.0 842.9 788.7 851.2 ship 0
739.4 837.9 746.3 830.7 785.4 867.9 778.5 875.1 ship 0
724.6 852.5 731.5 845.3 770.5 882.6 763.6 889.9 ship 0
722.6 867.4 727.2 863.6 748.9 889.8 744.3 893.6 ship 0
709.5 875.2 714.1 871.2 736.5 896.8 731.9 900.8 ship 0
696.8 891.1 704.0 884.2 730.2 911.8 723.0 918.7 ship 0
677.3 899.0 683.7 891.3 728.2 928.5 721.8 936.2 ship 0
681.2 905.9 687.0 904.4 696.8 941.1 691.0 942.6 ship 0
906.2 783.9 984.7 701.3 1012.2 727.4 933.8 810.1 ship 0
917.7 774.2 986.9 688.7 1019.6 715.1 950.4 800.6 ship 0
964.6 719.5 969.0 715.4 997.6 746.2 993.2 750.3 ship 0
778.6 549.3 782.8 553.5 745.1 592.1 740.8 587.9 ship 0
564.7 809.8 568.4 805.0 592.3 823.2 588.6 828.0 ship 0
556.5 816.4 561.2 812.7 580.1 836.0 575.4 839.7 ship 0
548.3 824.5 553.6 821.6 570.0 851.4 564.7 854.3 ship 0
568.6 842.9 570.2 848.7 529.7 860.0 528.1 854.2 ship 0
659.7 691.4 673.0 784.5 583.9 797.2 570.6 704.2 harbor 0
721.8 493.6 728.9 500.7 696.3 533.2 689.2 526.1 ship 0
746.8 506.9 750.1 516.3 706.7 531.6 703.4 522.2 ship 0
742.5 518.6 747.1 522.4 722.6 551.5 718.0 547.6 ship 0
767.0 537.6 773.6 545.1 739.0 575.4 732.4 567.9 ship 0
771.1 571.7 775.7 567.9 784.6 578.8 779.9 582.6 ship 0
973.6 708.1 1016.8 723.8 1012.0 737.0 968.8 721.3 ship 0
797.4 571.3 804.2 578.6 767.4 612.5 760.6 605.2 ship 0
806.8 583.6 813.9 590.6 778.6 626.0 771.5 619.0 ship 0
825.9 592.6 837.2 600.9 800.8 651.1 789.5 642.9 ship 0
859.7 595.5 867.4 601.8 818.0 662.2 810.3 655.8 ship 0
877.0 607.3 884.7 613.7 832.7 677.1 825.0 670.8 ship 0
895.3 622.7 902.6 629.6 851.7 683.3 844.5 676.5 ship 0
904.7 637.0 912.7 643.0 861.3 712.0 853.3 706.0 ship 0
925.2 651.7 932.6 658.4 877.1 718.8 869.7 712.1 ship 0
935.6 668.5 956.0 690.5 895.9 746.3 875.5 724.3 ship 0
655.2 918.6 659.2 914.1 697.1 946.7 693.2 951.2 ship 0
650.0 935.3 657.4 928.6 683.0 956.7 675.6 963.4 ship 0
632.3 946.7 639.5 939.8 674.2 975.7 667.1 982.6 ship 0
635.0 901.3 729.6 785.0 787.0 831.7 692.4 948.0 harbor 0
988.0 703.0 1011.9 742.2 941.9 784.9 918.0 745.7 harbor 0
576.7 801.6 580.8 797.2 602.7 817.7 598.6 822.1 ship 0
593.7 777.4 598.0 773.3 618.6 795.1 614.3 799.2 ship 0
606.3 764.6 611.2 761.1 628.7 785.4 623.8 788.9 ship 0
409.6 603.2 470.8 651.6 464.6 659.4 403.4 611.0 ship 0
414.1 630.8 418.3 626.6 439.6 647.7 435.3 652.0 ship 0
405.5 639.0 410.1 635.1 429.5 658.0 424.9 661.9 ship 0
393.7 648.3 398.2 644.3 418.3 666.6 413.8 670.6 ship 0
389.5 658.2 395.3 659.8 386.4 692.6 380.6 691.1 ship 0
347.0 643.1 365.5 661.4 349.9 677.0 331.5 658.7 ship 0
346.9 621.3 353.5 613.8 391.1 646.7 384.5 654.2 ship 0
358.2 603.8 365.9 597.4 398.1 635.6 390.5 642.0 ship 0
373.9 594.6 378.4 590.6 411.1 628.4 406.6 632.4 ship 0
383.5 585.9 387.6 581.5 424.4 615.3 420.3 619.8 ship 0
413.2 549.2 422.9 546.6 436.8 598.8 427.1 601.4 ship 0
419.9 547.1 424.4 543.1 460.9 582.8 456.5 586.8 ship 0
435.5 539.8 439.9 535.8 470.5 570.2 466.1 574.2 ship 0
407.5 550.6 465.6 528.7 494.5 605.4 436.4 627.3 harbor 0
692.4 296.5 724.0 329.9 690.6 361.5 659.0 328.1 storage-tank 0
426.1 699.7 455.8 695.6 459.9 725.3 430.2 729.4 ship 0
447.6 703.1 454.1 669.7 491.4 676.9 484.9 710.3 ship 0
483.8 649.8 501.2 645.4 510.4 682.3 492.9 686.7 ship 0
506.3 646.6 512.2 647.7 509.7 661.4 503.8 660.3 ship 0
505.4 625.8 509.6 621.5 536.6 648.2 532.4 652.5 ship 0
514.6 591.8 555.1 648.9 543.7 657.0 503.1 599.9 ship 0
418.9 589.9 478.4 633.8 470.1 645.1 410.6 601.2 ship 0
452.0 590.0 456.6 586.2 475.8 609.2 471.2 613.0 ship 0
463.2 582.4 467.2 577.9 486.5 595.3 482.5 599.8 ship 0
379.6 410.0 389.6 419.8 371.2 438.3 361.3 428.4 ship 0
397.6 262.7 403.5 254.6 440.7 281.6 434.9 289.7 ship 0
450.6 249.1 467.0 278.9 447.7 289.5 431.3 259.7 ship 0
468.8 281.8 481.2 275.2 497.2 305.2 484.8 311.8 ship 0
495.2 312.5 508.2 307.3 517.8 331.5 504.8 336.7 ship 0
459.1 341.2 479.3 319.0 513.3 350.0 493.0 372.2 ship 0
412.9 376.4 423.5 385.5 391.1 423.6 380.5 414.5 ship 0
383.9 373.2 393.6 383.2 366.3 409.6 356.6 399.6 ship 0
343.3 420.7 348.3 429.4 325.7 442.3 320.7 433.6 ship 0
336.2 436.2 358.9 449.0 344.1 475.1 321.5 462.4 ship 0
376.6 459.6 380.2 481.3 342.7 487.6 339.1 465.9 ship 0
472.2 573.8 476.4 569.5 495.1 587.5 491.0 591.8 ship 0
398.7 413.4 422.2 432.1 398.5 461.8 375.1 443.1 ship 0
467.8 499.8 488.1 477.8 524.8 511.8 504.5 533.8 ship 0
498.1 466.2 509.6 458.2 538.2 499.2 526.7 507.2 ship 0
523.6 474.0 591.2 512.8 584.3 525.0 516.6 486.2 ship 0
532.1 517.0 532.3 511.0 570.3 512.3 570.0 518.3 ship 0
534.0 526.7 540.0 527.4 538.0 545.3 532.0 544.6 ship 0
506.5 536.3 510.1 531.5 537.5 551.7 533.9 556.5 ship 0
497.5 543.9 501.1 539.2 531.5 562.1 527.9 566.8 ship 0
503.8 543.8 509.8 544.4 506.2 582.2 500.2 581.6 ship 0
536.3 577.1 570.3 633.7 561.7 638.9 527.7 582.3 ship 0
543.0 587.2 547.4 583.1 575.6 614.3 571.2 618.3 ship 0
571.9 555.6 576.7 551.9 602.1 585.4 597.3 589.1 ship 0
676.3 620.6 679.8 615.7 720.7 644.4 717.2 649.3 ship 0
579.6 718.5 583.9 714.4 618.4 750.5 614.1 754.6 ship 0
591.5 707.3 596.1 703.4 625.5 738.7 620.9 742.6 ship 0
596.4 700.0 600.1 695.3 639.6 726.0 635.9 730.7 ship 0
610.3 684.1 615.1 680.6 644.7 720.9 639.9 724.4 ship 0
621.5 677.2 625.9 673.2 656.9 707.2 652.5 711.2 ship 0
628.1 674.1 631.5 669.2 669.4 695.4 666.0 700.3 ship 0
638.6 658.4 642.9 654.2 674.9 687.1 670.6 691.3 ship 0
671.2 643.3 677.1 644.4 668.8 689.7 662.9 688.6 ship 0
672.8 632.1 676.8 627.6 711.0 658.3 707.0 662.8 ship 0
724.0 657.6 728.1 653.2 753.0 676.4 748.9 680.8 ship 0
555.3 739.9 558.8 735.0 599.2 764.5 595.6 769.4 ship 0
713.9 669.2 718.0 664.8 743.1 687.8 739.0 692.2 ship 0
698.0 670.0 703.2 667.0 726.2 706.9 721.0 709.9 ship 0
687.0 687.9 690.7 683.2 714.0 702.1 710.3 706.8 ship 0
679.3 698.7 683.5 694.5 704.8 715.6 700.6 719.8 ship 0
662.6 703.6 666.6 699.2 700.4 730.4 696.4 734.8 ship 0
653.7 715.5 657.8 711.1 688.4 739.8 684.3 744.2 ship 0
647.7 726.7 652.6 723.2 669.7 747.9 664.8 751.3 ship 0
633.9 742.3 641.0 735.3 662.1 756.6 655.0 763.6 ship 0
617.4 761.0 621.5 756.7 643.2 777.5 639.0 781.8 ship 0
567.6 727.1 572.0 723.0 606.6 759.1 602.2 763.2 ship 0
548.1 748.2 552.2 743.8 591.7 780.6 587.6 785.0 ship 0
575.8 560.0 576.8 554.0 618.2 561.0 617.2 567.0 ship 0
487.1 709.7 491.8 705.9 508.0 726.2 503.4 730.0 ship 0
628.5 558.5 632.6 554.1 663.5 582.5 659.4 586.9 ship 0
623.8 574.7 627.5 570.0 651.2 588.3 647.5 593.0 ship 0
615.4 580.2 619.9 576.2 639.6 598.8 635.1 602.8 ship 0
578.5 586.6 631.5 632.3 617.1 649.0 564.1 603.2 ship 0
579.9 630.2 581.7 630.9 575.4 647.8 573.6 647.1 ship 0
557.7 635.7 562.4 631.8 581.5 655.0 576.9 658.8 ship 0
547.7 648.4 552.1 644.3 569.9 663.2 565.6 667.3 ship 0
508.4 665.8 552.1 689.9 537.6 716.2 493.9 692.1 ship 0
495.5 691.8 500.7 688.9 519.4 722.0 514.1 724.9 ship 0
470.3 715.5 474.2 710.9 506.3 738.0 502.4 742.6 ship 0
538.7 756.0 543.3 752.1 575.6 790.3 571.0 794.2 ship 0
463.2 722.8 467.6 718.7 493.8 746.2 489.4 750.3 ship 0
454.8 734.9 458.8 730.5 484.2 753.1 480.2 757.5 ship 0
450.3 742.1 455.2 738.6 472.7 762.9 467.8 766.4 ship 0
446.5 745.9 452.4 744.9 458.4 778.3 452.5 779.4 ship 0
533.5 650.7 534.3 652.5 532.5 653.3 531.7 651.5 harbor 0
492.1 799.4 505.3 787.1 542.1 826.6 528.9 838.9 ship 0
510.1 789.9 514.2 785.5 544.9 814.1 540.8 818.5 ship 0
516.4 778.3 520.6 774.0 556.6 808.7 552.4 813.0 ship 0
527.9 765.1 532.5 761.2 565.2 799.0 560.7 802.9 ship 0
875.6 887.5 882.1 879.9 916.9 910.0 910.4 917.6 ship 0
393.3 1004.1 403.2 994.3 418.7 1009.9 408.8 1019.7 swimming-pool 0
331.4 935.1 360.9 918.1 377.8 947.6 348.4 964.6 swimming-pool 0
765.1 994.1 772.4 987.3 803.9 1020.9 796.6 1027.7 ship 0
776.3 978.7 783.5 971.8 826.7 1016.3 819.5 1023.2 ship 0
788.4 962.7 795.4 955.5 836.6 996.3 829.6 1003.5 ship 0
802.0 948.8 809.5 942.1 851.0 988.2 843.5 994.9 ship 0
818.0 931.2 825.8 924.9 862.2 970.0 854.4 976.3 ship 0
832.8 924.8 840.1 918.0 876.8 957.6 869.5 964.4 ship 0
843.7 905.6 850.9 898.7 891.3 940.4 884.1 947.3 ship 0
861.5 898.7 868.9 891.9 905.6 931.4 898.3 938.2 ship 0
197.1 869.0 222.9 866.1 227.2 903.9 201.4 906.8 ship 0
64.2 684.0 108.0 698.0 91.7 749.4 47.8 735.5 swimming-pool 0
139.6 731.3 155.6 716.3 181.6 744.0 165.6 759.0 swimming-pool 0
179.3 814.2 198.9 791.5 224.7 813.8 205.1 836.5 swimming-pool 0
226.3 856.1 258.9 836.5 282.7 875.9 250.1 895.5 swimming-pool 0
128.2 759.3 147.0 747.7 158.5 766.4 139.8 778.0 ship 0
52.3 769.6 55.7 756.0 96.5 766.1 93.1 779.7 ship 0
44.6 770.5 53.7 766.3 73.2 807.9 64.1 812.2 ship 0
24.5 814.9 59.2 845.1 23.7 885.9 -11.0 855.7 ship 0
216.2 900.6 233.6 881.3 244.0 890.7 226.6 910.0 ship 0
265.2 903.7 302.2 943.0 265.8 977.3 228.8 938.0 ship 0
164.9 979.6 193.4 954.4 218.6 982.9 190.1 1008.1 ship 0
133.2 929.6 155.7 916.7 176.6 953.1 154.1 966.0 ship 0
26.2 990.3 46.0 980.6 55.7 1000.3 35.9 1010.1 swimming-pool 0
