15.0 220.0 34.9 203.3 49.0 220.2 29.1 236.9 ship 0
38.2 177.3 43.2 180.5 16.3 222.6 11.2 219.4 ship 0
40.6 169.2 42.7 179.0 9.5 186.1 7.4 176.3 ship 0
24.1 132.0 41.7 145.3 13.9 182.0 -3.7 168.7 ship 0
1.5 127.4 4.9 122.5 29.5 139.6 26.1 144.5 ship 0
12.8 115.6 13.9 117.3 12.2 118.4 11.1 116.7 ship 0
27.8 82.3 28.1 108.3 -5.9 108.6 -6.2 82.6 ship 0
319.7 645.4 327.4 651.7 298.1 687.2 290.4 680.9 ship 0
27.3 14.8 32.7 12.2 49.7 46.2 44.3 48.8 ship 0
57.7 10.6 71.4 54.5 58.1 58.7 44.4 14.8 ship 0
87.3 10.3 95.6 15.9 69.8 54.0 61.5 48.4 ship 0
87.9 15.2 97.5 12.4 109.1 52.8 99.5 55.6 ship 0
45.7 241.5 51.7 241.1 54.2 275.0 48.2 275.4 ship 0
74.4 253.6 78.8 257.7 58.0 279.4 53.7 275.3 ship 0
72.4 264.0 74.3 263.3 79.5 276.3 77.6 277.0 ship 0
102.0 266.4 106.3 270.7 79.5 297.6 75.2 293.4 ship 0
4.6 451.9 10.5 451.1 15.5 484.7 9.5 485.6 ship 0
19.4 452.8 25.4 452.8 25.7 486.8 19.7 486.8 ship 0
49.3 459.7 57.8 465.0 37.7 497.3 29.2 492.0 ship 0
66.0 466.2 71.7 468.1 61.9 496.5 56.2 494.6 ship 0
85.9 468.8 91.0 471.9 71.1 504.3 66.0 501.1 ship 0
157.6 494.0 177.2 521.8 156.0 536.8 136.3 509.1 ship 0
146.5 493.6 147.1 487.7 188.9 492.0 188.3 497.9 ship 0
189.1 471.5 190.2 477.4 152.9 484.5 151.8 478.6 ship 0
160.1 437.5 205.4 445.7 202.9 459.5 157.6 451.3 ship 0
213.1 419.8 215.1 425.5 167.9 442.2 165.9 436.5 ship 0
174.7 410.7 177.0 405.2 212.3 419.3 210.0 424.8 ship 0
177.5 387.3 181.3 382.7 216.9 411.8 213.1 416.4 ship 0
216.9 372.2 219.1 377.8 179.8 392.6 177.6 387.0 ship 0
189.1 352.0 192.9 347.4 221.9 372.0 218.1 376.6 ship 0
218.3 330.9 222.1 335.5 189.7 362.1 185.9 357.5 ship 0
213.3 308.3 219.8 315.9 184.7 345.7 178.2 338.1 ship 0
150.8 314.7 170.0 291.6 196.2 313.3 177.0 336.4 ship 0
113.7 275.3 123.5 273.3 130.3 306.7 120.5 308.7 ship 0
105.7 269.1 111.5 270.3 102.9 311.4 97.0 310.2 ship 0
124.8 12.4 133.7 17.0 114.1 54.2 105.3 49.6 ship 0
111.8 53.1 150.3 21.1 159.2 31.9 120.7 63.9 ship 0
154.4 18.9 164.2 20.7 156.6 62.1 146.8 60.3 ship 0
306.9 238.9 308.8 229.1 346.1 236.1 344.2 245.9 ship 0
300.7 270.6 301.7 264.7 339.2 270.8 338.2 276.8 ship 0
336.7 278.3 338.7 283.9 299.1 297.9 297.1 292.3 ship 0
324.0 298.3 328.4 302.3 319.0 312.7 314.6 308.7 ship 0
291.4 328.6 291.6 318.6 333.6 319.4 333.4 329.4 ship 0
290.1 329.4 293.8 324.7 326.9 350.6 323.2 355.3 ship 0
323.5 348.4 326.3 353.7 292.8 371.6 290.0 366.4 ship 0
287.9 365.7 291.9 361.3 323.1 389.3 319.1 393.7 ship 0
323.6 390.1 324.2 396.0 286.4 399.9 285.8 394.0 ship 0
319.0 403.4 320.5 409.2 283.8 418.9 282.3 413.1 ship 0
279.7 421.3 282.9 416.2 318.3 438.7 315.1 443.8 ship 0
278.8 432.0 283.1 427.8 312.2 458.0 307.9 462.2 ship 0
273.5 453.6 277.0 448.8 307.5 471.4 304.0 476.2 ship 0
303.1 472.3 304.7 478.1 272.0 487.3 270.4 481.5 ship 0
291.2 487.5 296.3 490.6 288.8 502.5 283.7 499.4 ship 0
271.6 504.5 276.0 500.4 296.4 522.5 292.0 526.6 ship 0
267.0 525.0 270.0 519.9 296.0 535.0 293.0 540.1 ship 0
258.9 552.4 259.2 542.4 297.1 543.6 296.8 553.6 ship 0
255.4 566.8 257.6 557.1 298.6 566.0 296.5 575.7 ship 0
256.9 588.7 257.1 578.7 295.1 579.3 294.9 589.3 ship 0
250.0 597.0 253.9 587.8 292.5 604.3 288.6 613.5 ship 0
280.9 606.9 284.8 611.4 262.1 631.1 258.2 626.6 ship 0
258.1 633.3 267.5 636.5 250.0 687.6 240.6 684.4 ship 0
290.9 628.7 295.9 632.0 261.1 683.3 256.1 680.0 ship 0
304.2 244.7 307.7 239.8 344.9 266.9 341.4 271.8 ship 0
305.7 212.7 308.1 207.2 346.5 224.2 344.0 229.7 ship 0
165.9 19.1 175.8 18.2 179.8 60.0 169.8 60.9 ship 0
348.6 193.5 350.0 203.4 304.4 209.5 303.0 199.6 ship 0
217.0 25.7 236.8 42.6 212.1 71.5 192.3 54.6 ship 0
230.9 34.0 240.5 36.7 228.1 81.0 218.5 78.3 ship 0
239.2 41.1 249.0 39.3 255.8 76.6 246.0 78.4 ship 0
275.4 55.6 276.4 57.3 274.6 58.3 273.6 56.6 ship 0
60.8 118.1 86.7 117.1 88.3 159.0 62.4 160.0 ship 0
81.3 117.5 90.9 114.6 106.5 166.3 97.0 169.2 ship 0
129.0 120.9 140.1 129.5 111.8 165.8 100.7 157.2 ship 0
140.4 129.9 150.4 130.1 149.4 172.1 139.4 171.8 ship 0
166.1 130.7 175.4 134.3 158.9 177.3 149.6 173.7 ship 0
177.6 133.0 187.6 134.3 182.4 176.0 172.4 174.7 ship 0
211.5 136.1 236.7 142.6 228.3 175.5 203.1 169.0 ship 0
250.2 131.3 258.6 136.7 234.1 175.6 225.6 170.3 ship 0
94.4 169.6 100.4 168.8 106.6 218.4 100.6 219.2 ship 0
119.4 177.5 125.0 179.6 110.5 219.0 104.9 216.9 ship 0
147.7 175.6 170.6 187.9 154.4 217.8 131.6 205.5 ship 0
169.8 185.8 179.4 188.8 170.5 217.4 161.0 214.4 ship 0
200.9 186.1 208.7 192.4 182.1 224.9 174.3 218.6 ship 0
218.3 186.8 226.6 192.4 209.7 217.2 201.4 211.6 ship 0
234.2 193.1 248.0 191.3 252.9 229.0 239.0 230.8 ship 0
309.4 122.3 313.5 113.2 362.6 135.7 358.5 144.8 ship 0
359.9 143.1 360.9 149.0 307.6 158.0 306.6 152.0 ship 0
307.9 152.0 311.7 147.4 353.3 181.9 349.4 186.5 ship 0
306.9 175.9 308.9 170.2 352.1 186.1 350.1 191.8 ship 0
37.4 557.4 42.2 560.9 20.2 591.9 15.3 588.4 ship 0
78.9 565.9 85.6 573.3 48.6 606.9 41.9 599.5 ship 0
28.9 609.3 34.7 610.7 26.1 647.7 20.3 646.3 ship 0
41.0 612.8 46.6 614.9 36.1 643.0 30.5 640.9 ship 0
92.5 562.6 101.3 567.3 79.4 607.8 70.6 603.0 ship 0
64.4 620.1 69.8 622.5 57.6 649.9 52.2 647.5 ship 0
79.5 627.3 83.9 631.3 66.5 650.7 62.1 646.7 ship 0
129.6 582.5 132.6 587.7 89.3 612.8 86.3 607.6 ship 0
119.9 624.7 125.4 627.1 106.8 669.2 101.3 666.8 ship 0
128.5 578.1 138.0 581.1 122.8 628.7 113.3 625.7 ship 0
159.0 590.2 167.4 595.7 151.0 620.8 142.6 615.3 ship 0
171.1 580.9 181.1 581.1 179.9 631.1 169.9 630.9 ship 0
214.2 588.7 225.4 597.1 193.2 640.4 182.0 632.1 ship 0
139.2 620.3 144.6 622.9 119.9 675.4 114.5 672.8 ship 0
160.5 634.5 164.7 638.8 134.7 668.2 130.5 663.9 ship 0
174.3 646.9 191.1 653.4 178.7 685.1 161.9 678.6 ship 0
53.2 561.0 58.0 564.7 32.3 597.9 27.6 594.3 ship 0
3.9 602.5 28.3 611.4 16.7 643.3 -7.7 634.4 ship 0
-5.5 708.5 -0.8 704.7 27.7 740.9 23.0 744.6 ship 0
28.4 705.8 34.2 707.1 26.6 740.3 20.8 738.9 ship 0
59.5 710.7 63.6 715.1 32.5 743.3 28.4 738.9 ship 0
69.6 721.8 73.8 726.1 52.4 747.2 48.2 742.9 ship 0
87.8 722.7 91.5 727.4 68.2 746.3 64.5 741.6 ship 0
99.6 725.9 107.8 731.7 90.4 756.1 82.2 750.3 ship 0
111.3 731.0 116.5 727.9 137.8 764.1 132.6 767.2 ship 0
133.1 731.7 138.8 730.0 149.9 766.3 144.2 768.0 ship 0
163.0 735.0 171.6 740.1 152.2 772.8 143.6 767.7 ship 0
290.2 641.3 296.1 642.2 289.8 683.7 283.9 682.8 ship 0
337.0 656.3 343.6 663.8 309.1 694.2 302.5 686.7 ship 0
892.1 650.9 896.5 655.0 870.9 683.1 866.5 679.0 ship 0
718.9 544.2 736.4 548.3 728.7 581.4 711.2 577.3 ship 0
713.1 508.2 716.6 498.9 755.9 513.8 752.4 523.1 ship 0
747.6 497.6 748.9 496.1 750.4 497.4 749.1 498.9 ship 0
765.7 490.0 773.8 469.6 820.3 488.0 812.2 508.4 ship 0
838.3 526.9 848.8 512.3 876.4 532.1 866.0 546.7 ship 0
835.0 536.8 837.5 531.4 871.9 547.7 869.3 553.2 ship 0
832.4 544.8 836.4 540.3 862.0 562.7 858.0 567.2 ship 0
827.0 563.4 842.0 553.5 860.8 581.8 845.8 591.8 ship 0
840.7 591.4 841.9 593.0 840.2 594.2 839.1 592.5 ship 0
825.5 650.1 840.4 634.0 856.5 648.9 841.6 665.0 ship 0
868.9 639.3 877.4 644.5 857.5 676.9 849.0 671.7 ship 0
897.3 651.8 903.2 652.8 896.7 690.2 890.8 689.2 ship 0
217.7 743.4 232.9 753.2 216.5 778.3 201.4 768.6 ship 0
909.8 686.7 911.5 685.6 912.6 687.2 911.0 688.3 ship 0
936.2 688.6 936.5 686.6 938.5 687.0 938.2 688.9 ship 0
955.7 671.3 969.7 671.8 968.3 709.7 954.3 709.2 ship 0
993.8 691.2 994.3 713.2 976.3 713.6 975.8 691.6 ship 0
993.0 691.9 997.5 687.9 1028.0 722.4 1023.5 726.4 ship 0
713.2 579.3 724.7 565.5 747.8 584.7 736.3 598.5 ship 0
700.0 614.1 702.1 588.2 736.0 590.9 733.9 616.8 ship 0
723.5 611.6 728.3 615.3 719.8 626.4 715.0 622.8 ship 0
702.5 638.5 705.0 628.9 730.1 635.4 727.6 645.1 ship 0
643.4 1019.4 643.6 1017.4 645.6 1017.6 645.4 1019.6 ship 0
641.8 1000.8 642.2 998.8 644.2 999.2 643.8 1001.2 ship 0
645.6 983.4 646.0 985.4 644.1 985.9 643.6 983.9 ship 0
647.6 968.8 648.7 967.1 650.4 968.2 649.3 969.9 ship 0
652.9 951.6 653.8 949.9 655.6 950.8 654.7 952.5 ship 0
638.3 942.9 642.3 925.4 667.7 931.1 663.7 948.6 ship 0
664.7 847.7 678.7 869.7 666.8 877.2 652.9 855.2 ship 0
666.3 838.0 672.0 835.9 680.9 860.3 675.3 862.4 ship 0
677.1 831.6 679.1 831.9 678.7 833.9 676.8 833.6 ship 0
699.1 804.2 701.7 813.8 668.9 822.8 666.3 813.2 ship 0
699.4 790.6 699.9 796.6 662.1 799.9 661.6 793.9 ship 0
667.6 780.7 669.3 775.0 701.9 784.6 700.2 790.3 ship 0
667.3 761.2 670.0 755.8 707.5 774.7 704.8 780.1 ship 0
673.3 752.6 674.3 746.7 707.9 752.0 706.9 757.9 ship 0
673.9 740.9 674.8 734.9 712.4 740.2 711.6 746.1 ship 0
683.1 700.5 688.5 697.9 711.9 746.5 706.5 749.1 ship 0
716.2 699.0 719.2 704.2 689.5 721.0 686.6 715.7 ship 0
717.6 681.5 718.8 687.4 689.4 693.2 688.2 687.4 ship 0
690.4 668.3 692.6 662.8 720.6 673.7 718.4 679.2 ship 0
691.4 653.5 693.5 647.9 721.6 658.5 719.5 664.1 ship 0
979.9 564.3 980.2 554.3 1026.1 555.7 1025.8 565.7 ship 0
977.9 526.0 981.4 521.2 1025.1 553.0 1021.6 557.8 ship 0
977.9 515.3 982.3 506.4 1027.1 528.7 1022.7 537.6 ship 0
974.6 488.0 993.1 464.4 1038.8 500.1 1020.3 523.7 ship 0
862.5 370.8 868.2 362.6 896.1 382.0 890.4 390.2 ship 0
877.0 345.3 904.3 365.5 896.0 376.7 868.7 356.5 ship 0
872.9 343.3 874.7 337.6 914.7 350.5 912.8 356.2 ship 0
905.7 286.0 931.6 301.3 912.3 334.0 886.4 318.7 ship 0
981.2 250.2 993.1 273.3 962.8 288.8 950.9 265.7 ship 0
608.5 623.7 618.3 625.4 609.2 678.6 599.4 676.9 ship 0
587.3 693.6 621.5 710.1 599.8 755.1 565.5 738.7 ship 0
561.8 834.8 584.5 847.4 560.2 891.2 537.5 878.6 ship 0
551.1 913.8 560.0 918.3 542.9 952.2 534.0 947.7 ship 0
511.3 903.0 528.0 896.3 545.0 939.1 528.3 945.7 ship 0
594.9 632.2 601.8 669.6 584.1 672.8 577.2 635.4 ship 0
613.5 504.5 641.5 515.1 624.0 561.9 595.9 551.3 ship 0
112.3 786.2 113.6 784.8 129.7 799.8 128.4 801.2 ship 0
126.2 792.4 128.2 792.2 128.4 794.1 126.4 794.4 ship 0
127.4 788.1 136.3 783.5 144.7 799.4 135.8 804.1 ship 0
237.7 730.2 247.4 727.7 256.9 764.5 247.3 767.0 ship 0
240.6 751.6 245.1 755.6 222.6 781.1 218.1 777.1 ship 0
279.5 778.9 291.8 792.0 281.7 801.6 269.3 788.6 ship 0
327.4 654.7 332.4 651.4 359.6 693.3 354.6 696.6 ship 0
354.6 665.9 360.4 664.3 369.4 697.1 363.6 698.7 ship 0
390.5 669.6 394.7 673.9 367.5 700.4 363.3 696.1 ship 0
396.3 669.2 405.8 672.2 394.4 708.4 384.8 705.4 ship 0
414.6 667.0 424.1 670.2 409.4 713.8 399.9 710.6 ship 0
432.3 673.1 441.7 676.5 424.8 723.6 415.4 720.2 ship 0
452.0 675.3 461.1 679.4 444.0 717.7 434.9 713.6 ship 0
473.7 687.2 481.5 693.5 452.7 729.4 444.9 723.1 ship 0
493.4 692.2 500.9 698.8 475.7 727.3 468.2 720.6 ship 0
305.9 781.4 314.2 787.0 297.4 811.9 289.1 806.3 ship 0
339.1 770.2 347.1 776.2 321.7 809.7 313.7 803.7 ship 0
345.9 773.5 355.8 774.8 351.1 812.5 341.2 811.2 ship 0
375.6 780.5 382.9 787.4 356.8 815.0 349.5 808.2 ship 0
387.8 784.6 396.7 789.2 377.2 826.4 368.3 821.8 ship 0
409.9 775.3 431.5 789.7 405.9 828.0 384.3 813.5 ship 0
437.0 787.8 449.6 793.9 433.0 828.2 420.4 822.1 ship 0
454.1 815.4 472.1 815.6 471.9 833.6 453.9 833.4 ship 0
