728.2 131.5 730.0 130.7 730.8 132.5 729.0 133.3 ship 0
618.3 335.2 620.3 335.7 619.7 337.7 617.8 337.1 ship 0
557.9 54.0 575.2 67.6 527.1 129.0 509.8 115.4 ship 0
505.1 67.8 506.7 66.6 507.9 68.2 506.3 69.4 ship 0
464.4 45.3 465.8 44.0 467.2 45.4 465.7 46.8 ship 0
414.1 694.4 430.3 702.4 376.1 811.7 359.9 803.7 ship 0
172.9 998.6 174.8 999.2 174.2 1001.1 172.3 1000.4 ship 0
317.4 895.5 318.6 897.2 316.9 898.3 315.8 896.7 ship 0
296.9 852.6 316.4 869.8 285.9 904.3 266.5 887.1 ship 0
110.6 554.2 155.9 506.2 180.6 529.6 135.3 577.6 ship 0
245.6 359.2 246.3 361.1 244.4 361.8 243.7 359.9 ship 0
306.4 312.4 330.0 323.5 274.6 441.1 251.1 430.1 ship 0
313.6 224.4 314.6 222.6 316.4 223.6 315.4 225.4 ship 0
