43.8 436.8 49.4 466.2 16.0 472.6 10.4 443.1 swimming-pool 0
22.5 269.8 34.9 242.5 69.5 258.2 57.1 285.5 swimming-pool 0
144.1 13.6 151.9 -2.6 178.9 10.4 171.1 26.6 swimming-pool 0
137.4 62.3 158.0 30.4 186.6 48.8 166.0 80.7 swimming-pool 0
250.3 84.1 275.1 50.1 318.7 81.9 293.9 115.9 swimming-pool 0
224.8 111.2 237.9 88.8 288.0 118.1 274.8 140.5 swimming-pool 0
380.6 108.8 397.4 138.4 364.4 157.2 347.6 127.6 swimming-pool 0
307.8 152.8 332.8 181.4 295.2 214.3 270.2 185.7 swimming-pool 0
191.1 292.9 203.8 280.1 210.9 287.1 198.2 299.9 swimming-pool 0
216.9 317.1 218.7 287.2 264.6 289.9 262.8 319.9 swimming-pool 0
246.1 461.8 266.5 489.0 239.3 509.4 218.9 482.1 swimming-pool 0
47.8 666.4 65.4 690.7 34.7 713.1 17.1 688.8 swimming-pool 0
33.4 683.4 70.8 624.2 109.6 648.8 72.3 708.0 swimming-pool 0
115.2 661.0 126.1 689.0 98.1 699.8 87.3 671.8 swimming-pool 0
28.8 990.4 34.2 960.9 75.5 968.5 70.1 998.0 swimming-pool 0
319.9 952.7 348.5 934.3 369.1 966.3 340.5 984.7 swimming-pool 0
355.1 843.3 361.6 805.9 406.9 813.7 400.4 851.1 swimming-pool 0
511.4 970.4 529.8 937.2 559.6 953.6 541.2 986.8 swimming-pool 0
626.3 641.0 669.5 679.8 630.7 723.0 587.5 684.2 swimming-pool 0
440.8 543.1 464.9 508.7 522.2 548.9 498.1 583.3 swimming-pool 0
676.4 285.9 716.9 332.9 636.6 402.1 596.1 355.1 tennis-court 0
688.9 95.5 718.2 65.4 751.1 97.5 721.8 127.6 swimming-pool 0
783.8 109.8 816.5 142.2 781.3 177.7 748.6 145.4 swimming-pool 0
834.8 149.1 846.3 167.8 800.4 196.1 788.8 177.4 swimming-pool 0
848.5 197.0 850.4 179.1 904.1 184.8 902.2 202.7 swimming-pool 0
877.6 241.5 880.7 215.6 930.4 221.5 927.3 247.4 swimming-pool 0
915.9 268.3 920.5 238.6 954.1 243.7 949.5 273.4 swimming-pool 0
983.2 233.6 1016.2 259.6 985.3 298.8 952.3 272.8 swimming-pool 0
1009.7 300.6 1033.8 324.6 1004.2 354.4 980.1 330.4 swimming-pool 0
965.9 972.1 985.8 962.7 998.6 989.9 978.7 999.3 swimming-pool 0
