326.1 367.7 340.6 378.4 315.7 412.1 301.2 401.4 swimming-pool 0
281.2 133.5 297.2 113.0 320.8 131.5 304.8 152.0 swimming-pool 0
137.9 203.8 155.7 174.9 184.7 192.8 166.8 221.7 swimming-pool 0
111.9 237.9 115.3 208.1 149.1 211.9 145.7 241.7 swimming-pool 0
140.6 232.9 182.6 230.5 183.4 244.5 141.5 246.9 swimming-pool 0
169.9 240.9 174.1 245.2 147.2 271.9 143.0 267.7 swimming-pool 0
68.8 251.7 93.6 259.3 87.2 280.3 62.4 272.7 swimming-pool 0
462.4 135.2 474.5 121.9 499.6 144.8 487.5 158.1 swimming-pool 0
352.6 97.1 353.9 95.6 355.4 96.9 354.1 98.4 roundabout 0
95.7 277.2 123.8 313.7 87.3 341.8 59.2 305.3 swimming-pool 0
319.8 425.1 345.5 373.1 379.5 389.9 353.9 442.0 swimming-pool 0
303.4 434.4 314.5 425.7 330.4 446.2 319.4 454.9 swimming-pool 0
235.4 529.6 263.9 511.1 293.3 556.4 264.8 574.9 swimming-pool 0
95.9 539.9 99.0 577.8 69.1 580.2 66.0 542.3 swimming-pool 0
393.7 618.5 410.7 648.0 370.8 671.0 353.8 641.5 swimming-pool 0
408.1 669.6 417.2 659.0 433.9 673.4 424.8 684.0 swimming-pool 0
824.8 850.0 827.1 879.9 801.2 882.0 798.9 852.1 swimming-pool 0
840.0 895.8 863.3 871.1 891.0 897.2 867.7 921.9 swimming-pool 0
822.1 797.2 855.1 778.4 875.9 814.9 842.9 833.7 swimming-pool 0
841.9 715.4 871.8 717.8 868.1 763.6 838.2 761.2 swimming-pool 0
600.7 654.0 618.4 634.9 640.4 655.3 622.7 674.4 swimming-pool 0
625.0 696.2 629.5 666.5 671.0 672.8 666.5 702.5 swimming-pool 0
672.8 627.9 675.3 610.1 701.0 613.7 698.5 631.5 swimming-pool 0
755.7 631.4 779.6 607.3 803.8 631.2 779.8 655.3 swimming-pool 0
881.5 636.3 905.0 666.1 881.5 684.7 858.0 654.9 swimming-pool 0
547.3 349.4 549.0 327.5 575.0 329.5 573.2 351.4 swimming-pool 0
560.7 251.6 579.0 275.4 552.0 296.1 533.7 272.3 swimming-pool 0
762.0 273.2 763.4 271.8 764.8 273.3 763.4 274.7 swimming-pool 0
517.5 187.0 541.3 216.7 508.5 243.0 484.7 213.3 swimming-pool 0
694.6 187.2 695.8 185.6 697.4 186.8 696.2 188.4 swimming-pool 0
577.1 111.0 596.0 87.7 628.6 114.1 609.7 137.4 swimming-pool 0
989.2 396.6 990.4 398.2 988.8 399.4 987.6 397.8 swimming-pool 0
883.1 504.0 896.4 491.9 921.9 520.0 908.6 532.1 swimming-pool 0
943.5 461.5 959.7 504.6 924.1 517.9 908.0 474.9 swimming-pool 0
921.5 531.6 931.3 516.5 966.5 539.4 956.7 554.5 swimming-pool 0
