353.9 514.8 406.3 457.1 467.0 512.2 414.6 569.9 plane 0
903.6 851.1 937.5 849.2 945.8 990.9 911.9 992.9 plane 0
398.2 843.6 427.5 849.9 401.8 969.2 372.5 962.9 plane 0
538.2 847.8 570.3 859.0 531.6 970.4 499.5 959.3 plane 0
646.0 840.1 703.2 849.5 680.3 989.7 623.0 980.3 plane 0
748.5 866.3 812.9 851.8 840.5 974.7 776.1 989.2 plane 0
510.3 445.8 576.3 444.2 579.7 586.2 513.7 587.8 plane 0
616.7 497.2 689.8 451.9 741.3 535.3 668.2 580.5 plane 0
762.1 480.8 833.4 461.0 860.7 559.3 789.4 579.1 plane 0
923.2 491.6 961.1 494.7 955.8 560.4 917.9 557.3 plane 0
323.8 562.1 393.6 597.0 360.5 663.2 290.7 628.3 plane 0
460.8 540.8 498.7 543.7 488.1 685.3 450.2 682.5 plane 0
559.1 579.7 644.4 568.6 658.4 677.7 573.1 688.8 plane 0
705.2 565.9 750.3 557.2 772.7 673.0 727.5 681.7 plane 0
858.4 559.8 918.0 577.1 885.0 690.4 825.5 673.1 plane 0
