201.7 612.9 230.9 723.1 132.3 749.1 103.1 638.9 plane 0
36.7 733.5 77.1 762.9 50.1 800.1 9.7 770.7 plane 0
197.9 775.7 238.1 903.5 140.8 934.1 100.6 806.3 plane 0
-11.3 950.4 -6.1 904.7 99.2 916.6 94.0 962.3 plane 0
700.5 878.2 723.2 952.8 602.6 989.4 579.9 914.8 plane 0
469.0 837.1 489.2 782.7 569.9 812.6 549.7 867.0 plane 0
660.3 698.7 698.2 762.3 627.7 804.3 589.8 740.7 plane 0
477.0 662.2 495.2 611.4 580.0 641.8 561.8 692.6 plane 0
673.2 525.8 699.7 603.4 618.3 631.2 591.8 553.6 plane 0
711.7 383.9 720.5 437.2 588.3 459.1 579.5 405.9 plane 0
469.5 356.5 513.1 268.7 597.3 310.6 553.6 398.4 plane 0
670.8 207.6 696.2 268.5 624.2 298.6 598.8 237.6 plane 0
479.8 175.7 516.9 116.4 572.8 151.3 535.7 210.7 plane 0
700.5 35.9 718.6 103.5 608.5 133.1 590.4 65.5 plane 0
-18.7 637.8 -8.2 544.4 101.1 556.7 90.6 650.1 plane 0
191.9 465.5 219.6 525.4 145.1 559.7 117.5 499.8 plane 0
-1.4 429.8 39.2 372.8 89.7 408.7 49.2 465.7 plane 0
188.4 266.2 240.9 380.7 144.6 424.9 92.0 310.4 plane 0
2.6 93.0 41.0 39.3 97.9 80.0 59.5 133.7 plane 0
207.0 125.2 232.0 190.6 148.0 222.8 123.0 157.4 plane 0
-8.5 296.3 36.4 182.8 105.2 210.1 60.3 323.5 plane 0
