877.4 246.6 878.9 247.9 877.6 249.4 876.1 248.1 plane 0
813.5 751.1 870.7 760.9 847.5 896.9 790.3 887.1 plane 0
124.6 439.9 187.1 471.3 148.4 548.1 85.9 516.7 plane 0
241.9 439.9 314.9 467.5 283.1 551.7 210.1 524.1 plane 0
341.2 426.6 446.8 434.9 436.4 568.5 330.7 560.2 plane 0
485.6 435.8 574.3 467.0 540.4 563.2 451.7 532.0 plane 0
625.7 440.8 694.9 467.1 657.3 566.2 588.1 539.9 plane 0
736.7 440.3 823.3 464.9 793.3 570.7 706.7 546.1 plane 0
672.0 747.0 744.4 762.0 717.2 893.2 644.8 878.2 plane 0
537.1 746.0 617.6 761.6 592.9 889.2 512.4 873.6 plane 0
421.1 745.2 470.6 752.7 450.5 885.2 401.1 877.7 plane 0
285.7 743.4 339.3 749.6 323.4 886.7 269.8 880.4 plane 0
128.8 788.0 194.3 763.3 223.2 840.0 157.7 864.7 plane 0
-6.7 755.1 74.4 742.4 95.0 874.8 14.0 887.5 plane 0
481.5 877.9 539.3 882.9 527.4 1020.4 469.6 1015.4 plane 0
603.9 880.1 661.9 878.8 665.3 1024.8 607.3 1026.1 plane 0
794.8 214.4 839.6 224.9 828.2 273.6 783.4 263.1 plane 0
145.2 180.4 199.2 201.4 173.8 266.7 119.7 245.6 plane 0
32.6 192.5 64.8 219.3 35.4 254.7 3.1 227.8 plane 0
72.6 243.7 73.4 189.7 119.4 190.3 118.6 244.3 plane 0
261.8 197.2 276.7 218.5 229.2 251.8 214.3 230.5 plane 0
332.8 199.8 384.5 215.4 363.2 286.2 311.5 270.6 plane 0
396.6 212.1 440.2 197.3 460.1 256.0 416.6 270.8 plane 0
478.0 219.1 501.8 229.5 480.0 278.9 456.2 268.5 plane 0
510.6 207.3 560.6 187.0 582.4 240.7 532.4 261.0 plane 0
584.4 220.7 620.8 209.7 637.6 265.3 601.2 276.3 plane 0
669.5 205.5 719.3 209.8 713.5 275.5 663.7 271.2 plane 0
731.5 194.3 795.7 209.5 780.5 273.7 716.3 258.5 plane 0
