521.8 461.0 555.1 454.1 573.3 542.2 540.0 549.1 plane 0
48.6 416.1 86.6 413.8 94.4 543.6 56.5 545.9 plane 0
171.3 412.9 217.2 415.8 208.5 553.6 162.6 550.7 plane 0
436.8 433.1 480.2 458.0 425.4 553.3 382.0 528.4 plane 0
669.4 446.8 713.4 470.5 661.2 567.4 617.1 543.6 plane 0
695.8 172.4 730.7 157.4 760.0 225.4 725.1 240.4 plane 0
771.3 447.9 826.5 465.7 792.7 570.4 737.5 552.6 plane 0
878.2 448.8 928.2 448.2 929.9 582.2 879.9 582.8 plane 0
822.8 135.4 872.7 138.3 865.2 268.1 815.3 265.2 plane 0
652.9 107.5 678.8 105.8 686.2 215.5 660.3 217.3 plane 0
521.4 123.5 549.5 112.8 578.6 189.5 550.5 200.1 plane 0
502.7 145.8 518.6 154.1 482.8 223.3 466.8 215.1 plane 0
