121.9 652.0 177.6 765.0 86.1 810.0 30.4 697.0 plane 0
140.3 324.2 186.3 471.2 73.7 506.4 27.7 359.5 plane 0
9.8 158.0 20.9 24.5 206.2 40.0 195.1 173.5 plane 0
201.9 273.2 249.5 187.5 356.1 246.8 308.5 332.5 plane 0
294.2 504.0 346.0 587.2 262.8 639.0 211.0 555.8 plane 0
209.0 885.5 267.6 817.1 345.0 883.5 286.4 951.9 plane 0
876.2 385.2 881.1 443.0 755.6 453.7 750.7 395.9 plane 0
1008.3 432.2 1014.2 493.9 880.8 506.7 874.9 445.0 plane 0
855.8 481.4 884.1 545.5 779.8 591.6 751.5 527.5 plane 0
902.9 606.2 944.8 535.7 1022.1 581.8 980.2 652.3 plane 0
765.4 666.2 801.8 601.7 883.7 647.9 847.3 712.3 plane 0
913.5 709.4 940.5 672.1 1010.1 722.7 983.1 759.9 plane 0
775.9 770.2 800.2 731.2 880.0 780.9 855.6 820.0 plane 0
991.0 779.2 1019.1 843.3 940.3 877.9 912.2 813.8 plane 0
772.6 906.7 801.7 834.3 896.4 872.3 867.3 944.7 plane 0
905.0 991.8 906.0 901.8 1032.0 903.2 1031.0 993.2 plane 0
