239.5 460.2 266.1 520.6 183.7 556.9 157.1 496.5 plane 0
359.4 464.4 443.3 506.7 413.6 565.6 329.7 523.3 plane 0
548.2 470.3 607.0 508.2 569.1 567.0 510.3 529.1 plane 0
441.7 770.2 527.1 798.6 501.2 876.4 415.8 848.0 plane 0
280.6 749.8 322.6 750.2 321.4 880.2 279.4 879.8 plane 0
80.0 749.4 198.2 779.4 176.0 866.6 57.8 836.6 plane 0
53.4 861.0 83.3 906.1 21.6 947.0 -8.3 901.9 plane 0
206.4 872.0 252.2 919.5 207.6 962.6 161.8 915.1 plane 0
363.9 852.7 409.7 856.7 399.1 978.3 353.3 974.3 plane 0
530.3 880.6 563.9 875.7 576.3 960.9 542.6 965.7 plane 0
41.1 462.6 85.3 500.2 45.1 547.4 0.9 509.8 plane 0
25.4 40.1 91.2 64.2 61.6 144.9 -4.2 120.8 plane 0
192.4 31.9 282.5 79.8 240.2 159.2 150.2 111.4 plane 0
438.2 36.2 457.6 156.6 341.1 175.4 321.7 55.0 plane 0
535.3 54.3 620.5 94.0 584.1 172.0 498.9 132.2 plane 0
466.4 357.7 515.1 369.3 489.6 476.3 440.9 464.7 plane 0
258.2 343.8 372.5 373.1 347.3 471.9 232.9 442.7 plane 0
111.3 351.5 184.8 396.1 146.5 459.4 72.9 414.8 plane 0
