59.2 674.1 68.1 678.7 48.8 715.9 39.9 711.3 small-vehicle 0
181.3 756.5 187.7 764.2 164.6 783.4 158.2 775.7 small-vehicle 0
142.3 752.5 144.5 742.7 173.7 749.5 171.5 759.3 small-vehicle 0
157.5 710.7 165.6 716.5 138.6 753.8 130.5 747.9 small-vehicle 0
123.7 733.8 132.1 739.2 107.4 778.0 99.0 772.6 small-vehicle 0
114.8 727.5 120.4 735.8 85.7 759.5 80.1 751.2 small-vehicle 0
95.3 708.9 102.8 715.4 72.6 750.1 65.1 743.5 small-vehicle 0
120.4 679.4 135.8 695.1 108.6 721.6 93.2 705.9 small-vehicle 0
114.6 658.9 122.6 664.9 92.5 704.9 84.5 698.9 small-vehicle 0
74.1 696.6 81.3 703.6 60.6 725.2 53.4 718.3 small-vehicle 0
186.0 605.3 192.0 604.9 195.1 650.7 189.1 651.2 small-vehicle 0
180.7 593.2 188.4 599.7 166.5 625.7 158.9 619.3 small-vehicle 0
131.5 576.9 151.3 560.1 162.9 573.8 143.1 590.7 small-vehicle 0
170.8 575.3 177.2 583.0 148.1 607.5 141.7 599.8 small-vehicle 0
77.8 632.9 85.5 639.2 61.5 668.7 53.7 662.3 small-vehicle 0
45.8 663.3 53.2 670.0 35.9 689.4 28.5 682.8 small-vehicle 0
28.0 637.8 47.0 655.6 21.0 683.2 2.0 665.4 small-vehicle 0
35.1 643.1 60.5 614.8 73.9 626.9 48.5 655.2 small-vehicle 0
55.0 595.0 62.8 601.3 36.5 634.1 28.7 627.8 small-vehicle 0
11.1 624.1 29.0 637.0 11.4 661.4 -6.5 648.5 small-vehicle 0
199.6 760.2 208.0 765.7 180.7 807.5 172.3 802.1 small-vehicle 0
257.2 674.4 264.6 681.1 239.1 709.3 231.7 702.6 small-vehicle 0
277.3 687.4 284.5 694.3 252.7 727.6 245.5 720.7 small-vehicle 0
344.5 776.4 351.8 783.2 317.5 819.6 310.2 812.8 small-vehicle 0
334.7 756.7 341.8 763.8 309.3 796.3 302.2 789.2 small-vehicle 0
294.6 710.8 323.2 741.6 292.4 770.2 263.8 739.4 small-vehicle 0
169.7 789.1 176.7 796.2 135.3 836.9 128.3 829.8 small-vehicle 0
154.8 776.3 161.8 783.4 126.4 818.7 119.3 811.6 small-vehicle 0
104.2 927.3 130.1 949.3 102.9 981.3 77.0 959.3 small-vehicle 0
25.3 1018.6 26.9 1017.3 28.2 1018.9 26.6 1020.2 small-vehicle 0
56.0 890.6 105.1 881.2 108.5 898.8 59.4 908.3 small-vehicle 0
84.2 859.8 88.6 868.7 50.9 887.3 46.5 878.3 small-vehicle 0
66.3 834.5 73.9 841.1 46.3 872.8 38.8 866.2 small-vehicle 0
37.7 802.2 45.7 808.3 20.3 841.8 12.3 835.7 small-vehicle 0
15.5 778.9 38.2 791.8 15.5 831.8 -7.1 819.0 small-vehicle 0
29.7 570.6 39.6 572.1 31.3 625.4 21.4 623.9 small-vehicle 0
10.3 558.4 33.0 571.1 14.4 604.3 -8.3 591.6 small-vehicle 0
11.6 318.6 37.4 322.0 32.9 355.7 7.1 352.3 small-vehicle 0
121.1 571.4 128.6 538.2 146.1 542.2 138.7 575.4 small-vehicle 0
122.4 524.9 130.4 530.8 108.1 561.6 100.1 555.7 small-vehicle 0
109.9 509.9 117.8 516.1 99.2 539.6 91.3 533.4 small-vehicle 0
98.3 487.1 106.6 492.8 85.0 524.1 76.8 518.4 small-vehicle 0
83.1 468.6 91.6 473.9 71.5 506.2 63.0 500.9 small-vehicle 0
75.8 451.0 83.2 457.7 55.1 488.9 47.7 482.3 small-vehicle 0
56.8 438.8 63.7 446.1 36.2 472.2 29.3 464.9 small-vehicle 0
43.8 421.7 50.2 429.3 24.2 451.3 17.8 443.7 small-vehicle 0
20.8 398.9 30.1 402.7 12.8 445.3 3.6 441.5 small-vehicle 0
