236.8 784.0 323.8 748.4 354.9 824.2 267.9 859.9 plane 0
535.6 456.8 610.3 499.4 575.6 560.2 500.9 517.6 plane 0
689.4 514.4 725.5 474.2 771.6 515.6 735.5 555.8 plane 0
883.9 453.0 925.9 454.4 921.4 584.3 879.5 582.9 plane 0
764.7 809.2 840.1 776.8 866.1 837.4 790.8 869.8 plane 0
621.5 758.3 655.3 754.5 668.5 871.7 634.7 875.5 plane 0
447.8 741.4 493.8 740.6 496.2 874.6 450.2 875.4 plane 0
109.8 731.2 147.7 733.5 139.7 863.2 101.8 860.9 plane 0
161.3 484.4 236.7 443.2 270.3 504.6 194.8 545.8 plane 0
-2.9 888.2 36.3 845.5 87.9 892.8 48.7 935.5 plane 0
185.3 850.3 263.0 887.1 234.7 946.7 157.0 909.9 plane 0
367.8 857.9 428.3 893.1 395.2 950.1 334.7 914.9 plane 0
514.7 853.3 613.5 878.6 587.3 981.3 488.5 956.0 plane 0
666.4 874.1 762.2 853.3 784.6 956.9 688.8 977.7 plane 0
876.2 855.7 918.2 855.7 918.3 985.7 876.3 985.7 plane 0
341.1 496.9 400.7 460.3 433.1 513.1 373.5 549.7 plane 0
11.1 430.2 60.4 422.1 79.7 538.5 30.4 546.7 plane 0
323.5 62.2 425.3 32.6 451.5 122.8 349.7 152.4 plane 0
-18.2 53.3 84.3 26.3 104.2 101.7 1.7 128.7 plane 0
217.5 45.3 261.1 94.9 217.5 133.2 173.9 83.6 plane 0
480.5 29.5 638.5 27.7 640.1 161.7 482.1 163.5 plane 0
88.6 334.6 191.2 361.5 167.4 452.4 64.8 425.5 plane 0
649.4 54.6 806.7 39.6 817.9 157.0 660.7 172.1 plane 0
826.5 53.2 972.1 43.3 980.9 173.0 835.2 182.9 plane 0
808.1 359.0 853.5 366.4 835.9 475.0 790.5 467.6 plane 0
630.5 341.5 672.4 344.5 663.0 474.2 621.1 471.2 plane 0
440.3 346.0 489.9 339.8 505.5 464.9 455.9 471.1 plane 0
238.5 371.6 335.2 338.9 365.3 427.9 268.7 460.7 plane 0
