820.6 799.6 884.9 878.7 812.0 938.0 747.6 858.9 plane 0
832.9 805.4 852.9 734.1 951.1 761.6 931.1 832.9 plane 0
835.8 655.5 893.8 603.4 943.2 658.5 885.2 710.6 plane 0
730.5 719.7 813.9 698.6 837.0 789.7 753.6 810.8 plane 0
758.0 624.7 798.5 654.2 762.0 704.3 721.5 674.8 plane 0
796.9 541.8 838.8 581.9 790.5 632.5 748.5 592.5 plane 0
808.1 507.4 839.6 494.7 862.7 552.2 831.2 564.9 plane 0
868.9 485.2 900.1 471.6 924.8 528.4 893.7 542.0 plane 0
707.0 908.6 751.8 957.1 685.6 1018.1 640.9 969.7 plane 0
641.0 791.0 685.2 840.0 568.0 946.0 523.8 897.0 plane 0
896.8 299.1 961.5 255.6 1036.2 366.9 971.5 410.4 plane 0
696.5 291.6 760.6 240.5 866.5 373.4 802.4 424.5 plane 0
541.4 705.1 575.0 613.0 659.6 643.9 626.0 736.0 plane 0
554.1 509.0 563.8 476.4 634.7 497.4 625.1 530.0 plane 0
579.8 305.1 607.5 279.0 655.4 330.0 627.8 356.0 plane 0
888.0 886.8 968.1 943.3 911.6 1023.4 831.5 966.9 plane 0
