241.1 80.8 242.7 79.6 243.9 81.2 242.3 82.4 large-vehicle 0
600.8 184.4 602.5 183.3 603.6 185.0 601.9 186.0 large-vehicle 0
637.1 220.5 647.0 222.1 638.9 271.5 629.0 269.9 small-vehicle 0
664.6 237.5 672.9 243.1 642.7 287.9 634.4 282.3 small-vehicle 0
775.0 153.3 782.0 160.5 760.6 181.5 753.6 174.3 small-vehicle 0
779.8 352.5 789.9 362.1 758.2 395.5 748.1 385.9 small-vehicle 0
736.0 309.2 761.6 331.7 736.5 360.2 710.9 337.8 small-vehicle 0
756.8 340.6 765.3 345.8 751.7 367.9 743.2 362.7 small-vehicle 0
748.2 311.3 760.7 298.3 802.6 338.5 790.1 351.5 small-vehicle 0
798.2 155.1 805.7 161.7 767.6 205.4 760.1 198.8 small-vehicle 0
977.1 191.7 984.7 198.2 954.9 233.3 947.3 226.8 small-vehicle 0
963.1 178.2 969.8 185.7 935.4 216.3 928.7 208.8 small-vehicle 0
924.2 171.8 934.1 170.6 937.6 200.4 927.7 201.6 small-vehicle 0
992.2 133.5 1008.1 148.8 967.8 190.5 951.9 175.2 small-vehicle 0
959.1 113.5 969.1 123.3 931.4 162.0 921.4 152.2 small-vehicle 0
933.7 89.3 955.6 109.9 921.3 146.3 899.4 125.7 small-vehicle 0
868.6 106.8 876.3 113.2 859.7 133.1 852.0 126.7 small-vehicle 0
859.6 84.9 867.2 91.4 834.5 129.3 827.0 122.7 small-vehicle 0
891.6 60.9 919.7 86.5 888.8 120.5 860.7 94.9 small-vehicle 0
1017.5 52.8 1043.5 74.6 1013.9 109.8 987.9 88.0 small-vehicle 0
970.3 17.5 994.5 35.3 974.3 62.7 950.1 44.9 small-vehicle 0
941.8 -8.7 972.1 20.3 948.7 44.9 918.3 15.8 small-vehicle 0
880.8 24.3 901.9 3.0 931.8 32.5 910.7 53.8 small-vehicle 0
993.7 205.0 1004.8 213.5 972.0 256.4 960.9 247.9 small-vehicle 0
816.5 171.3 823.6 178.3 785.5 216.7 778.4 209.7 small-vehicle 0
715.5 281.6 722.7 288.6 690.5 321.4 683.3 314.4 small-vehicle 0
832.9 183.3 840.7 189.7 804.0 234.6 796.2 228.2 small-vehicle 0
690.0 261.3 710.6 277.1 680.0 316.7 659.4 300.9 small-vehicle 0
744.9 177.0 754.6 187.2 724.1 216.0 714.4 205.8 small-vehicle 0
760.4 197.8 768.0 204.3 748.6 227.2 741.0 220.7 small-vehicle 0
794.7 229.7 802.0 236.6 781.3 258.3 774.0 251.4 small-vehicle 0
777.5 212.2 784.8 219.0 764.3 241.0 757.0 234.1 small-vehicle 0
812.0 243.0 819.5 249.6 799.8 272.2 792.3 265.6 small-vehicle 0
828.2 260.1 835.8 266.6 816.3 289.4 808.7 282.9 small-vehicle 0
848.1 270.7 855.2 277.7 834.1 299.1 827.0 292.0 small-vehicle 0
768.0 321.1 886.7 425.3 851.0 465.9 732.3 361.7 small-vehicle 0
747.8 369.4 771.9 335.0 934.2 448.6 910.1 483.0 large-vehicle 0
864.6 285.4 875.0 294.8 854.9 317.1 844.5 307.7 small-vehicle 0
893.8 314.8 944.4 357.2 925.2 380.2 874.6 337.8 small-vehicle 0
957.1 285.7 967.4 295.2 925.4 340.8 915.1 331.3 small-vehicle 0
947.2 264.1 954.4 271.0 894.8 332.9 887.6 326.0 small-vehicle 0
918.5 260.6 925.9 267.3 892.5 304.4 885.1 297.7 small-vehicle 0
875.8 224.2 898.6 243.7 863.4 284.7 840.6 265.1 small-vehicle 0
848.1 203.1 858.6 212.3 822.9 252.9 812.4 243.7 small-vehicle 0
