148.1 866.4 164.1 845.9 197.2 871.6 181.3 892.2 small-vehicle 0
102.2 940.2 122.0 917.6 153.6 945.2 133.8 967.8 small-vehicle 0
58.1 748.0 86.0 759.1 70.5 798.1 42.6 787.0 large-vehicle 0
35.2 771.9 59.6 780.7 44.1 824.0 19.7 815.3 small-vehicle 0
13.4 482.2 29.6 502.5 3.0 523.8 -13.2 503.4 small-vehicle 0
63.2 505.9 69.5 513.7 36.8 540.1 30.5 532.3 small-vehicle 0
45.3 493.1 51.6 500.8 9.7 534.9 3.4 527.2 small-vehicle 0
78.8 515.6 93.9 536.8 59.7 561.2 44.6 540.1 small-vehicle 0
106.3 533.1 112.3 541.1 75.7 568.9 69.7 560.9 small-vehicle 0
183.0 564.7 202.8 587.2 168.2 617.6 148.4 595.0 small-vehicle 0
157.8 554.4 171.3 576.6 132.1 600.6 118.5 578.4 small-vehicle 0
128.4 536.2 141.1 554.2 103.6 580.8 90.9 562.8 small-vehicle 0
407.0 167.6 415.5 156.4 452.0 184.4 443.5 195.6 large-vehicle 0
573.2 293.0 574.5 291.5 576.0 292.8 574.7 294.3 large-vehicle 0
510.5 221.5 518.3 209.9 629.8 284.1 622.1 295.7 large-vehicle 0
542.1 201.6 586.0 118.4 623.1 138.0 579.3 221.2 large-vehicle 0
198.4 258.1 209.4 243.8 280.9 298.4 270.0 312.8 large-vehicle 0
397.3 206.1 416.9 178.3 483.9 225.6 464.3 253.4 large-vehicle 0
309.7 205.1 331.8 174.2 401.8 224.3 379.6 255.2 large-vehicle 0
264.8 131.5 285.6 110.0 315.8 139.2 294.9 160.8 large-vehicle 0
475.9 113.7 494.3 71.5 547.4 94.6 529.1 136.8 large-vehicle 0
363.9 107.5 374.9 93.3 411.3 121.5 400.2 135.7 large-vehicle 0
369.2 73.4 379.2 58.4 434.0 95.2 424.0 110.1 large-vehicle 0
337.6 46.7 376.9 -6.3 407.4 16.3 368.1 69.3 large-vehicle 0
463.6 283.0 472.0 271.8 515.1 304.3 506.7 315.5 large-vehicle 0
440.0 294.3 450.0 284.5 529.6 366.1 519.5 375.9 large-vehicle 0
347.3 344.7 361.7 328.1 411.7 371.3 397.3 387.9 large-vehicle 0
222.7 318.0 234.0 304.0 266.6 330.5 255.2 344.5 large-vehicle 0
247.3 376.8 260.3 359.1 303.7 391.2 290.7 408.9 large-vehicle 0
616.9 371.7 627.6 362.7 634.1 370.3 623.4 379.3 large-vehicle 0
453.6 362.1 464.5 347.7 536.4 401.9 525.5 416.3 large-vehicle 0
495.1 424.2 496.3 422.6 497.9 423.8 496.7 425.4 large-vehicle 0
365.8 393.8 375.4 383.5 403.2 409.4 393.6 419.7 large-vehicle 0
574.8 481.6 595.4 459.8 625.9 488.6 605.3 510.4 large-vehicle 0
341.2 439.4 354.9 412.7 474.1 473.9 460.4 500.6 large-vehicle 0
337.2 465.6 347.3 450.8 421.6 501.7 411.4 516.5 large-vehicle 0
300.6 485.3 310.9 470.5 421.0 546.9 410.7 561.7 large-vehicle 0
500.6 513.4 511.3 498.9 577.4 547.6 566.7 562.1 large-vehicle 0
480.1 545.0 490.7 530.5 556.9 579.0 546.3 593.5 large-vehicle 0
480.3 588.8 485.7 580.4 494.1 585.9 488.7 594.2 large-vehicle 0
887.4 812.5 898.7 798.5 974.6 860.5 963.3 874.5 large-vehicle 0
53.4 349.0 67.2 331.9 118.5 373.4 104.7 390.5 large-vehicle 0
70.3 190.9 81.2 176.5 114.7 201.7 103.9 216.1 large-vehicle 0
68.2 226.5 77.8 216.3 114.2 250.6 104.6 260.8 large-vehicle 0
98.7 281.3 111.2 268.3 167.2 322.5 154.7 335.5 large-vehicle 0
93.9 330.1 104.6 315.6 170.8 363.9 160.2 378.4 large-vehicle 0
176.8 427.7 199.1 397.0 275.2 452.3 252.8 483.0 large-vehicle 0
37.7 131.6 51.2 114.2 84.3 140.0 70.8 157.4 large-vehicle 0
49.0 102.2 55.0 85.3 136.0 114.3 129.9 131.3 large-vehicle 0
161.2 104.8 174.5 87.3 277.8 166.2 264.5 183.7 large-vehicle 0
23.7 39.9 46.3 9.4 141.1 79.7 118.4 110.2 large-vehicle 0
146.4 57.6 147.7 56.1 149.2 57.3 148.0 58.9 large-vehicle 0
186.2 26.0 215.6 -14.4 278.7 31.4 249.3 71.9 large-vehicle 0
865.5 756.6 876.2 742.2 987.2 824.2 976.5 838.6 large-vehicle 0
730.7 733.3 751.0 706.0 823.3 759.7 803.0 787.0 large-vehicle 0
601.5 654.0 613.5 640.5 662.7 684.6 650.7 698.0 large-vehicle 0
906.4 745.6 916.1 730.4 995.3 781.1 985.6 796.3 large-vehicle 0
929.0 496.7 930.3 495.2 931.8 496.6 930.5 498.1 large-vehicle 0
748.8 651.8 758.8 636.8 870.2 711.2 860.2 726.2 large-vehicle 0
600.5 615.5 619.8 592.5 691.7 653.0 672.4 676.0 large-vehicle 0
649.5 601.4 663.4 584.3 702.2 615.8 688.4 632.9 large-vehicle 0
924.4 711.1 935.2 696.7 1004.1 748.2 993.3 762.6 large-vehicle 0
784.2 631.2 794.9 616.7 857.8 662.8 847.1 677.3 large-vehicle 0
944.7 680.6 955.4 666.1 1034.3 724.4 1023.6 738.9 large-vehicle 0
802.2 604.4 814.4 586.1 916.0 653.5 903.8 671.9 large-vehicle 0
705.8 547.6 716.5 533.1 763.0 567.7 752.3 582.2 large-vehicle 0
597.1 555.0 639.0 504.0 671.4 530.7 629.5 581.7 large-vehicle 0
687.1 485.1 698.2 470.9 806.9 555.9 795.8 570.1 large-vehicle 0
855.8 545.0 864.1 533.8 917.2 573.0 908.9 584.2 large-vehicle 0
702.1 463.8 715.5 446.3 771.1 488.7 757.8 506.2 large-vehicle 0
725.1 432.1 737.9 414.2 794.9 454.9 782.1 472.8 large-vehicle 0
797.1 424.4 798.2 422.7 799.9 423.8 798.8 425.5 large-vehicle 0
649.9 340.8 661.2 326.7 725.2 377.9 714.0 392.0 large-vehicle 0
767.8 392.1 772.8 358.5 830.2 366.9 825.2 400.5 large-vehicle 0
645.3 290.8 663.3 272.1 733.7 340.2 715.7 358.9 large-vehicle 0
673.4 247.5 683.1 232.4 728.6 261.5 718.9 276.6 large-vehicle 0
698.4 225.6 707.3 210.0 764.7 242.6 755.8 258.3 large-vehicle 0
872.2 289.0 872.5 287.0 874.5 287.3 874.2 289.3 large-vehicle 0
886.0 261.1 898.0 242.7 966.7 287.4 954.7 305.8 large-vehicle 0
769.6 220.5 783.5 203.4 819.2 232.4 805.4 249.5 large-vehicle 0
624.5 158.4 637.8 140.9 684.0 175.9 670.7 193.4 large-vehicle 0
820.6 160.2 840.7 128.0 920.4 177.8 900.3 210.0 large-vehicle 0
630.5 57.2 642.7 38.9 697.7 75.4 685.5 93.7 large-vehicle 0
906.1 9.1 916.4 -10.4 988.9 27.9 978.6 47.4 large-vehicle 0
