964.3 441.6 970.4 433.6 1013.4 466.2 1007.4 474.2 small-vehicle 0
988.5 403.3 995.8 396.4 1027.5 429.7 1020.2 436.6 small-vehicle 0
997.8 501.1 1014.7 476.3 1036.2 490.9 1019.3 515.7 small-vehicle 0
962.5 467.5 968.4 459.4 1005.5 486.5 999.6 494.6 small-vehicle 0
868.8 425.5 874.9 412.8 902.0 425.7 895.9 438.4 small-vehicle 0
617.3 204.3 622.2 195.6 665.9 219.8 661.1 228.6 small-vehicle 0
823.3 387.3 829.6 379.5 871.5 413.6 865.2 421.4 small-vehicle 0
748.3 321.2 753.9 313.0 778.7 329.8 773.1 338.0 small-vehicle 0
750.8 297.0 756.6 288.9 797.2 318.0 791.4 326.1 small-vehicle 0
702.6 292.0 709.2 284.5 746.6 317.7 740.0 325.2 small-vehicle 0
690.5 313.7 696.2 305.5 737.1 334.3 731.3 342.4 small-vehicle 0
736.2 342.7 745.5 332.3 767.8 352.3 758.5 362.7 small-vehicle 0
972.6 424.0 978.0 415.5 1023.5 444.5 1018.2 452.9 small-vehicle 0
882.4 398.8 888.4 390.8 915.6 411.2 909.6 419.2 small-vehicle 0
891.8 378.3 897.6 370.1 922.0 387.6 916.2 395.8 small-vehicle 0
904.6 361.6 910.2 353.3 935.0 370.2 929.4 378.5 small-vehicle 0
914.6 338.1 920.8 330.3 944.4 348.9 938.2 356.7 small-vehicle 0
926.5 323.5 931.2 314.7 957.6 329.0 952.8 337.8 small-vehicle 0
934.3 300.9 940.4 292.9 967.4 313.6 961.4 321.5 small-vehicle 0
858.2 333.6 864.0 325.4 904.8 354.4 899.0 362.6 small-vehicle 0
843.7 349.7 849.8 341.7 889.3 372.3 883.2 380.3 small-vehicle 0
830.3 365.8 836.6 357.9 881.8 394.2 875.6 402.0 small-vehicle 0
780.5 258.5 787.6 246.4 813.5 261.5 806.4 273.6 small-vehicle 0
770.2 280.0 776.7 272.4 799.5 291.9 793.0 299.5 small-vehicle 0
684.0 318.8 764.6 178.3 808.0 203.2 727.4 343.7 small-vehicle 0
731.8 229.0 739.5 217.3 781.2 245.0 773.5 256.7 small-vehicle 0
790.4 232.1 796.3 224.0 820.4 241.8 814.5 249.9 small-vehicle 0
800.3 208.0 805.2 199.3 841.7 220.0 836.8 228.7 small-vehicle 0
600.0 210.0 606.8 202.7 637.3 231.6 630.4 238.8 small-vehicle 0
637.9 185.3 644.9 178.2 666.2 199.3 659.2 206.4 small-vehicle 0
541.8 50.4 548.0 42.6 587.2 73.6 581.0 81.5 small-vehicle 0
458.9 119.1 467.5 108.0 507.0 138.7 498.4 149.7 small-vehicle 0
522.2 93.0 528.2 85.1 564.8 113.0 558.8 120.9 small-vehicle 0
513.2 124.9 520.0 112.7 546.2 127.4 539.3 139.6 small-vehicle 0
538.7 79.2 544.5 71.1 568.9 88.6 563.1 96.7 small-vehicle 0
465.8 91.5 474.5 80.6 516.8 114.2 508.1 125.2 small-vehicle 0
553.8 47.1 566.5 24.4 610.2 48.9 597.5 71.6 small-vehicle 0
491.1 63.1 518.3 36.6 539.2 58.1 512.0 84.6 small-vehicle 0
597.6 167.0 616.9 149.5 637.0 171.8 617.7 189.2 small-vehicle 0
344.5 56.3 367.6 31.3 398.5 59.7 375.4 84.7 small-vehicle 0
234.6 79.7 253.7 56.6 289.2 85.8 270.1 109.0 small-vehicle 0
185.4 57.4 202.6 32.9 243.6 61.6 226.4 86.1 small-vehicle 0
288.9 107.7 311.0 87.4 339.5 118.2 317.4 138.6 small-vehicle 0
351.1 153.2 368.8 124.1 411.5 150.0 393.9 179.1 small-vehicle 0
406.9 183.1 424.0 158.4 465.1 186.9 448.0 211.6 small-vehicle 0
458.5 202.3 477.4 179.0 516.3 210.5 497.4 233.8 small-vehicle 0
510.5 235.4 525.6 214.2 563.1 240.8 548.1 262.0 small-vehicle 0
558.9 268.1 565.3 242.9 594.4 250.3 588.0 275.5 small-vehicle 0
661.7 54.5 666.7 41.4 713.3 59.5 708.3 72.6 small-vehicle 0
710.5 73.6 715.0 64.7 741.7 78.3 737.2 87.2 small-vehicle 0
713.6 44.2 720.3 36.7 760.4 72.8 753.7 80.3 small-vehicle 0
651.8 67.0 657.7 59.0 701.2 91.0 695.3 99.0 small-vehicle 0
700.2 94.7 705.9 86.6 730.5 103.7 724.8 111.9 small-vehicle 0
691.5 113.6 697.6 105.7 721.4 124.1 715.2 132.0 small-vehicle 0
645.4 85.9 651.7 78.2 690.5 109.6 684.2 117.4 small-vehicle 0
632.8 112.0 637.2 103.1 682.1 125.0 677.8 134.0 small-vehicle 0
678.6 136.8 682.6 127.6 710.1 139.6 706.1 148.8 small-vehicle 0
609.3 141.9 616.1 134.6 649.7 166.1 642.9 173.4 small-vehicle 0
645.8 177.4 657.4 154.2 684.2 167.6 672.6 190.8 small-vehicle 0
393.2 1009.9 431.8 961.4 467.8 990.1 429.2 1038.6 large-vehicle 0
552.4 985.7 561.6 970.2 614.9 1001.9 605.7 1017.4 large-vehicle 0
262.8 947.0 278.2 931.3 319.7 971.7 304.4 987.5 large-vehicle 0
446.2 641.6 488.4 590.9 557.6 648.4 515.4 699.2 large-vehicle 0
462.7 950.1 510.0 873.6 562.7 906.2 515.4 982.7 large-vehicle 0
364.2 934.5 373.4 919.0 412.9 942.5 403.7 958.0 large-vehicle 0
381.9 904.3 392.6 889.8 423.2 912.2 412.6 926.8 large-vehicle 0
337.2 872.0 379.5 816.1 409.8 839.0 367.5 894.9 large-vehicle 0
189.9 806.3 209.5 778.5 319.1 855.7 299.5 883.5 large-vehicle 0
415.1 764.1 422.6 752.3 501.9 802.9 494.4 814.7 large-vehicle 0
385.2 671.9 394.2 647.5 527.3 697.1 518.2 721.4 large-vehicle 0
108.0 292.3 119.5 273.6 168.9 303.9 157.4 322.7 large-vehicle 0
200.6 506.0 215.9 540.7 170.1 560.9 154.8 526.1 large-vehicle 0
2.5 931.4 15.1 913.4 121.5 988.1 108.9 1006.1 large-vehicle 0
48.5 923.0 55.5 906.5 138.4 941.5 131.4 958.1 large-vehicle 0
157.2 939.5 181.9 905.5 283.8 979.5 259.1 1013.5 large-vehicle 0
30.6 860.6 40.3 845.5 136.2 907.0 126.5 922.1 large-vehicle 0
147.4 881.6 148.7 880.1 150.2 881.4 148.9 882.9 large-vehicle 0
185.5 829.0 193.4 817.3 281.3 876.5 273.5 888.1 large-vehicle 0
17.0 747.8 27.3 733.1 130.5 805.4 120.1 820.1 large-vehicle 0
24.6 807.2 26.1 805.8 27.5 807.2 26.1 808.6 large-vehicle 0
39.3 728.6 48.5 713.1 163.7 781.4 154.5 796.9 large-vehicle 0
90.0 680.9 102.7 675.1 129.7 735.4 117.0 741.1 large-vehicle 0
174.5 746.7 184.6 731.8 298.9 809.0 288.9 823.9 large-vehicle 0
674.6 597.8 691.9 564.0 768.4 603.2 751.1 637.0 large-vehicle 0
813.1 657.0 827.0 639.9 868.9 674.0 855.0 691.1 large-vehicle 0
944.2 746.0 972.1 714.6 1012.5 750.4 984.6 781.8 large-vehicle 0
601.2 648.1 626.7 619.9 743.8 725.9 718.3 754.1 large-vehicle 0
593.4 963.0 605.7 944.8 717.1 1019.2 704.8 1037.5 large-vehicle 0
827.3 973.6 840.5 956.0 915.7 1012.4 902.5 1030.0 large-vehicle 0
640.0 885.8 652.9 867.9 690.2 894.8 677.3 912.7 large-vehicle 0
625.9 787.4 640.7 766.0 708.1 812.6 693.3 834.0 large-vehicle 0
881.0 821.6 895.8 795.5 1016.0 863.4 1001.2 889.5 large-vehicle 0
814.1 766.6 815.4 765.1 816.9 766.4 815.6 767.9 large-vehicle 0
581.3 689.5 594.1 671.6 722.7 763.5 709.9 781.4 large-vehicle 0
816.8 192.9 821.2 183.9 848.2 197.1 843.8 206.1 small-vehicle 0
831.4 176.5 832.7 166.6 874.4 172.1 873.1 182.0 small-vehicle 0
765.7 160.0 788.6 134.9 828.6 171.2 805.7 196.4 small-vehicle 0
751.8 204.8 762.3 195.6 787.3 224.2 776.8 233.4 small-vehicle 0
910.4 232.1 916.7 224.4 955.6 255.9 949.3 263.6 small-vehicle 0
870.2 287.5 876.1 279.5 919.6 311.4 913.7 319.5 small-vehicle 0
890.4 269.7 897.3 262.5 930.6 294.3 923.7 301.5 small-vehicle 0
897.1 251.7 901.7 242.8 946.2 265.5 941.7 274.4 small-vehicle 0
919.7 217.7 924.2 208.8 972.3 233.3 967.8 242.2 small-vehicle 0
917.0 34.6 941.1 69.0 919.7 83.9 895.7 49.5 small-vehicle 0
839.4 152.2 842.5 142.7 871.0 152.1 867.9 161.6 small-vehicle 0
870.0 112.1 875.7 103.9 913.5 130.2 907.8 138.4 small-vehicle 0
852.7 99.1 906.5 54.2 941.1 95.7 887.3 140.6 small-vehicle 0
773.3 200.6 965.2 -92.1 1033.8 -47.2 841.9 245.5 large-vehicle 0
967.7 243.3 973.1 234.9 998.3 251.1 992.9 259.5 small-vehicle 0
835.0 51.5 849.4 29.8 891.0 57.5 876.6 79.2 small-vehicle 0
831.2 57.7 838.2 50.5 876.8 88.3 869.8 95.5 small-vehicle 0
826.2 86.3 831.9 78.1 869.7 104.3 864.1 112.5 small-vehicle 0
786.0 127.8 806.5 100.7 846.4 130.8 825.9 157.9 small-vehicle 0
672.3 343.2 722.5 197.6 800.0 224.3 749.8 369.9 large-vehicle 0
999.3 93.2 1004.9 91.1 1018.2 126.7 1012.5 128.8 small-vehicle 0
981.1 121.0 987.7 113.5 1019.3 141.2 1012.8 148.7 small-vehicle 0
968.5 137.0 974.8 129.2 1007.5 155.7 1001.2 163.4 small-vehicle 0
1000.3 178.5 1008.2 172.5 1031.1 202.9 1023.1 208.9 small-vehicle 0
952.4 159.4 957.0 150.6 1001.3 173.8 996.7 182.6 small-vehicle 0
937.9 172.7 943.8 164.7 984.1 194.3 978.2 202.3 small-vehicle 0
980.8 192.6 988.0 185.7 1019.9 218.8 1012.7 225.7 small-vehicle 0
934.9 193.1 941.8 185.9 978.2 220.1 971.3 227.4 small-vehicle 0
974.3 212.7 981.9 206.2 1011.7 241.3 1004.1 247.8 small-vehicle 0
867.2 310.2 873.1 302.1 916.8 333.8 910.9 341.9 small-vehicle 0
945.5 281.0 950.8 272.4 976.3 288.1 971.1 296.7 small-vehicle 0
955.4 261.2 960.5 252.6 982.8 265.9 977.7 274.5 small-vehicle 0
990.0 390.1 1013.2 365.3 1044.0 393.9 1020.8 418.7 small-vehicle 0
