989.6 306.8 999.0 296.5 1006.4 303.2 997.0 313.5 large-vehicle 0
756.2 58.3 767.2 44.1 806.8 74.7 795.8 88.9 large-vehicle 0
848.5 117.1 864.9 97.0 943.9 161.5 927.5 181.6 large-vehicle 0
746.5 963.7 774.1 995.4 736.5 1028.3 708.9 996.6 small-vehicle 0
788.0 135.2 805.3 115.8 905.2 205.1 887.9 224.5 large-vehicle 0
765.2 149.4 777.6 136.3 874.8 228.6 862.4 241.7 large-vehicle 0
916.6 421.7 917.3 423.6 915.4 424.3 914.7 422.4 large-vehicle 0
262.9 786.9 278.6 802.3 260.3 820.9 244.6 805.5 large-vehicle 0
164.9 774.0 186.1 768.1 217.7 881.8 196.5 887.7 large-vehicle 0
168.5 869.0 170.5 869.0 170.5 871.0 168.5 871.0 large-vehicle 0
109.2 848.2 111.1 848.9 110.4 850.8 108.5 850.1 large-vehicle 0
506.7 705.4 528.3 709.5 518.3 762.6 496.7 758.5 large-vehicle 0
390.4 650.3 420.3 647.7 431.7 777.2 401.8 779.8 large-vehicle 0
367.4 738.9 380.7 765.8 339.5 786.1 326.2 759.2 large-vehicle 0
289.4 795.6 310.9 800.4 303.5 833.6 282.0 828.8 large-vehicle 0
312.2 457.1 314.0 456.1 315.0 457.8 313.2 458.8 large-vehicle 0
371.1 375.0 404.5 406.6 372.9 440.0 339.5 408.4 large-vehicle 0
385.3 357.4 406.6 336.3 427.7 357.6 406.4 378.7 large-vehicle 0
739.5 728.0 740.6 729.6 739.0 730.7 737.9 729.1 large-vehicle 0
684.9 754.1 699.4 727.9 757.1 759.9 742.6 786.1 large-vehicle 0
657.9 799.4 659.3 785.4 701.1 789.6 699.7 803.6 large-vehicle 0
639.8 814.0 655.3 798.3 688.1 830.6 672.6 846.2 large-vehicle 0
649.1 848.6 650.4 847.1 651.9 848.4 650.6 849.9 large-vehicle 0
