53.6 255.1 54.9 256.6 53.4 257.9 52.1 256.4 ship 0
32.6 309.4 50.8 328.1 6.4 371.3 -11.8 352.7 ship 0
195.5 190.2 267.5 123.8 290.5 148.8 218.5 215.2 ship 0
333.1 105.3 367.4 141.7 188.3 310.4 154.0 274.0 ship 0
228.6 223.8 241.7 218.7 270.4 291.2 257.3 296.3 ship 0
583.7 95.8 592.7 111.4 452.3 192.2 443.3 176.6 ship 0
639.9 215.8 712.0 232.7 700.6 281.3 628.5 264.4 ship 0
719.0 423.1 724.7 414.9 858.0 506.9 852.3 515.1 ship 0
668.5 500.6 686.2 476.4 794.4 555.5 776.7 579.7 ship 0
808.6 414.5 853.7 496.9 834.4 507.5 789.3 425.1 ship 0
843.0 405.4 879.8 432.9 861.9 456.9 825.0 429.4 ship 0
471.8 153.5 567.5 199.1 554.6 226.2 458.9 180.6 ship 0
