115.2 192.0 121.3 204.6 54.8 237.0 48.7 224.4 large-vehicle 0
647.9 873.9 664.2 908.2 615.4 931.3 599.1 897.0 large-vehicle 0
674.6 945.7 688.0 981.2 633.8 1001.7 620.3 966.2 large-vehicle 0
346.4 469.9 375.6 415.2 465.6 463.1 436.4 517.8 large-vehicle 0
273.8 508.5 277.6 554.3 223.8 558.8 219.9 513.0 large-vehicle 0
227.8 292.7 240.8 287.6 296.2 431.3 283.2 436.4 large-vehicle 0
243.2 289.7 251.7 284.5 325.3 406.0 316.8 411.2 large-vehicle 0
264.7 268.7 273.7 264.1 345.0 405.1 336.1 409.6 large-vehicle 0
305.7 268.2 319.1 264.3 359.7 404.6 346.2 408.5 large-vehicle 0
326.8 361.3 377.5 307.4 402.2 330.7 351.5 384.6 large-vehicle 0
364.1 269.3 386.3 255.7 453.9 366.7 431.7 380.3 large-vehicle 0
438.2 256.8 458.7 240.8 536.4 339.9 515.9 356.0 large-vehicle 0
494.5 233.4 529.3 218.2 578.3 329.9 543.5 345.2 large-vehicle 0
547.5 215.1 559.4 207.7 636.2 331.9 624.3 339.2 large-vehicle 0
589.7 219.0 602.3 213.1 659.1 334.4 646.5 340.4 large-vehicle 0
625.5 226.6 659.8 202.3 707.2 269.2 673.0 293.5 large-vehicle 0
750.3 190.0 797.2 163.3 839.7 238.0 792.8 264.7 large-vehicle 0
102.7 223.2 108.1 231.6 59.3 262.8 53.9 254.4 large-vehicle 0
113.3 175.4 115.2 189.3 53.7 197.6 51.8 183.7 large-vehicle 0
98.3 154.8 99.8 164.7 30.5 175.0 29.1 165.1 large-vehicle 0
59.9 40.8 66.4 53.3 7.7 83.6 1.3 71.1 large-vehicle 0
70.9 68.7 76.1 81.7 14.8 106.2 9.6 93.2 large-vehicle 0
79.9 94.1 85.3 107.1 28.1 130.9 22.7 117.9 large-vehicle 0
63.7 126.7 70.5 138.9 23.3 165.1 16.5 152.9 large-vehicle 0
90.4 563.9 95.3 593.5 61.7 599.1 56.8 569.5 small-vehicle 0
123.5 542.8 139.9 567.9 108.1 588.7 91.7 563.6 small-vehicle 0
173.8 543.2 176.7 569.0 150.9 572.0 147.9 546.1 small-vehicle 0
186.0 543.1 202.4 528.4 222.4 550.8 206.1 565.5 small-vehicle 0
