499.1 945.8 508.1 888.5 581.2 900.1 572.1 957.4 large-vehicle 0
-3.2 426.7 8.9 413.3 31.2 433.3 19.1 446.7 large-vehicle 0
772.2 98.9 791.3 75.8 826.8 105.1 807.7 128.2 small-vehicle 0
917.0 171.6 947.4 142.7 979.2 176.0 948.8 204.9 small-vehicle 0
795.1 236.5 813.7 212.9 843.5 236.3 825.0 259.9 small-vehicle 0
892.0 383.2 930.2 415.5 905.7 444.5 867.5 412.3 small-vehicle 0
916.6 609.1 931.4 583.1 964.4 601.9 949.6 627.9 small-vehicle 0
932.8 548.4 935.1 538.7 968.2 546.6 965.9 556.3 small-vehicle 0
936.4 517.9 942.4 510.0 972.6 533.1 966.6 541.0 small-vehicle 0
939.5 621.2 961.4 647.2 932.3 671.6 910.4 645.6 small-vehicle 0
839.8 810.6 868.4 801.6 882.2 845.5 853.6 854.5 small-vehicle 0
890.1 941.2 911.0 914.4 940.9 937.8 920.0 964.6 small-vehicle 0
841.6 960.6 869.1 940.6 891.4 971.4 863.9 991.4 small-vehicle 0
689.7 105.1 711.0 90.2 737.3 127.9 716.0 142.8 small-vehicle 0
701.7 50.6 722.2 28.7 755.8 60.1 735.3 82.0 small-vehicle 0
