417.2 783.4 600.0 680.0 677.8 817.6 495.0 921.0 large-vehicle 0
895.0 477.3 902.8 465.7 1004.0 533.7 996.2 545.3 large-vehicle 0
861.8 483.6 870.6 472.7 943.2 532.4 934.4 543.3 large-vehicle 0
799.2 468.0 808.0 457.2 908.5 539.6 899.7 550.5 large-vehicle 0
722.5 457.5 734.1 443.7 833.5 527.5 821.9 541.3 large-vehicle 0
753.8 464.0 764.0 473.6 704.7 536.0 694.6 526.3 large-vehicle 0
866.4 271.4 904.7 320.1 802.6 400.6 764.3 351.9 large-vehicle 0
938.8 146.1 949.2 160.8 820.2 251.9 809.8 237.2 large-vehicle 0
624.2 250.4 689.6 343.8 579.8 420.6 514.4 327.2 large-vehicle 0
844.8 131.5 861.6 156.3 740.8 238.2 723.9 213.4 large-vehicle 0
737.0 127.4 748.1 141.5 623.8 239.1 612.7 224.9 large-vehicle 0
672.6 133.4 689.8 158.0 583.4 232.6 566.2 208.0 large-vehicle 0
832.0 -25.7 871.9 26.8 771.6 103.0 731.7 50.5 large-vehicle 0
740.9 -5.9 748.6 5.8 637.0 80.0 629.3 68.3 large-vehicle 0
688.0 -18.7 706.0 5.3 624.3 66.5 606.3 42.5 large-vehicle 0
982.5 153.1 993.5 167.3 897.1 242.1 886.1 227.9 large-vehicle 0
587.3 457.0 603.1 436.4 642.7 467.0 626.9 487.6 small-vehicle 0
