295.5 84.5 301.3 92.7 178.5 179.0 172.8 170.8 large-vehicle 0
499.5 751.0 520.3 735.4 593.5 833.0 572.7 848.6 large-vehicle 0
306.3 331.4 321.0 352.9 223.7 419.5 209.0 398.1 large-vehicle 0
373.5 306.9 420.6 290.2 457.4 393.8 410.3 410.6 large-vehicle 0
329.0 299.5 336.4 311.4 202.3 394.9 194.9 383.0 large-vehicle 0
320.3 271.8 326.1 280.0 200.9 369.6 195.1 361.5 large-vehicle 0
318.5 246.8 324.1 255.1 196.5 341.2 190.9 332.9 large-vehicle 0
312.2 224.6 319.6 236.5 198.9 311.3 191.5 299.4 large-vehicle 0
302.6 197.3 308.6 205.3 194.4 289.7 188.4 281.7 large-vehicle 0
307.6 159.9 313.7 167.8 188.4 264.1 182.3 256.2 large-vehicle 0
300.2 136.8 308.3 148.2 182.7 237.3 174.6 225.8 large-vehicle 0
302.3 105.2 308.2 113.3 176.9 208.3 171.1 200.2 large-vehicle 0
-16.4 95.0 36.6 32.4 93.1 80.2 40.1 142.8 large-vehicle 0
268.8 43.4 277.1 54.7 181.5 124.0 173.3 112.6 large-vehicle 0
283.6 8.4 291.2 20.2 161.2 102.8 153.7 91.0 large-vehicle 0
267.3 -11.3 274.8 0.5 161.7 72.3 154.2 60.5 large-vehicle 0
165.6 -28.4 192.9 -2.0 130.3 62.7 103.0 36.3 large-vehicle 0
336.8 731.5 349.8 726.2 400.0 850.5 387.1 855.7 large-vehicle 0
319.4 738.0 329.0 735.2 363.0 852.4 353.4 855.2 large-vehicle 0
292.5 738.8 302.0 735.7 342.5 859.2 333.0 862.3 large-vehicle 0
264.9 747.4 278.1 742.8 320.1 861.6 306.9 866.2 large-vehicle 0
79.5 778.4 92.7 773.7 133.5 888.6 120.3 893.3 large-vehicle 0
107.3 767.2 120.5 762.7 163.8 889.5 150.6 894.1 large-vehicle 0
133.7 770.9 146.5 765.2 198.3 880.1 185.5 885.8 large-vehicle 0
167.6 760.2 177.0 756.9 219.4 879.8 210.0 883.1 large-vehicle 0
193.2 755.8 202.7 752.9 240.8 877.2 231.3 880.1 large-vehicle 0
216.1 747.0 229.5 743.0 267.2 871.6 253.7 875.6 large-vehicle 0
247.7 743.1 261.4 740.4 287.3 871.9 273.6 874.6 large-vehicle 0
-9.1 338.8 2.9 315.7 40.1 335.2 28.1 358.3 small-vehicle 0
426.9 350.6 455.4 341.2 471.0 388.7 442.5 398.1 small-vehicle 0
463.7 580.8 489.8 558.9 519.4 594.2 493.3 616.0 small-vehicle 0
