894.0 737.7 908.1 748.9 872.0 794.3 857.9 783.1 large-vehicle 0
852.8 701.1 862.8 700.9 864.2 778.9 854.2 779.1 large-vehicle 0
834.2 678.1 866.7 688.1 846.0 755.0 813.5 745.0 large-vehicle 0
797.5 630.7 830.7 649.1 800.5 703.3 767.3 684.9 large-vehicle 0
606.6 630.7 626.4 603.0 670.4 634.3 650.6 662.0 large-vehicle 0
584.8 633.0 594.7 623.1 641.2 670.0 631.3 679.9 large-vehicle 0
556.2 661.0 587.9 640.0 617.8 685.0 586.1 706.0 large-vehicle 0
982.2 424.0 1018.8 451.9 976.5 507.6 939.9 479.8 large-vehicle 0
958.1 370.0 985.4 382.4 964.8 427.9 937.4 415.5 large-vehicle 0
952.2 310.0 969.1 334.8 884.8 392.2 867.9 367.4 large-vehicle 0
79.7 359.8 101.8 380.1 84.3 399.2 62.2 378.9 small-vehicle 0
65.4 361.0 66.6 351.1 108.3 355.9 107.1 365.9 small-vehicle 0
83.5 301.2 93.9 277.3 125.1 290.8 114.7 314.6 small-vehicle 0
905.7 234.1 949.9 283.2 850.3 372.9 806.1 323.8 large-vehicle 0
