251.1 776.0 284.0 749.9 322.6 798.4 289.7 824.6 swimming-pool 0
108.2 186.4 115.6 193.1 92.8 218.4 85.4 211.7 small-vehicle 0
471.0 405.4 475.5 383.9 504.9 389.9 500.4 411.4 small-vehicle 0
418.6 121.3 419.4 103.3 449.4 104.7 448.6 122.7 small-vehicle 0
123.7 204.1 127.6 182.4 153.2 187.0 149.3 208.6 small-vehicle 0
641.6 343.2 642.3 345.1 640.4 345.8 639.7 343.9 small-vehicle 0
501.7 883.4 512.2 902.7 475.4 922.8 464.8 903.5 small-vehicle 0
611.1 915.8 637.7 929.7 621.9 959.8 595.3 946.0 small-vehicle 0
737.3 836.1 749.4 854.5 727.7 868.8 715.6 850.4 small-vehicle 0
812.4 497.3 826.9 462.2 854.6 473.7 840.1 508.8 small-vehicle 0
927.9 372.5 952.5 363.9 961.1 388.5 936.5 397.1 small-vehicle 0
800.6 462.3 808.0 503.6 778.5 508.9 771.1 467.5 small-vehicle 0
704.5 298.6 725.2 339.7 687.6 358.6 667.0 317.5 small-vehicle 0
874.7 145.8 899.8 139.2 910.5 179.8 885.3 186.4 small-vehicle 0
871.3 61.4 893.3 60.6 894.8 102.5 872.9 103.4 small-vehicle 0
1020.1 11.1 1029.3 35.4 1005.0 44.6 995.8 20.2 small-vehicle 0
995.2 180.8 995.4 214.8 949.4 215.1 949.2 181.1 small-vehicle 0
309.4 550.2 311.7 512.2 349.6 514.6 347.3 552.5 small-vehicle 0
197.3 484.2 206.3 521.2 157.7 532.9 148.7 496.0 small-vehicle 0
