338.2 481.1 391.9 476.1 395.8 517.9 342.1 522.9 small-vehicle 0
91.2 181.8 122.2 195.9 104.8 234.2 73.8 220.1 small-vehicle 0
630.5 523.8 655.9 518.3 667.3 571.1 641.8 576.6 small-vehicle 0
816.8 -2.1 833.6 22.7 802.2 44.1 785.4 19.3 small-vehicle 0
971.2 966.1 983.4 984.4 961.8 998.9 949.6 980.6 small-vehicle 0
330.1 903.3 330.9 929.3 284.9 930.7 284.1 904.7 small-vehicle 0
664.0 723.1 686.8 767.6 653.0 784.9 630.2 740.4 small-vehicle 0
537.3 651.8 553.4 677.1 524.8 695.4 508.6 670.1 small-vehicle 0
352.5 711.8 368.6 686.5 407.5 711.2 391.4 736.5 small-vehicle 0
92.8 534.0 98.8 559.3 50.2 571.0 44.2 545.7 small-vehicle 0
12.4 670.8 13.7 648.9 67.6 652.2 66.3 674.1 small-vehicle 0
131.8 252.0 138.8 264.2 119.6 275.0 112.7 262.9 small-vehicle 0
127.9 862.4 134.2 883.5 90.1 896.6 83.8 875.5 small-vehicle 0
84.7 842.6 90.9 863.7 58.3 873.4 52.1 852.3 small-vehicle 0
