1014.2 256.0 1035.2 271.4 1019.8 292.4 998.9 277.0 small-vehicle 0
907.2 882.3 944.6 875.5 952.8 920.7 915.4 927.5 small-vehicle 0
946.4 141.5 972.1 157.0 952.6 189.5 926.9 174.0 small-vehicle 0
928.4 135.6 939.7 143.9 919.6 171.4 908.3 163.1 small-vehicle 0
232.8 730.4 248.6 745.8 233.2 761.6 217.4 746.2 small-vehicle 0
259.9 421.5 274.0 410.4 285.1 424.5 271.0 435.6 small-vehicle 0
52.9 971.5 74.4 966.9 82.3 1004.1 60.8 1008.7 small-vehicle 0
61.9 889.0 76.0 910.8 54.3 925.0 40.1 903.2 small-vehicle 0
204.5 837.8 204.6 867.8 170.6 867.8 170.5 837.8 small-vehicle 0
341.5 954.0 367.1 925.9 395.2 951.5 369.6 979.6 small-vehicle 0
