635.9 -9.6 656.8 17.2 633.1 35.6 612.2 8.8 small-vehicle 0
169.6 254.8 206.7 246.7 216.5 291.7 179.3 299.7 small-vehicle 0
244.3 907.9 244.7 886.0 294.7 887.1 294.3 909.0 small-vehicle 0
396.3 859.3 415.9 842.2 435.7 864.7 416.1 881.8 small-vehicle 0
92.0 872.7 132.4 884.0 120.0 928.3 79.6 917.0 small-vehicle 0
261.6 88.9 269.1 68.2 304.8 81.2 297.3 101.9 small-vehicle 0
114.8 145.8 124.4 142.9 136.2 183.2 126.6 186.1 small-vehicle 0
81.7 149.4 97.4 134.1 118.3 155.6 102.6 170.9 small-vehicle 0
228.3 41.3 247.8 4.0 341.7 53.1 322.2 90.4 large-vehicle 0
397.6 71.4 404.2 54.6 432.1 65.7 425.4 82.5 small-vehicle 0
674.5 196.9 714.0 220.5 694.5 253.1 655.0 229.5 small-vehicle 0
708.6 830.9 785.7 868.8 765.4 910.1 688.3 872.2 small-vehicle 0
929.6 840.1 936.3 827.7 997.9 860.9 991.3 873.2 small-vehicle 0
921.1 703.5 946.8 731.5 915.9 759.9 890.2 731.9 small-vehicle 0
837.6 728.7 873.6 740.9 858.8 784.4 822.8 772.2 small-vehicle 0
889.2 872.3 894.4 830.7 944.0 836.8 938.9 878.5 small-vehicle 0
