216.1 771.5 238.1 770.9 238.7 792.9 216.7 793.5 small-vehicle 0
644.9 696.8 645.9 730.8 599.9 732.1 598.9 698.1 small-vehicle 0
137.8 691.7 158.4 718.8 131.3 739.4 110.7 712.3 small-vehicle 0
120.3 867.8 153.0 841.4 179.4 874.1 146.7 900.5 small-vehicle 0
117.9 791.4 118.9 801.4 85.1 804.6 84.1 794.6 small-vehicle 0
102.0 763.4 107.0 766.7 93.0 788.6 88.0 785.3 small-vehicle 0
780.0 1007.3 800.9 991.8 821.1 1019.2 800.2 1034.6 small-vehicle 0
114.8 505.6 115.9 507.3 114.2 508.4 113.1 506.7 small-vehicle 0
93.2 539.7 114.4 524.6 138.8 558.8 117.6 573.9 small-vehicle 0
244.1 86.6 245.0 60.6 294.9 62.4 294.0 88.4 small-vehicle 0
398.7 32.2 417.3 20.4 433.3 45.8 414.7 57.6 small-vehicle 0
77.4 441.9 103.0 408.6 142.6 439.1 117.0 472.4 small-vehicle 0
283.8 482.8 326.5 456.8 350.4 496.1 307.8 522.1 small-vehicle 0
123.7 360.6 155.6 372.3 145.3 400.4 113.4 388.7 small-vehicle 0
257.4 315.4 263.8 290.2 300.6 299.6 294.2 324.8 small-vehicle 0
48.3 350.4 51.3 372.2 5.7 378.6 2.7 356.8 small-vehicle 0
106.8 568.7 132.8 567.3 135.3 613.2 109.3 614.6 small-vehicle 0
367.5 636.1 389.4 667.1 348.5 695.9 326.6 664.9 swimming-pool 0
79.9 57.9 120.8 48.4 132.1 97.1 91.2 106.6 small-vehicle 0
81.2 298.7 111.1 296.5 114.8 346.3 84.9 348.5 large-vehicle 0
109.7 662.2 133.0 650.5 148.3 680.8 125.0 692.5 small-vehicle 0
734.9 16.4 767.8 42.6 739.1 78.6 706.2 52.4 small-vehicle 0
933.1 39.7 941.9 2.8 994.4 15.2 985.7 52.2 small-vehicle 0
933.4 14.4 933.9 48.4 899.9 48.8 899.4 14.8 small-vehicle 0
