343.1 604.2 395.6 579.6 421.9 635.8 369.4 660.4 swimming-pool 0
282.2 766.4 307.6 750.4 327.8 782.6 302.4 798.6 small-vehicle 0
503.4 63.9 510.0 84.9 473.7 96.3 467.1 75.3 small-vehicle 0
434.5 823.9 457.0 804.0 487.5 838.4 465.1 858.3 small-vehicle 0
627.5 793.1 664.3 802.8 656.6 831.8 619.8 822.1 small-vehicle 0
315.0 988.2 333.1 964.2 360.2 984.7 342.2 1008.7 small-vehicle 0
82.1 983.8 83.7 1001.7 45.9 1005.2 44.3 987.3 small-vehicle 0
405.1 402.3 412.1 423.1 372.3 436.5 365.3 415.6 small-vehicle 0
596.0 104.3 618.9 91.9 637.0 125.4 614.1 137.7 small-vehicle 0
738.4 15.1 746.9 35.3 726.6 43.9 718.1 23.6 small-vehicle 0
