671.4 641.2 683.1 633.5 728.1 702.1 716.4 709.7 large-vehicle 0
163.6 281.2 183.4 303.8 166.8 318.3 147.1 295.7 large-vehicle 0
179.4 257.0 208.7 250.8 216.6 288.0 187.3 294.2 large-vehicle 0
194.9 245.6 201.0 232.9 246.1 254.4 240.0 267.1 large-vehicle 0
825.6 194.5 846.7 215.8 788.4 273.5 767.3 252.2 large-vehicle 0
809.1 170.8 821.4 184.0 755.6 245.4 743.3 232.3 large-vehicle 0
500.0 839.0 519.7 822.1 555.0 863.0 535.3 879.9 large-vehicle 0
665.5 681.8 689.2 671.0 718.2 734.7 694.5 745.5 large-vehicle 0
230.0 228.5 251.4 207.4 278.0 234.5 256.6 255.6 large-vehicle 0
366.8 782.1 418.4 808.7 395.4 853.1 343.9 826.5 small-vehicle 0
