923.2 441.0 947.6 502.3 930.8 509.0 906.4 447.7 large-vehicle 0
774.2 639.0 816.6 593.7 858.9 633.4 816.5 678.6 large-vehicle 0
829.6 656.1 867.6 657.5 865.9 703.4 828.0 702.1 large-vehicle 0
908.7 765.9 914.5 774.1 870.3 805.1 864.5 796.9 large-vehicle 0
874.3 734.3 880.3 742.3 840.1 772.1 834.1 764.0 large-vehicle 0
858.1 714.6 865.0 721.8 828.9 756.4 822.0 749.2 large-vehicle 0
891.5 745.5 898.1 753.0 857.5 788.5 850.9 781.0 large-vehicle 0
930.9 789.9 936.0 798.4 886.1 828.1 881.0 819.6 large-vehicle 0
942.9 805.1 948.8 813.2 905.1 844.9 899.2 836.8 large-vehicle 0
962.1 840.3 970.3 851.7 929.7 880.9 921.5 869.5 large-vehicle 0
979.9 855.2 988.8 866.0 950.3 897.8 941.4 887.1 large-vehicle 0
998.6 875.5 1005.1 883.1 964.1 918.2 957.6 910.6 large-vehicle 0
1007.7 895.6 1014.0 903.4 978.3 932.4 972.0 924.6 large-vehicle 0
1026.2 909.7 1031.7 918.0 989.8 945.3 984.3 937.0 large-vehicle 0
764.7 454.1 771.8 447.0 809.8 485.4 802.7 492.5 large-vehicle 0
810.7 471.4 812.3 477.2 736.9 497.3 735.4 491.5 large-vehicle 0
1015.1 431.3 1029.4 442.2 996.5 485.1 982.2 474.1 large-vehicle 0
909.2 450.9 915.2 451.2 910.8 537.1 904.8 536.8 large-vehicle 0
685.1 528.3 723.1 489.9 758.6 525.1 720.6 563.4 large-vehicle 0
926.7 447.9 937.1 438.4 976.3 481.1 965.9 490.6 large-vehicle 0
801.4 425.0 835.8 400.9 862.2 438.5 827.8 462.6 small-vehicle 0
243.8 486.6 263.8 464.2 292.2 489.4 272.2 511.8 small-vehicle 0
