58.6 345.7 80.7 371.6 60.9 388.5 38.8 362.6 small-vehicle 0
38.1 245.0 63.4 261.1 42.9 293.1 17.6 277.0 small-vehicle 0
54.9 312.2 83.0 301.7 99.1 344.8 71.0 355.3 small-vehicle 0
985.6 94.2 1012.1 72.9 1043.4 111.8 1016.9 133.1 large-vehicle 0
937.0 609.5 962.7 581.5 973.0 590.9 947.4 619.0 small-vehicle 0
975.2 587.7 993.1 600.4 971.1 631.4 953.2 618.7 small-vehicle 0
164.3 84.6 181.9 37.8 228.7 55.4 211.1 102.2 small-vehicle 0
160.4 96.9 186.2 93.5 191.6 135.1 165.8 138.5 small-vehicle 0
249.5 25.4 290.9 -15.2 303.5 -2.4 262.1 38.2 small-vehicle 0
50.3 540.4 77.1 561.4 48.7 597.6 22.0 576.6 small-vehicle 0
544.8 479.0 577.1 458.9 597.2 491.1 564.9 511.2 small-vehicle 0
338.8 6.9 364.8 6.1 366.2 52.1 340.2 52.9 small-vehicle 0
306.7 6.7 315.0 1.2 349.3 52.9 340.9 58.4 small-vehicle 0
133.0 174.7 157.1 184.5 147.3 208.6 123.2 198.8 small-vehicle 0
140.8 142.4 174.8 143.5 173.9 169.5 139.9 168.4 small-vehicle 0
290.2 2.5 303.8 -0.5 313.6 44.4 300.0 47.4 small-vehicle 0
