883.4 669.8 904.2 607.1 955.4 624.1 934.7 686.7 large-vehicle 0
901.4 571.0 958.5 581.4 954.5 603.0 897.5 592.6 large-vehicle 0
905.0 565.3 905.6 551.3 967.6 553.9 967.0 567.9 large-vehicle 0
466.9 786.8 473.1 749.3 546.1 761.4 539.9 798.9 small-vehicle 0
574.1 421.8 580.1 422.9 573.5 460.3 567.5 459.3 small-vehicle 0
569.1 387.4 590.1 380.8 600.3 413.2 579.4 419.9 small-vehicle 0
559.7 423.3 565.4 425.1 556.5 453.7 550.8 451.9 small-vehicle 0
535.7 402.9 557.1 408.0 545.5 456.6 524.1 451.5 small-vehicle 0
482.6 456.3 490.1 489.4 425.8 504.1 418.2 471.0 small-vehicle 0
587.4 526.5 610.5 496.4 647.0 524.4 623.9 554.5 small-vehicle 0
634.6 811.2 658.8 787.3 685.5 814.3 661.3 838.3 small-vehicle 0
