743.2 521.0 766.3 501.8 867.3 623.3 844.3 642.4 large-vehicle 0
989.9 457.3 991.3 455.9 992.7 457.4 991.2 458.8 large-vehicle 0
852.4 488.7 873.5 467.4 977.1 570.4 955.9 591.6 large-vehicle 0
817.8 470.3 828.5 461.2 925.3 575.8 914.6 584.9 large-vehicle 0
765.0 369.1 786.0 347.7 870.0 430.7 848.9 452.0 large-vehicle 0
637.6 389.4 649.5 375.8 759.3 472.0 747.5 485.5 large-vehicle 0
727.7 449.4 729.9 487.3 644.0 492.1 641.9 454.1 large-vehicle 0
928.3 67.1 944.6 52.3 1021.2 136.6 1004.9 151.4 large-vehicle 0
756.0 73.3 784.7 48.4 862.1 137.5 833.4 162.4 large-vehicle 0
715.0 79.4 743.4 54.3 837.5 160.7 809.0 185.8 large-vehicle 0
674.3 67.9 687.8 56.0 792.7 174.1 779.2 186.0 large-vehicle 0
666.4 126.2 682.5 111.3 719.2 151.0 703.0 165.9 large-vehicle 0
518.7 103.8 539.5 88.3 624.3 202.2 603.5 217.7 large-vehicle 0
482.3 139.6 511.3 115.1 597.7 217.4 568.7 241.9 large-vehicle 0
449.3 161.4 476.6 141.1 544.7 232.6 517.4 252.9 large-vehicle 0
391.8 147.2 415.9 129.3 509.8 256.4 485.7 274.3 large-vehicle 0
346.1 186.1 369.6 174.9 404.9 248.9 381.4 260.1 large-vehicle 0
347.5 212.8 374.1 245.3 335.4 277.0 308.8 244.5 large-vehicle 0
514.9 879.3 535.8 900.8 505.7 930.0 484.8 908.5 small-vehicle 0
565.4 866.8 576.7 885.7 540.6 907.2 529.3 888.3 small-vehicle 0
480.6 871.0 497.6 895.7 456.4 924.0 439.4 899.3 small-vehicle 0
396.7 931.0 426.5 927.4 429.6 953.2 399.8 956.8 small-vehicle 0
236.8 910.5 248.7 897.0 274.2 919.5 262.3 933.0 small-vehicle 0
124.1 934.6 124.9 880.6 170.9 881.4 170.1 935.4 small-vehicle 0
264.6 842.3 275.9 878.6 243.4 888.7 232.1 852.4 small-vehicle 0
221.3 741.5 253.1 729.5 263.6 757.6 231.8 769.6 small-vehicle 0
217.3 694.1 245.8 684.8 257.7 720.9 229.2 730.2 small-vehicle 0
241.1 632.8 258.9 670.8 228.1 685.2 210.3 647.2 small-vehicle 0
284.5 537.1 286.6 483.2 304.5 483.9 302.4 537.8 small-vehicle 0
310.8 481.6 338.6 513.1 328.2 522.4 300.4 490.9 small-vehicle 0
346.5 476.3 355.4 480.9 336.4 518.3 327.5 513.8 small-vehicle 0
359.2 475.5 369.2 475.6 368.8 513.5 358.8 513.4 small-vehicle 0
428.3 463.4 432.3 467.8 389.8 507.1 385.7 502.7 small-vehicle 0
441.3 471.3 445.2 475.8 431.7 487.7 427.8 483.2 small-vehicle 0
461.7 454.9 471.3 457.8 459.3 498.1 449.7 495.2 small-vehicle 0
475.1 464.1 481.5 456.4 516.8 485.9 510.4 493.6 small-vehicle 0
282.5 189.0 304.3 186.5 315.4 283.9 293.5 286.4 large-vehicle 0
