432.6 754.0 469.2 781.9 424.4 840.8 387.8 812.9 large-vehicle 0
686.3 818.3 692.9 855.7 635.8 865.7 629.2 828.3 large-vehicle 0
674.5 984.9 680.6 976.9 726.7 1012.1 720.6 1020.1 large-vehicle 0
681.8 961.5 687.9 953.6 733.8 989.0 727.7 996.9 large-vehicle 0
705.7 946.8 715.5 936.9 748.3 969.2 738.5 979.1 large-vehicle 0
707.2 923.1 714.9 911.4 760.0 941.0 752.3 952.7 large-vehicle 0
831.4 216.7 870.9 253.6 831.3 296.0 791.8 259.1 large-vehicle 0
740.9 659.8 750.1 670.4 706.1 708.2 696.9 697.6 large-vehicle 0
718.9 712.1 727.2 723.3 703.2 741.2 694.8 730.0 large-vehicle 0
708.1 755.3 714.7 767.6 670.7 791.4 664.1 779.1 large-vehicle 0
746.1 840.3 750.2 831.2 795.9 851.5 791.8 860.7 large-vehicle 0
740.1 870.3 741.2 860.3 790.9 865.7 789.8 875.7 large-vehicle 0
773.0 796.4 781.4 785.1 828.0 819.6 819.6 830.9 large-vehicle 0
831.9 571.5 838.5 559.1 893.3 588.1 886.7 600.5 large-vehicle 0
813.2 653.1 826.7 641.2 872.8 693.9 859.3 705.8 large-vehicle 0
812.0 635.5 816.9 622.4 912.5 657.8 907.7 670.9 large-vehicle 0
959.8 550.0 971.8 563.4 934.4 596.6 922.4 583.2 large-vehicle 0
882.6 452.7 892.3 442.6 960.0 507.8 950.3 517.9 large-vehicle 0
361.9 160.2 367.0 163.3 330.1 222.8 325.0 219.7 small-vehicle 0
373.0 191.4 379.9 216.4 327.9 230.9 320.9 205.8 small-vehicle 0
394.2 160.1 412.4 131.4 447.8 153.9 429.6 182.6 small-vehicle 0
439.7 190.8 472.7 153.2 501.3 178.2 468.3 215.8 small-vehicle 0
749.8 372.0 783.6 368.3 788.2 410.0 754.4 413.7 small-vehicle 0
771.1 328.6 800.5 323.0 806.9 356.4 777.5 362.0 small-vehicle 0
973.4 344.8 974.9 343.4 976.2 344.9 974.8 346.2 large-vehicle 0
985.4 397.1 989.6 410.4 903.5 436.9 899.4 423.5 large-vehicle 0
900.6 422.5 910.8 412.8 964.4 469.5 954.2 479.2 large-vehicle 0
752.2 808.8 758.5 801.0 803.8 837.2 797.5 845.0 large-vehicle 0
786.5 775.8 798.9 769.5 807.1 785.5 794.7 791.9 large-vehicle 0
780.7 751.7 786.7 739.0 849.9 769.0 843.9 781.7 large-vehicle 0
802.7 708.0 815.9 690.4 884.7 742.1 871.4 759.7 large-vehicle 0
1002.4 512.0 1025.0 547.4 989.6 570.0 967.0 534.6 large-vehicle 0
425.2 416.1 457.7 372.9 494.5 400.6 462.0 443.7 small-vehicle 0
944.8 496.1 946.3 510.0 880.7 516.9 879.2 502.9 large-vehicle 0
876.6 517.8 886.0 507.5 934.9 551.8 925.5 562.2 large-vehicle 0
979.6 184.1 1003.2 159.7 1033.4 188.9 1009.8 213.3 small-vehicle 0
862.4 539.5 872.3 529.6 927.6 584.5 917.7 594.4 large-vehicle 0
61.9 958.6 85.2 933.8 112.9 959.9 89.6 984.6 small-vehicle 0
45.7 909.4 64.8 886.2 97.2 912.9 78.1 936.0 small-vehicle 0
