891.4 728.2 913.0 696.9 947.6 720.8 926.0 752.1 small-vehicle 0
861.2 700.4 868.5 693.6 896.9 724.6 889.5 731.4 small-vehicle 0
812.2 704.0 834.1 672.9 865.2 694.8 843.3 725.9 small-vehicle 0
784.0 697.4 813.2 667.3 829.0 682.6 799.8 712.7 small-vehicle 0
759.7 661.4 768.1 656.0 795.2 698.0 786.8 703.4 small-vehicle 0
766.9 767.3 784.7 733.8 825.3 755.3 807.5 788.9 small-vehicle 0
820.4 774.5 833.8 757.1 857.6 775.5 844.2 792.9 small-vehicle 0
885.1 791.8 887.1 792.0 886.9 794.0 884.9 793.8 small-vehicle 0
901.1 811.3 913.6 788.5 946.9 806.7 934.4 829.5 small-vehicle 0
980.7 807.0 987.7 832.0 958.8 840.0 951.8 815.0 small-vehicle 0
938.3 724.2 945.6 717.3 979.7 753.8 972.4 760.7 small-vehicle 0
968.6 735.1 989.9 720.2 1016.2 758.0 994.9 772.8 small-vehicle 0
