10.4 336.4 14.0 331.7 34.6 347.6 31.0 352.3 small-vehicle 0
22.0 286.4 31.5 289.4 20.0 325.6 10.5 322.6 small-vehicle 0
14.2 362.5 20.0 360.8 28.8 389.5 23.0 391.2 small-vehicle 0
37.3 281.9 54.1 288.4 41.7 320.1 24.9 313.6 small-vehicle 0
45.3 323.7 50.5 326.7 33.7 356.3 28.5 353.3 small-vehicle 0
37.3 357.2 59.1 371.3 40.7 399.8 18.9 385.7 small-vehicle 0
52.8 324.1 73.1 332.4 60.2 363.9 39.9 355.6 small-vehicle 0
74.3 356.7 96.1 370.7 77.7 399.3 55.9 385.3 small-vehicle 0
101.2 325.4 130.7 331.1 125.8 356.6 96.3 350.9 small-vehicle 0
104.0 359.2 129.0 366.1 120.0 398.8 95.0 391.9 small-vehicle 0
284.8 685.7 300.3 664.8 321.2 680.3 305.7 701.2 small-vehicle 0
225.8 659.3 235.6 661.0 231.2 686.7 221.4 685.0 small-vehicle 0
227.6 695.1 237.1 698.0 229.4 722.9 219.9 720.0 small-vehicle 0
238.6 726.5 243.3 730.3 216.4 762.5 211.7 758.7 small-vehicle 0
242.8 695.5 263.0 704.3 254.2 724.5 234.0 715.7 small-vehicle 0
230.4 733.1 250.0 723.1 263.6 749.9 244.0 759.9 small-vehicle 0
181.3 673.6 207.2 675.4 205.7 697.4 179.8 695.6 small-vehicle 0
201.8 704.3 208.2 712.0 188.2 728.7 181.8 721.0 small-vehicle 0
186.4 728.8 210.2 739.4 199.6 763.2 175.8 752.6 small-vehicle 0
287.1 702.5 302.9 694.0 320.9 727.5 305.1 736.0 small-vehicle 0
212.3 638.6 235.2 555.7 248.7 559.4 225.8 642.3 small-vehicle 0
291.8 734.0 296.7 730.5 314.2 755.0 309.3 758.5 small-vehicle 0
274.0 734.3 283.0 730.1 294.0 753.7 285.0 757.9 small-vehicle 0
330.2 695.6 340.0 693.8 344.8 719.4 335.0 721.2 small-vehicle 0
332.0 726.5 356.6 755.4 346.0 764.5 321.4 735.6 small-vehicle 0
344.2 689.8 370.2 690.2 369.8 716.2 343.8 715.8 small-vehicle 0
341.0 723.1 366.6 718.6 374.0 759.9 348.4 764.4 small-vehicle 0
395.2 673.0 416.8 687.4 395.8 719.0 374.2 704.6 small-vehicle 0
380.3 711.1 414.0 715.3 407.7 764.9 374.0 760.7 small-vehicle 0
246.2 621.8 249.4 626.9 213.8 649.2 210.6 644.1 small-vehicle 0
240.5 662.0 262.2 665.4 257.5 695.0 235.8 691.6 small-vehicle 0
448.0 731.7 454.0 732.5 450.0 762.3 444.0 761.5 small-vehicle 0
805.2 281.8 815.2 282.2 813.8 320.2 803.8 319.8 small-vehicle 0
648.8 280.0 658.7 278.5 665.2 320.0 655.3 321.5 small-vehicle 0
674.4 281.0 684.3 282.5 678.6 320.0 668.7 318.5 small-vehicle 0
695.4 280.9 705.0 283.3 695.6 320.1 686.0 317.7 small-vehicle 0
708.1 279.0 718.1 279.0 717.9 325.0 707.9 325.0 small-vehicle 0
728.8 279.4 738.8 279.6 738.2 321.6 728.2 321.4 small-vehicle 0
746.2 278.2 756.2 277.8 757.8 319.8 747.8 320.2 small-vehicle 0
772.0 279.9 781.6 282.6 771.0 319.1 761.4 316.4 small-vehicle 0
815.8 277.7 819.1 282.7 764.2 319.3 760.9 314.3 small-vehicle 0
829.8 279.1 851.0 294.2 831.2 321.9 810.0 306.8 small-vehicle 0
234.4 620.9 256.2 618.4 261.6 664.1 239.8 666.6 small-vehicle 0
340.1 491.6 360.3 507.9 338.9 534.4 318.7 518.1 small-vehicle 0
322.3 535.7 347.5 529.4 356.7 566.3 331.5 572.6 small-vehicle 0
327.1 575.4 353.1 576.6 351.9 602.6 325.9 601.4 small-vehicle 0
327.5 609.2 349.3 606.2 354.5 643.8 332.7 646.8 small-vehicle 0
212.5 509.6 242.4 506.6 246.5 548.4 216.6 551.4 small-vehicle 0
244.2 547.8 248.1 552.4 215.8 579.2 211.9 574.6 small-vehicle 0
241.1 549.9 262.6 554.7 256.9 580.1 235.4 575.3 small-vehicle 0
241.1 588.7 262.7 592.8 257.9 618.3 236.3 614.2 small-vehicle 0
434.2 730.4 446.6 757.8 433.8 763.6 421.4 736.2 small-vehicle 0
471.8 732.8 476.6 736.5 458.2 760.2 453.4 756.5 small-vehicle 0
750.1 133.9 759.9 135.8 752.9 173.1 743.1 171.2 small-vehicle 0
607.5 140.1 612.8 143.0 600.5 165.9 595.2 163.0 small-vehicle 0
614.1 134.3 624.1 133.0 628.9 170.7 618.9 172.0 small-vehicle 0
636.9 131.4 646.9 131.6 646.1 169.6 636.1 169.4 small-vehicle 0
652.2 138.8 662.1 137.4 665.8 163.2 655.9 164.6 small-vehicle 0
675.9 134.7 685.6 137.2 678.1 166.3 668.4 163.8 small-vehicle 0
686.8 131.7 696.5 129.4 706.2 170.3 696.5 172.6 small-vehicle 0
710.1 132.0 720.1 132.0 719.9 170.0 709.9 170.0 small-vehicle 0
729.7 129.7 739.7 130.3 737.3 172.3 727.3 171.7 small-vehicle 0
765.0 133.5 775.0 133.5 775.0 171.5 765.0 171.5 small-vehicle 0
560.1 140.1 570.1 139.9 570.9 165.9 560.9 166.1 small-vehicle 0
780.6 141.4 802.1 146.2 796.4 171.6 774.9 166.8 small-vehicle 0
580.5 139.2 590.4 139.9 588.5 165.8 578.6 165.1 small-vehicle 0
544.6 140.5 554.5 141.7 551.4 167.5 541.5 166.3 small-vehicle 0
473.9 733.2 483.6 730.7 490.1 755.8 480.4 758.3 small-vehicle 0
662.2 729.8 671.3 725.5 685.8 756.2 676.7 760.5 small-vehicle 0
484.7 747.9 494.6 732.8 516.3 747.1 506.4 762.2 small-vehicle 0
537.9 734.3 542.4 738.3 525.1 757.7 520.6 753.7 small-vehicle 0
544.7 730.6 554.7 731.4 552.3 761.4 542.3 760.6 small-vehicle 0
564.8 729.1 574.7 730.0 572.2 759.9 562.3 759.0 small-vehicle 0
586.5 727.0 596.4 728.3 592.5 758.0 582.6 756.7 small-vehicle 0
608.7 722.4 618.6 724.3 611.3 761.6 601.4 759.7 small-vehicle 0
625.5 723.8 635.5 723.3 637.5 761.2 627.5 761.7 small-vehicle 0
637.8 728.3 642.3 724.3 670.2 755.7 665.7 759.7 small-vehicle 0
693.7 722.8 703.1 726.0 692.3 758.2 682.9 755.0 small-vehicle 0
523.7 140.3 533.7 140.8 532.3 166.7 522.3 166.2 small-vehicle 0
706.7 723.6 716.7 723.4 717.3 757.4 707.3 757.6 small-vehicle 0
734.6 726.5 744.5 727.7 741.4 753.5 731.5 752.3 small-vehicle 0
755.7 720.7 765.6 721.3 763.3 759.3 753.4 758.7 small-vehicle 0
788.3 727.0 792.4 731.3 770.7 752.0 766.6 747.7 small-vehicle 0
792.1 752.1 792.9 726.1 814.9 726.9 814.1 752.9 small-vehicle 0
845.4 729.7 851.4 737.7 830.6 753.3 824.6 745.3 small-vehicle 0
486.9 141.6 496.8 142.6 494.1 168.4 484.2 167.4 small-vehicle 0
505.8 135.2 515.8 135.9 513.2 173.8 503.2 173.1 small-vehicle 0
634.5 280.0 644.5 280.0 644.5 322.0 634.5 322.0 small-vehicle 0
617.8 279.1 627.8 280.0 624.2 321.9 614.2 321.0 small-vehicle 0
609.8 280.9 615.2 283.6 596.2 321.1 590.8 318.4 small-vehicle 0
263.2 25.6 273.2 25.4 273.8 55.4 263.8 55.6 small-vehicle 0
722.9 17.0 732.7 15.0 742.1 60.0 732.3 62.0 small-vehicle 0
753.9 28.7 759.7 30.2 753.1 55.3 747.3 53.8 small-vehicle 0
768.9 16.8 774.9 17.4 770.1 63.2 764.1 62.6 small-vehicle 0
775.1 17.2 801.1 16.8 801.9 62.8 775.9 63.2 small-vehicle 0
207.6 27.7 217.6 27.4 218.4 53.3 208.4 53.6 small-vehicle 0
227.9 26.7 237.9 27.4 236.1 53.3 226.1 52.6 small-vehicle 0
243.8 17.2 253.7 16.8 255.2 62.8 245.3 63.2 small-vehicle 0
280.0 14.6 290.0 14.4 291.0 64.4 281.0 64.6 small-vehicle 0
300.8 23.9 310.8 24.1 310.2 54.1 300.2 53.9 small-vehicle 0
319.7 16.5 329.7 16.5 329.3 62.5 319.3 62.5 small-vehicle 0
338.1 13.2 348.1 12.8 349.9 66.8 339.9 67.2 small-vehicle 0
357.1 14.0 367.1 14.0 366.9 64.0 356.9 64.0 small-vehicle 0
375.9 17.1 385.9 16.9 387.1 62.9 377.1 63.1 small-vehicle 0
395.0 26.4 404.9 27.9 401.0 53.6 391.1 52.1 small-vehicle 0
410.6 15.7 420.5 14.6 425.4 60.3 415.5 61.4 small-vehicle 0
431.5 26.2 441.4 26.9 439.5 52.8 429.6 52.1 small-vehicle 0
582.6 280.9 592.4 283.0 584.4 320.1 574.6 318.0 small-vehicle 0
445.0 17.5 454.9 16.0 462.0 61.5 452.1 63.0 small-vehicle 0
469.4 18.1 479.3 19.0 475.6 60.9 465.7 60.0 small-vehicle 0
486.8 10.8 496.8 11.2 494.2 73.2 484.2 72.8 small-vehicle 0
406.0 287.5 411.1 290.7 393.0 319.5 387.9 316.3 small-vehicle 0
377.6 132.1 387.5 133.1 383.4 170.9 373.5 169.9 small-vehicle 0
400.1 132.4 409.7 135.2 398.9 171.6 389.3 168.8 small-vehicle 0
411.6 138.0 421.6 137.1 424.4 167.0 414.4 167.9 small-vehicle 0
438.0 130.5 447.4 134.0 434.0 169.5 424.6 166.0 small-vehicle 0
465.4 134.1 469.9 138.0 442.6 169.9 438.1 166.0 small-vehicle 0
470.2 139.3 480.0 141.3 474.8 166.7 465.0 164.7 small-vehicle 0
233.5 276.3 255.8 296.3 230.5 324.7 208.2 304.7 small-vehicle 0
369.8 285.9 379.5 283.4 389.2 320.1 379.5 322.6 small-vehicle 0
411.2 282.6 421.2 282.4 421.8 320.4 411.8 320.6 small-vehicle 0
528.4 8.3 533.2 11.9 493.6 64.7 488.8 61.1 small-vehicle 0
428.6 282.1 438.6 281.9 439.4 319.9 429.4 320.1 small-vehicle 0
447.3 279.9 457.3 280.1 456.7 322.1 446.7 321.9 small-vehicle 0
471.1 279.5 480.9 281.1 473.9 322.5 464.1 320.9 small-vehicle 0
488.9 280.0 498.9 281.3 494.1 319.0 484.1 317.7 small-vehicle 0
504.0 278.1 514.0 277.9 515.0 319.9 505.0 320.1 small-vehicle 0
523.0 279.6 533.0 279.4 534.0 317.4 524.0 317.6 small-vehicle 0
559.6 279.5 564.2 283.4 534.4 318.5 529.8 314.6 small-vehicle 0
561.7 279.8 571.7 280.3 569.3 322.2 559.3 321.7 small-vehicle 0
361.5 129.9 371.2 132.0 362.5 173.1 352.8 171.0 small-vehicle 0
335.1 131.5 344.9 129.4 352.9 166.5 343.1 168.6 small-vehicle 0
321.4 137.7 331.4 138.4 329.6 164.3 319.6 163.6 small-vehicle 0
319.2 133.8 323.6 137.7 295.8 169.2 291.4 165.3 small-vehicle 0
525.4 17.7 535.3 18.4 532.6 60.3 522.7 59.6 small-vehicle 0
538.5 18.6 548.4 17.0 555.5 58.4 545.6 60.0 small-vehicle 0
555.7 27.1 564.8 23.1 575.3 46.9 566.2 50.9 small-vehicle 0
584.1 13.5 594.0 14.9 587.9 60.5 578.0 59.1 small-vehicle 0
594.4 19.2 604.2 17.4 611.6 58.8 601.8 60.6 small-vehicle 0
616.7 11.0 626.7 11.0 626.3 65.0 616.3 65.0 small-vehicle 0
635.5 25.2 645.5 25.9 643.5 51.8 633.5 51.1 small-vehicle 0
656.3 15.1 666.2 16.3 660.7 61.9 650.8 60.7 small-vehicle 0
666.2 15.8 675.8 13.0 688.8 57.2 679.2 60.0 small-vehicle 0
693.6 14.6 703.5 15.5 699.4 61.4 689.5 60.5 small-vehicle 0
708.7 17.6 718.7 17.4 719.3 59.4 709.3 59.6 small-vehicle 0
201.6 139.9 206.2 143.7 187.4 167.1 182.8 163.3 small-vehicle 0
208.6 133.7 218.6 134.3 216.4 172.3 206.4 171.7 small-vehicle 0
227.4 138.7 237.4 139.4 235.6 165.3 225.6 164.6 small-vehicle 0
245.1 131.4 255.1 131.6 253.9 173.6 243.9 173.4 small-vehicle 0
263.3 129.5 273.3 129.5 273.7 171.5 263.7 171.5 small-vehicle 0
281.9 137.8 291.9 138.2 291.1 164.2 281.1 163.8 small-vehicle 0
408.8 322.7 418.7 321.6 423.2 363.3 413.3 364.4 small-vehicle 0
422.4 336.8 426.2 332.1 446.6 348.2 442.8 352.9 small-vehicle 0
436.8 325.2 462.7 322.1 467.2 359.8 441.3 362.9 small-vehicle 0
371.7 322.7 395.9 332.3 383.4 363.9 359.2 354.3 small-vehicle 0
393.8 323.7 403.8 324.6 400.3 362.4 390.4 361.5 small-vehicle 0
351.1 322.9 361.0 321.5 366.9 363.1 357.0 364.5 small-vehicle 0
398.9 398.5 408.5 401.2 396.1 445.5 386.4 442.8 small-vehicle 0
832.3 638.3 858.4 653.1 841.7 682.7 815.6 667.9 small-vehicle 0
434.1 588.8 453.6 599.0 437.9 629.2 418.4 619.0 small-vehicle 0
458.8 542.9 476.0 556.7 457.2 580.1 440.0 566.3 small-vehicle 0
457.9 539.9 471.7 508.9 499.1 521.1 485.3 552.1 small-vehicle 0
497.9 471.0 520.8 458.6 535.1 485.0 512.2 497.4 small-vehicle 0
522.9 411.7 534.1 430.7 515.2 441.9 503.9 422.9 small-vehicle 0
431.2 414.5 435.6 410.5 455.8 432.6 451.4 436.7 small-vehicle 0
402.1 405.6 427.6 400.1 433.9 429.4 408.4 434.9 small-vehicle 0
377.7 397.1 391.6 436.7 378.4 441.4 364.5 401.7 small-vehicle 0
326.7 327.5 331.5 324.0 358.2 361.5 353.3 365.0 small-vehicle 0
190.5 398.1 216.8 412.5 198.6 445.8 172.3 431.5 small-vehicle 0
193.4 327.2 202.9 330.3 193.6 358.8 184.1 355.7 small-vehicle 0
205.6 329.3 215.5 328.0 219.4 357.7 209.5 359.0 small-vehicle 0
218.1 325.9 223.4 323.0 243.8 359.6 238.6 362.6 small-vehicle 0
246.5 325.0 256.4 326.4 251.5 360.1 241.6 358.7 small-vehicle 0
261.1 327.7 270.9 325.9 276.9 359.3 267.1 361.1 small-vehicle 0
306.7 321.9 316.3 324.5 305.3 365.1 295.7 362.5 small-vehicle 0
332.3 320.7 337.8 323.1 317.6 368.8 312.1 366.4 small-vehicle 0
850.2 562.6 854.1 584.2 824.6 589.5 820.7 567.9 small-vehicle 0
910.7 16.5 931.0 0.2 947.3 20.5 927.0 36.8 small-vehicle 0
917.6 36.7 948.1 51.6 931.4 85.8 900.9 70.8 small-vehicle 0
906.4 90.4 936.2 86.8 940.8 124.5 911.0 128.1 small-vehicle 0
843.5 600.8 859.7 626.0 834.5 642.2 818.3 617.0 small-vehicle 0
826.5 515.7 858.5 527.1 848.5 555.3 816.5 543.9 small-vehicle 0
651.7 592.8 671.7 602.0 659.2 629.3 639.2 620.1 small-vehicle 0
738.3 479.2 764.0 475.5 767.7 501.2 742.0 504.9 small-vehicle 0
729.2 630.9 735.0 629.4 744.8 666.1 739.0 667.6 small-vehicle 0
751.9 631.5 767.9 639.8 754.1 666.5 738.1 658.2 small-vehicle 0
749.2 603.1 755.2 603.0 755.8 636.9 749.8 637.0 small-vehicle 0
735.9 605.6 741.9 606.7 738.1 628.4 732.1 627.3 small-vehicle 0
743.0 576.7 764.8 579.5 762.0 601.3 740.2 598.5 small-vehicle 0
736.5 547.9 773.2 557.7 768.5 575.1 731.8 565.3 small-vehicle 0
729.3 527.9 747.1 530.3 743.7 556.1 725.9 553.7 small-vehicle 0
737.2 516.8 762.7 511.7 767.8 537.2 742.3 542.3 small-vehicle 0
743.3 437.5 765.1 440.2 761.8 466.0 740.0 463.2 small-vehicle 0
723.9 602.7 729.0 605.9 713.1 631.3 708.0 628.1 small-vehicle 0
761.3 480.4 781.6 458.3 803.7 478.6 783.4 500.7 small-vehicle 0
762.5 504.5 790.3 493.3 804.5 528.5 776.7 539.7 small-vehicle 0
770.2 541.0 795.8 536.4 799.8 558.0 774.2 562.6 small-vehicle 0
763.7 572.4 795.6 560.7 807.3 592.6 775.4 604.3 small-vehicle 0
776.5 602.8 798.2 606.5 794.5 628.2 772.8 624.5 small-vehicle 0
763.8 637.0 785.7 623.0 806.2 655.0 784.3 669.0 small-vehicle 0
637.3 513.6 657.7 497.5 673.8 518.0 653.3 534.0 small-vehicle 0
645.8 542.9 671.6 545.8 668.2 575.6 642.4 572.7 small-vehicle 0
702.9 642.3 710.3 635.6 733.1 660.7 725.7 667.4 small-vehicle 0
727.8 568.5 737.5 566.3 743.3 591.6 733.6 593.9 small-vehicle 0
814.8 222.3 844.7 219.8 848.5 265.7 818.6 268.2 small-vehicle 0
820.2 23.1 846.2 24.5 844.8 50.4 818.8 49.1 small-vehicle 0
820.5 52.4 846.5 53.6 844.5 99.6 818.5 98.4 small-vehicle 0
825.1 108.1 849.6 116.8 840.9 141.3 816.4 132.6 small-vehicle 0
811.9 153.2 838.6 139.6 852.2 166.4 825.4 179.9 small-vehicle 0
823.7 188.6 848.4 196.7 840.3 221.4 815.6 213.3 small-vehicle 0
751.7 320.4 761.6 322.2 754.3 363.6 744.4 361.8 small-vehicle 0
716.7 562.8 726.5 565.2 718.3 598.2 708.5 595.8 small-vehicle 0
763.6 351.3 772.6 322.7 786.0 326.9 777.0 355.5 small-vehicle 0
793.2 325.3 802.5 321.5 816.8 356.7 807.5 360.5 small-vehicle 0
833.2 324.3 843.7 352.4 826.8 358.7 816.3 330.6 small-vehicle 0
716.0 435.7 742.6 421.8 751.0 437.8 724.3 451.7 small-vehicle 0
722.7 464.2 735.7 459.0 742.3 475.8 729.3 481.0 small-vehicle 0
725.4 487.5 735.3 486.0 741.6 527.5 731.7 529.0 small-vehicle 0
710.3 490.1 720.2 489.1 723.7 522.9 713.8 523.9 small-vehicle 0
717.2 525.3 726.7 528.2 716.8 560.7 707.3 557.8 small-vehicle 0
715.5 798.6 729.8 809.5 694.6 855.6 680.2 844.7 large-vehicle 0
749.9 802.9 777.3 815.1 765.1 842.6 737.7 830.3 large-vehicle 0
607.9 897.5 633.6 893.4 644.1 958.5 618.4 962.6 large-vehicle 0
654.6 887.5 672.0 892.3 651.4 967.5 634.0 962.7 large-vehicle 0
678.9 904.0 692.2 908.3 678.1 952.0 664.8 947.7 large-vehicle 0
703.9 927.5 705.4 928.7 704.1 930.3 702.6 929.0 large-vehicle 0
756.7 926.7 757.9 928.4 756.3 929.5 755.1 927.9 large-vehicle 0
641.0 783.5 654.9 782.0 664.0 863.5 650.1 865.0 large-vehicle 0
674.0 782.1 688.0 782.5 685.0 872.5 671.0 872.0 large-vehicle 0
616.1 773.5 642.1 774.6 637.9 876.5 611.9 875.4 large-vehicle 0
41.5 882.4 51.4 881.5 59.5 975.2 49.5 976.0 large-vehicle 0
114.1 782.1 123.2 786.2 85.9 868.1 76.8 864.0 large-vehicle 0
120.1 780.5 134.1 781.0 130.8 871.0 116.8 870.5 large-vehicle 0
139.6 780.7 153.6 779.6 160.4 869.3 146.4 870.4 large-vehicle 0
171.0 781.6 185.0 782.6 179.0 868.4 165.0 867.4 large-vehicle 0
197.5 775.9 222.6 782.6 201.5 861.9 176.4 855.2 large-vehicle 0
219.1 780.5 233.1 780.7 231.9 870.7 217.9 870.5 large-vehicle 0
242.3 774.2 256.3 773.8 258.7 871.8 244.7 872.2 large-vehicle 0
267.2 775.7 296.9 780.3 283.8 865.3 254.1 860.7 large-vehicle 0
74.1 883.5 84.0 884.5 74.9 974.1 65.0 973.0 large-vehicle 0
419.5 894.5 440.4 901.3 422.5 956.5 401.6 949.7 large-vehicle 0
99.8 885.2 109.6 886.7 97.2 971.8 87.4 970.3 large-vehicle 0
115.2 886.6 129.2 886.4 130.8 972.4 116.8 972.6 large-vehicle 0
147.0 886.0 160.9 887.7 150.0 973.0 136.1 971.3 large-vehicle 0
164.6 885.2 178.6 884.8 181.4 970.7 167.4 971.2 large-vehicle 0
174.7 906.5 194.2 896.2 223.2 951.0 203.8 961.3 large-vehicle 0
408.0 781.5 417.6 778.8 441.0 861.5 431.4 864.2 large-vehicle 0
415.8 791.4 434.5 779.7 480.2 852.6 461.5 864.3 large-vehicle 0
497.6 820.7 499.0 819.3 500.4 820.8 498.9 822.2 large-vehicle 0
920.8 738.6 942.8 737.5 946.7 815.4 924.7 816.5 large-vehicle 0
83.9 780.3 93.5 783.2 67.1 869.2 57.5 866.3 large-vehicle 0
39.8 778.6 53.8 778.0 58.2 875.9 44.2 876.5 large-vehicle 0
66.6 71.1 67.7 61.1 109.4 65.9 108.3 75.9 small-vehicle 0
102.5 38.6 106.1 47.9 74.5 60.4 70.9 51.1 small-vehicle 0
102.4 8.9 111.9 33.1 76.6 47.1 67.1 22.9 small-vehicle 0
177.5 -9.8 184.2 11.2 148.0 22.7 141.3 1.8 small-vehicle 0
150.2 182.9 150.8 172.9 172.8 174.1 172.2 184.1 small-vehicle 0
179.2 14.9 182.6 24.3 146.8 37.1 143.4 27.7 small-vehicle 0
143.6 46.6 144.6 36.7 182.4 40.4 181.4 50.3 small-vehicle 0
147.0 45.2 183.8 65.6 177.0 77.8 140.2 57.4 small-vehicle 0
178.7 66.5 183.3 75.4 145.8 94.5 141.3 85.6 small-vehicle 0
142.2 104.8 142.3 94.8 180.3 95.2 180.2 105.2 small-vehicle 0
144.0 122.3 145.3 112.4 179.0 116.7 177.7 126.6 small-vehicle 0
177.7 124.4 180.9 129.5 145.3 151.6 142.1 146.5 small-vehicle 0
149.5 159.1 152.4 149.5 173.5 155.9 170.6 165.5 small-vehicle 0
104.3 92.0 108.7 101.0 74.7 118.0 70.3 109.0 small-vehicle 0
75.0 127.1 76.1 117.2 109.9 121.0 108.8 130.9 small-vehicle 0
69.8 145.7 71.1 135.8 112.7 141.3 111.4 151.2 small-vehicle 0
104.6 151.2 108.1 160.6 72.4 173.8 68.9 164.4 small-vehicle 0
60.7 48.1 65.3 52.0 40.2 80.6 35.7 76.7 small-vehicle 0
33.2 14.7 40.2 -6.1 64.8 2.3 57.8 23.1 small-vehicle 0
32.9 27.0 60.9 16.0 66.0 29.1 38.1 40.0 small-vehicle 0
44.5 42.5 49.5 39.0 57.5 50.5 52.5 54.0 small-vehicle 0
38.9 71.2 69.3 86.6 61.1 102.7 30.8 87.3 small-vehicle 0
31.1 119.9 35.1 110.8 69.9 126.1 65.9 135.2 small-vehicle 0
26.5 142.0 28.4 132.2 73.5 141.0 71.6 150.8 small-vehicle 0
66.4 147.5 69.2 152.8 32.2 172.5 29.3 167.2 small-vehicle 0
28.1 179.4 31.6 170.0 70.9 184.6 67.4 194.0 small-vehicle 0
33.2 207.7 41.2 201.7 63.9 232.2 55.9 238.1 small-vehicle 0
74.0 225.3 79.0 221.9 102.5 256.7 97.5 260.1 small-vehicle 0
104.5 207.9 109.4 216.7 79.7 233.2 74.8 224.5 small-vehicle 0
68.9 202.6 71.3 192.9 108.1 202.4 105.7 212.1 small-vehicle 0
678.3 168.9 687.5 172.7 669.7 215.1 660.5 211.3 small-vehicle 0
510.9 247.2 527.2 134.4 541.1 136.4 524.8 249.2 small-vehicle 0
546.5 171.4 556.0 174.7 542.2 214.4 532.7 211.1 small-vehicle 0
558.6 180.3 568.5 181.5 565.4 207.3 555.5 206.1 small-vehicle 0
574.1 180.1 584.1 179.0 586.9 204.9 576.9 206.0 small-vehicle 0
605.1 167.2 614.1 171.6 593.8 212.9 584.8 208.5 small-vehicle 0
616.7 169.9 626.5 171.9 618.3 213.1 608.5 211.1 small-vehicle 0
624.2 178.8 633.2 174.5 647.8 205.2 638.8 209.5 small-vehicle 0
662.0 166.5 670.7 171.5 648.0 211.5 639.3 206.5 small-vehicle 0
687.9 172.8 697.9 173.3 696.1 211.2 686.1 210.7 small-vehicle 0
474.9 175.5 484.1 171.5 501.0 209.9 491.9 214.0 small-vehicle 0
722.9 176.4 727.3 180.4 699.1 211.6 694.7 207.6 small-vehicle 0
723.3 179.0 733.3 178.5 734.7 204.4 724.7 205.0 small-vehicle 0
751.4 171.4 760.5 175.7 742.6 213.7 733.5 209.4 small-vehicle 0
745.9 229.3 773.7 152.1 786.9 156.9 759.1 234.0 small-vehicle 0
776.8 178.3 798.5 182.0 794.2 207.7 772.5 204.0 small-vehicle 0
176.5 239.9 194.7 211.2 206.5 218.6 188.3 247.4 small-vehicle 0
201.8 219.3 207.5 217.3 217.2 245.7 211.5 247.7 small-vehicle 0
218.6 216.3 228.1 213.3 238.4 245.7 228.9 248.7 small-vehicle 0
511.4 155.1 516.6 228.9 502.6 229.9 497.4 156.1 small-vehicle 0
468.3 179.1 477.8 182.2 469.7 206.9 460.2 203.8 small-vehicle 0
264.0 212.4 276.7 239.6 264.0 245.6 251.3 218.4 small-vehicle 0
256.8 173.7 266.7 172.5 271.2 210.3 261.3 211.5 small-vehicle 0
712.2 61.6 716.7 57.7 749.7 95.2 745.2 99.2 small-vehicle 0
744.4 55.7 754.4 55.8 753.6 101.8 743.6 101.7 small-vehicle 0
740.2 65.9 743.4 60.8 792.8 91.1 789.6 96.2 small-vehicle 0
782.4 54.2 803.1 61.8 788.6 101.2 767.9 93.6 small-vehicle 0
201.2 173.7 205.9 177.4 179.8 210.3 175.1 206.6 small-vehicle 0
205.3 174.5 215.3 175.6 211.6 209.4 201.6 208.3 small-vehicle 0
205.6 179.3 209.3 174.6 248.5 205.7 244.8 210.4 small-vehicle 0
233.1 206.7 246.8 171.3 259.9 176.3 246.2 211.7 small-vehicle 0
274.7 232.5 279.3 150.7 293.3 151.5 288.7 233.3 small-vehicle 0
445.6 177.6 455.5 178.4 453.4 204.4 443.5 203.6 small-vehicle 0
284.9 222.3 305.7 155.5 319.1 159.7 298.3 226.5 small-vehicle 0
317.6 169.6 327.6 169.9 326.3 211.9 316.3 211.6 small-vehicle 0
347.2 180.5 351.4 184.8 332.8 203.0 328.6 198.7 small-vehicle 0
354.5 172.3 364.4 173.3 360.6 211.2 350.6 210.1 small-vehicle 0
364.8 180.1 369.9 177.1 385.2 202.9 380.1 205.9 small-vehicle 0
382.6 185.1 386.5 180.5 406.4 197.3 402.5 201.9 small-vehicle 0
400.6 204.1 414.6 173.1 427.4 178.9 413.4 209.9 small-vehicle 0
431.8 178.7 441.0 182.7 430.6 206.5 421.4 202.5 small-vehicle 0
240.6 210.9 250.6 211.2 249.4 249.1 239.4 248.8 small-vehicle 0
269.4 217.4 274.2 213.9 296.7 244.6 291.8 248.1 small-vehicle 0
714.5 210.7 723.7 206.9 741.4 249.3 732.2 253.2 small-vehicle 0
762.1 208.3 766.6 212.3 732.8 249.2 728.4 245.2 small-vehicle 0
763.4 208.5 773.4 209.8 768.5 247.5 758.6 246.2 small-vehicle 0
778.3 207.8 799.6 213.3 790.1 250.1 768.8 244.6 small-vehicle 0
683.7 245.1 687.4 211.3 701.3 212.9 697.6 246.7 small-vehicle 0
707.0 210.0 716.9 211.3 712.0 249.0 702.1 247.7 small-vehicle 0
670.8 211.5 680.7 212.8 676.2 246.5 666.3 245.2 small-vehicle 0
288.2 243.3 304.1 208.8 316.8 214.7 300.9 249.2 small-vehicle 0
469.5 209.1 479.2 211.7 469.4 248.4 459.8 245.8 small-vehicle 0
320.9 207.4 330.8 209.3 323.1 250.6 313.2 248.7 small-vehicle 0
324.4 214.1 329.1 210.5 354.6 243.9 349.9 247.5 small-vehicle 0
358.6 211.1 370.5 242.9 357.4 247.9 345.5 216.1 small-vehicle 0
375.0 211.1 384.8 213.1 378.0 246.4 368.2 244.4 small-vehicle 0
393.3 208.2 403.1 209.9 395.7 251.3 385.9 249.5 small-vehicle 0
406.2 211.8 416.2 210.8 419.8 248.7 409.8 249.6 small-vehicle 0
443.0 209.9 447.7 213.6 419.0 249.6 414.3 245.9 small-vehicle 0
447.2 191.5 467.2 262.7 453.8 266.5 433.8 195.3 small-vehicle 0
487.2 208.4 497.0 210.8 486.9 251.6 477.1 249.2 small-vehicle 0
655.1 211.3 664.7 213.9 655.9 246.7 646.3 244.1 small-vehicle 0
507.1 189.9 521.7 266.5 507.9 269.1 493.3 192.5 small-vehicle 0
522.3 188.3 543.2 267.6 529.7 271.1 508.8 191.8 small-vehicle 0
545.9 209.9 555.4 213.1 543.1 249.1 533.6 245.9 small-vehicle 0
524.6 283.2 588.2 169.9 600.4 176.8 536.8 290.1 small-vehicle 0
573.1 284.2 576.9 174.3 590.9 174.8 587.1 284.7 small-vehicle 0
596.0 212.0 612.6 237.0 601.0 244.8 584.3 219.8 small-vehicle 0
613.7 214.1 623.7 214.9 621.3 244.9 611.3 244.1 small-vehicle 0
630.6 214.3 640.5 213.3 643.4 243.2 633.5 244.2 small-vehicle 0
720.8 68.8 723.6 74.2 700.5 86.1 697.7 80.8 small-vehicle 0
688.8 63.1 698.8 64.1 696.2 89.9 686.2 88.9 small-vehicle 0
666.8 57.8 676.7 56.9 680.2 98.8 670.2 99.6 small-vehicle 0
642.8 72.6 646.8 68.1 666.2 85.4 662.2 89.9 small-vehicle 0
368.6 61.7 377.4 56.9 399.4 97.3 390.6 102.1 small-vehicle 0
206.0 55.7 215.9 56.4 213.0 102.3 203.1 101.6 small-vehicle 0
229.6 54.6 239.3 57.1 226.4 105.4 216.7 102.9 small-vehicle 0
238.5 78.5 241.8 73.4 253.5 81.1 250.2 86.1 small-vehicle 0
259.2 52.0 269.2 52.0 268.8 110.0 258.8 110.0 small-vehicle 0
280.7 58.3 290.7 58.8 288.3 104.7 278.3 104.2 small-vehicle 0
285.7 61.3 294.4 56.3 319.3 99.7 310.6 104.7 small-vehicle 0
324.2 61.0 339.7 86.7 320.8 98.0 305.3 72.3 small-vehicle 0
350.1 72.9 354.0 68.3 376.8 87.9 372.9 92.4 small-vehicle 0
390.9 60.4 400.0 56.3 417.1 94.6 408.0 98.7 small-vehicle 0
411.3 59.1 420.2 54.7 440.7 95.9 431.8 100.3 small-vehicle 0
428.8 65.8 447.7 54.5 467.2 87.2 448.3 98.5 small-vehicle 0
534.4 54.3 544.3 52.5 553.6 101.6 543.7 103.5 small-vehicle 0
559.7 57.5 569.6 58.8 564.3 100.5 554.4 99.2 small-vehicle 0
580.5 57.2 590.3 59.1 582.5 100.3 572.7 98.5 small-vehicle 0
592.3 58.4 602.3 57.3 606.7 99.1 596.7 100.2 small-vehicle 0
591.2 63.7 594.6 58.7 645.8 93.8 642.4 98.7 small-vehicle 0
629.1 59.2 639.0 58.1 643.9 99.8 634.0 100.9 small-vehicle 0
