706.7 89.7 735.7 81.9 740.3 99.3 711.3 107.1 plane 0
702.2 46.2 728.1 48.7 726.8 62.6 700.9 60.2 plane 0
646.2 52.1 668.1 54.2 665.6 80.1 643.7 78.0 plane 0
386.7 480.2 391.1 505.8 373.3 508.8 368.9 483.2 plane 0
395.3 469.1 419.9 477.3 411.7 501.9 387.1 493.7 plane 0
350.2 443.7 370.6 427.6 386.7 448.0 366.3 464.1 plane 0
347.5 396.4 355.6 367.5 384.5 375.6 376.4 404.5 plane 0
306.9 524.0 314.5 548.9 301.1 553.0 293.5 528.1 plane 0
287.3 520.6 303.2 529.0 285.5 562.6 269.6 554.2 plane 0
233.8 549.2 236.7 554.5 214.0 567.1 211.0 561.9 plane 0
225.3 574.1 234.7 549.8 247.7 554.9 238.3 579.2 plane 0
308.1 308.7 347.6 323.0 344.2 332.4 304.7 318.1 plane 0
329.2 329.1 329.3 327.1 347.3 328.0 347.2 330.0 plane 0
326.8 328.9 327.1 330.9 309.2 333.2 309.0 331.2 plane 0
305.0 313.7 317.5 326.7 307.4 336.4 294.9 323.4 plane 0
283.2 329.3 286.7 324.5 310.9 342.2 307.4 347.1 plane 0
712.6 102.0 742.5 100.1 744.4 130.0 714.5 131.9 plane 0
704.7 69.8 730.0 63.6 733.3 77.2 708.0 83.4 plane 0
