322.9 969.6 336.7 991.6 257.3 1041.8 243.4 1019.8 large-vehicle 0
20.4 38.3 39.0 56.5 3.9 92.2 -14.6 73.9 small-vehicle 0
52.7 13.8 75.5 39.0 44.3 67.2 21.5 42.0 small-vehicle 0
164.2 44.2 169.4 69.6 132.1 77.2 127.0 51.7 large-vehicle 0
86.5 90.6 101.4 111.9 53.9 145.2 39.0 123.9 large-vehicle 0
304.8 649.8 315.8 664.0 203.6 751.1 192.6 736.8 large-vehicle 0
273.7 624.3 285.3 638.0 198.3 711.7 186.7 698.0 large-vehicle 0
975.4 714.7 977.3 715.4 976.6 717.3 974.7 716.6 small-vehicle 0
941.2 715.7 975.5 732.0 967.8 748.3 933.5 732.0 small-vehicle 0
958.9 752.9 966.0 745.9 1004.1 784.1 997.0 791.1 small-vehicle 0
984.5 722.7 1030.9 775.2 1017.4 787.1 971.0 734.6 small-vehicle 0
925.9 729.5 935.2 725.8 950.6 764.9 941.3 768.6 small-vehicle 0
729.6 330.0 760.5 344.1 746.4 375.0 715.5 360.9 small-vehicle 0
769.7 370.2 783.6 387.3 757.3 408.8 743.4 391.7 small-vehicle 0
765.5 432.8 787.0 406.5 819.6 433.1 798.1 459.4 small-vehicle 0
784.5 455.8 814.7 432.8 842.6 469.3 812.4 492.4 small-vehicle 0
848.7 475.2 862.0 506.4 830.7 519.8 817.4 488.5 small-vehicle 0
