290.3 642.8 302.1 635.2 335.8 687.2 324.1 694.8 large-vehicle 0
312.7 636.2 323.6 627.4 370.3 684.8 359.4 693.6 large-vehicle 0
483.3 436.3 498.6 462.1 448.7 491.7 433.4 465.9 large-vehicle 0
478.7 416.2 485.5 428.5 438.3 454.8 431.5 442.5 large-vehicle 0
478.6 377.7 491.2 404.9 431.3 432.6 418.7 405.4 large-vehicle 0
474.6 360.2 479.5 373.3 421.4 395.1 416.5 381.9 large-vehicle 0
456.9 330.6 463.8 342.8 420.2 367.4 413.3 355.2 large-vehicle 0
446.4 264.5 458.0 287.7 402.6 315.5 391.0 292.3 large-vehicle 0
434.4 218.5 439.2 231.6 388.6 250.5 383.8 237.4 large-vehicle 0
418.7 176.2 436.6 200.3 387.0 237.4 369.0 213.4 large-vehicle 0
418.9 155.8 426.2 167.7 376.7 198.0 369.4 186.1 large-vehicle 0
390.4 66.5 399.3 77.3 357.6 111.5 348.7 100.7 large-vehicle 0
386.2 37.5 393.9 49.1 345.7 81.3 337.9 69.7 large-vehicle 0
447.9 -9.1 456.3 11.2 402.8 33.4 394.3 13.1 large-vehicle 0
221.0 62.1 227.1 91.4 162.4 104.8 156.3 75.5 large-vehicle 0
212.7 33.6 218.6 46.3 158.8 74.1 152.9 61.4 large-vehicle 0
210.4 -7.1 219.1 8.7 157.8 42.6 149.1 26.8 large-vehicle 0
491.5 464.8 509.3 493.7 456.5 526.2 438.7 497.3 large-vehicle 0
482.7 139.0 489.2 151.4 441.4 176.4 434.9 164.0 large-vehicle 0
500.2 179.0 501.5 192.9 439.8 199.0 438.5 185.1 large-vehicle 0
700.9 534.6 709.1 540.3 664.9 604.5 656.6 598.9 large-vehicle 0
338.6 630.0 348.3 619.9 404.4 674.0 394.7 684.1 large-vehicle 0
395.0 614.8 424.5 597.8 459.3 658.5 429.9 675.5 large-vehicle 0
425.0 602.3 436.0 593.7 486.6 658.2 475.6 666.9 large-vehicle 0
458.0 600.1 468.9 591.3 510.3 642.7 499.4 651.5 large-vehicle 0
483.1 592.5 493.5 583.1 543.1 638.0 532.7 647.4 large-vehicle 0
569.0 568.8 580.3 560.6 623.8 620.5 612.5 628.7 large-vehicle 0
589.2 561.9 599.0 551.9 657.8 609.1 648.0 619.1 large-vehicle 0
608.2 545.2 617.7 535.0 698.2 610.0 688.6 620.3 large-vehicle 0
712.1 538.8 723.6 530.9 751.9 572.2 740.4 580.1 large-vehicle 0
442.8 217.6 445.0 207.8 509.4 222.4 507.2 232.1 large-vehicle 0
737.1 518.7 749.3 511.8 783.9 572.6 771.8 579.5 large-vehicle 0
561.3 424.4 571.9 452.5 506.5 477.4 495.9 449.3 large-vehicle 0
544.2 412.8 545.6 426.8 503.8 431.2 502.4 417.2 large-vehicle 0
536.6 373.7 541.1 391.1 500.5 401.6 496.0 384.2 large-vehicle 0
534.1 314.3 538.8 327.5 476.8 350.0 472.0 336.8 large-vehicle 0
524.9 288.4 528.7 301.8 465.3 320.1 461.4 306.6 large-vehicle 0
465.9 276.9 468.5 263.1 517.6 272.2 515.1 286.0 large-vehicle 0
453.0 243.6 455.4 233.8 519.5 249.6 517.1 259.3 large-vehicle 0
