608.6 294.4 611.4 280.7 703.4 299.6 700.6 313.3 large-vehicle 0
400.8 136.1 407.7 123.8 479.2 163.9 472.3 176.2 large-vehicle 0
391.3 157.6 398.8 145.8 471.2 192.2 463.7 204.0 large-vehicle 0
390.1 183.2 398.4 171.9 454.7 213.5 446.4 224.8 large-vehicle 0
381.3 208.7 389.3 197.2 446.7 237.3 438.7 248.8 large-vehicle 0
365.1 241.4 369.5 228.1 451.1 255.2 446.6 268.5 large-vehicle 0
357.7 260.0 364.4 247.7 436.4 287.0 429.7 299.3 large-vehicle 0
336.0 318.3 340.1 304.9 426.2 331.1 422.1 344.5 large-vehicle 0
333.2 327.8 341.9 316.8 412.8 372.2 404.1 383.2 large-vehicle 0
321.5 364.6 326.9 351.7 406.1 385.3 400.6 398.2 large-vehicle 0
617.0 67.0 622.4 54.1 679.7 77.9 674.3 90.8 large-vehicle 0
580.5 86.8 584.4 73.4 674.5 100.2 670.6 113.6 large-vehicle 0
580.8 102.7 586.7 94.6 636.9 130.9 631.1 139.0 large-vehicle 0
574.6 130.7 579.5 122.0 647.2 160.8 642.2 169.5 large-vehicle 0
568.4 154.5 573.2 145.7 645.1 185.0 640.3 193.8 large-vehicle 0
554.6 218.9 563.2 194.3 621.7 214.9 613.1 239.4 large-vehicle 0
523.8 268.5 524.9 250.6 610.8 255.7 609.7 273.6 large-vehicle 0
527.7 276.7 536.4 265.7 600.6 316.8 591.9 327.7 large-vehicle 0
509.9 330.5 514.6 300.9 603.5 315.0 598.8 344.7 large-vehicle 0
644.1 190.8 653.7 166.7 737.4 199.8 727.8 224.0 large-vehicle 0
639.5 233.9 646.6 221.8 703.6 255.1 696.5 267.2 large-vehicle 0
624.1 254.6 631.6 242.8 704.0 289.2 696.5 301.0 large-vehicle 0
990.4 853.6 1002.7 840.4 1018.8 855.3 1006.6 868.5 small-vehicle 0
998.7 727.7 1028.7 727.9 1028.5 761.9 998.5 761.7 small-vehicle 0
1012.8 647.2 1032.6 669.7 1007.1 692.2 987.3 669.7 small-vehicle 0
975.8 817.4 982.4 809.9 1008.0 832.3 1001.4 839.8 small-vehicle 0
1002.6 777.4 1009.2 789.8 968.7 811.5 962.1 799.1 small-vehicle 0
680.4 706.8 690.4 705.8 698.7 791.4 688.7 792.4 large-vehicle 0
254.4 923.2 292.5 879.4 339.3 920.1 301.2 963.9 large-vehicle 0
637.5 731.4 648.1 722.3 701.5 784.6 690.9 793.7 large-vehicle 0
221.4 980.2 252.6 952.1 291.4 995.2 260.2 1023.3 small-vehicle 0
571.4 773.8 586.0 763.4 619.8 810.6 605.1 821.0 large-vehicle 0
285.0 901.1 306.0 932.7 271.0 955.9 250.0 924.3 small-vehicle 0
605.7 784.2 625.4 774.3 644.3 811.8 624.6 821.7 small-vehicle 0
407.5 109.4 414.1 97.0 486.5 135.6 479.9 148.0 large-vehicle 0
414.6 89.6 420.0 76.7 499.2 110.1 493.8 123.0 large-vehicle 0
425.0 60.4 429.9 51.7 501.2 92.3 496.3 101.0 large-vehicle 0
430.5 35.9 436.9 23.4 513.6 62.4 507.2 74.8 large-vehicle 0
444.8 8.7 452.0 -3.2 515.2 35.3 508.0 47.2 large-vehicle 0
