166.4 212.8 189.1 168.3 230.1 189.2 207.3 233.7 small-vehicle 0
127.6 192.1 155.1 180.1 170.3 215.0 142.8 226.9 small-vehicle 0
121.7 190.5 130.1 215.1 90.4 228.6 82.0 204.0 small-vehicle 0
181.8 253.9 198.8 234.2 276.0 300.9 259.0 320.6 large-vehicle 0
453.7 889.5 479.3 885.2 488.3 938.5 462.7 942.8 large-vehicle 0
504.0 969.5 530.0 969.5 530.0 1015.5 504.0 1015.5 large-vehicle 0
569.2 277.9 603.8 293.5 573.5 361.0 538.8 345.4 large-vehicle 0
774.1 338.6 795.0 360.2 739.0 414.4 718.1 392.9 large-vehicle 0
815.2 363.7 850.4 409.8 794.8 452.3 759.6 406.2 large-vehicle 0
524.5 514.1 534.3 504.2 589.6 559.3 579.7 569.2 large-vehicle 0
522.4 556.0 584.3 560.1 582.6 586.0 520.7 581.9 large-vehicle 0
211.7 26.3 233.2 75.8 187.4 95.7 165.9 46.2 large-vehicle 0
-28.5 286.5 -4.8 262.1 59.8 324.7 36.2 349.1 large-vehicle 0
4.0 262.8 13.8 252.8 92.0 330.2 82.2 340.2 large-vehicle 0
16.3 245.9 25.3 235.2 146.8 336.1 137.9 346.9 large-vehicle 0
62.8 239.8 73.0 230.3 166.7 331.6 156.5 341.1 large-vehicle 0
104.8 234.9 118.9 223.8 199.2 326.1 185.1 337.2 large-vehicle 0
93.7 349.2 128.0 373.4 85.3 433.8 51.0 409.6 large-vehicle 0
529.1 620.9 544.7 605.4 610.9 672.1 595.3 687.6 large-vehicle 0
539.8 691.0 556.4 676.4 605.2 732.0 588.6 746.6 large-vehicle 0
539.2 751.2 554.6 735.5 636.0 815.3 620.6 831.1 large-vehicle 0
907.1 657.8 919.9 680.5 879.9 703.2 867.1 680.5 small-vehicle 0
852.3 779.1 871.9 756.4 903.7 783.9 884.1 806.6 small-vehicle 0
712.4 661.7 714.0 660.5 715.2 662.1 713.6 663.3 small-vehicle 0
550.4 927.7 560.9 918.3 631.6 997.3 621.1 1006.7 large-vehicle 0
549.8 987.6 573.5 963.2 623.8 1011.9 600.1 1036.3 large-vehicle 0
725.6 1010.6 738.0 992.3 779.4 1020.3 767.1 1038.6 large-vehicle 0
789.0 975.5 791.6 985.2 724.0 1003.5 721.4 993.8 large-vehicle 0
776.3 942.3 781.7 955.2 713.4 983.7 708.0 970.8 large-vehicle 0
860.6 709.9 870.7 686.0 920.4 707.1 910.3 731.0 small-vehicle 0
906.2 587.2 913.6 616.3 876.8 625.8 869.4 596.7 small-vehicle 0
557.9 865.3 577.0 847.7 638.1 913.7 619.0 931.3 large-vehicle 0
874.1 428.7 906.3 448.9 879.6 491.2 847.5 471.0 small-vehicle 0
717.9 886.0 785.9 924.3 773.1 947.0 705.1 908.7 large-vehicle 0
784.1 834.8 793.2 845.4 709.4 916.7 700.3 906.1 large-vehicle 0
782.5 805.3 791.3 816.2 718.5 875.7 709.7 864.8 large-vehicle 0
755.8 785.6 765.6 795.5 710.2 850.4 700.4 840.5 large-vehicle 0
801.4 703.3 817.4 718.3 772.3 766.6 756.3 751.5 large-vehicle 0
801.5 641.5 811.5 651.3 748.5 715.5 738.5 705.7 large-vehicle 0
700.1 688.3 762.1 753.5 740.3 774.2 678.3 709.0 large-vehicle 0
688.0 616.5 806.5 721.1 784.0 746.5 665.5 641.9 large-vehicle 0
696.1 546.0 795.5 652.9 758.9 687.0 659.5 580.1 large-vehicle 0
669.9 542.8 682.9 537.5 700.1 580.2 687.1 585.5 large-vehicle 0
692.1 527.6 704.2 520.6 738.9 581.4 726.8 588.4 large-vehicle 0
746.0 512.8 759.8 515.2 748.0 584.2 734.2 581.8 large-vehicle 0
762.1 523.4 775.8 520.3 789.7 580.7 776.1 583.8 large-vehicle 0
902.7 509.8 911.7 575.2 838.3 585.2 829.3 519.8 large-vehicle 0
849.0 558.4 868.1 535.3 937.5 592.6 918.4 615.7 small-vehicle 0
906.1 560.0 948.6 678.6 875.2 705.0 832.7 586.3 large-vehicle 0
526.5 93.1 538.8 79.9 552.0 92.1 539.7 105.3 large-vehicle 0
