759.8 397.7 769.2 408.0 738.2 436.3 728.8 426.0 small-vehicle 0
723.2 715.1 755.8 724.8 745.0 761.2 712.4 751.5 large-vehicle 0
575.7 693.4 689.4 724.9 682.5 750.0 568.8 718.5 large-vehicle 0
544.9 600.8 559.6 590.5 611.1 664.2 596.4 674.5 large-vehicle 0
570.9 612.4 586.1 577.6 628.3 596.0 613.1 630.9 large-vehicle 0
656.3 672.3 661.2 681.1 628.0 699.6 623.1 690.9 large-vehicle 0
639.3 637.4 651.4 630.3 672.7 666.6 660.6 673.7 large-vehicle 0
619.5 566.4 661.8 548.3 679.9 590.5 637.7 608.7 large-vehicle 0
692.7 630.9 702.6 632.2 695.7 685.7 685.8 684.5 large-vehicle 0
697.2 611.2 710.3 606.4 736.8 679.8 723.7 684.6 large-vehicle 0
687.3 555.9 711.9 538.8 742.7 583.1 718.1 600.2 large-vehicle 0
725.7 629.8 745.4 607.1 789.2 645.2 769.5 667.8 large-vehicle 0
212.3 544.2 239.9 590.6 196.9 616.2 169.3 569.8 large-vehicle 0
157.0 590.0 165.0 618.9 105.2 635.4 97.2 606.5 large-vehicle 0
437.5 279.7 441.7 284.0 397.7 327.6 393.4 323.4 large-vehicle 0
403.3 286.1 419.9 266.1 473.7 310.9 457.1 330.9 large-vehicle 0
516.3 245.0 542.4 266.8 518.1 296.0 492.0 274.2 large-vehicle 0
756.5 902.2 781.6 895.5 793.5 939.9 768.4 946.6 large-vehicle 0
711.4 365.5 715.0 360.7 751.9 388.2 748.3 393.0 small-vehicle 0
670.7 715.7 681.1 706.3 736.2 767.0 725.8 776.4 large-vehicle 0
655.8 737.4 667.0 728.9 711.8 787.8 700.7 796.3 large-vehicle 0
670.9 759.4 678.0 816.9 656.1 819.6 649.0 762.1 large-vehicle 0
386.0 476.8 393.7 470.4 443.6 530.4 435.9 536.8 large-vehicle 0
221.0 359.1 253.3 332.2 293.0 379.9 260.7 406.8 large-vehicle 0
212.8 358.5 225.3 381.3 160.4 416.8 147.9 394.0 large-vehicle 0
478.7 389.0 493.5 410.3 449.1 441.1 434.3 419.8 large-vehicle 0
624.8 357.3 638.1 379.6 554.0 429.8 540.6 407.5 large-vehicle 0
314.9 455.1 331.5 475.1 250.1 542.9 233.5 523.0 large-vehicle 0
668.5 922.3 680.7 915.3 735.5 1010.7 723.3 1017.7 large-vehicle 0
699.1 915.8 769.4 965.3 756.7 983.3 686.4 933.8 large-vehicle 0
640.5 959.7 659.3 948.3 691.5 1001.3 672.7 1012.7 large-vehicle 0
408.9 470.3 416.5 463.8 464.8 519.9 457.2 526.4 large-vehicle 0
637.3 778.0 644.5 785.0 629.1 800.8 621.9 793.8 large-vehicle 0
429.0 455.8 436.6 449.3 481.7 502.9 474.1 509.3 large-vehicle 0
461.6 459.4 469.2 452.8 491.4 478.6 483.8 485.2 large-vehicle 0
469.9 438.8 476.5 431.3 528.7 478.0 522.1 485.4 large-vehicle 0
499.0 429.1 508.8 419.1 552.9 462.7 543.1 472.7 large-vehicle 0
536.4 726.3 555.4 698.1 593.6 723.7 574.6 751.9 large-vehicle 0
550.9 727.9 573.3 785.7 549.1 795.1 526.7 737.3 large-vehicle 0
497.4 730.1 522.4 723.0 548.1 813.4 523.1 820.5 large-vehicle 0
588.8 786.8 601.4 780.7 619.7 818.4 607.1 824.6 large-vehicle 0
747.3 376.6 752.0 380.4 723.2 416.3 718.5 412.5 small-vehicle 0
737.0 430.0 739.9 424.8 783.5 449.4 780.5 454.6 small-vehicle 0
769.0 513.6 787.3 495.2 800.1 507.8 781.8 526.3 small-vehicle 0
775.0 531.7 779.6 522.8 816.9 542.2 812.2 551.1 small-vehicle 0
781.3 564.9 790.8 540.7 844.7 562.1 835.2 586.3 small-vehicle 0
812.9 625.8 821.5 601.3 861.1 615.2 852.5 639.7 small-vehicle 0
966.2 482.7 991.4 454.3 1004.8 466.3 979.6 494.7 small-vehicle 0
1019.9 488.0 1021.7 501.9 968.1 509.0 966.3 495.1 small-vehicle 0
975.2 692.1 1005.9 677.4 1025.8 718.9 995.1 733.6 small-vehicle 0
969.8 697.9 979.7 696.5 985.2 734.1 975.3 735.5 small-vehicle 0
952.7 696.5 975.1 732.0 963.3 739.5 940.9 704.0 small-vehicle 0
914.8 770.4 947.2 760.0 960.0 800.0 927.6 810.4 small-vehicle 0
774.9 321.3 795.5 343.1 770.7 366.4 750.1 344.6 small-vehicle 0
928.6 423.2 946.5 394.3 992.4 422.8 974.5 451.7 small-vehicle 0
894.2 371.5 896.4 349.6 954.1 355.5 951.9 377.4 small-vehicle 0
882.2 365.7 891.3 296.3 944.8 303.3 935.7 372.7 small-vehicle 0
797.4 840.7 808.8 832.7 860.3 906.5 848.8 914.5 large-vehicle 0
366.5 608.5 373.4 571.1 410.8 578.0 403.9 615.4 small-vehicle 0
385.7 636.9 385.7 626.9 431.7 627.0 431.7 637.0 small-vehicle 0
439.7 632.8 445.2 641.1 406.9 666.5 401.3 658.1 small-vehicle 0
49.7 647.0 67.1 671.4 29.6 698.1 12.2 673.7 small-vehicle 0
844.5 35.9 874.0 12.0 920.6 69.6 891.0 93.5 large-vehicle 0
851.2 322.8 874.8 265.5 946.9 295.3 923.3 352.6 large-vehicle 0
809.3 816.1 835.1 801.0 896.9 906.2 871.0 921.4 large-vehicle 0
896.9 202.2 921.6 178.9 958.7 218.1 934.1 241.4 small-vehicle 0
805.1 669.5 817.6 675.8 784.7 742.0 772.2 735.8 large-vehicle 0
788.1 739.1 791.6 725.5 840.0 737.8 836.6 751.3 large-vehicle 0
339.9 336.2 340.8 374.2 290.8 375.3 289.9 337.3 large-vehicle 0
