921.8 967.1 933.2 985.9 869.9 1024.3 858.5 1005.5 small-vehicle 0
755.4 82.1 763.7 87.7 744.6 115.9 736.3 110.3 small-vehicle 0
713.4 402.7 724.6 394.3 756.8 437.7 745.5 446.0 large-vehicle 0
616.0 389.2 628.8 383.5 644.2 418.2 631.4 423.9 large-vehicle 0
539.2 293.0 569.7 270.3 618.8 336.0 588.3 358.7 large-vehicle 0
580.4 272.1 595.4 262.1 620.8 300.4 605.8 310.4 large-vehicle 0
608.7 335.3 619.7 326.6 677.6 400.7 666.6 409.3 large-vehicle 0
631.1 326.3 659.1 307.1 682.9 341.7 654.9 360.9 large-vehicle 0
618.3 248.3 648.9 225.9 683.2 272.7 652.5 295.1 large-vehicle 0
665.0 308.9 676.5 301.0 725.4 371.7 713.9 379.7 large-vehicle 0
697.3 311.8 708.4 303.4 738.7 343.2 727.6 351.6 large-vehicle 0
686.7 244.0 712.2 221.5 745.3 259.0 719.8 281.5 large-vehicle 0
722.5 310.1 745.2 284.8 794.3 328.9 771.6 354.2 large-vehicle 0
219.6 217.6 251.6 270.7 191.7 306.8 159.6 253.7 large-vehicle 0
146.2 269.2 161.3 295.1 118.0 320.2 103.0 294.3 large-vehicle 0
777.8 576.1 802.0 610.4 774.2 630.0 750.0 595.7 large-vehicle 0
743.4 38.3 748.3 41.7 721.9 79.4 717.0 76.0 small-vehicle 0
671.9 386.1 683.7 378.5 737.0 460.7 725.2 468.3 large-vehicle 0
652.5 421.2 677.9 405.3 717.1 468.1 691.7 484.0 large-vehicle 0
634.9 442.3 646.3 434.1 694.1 500.7 682.7 508.9 large-vehicle 0
388.6 160.0 396.4 153.7 443.0 211.2 435.2 217.5 large-vehicle 0
225.0 34.6 252.6 14.8 291.0 68.4 263.4 88.2 large-vehicle 0
208.8 38.0 225.1 63.1 166.5 101.3 150.1 76.2 large-vehicle 0
480.3 67.2 497.0 87.1 449.5 126.9 432.8 107.0 large-vehicle 0
609.4 56.0 617.7 76.3 571.4 95.1 563.1 74.8 large-vehicle 0
319.2 137.2 335.0 157.8 247.8 224.8 232.0 204.2 large-vehicle 0
658.7 623.9 676.7 605.2 747.3 673.1 729.3 691.8 large-vehicle 0
686.0 603.6 709.0 584.3 771.9 659.5 748.8 678.8 large-vehicle 0
647.3 659.8 666.9 642.7 686.7 665.2 667.1 682.3 large-vehicle 0
411.1 151.0 419.0 144.8 464.6 203.2 456.7 209.3 large-vehicle 0
634.7 455.9 649.7 471.9 633.7 486.9 618.7 470.9 large-vehicle 0
431.6 141.9 439.0 135.1 481.1 180.7 473.7 187.5 large-vehicle 0
459.2 125.5 468.2 121.0 495.8 176.5 486.8 181.0 large-vehicle 0
486.1 125.9 498.8 120.2 514.5 154.8 501.8 160.6 large-vehicle 0
501.8 108.4 512.6 99.5 552.1 147.3 541.3 156.2 large-vehicle 0
533.3 402.7 559.0 374.7 598.8 411.3 573.0 439.3 large-vehicle 0
549.6 443.2 551.3 442.1 552.4 443.8 550.7 444.9 large-vehicle 0
509.4 419.0 523.2 416.1 538.1 488.6 524.4 491.4 large-vehicle 0
568.5 471.7 592.7 447.8 641.9 497.5 617.8 521.4 large-vehicle 0
748.0 60.3 754.9 67.5 724.5 96.6 717.6 89.4 small-vehicle 0
770.0 104.1 777.5 110.7 752.5 139.3 744.9 132.7 small-vehicle 0
917.5 661.6 947.6 706.4 889.5 745.4 859.4 700.6 large-vehicle 0
758.5 196.5 764.5 175.3 812.6 189.0 806.6 210.1 small-vehicle 0
784.9 217.4 790.2 208.9 808.9 220.5 803.6 229.0 small-vehicle 0
787.1 240.0 790.8 230.7 840.9 251.0 837.2 260.3 small-vehicle 0
813.0 309.0 823.7 281.0 863.0 296.0 852.3 324.0 small-vehicle 0
952.4 147.1 956.4 138.0 1020.6 165.9 1016.6 175.0 small-vehicle 0
1019.4 171.5 1020.5 185.5 970.6 189.5 969.5 175.5 small-vehicle 0
994.5 367.1 1004.5 366.1 1008.5 407.9 998.5 408.9 small-vehicle 0
964.8 381.3 973.8 376.9 992.2 414.7 983.2 419.1 small-vehicle 0
945.7 385.6 954.5 380.9 972.3 414.4 963.5 419.1 small-vehicle 0
913.5 455.7 938.9 439.8 963.3 478.7 937.9 494.7 small-vehicle 0
771.4 3.3 795.9 20.7 776.2 48.4 751.7 31.0 small-vehicle 0
420.2 822.9 440.6 806.9 466.5 840.0 446.1 856.0 large-vehicle 0
809.8 685.4 827.8 704.1 788.8 741.5 770.8 722.8 large-vehicle 0
930.5 109.9 948.5 76.4 992.5 100.1 974.5 133.6 small-vehicle 0
952.0 32.2 952.3 58.2 898.3 58.9 898.0 32.9 small-vehicle 0
885.6 24.4 890.3 -1.2 943.4 8.6 938.7 34.2 small-vehicle 0
807.2 541.9 829.9 529.2 852.4 569.2 829.8 582.0 large-vehicle 0
388.8 244.1 420.8 277.2 390.5 306.4 358.6 273.3 small-vehicle 0
422.8 299.3 428.3 307.6 396.6 328.6 391.1 320.3 small-vehicle 0
434.5 314.9 441.4 322.1 414.1 348.4 407.1 341.2 small-vehicle 0
56.3 324.1 74.0 362.2 25.0 385.0 7.3 346.9 small-vehicle 0
818.5 523.3 846.0 503.3 889.6 563.0 862.2 583.1 large-vehicle 0
804.0 362.5 818.2 373.4 787.8 413.1 773.5 402.2 large-vehicle 0
825.6 394.0 839.4 405.6 804.6 446.9 790.8 435.3 large-vehicle 0
336.8 11.1 349.7 33.7 295.8 64.4 283.0 41.8 large-vehicle 0
