-0.7 5.9 38.7 -8.6 51.7 27.1 12.3 41.6 small-vehicle 0
242.4 0.3 250.7 5.7 225.7 44.3 217.3 38.8 small-vehicle 0
88.1 136.9 130.4 118.8 146.9 157.5 104.5 175.5 small-vehicle 0
204.5 0.3 214.5 0.1 215.3 46.1 205.3 46.3 small-vehicle 0
142.7 -14.6 163.1 -6.4 147.3 32.6 126.9 24.4 small-vehicle 0
193.7 -11.0 202.9 -7.0 183.3 39.0 174.1 35.0 small-vehicle 0
150.3 68.7 163.9 29.0 207.4 43.9 193.8 83.6 small-vehicle 0
333.0 80.8 359.8 107.7 324.4 143.0 297.6 116.1 small-vehicle 0
236.5 132.1 258.4 118.0 272.5 139.9 250.6 154.0 small-vehicle 0
55.5 386.0 57.1 376.2 98.5 383.0 96.9 392.8 small-vehicle 0
34.1 374.9 57.4 339.9 75.7 352.2 52.4 387.1 small-vehicle 0
45.7 270.7 59.7 253.7 82.9 272.7 68.9 289.7 small-vehicle 0
11.6 248.8 25.6 227.0 50.9 243.2 36.9 265.1 small-vehicle 0
