869.5 723.5 898.4 731.7 888.0 768.3 859.1 760.0 small-vehicle 0
656.5 752.1 660.9 761.0 612.5 784.9 608.1 776.0 small-vehicle 0
991.2 21.9 1002.0 45.6 974.8 58.1 964.0 34.4 small-vehicle 0
969.7 49.3 973.1 44.4 1011.0 70.5 1007.6 75.4 small-vehicle 0
848.3 677.1 868.8 669.2 886.7 715.9 866.2 723.8 small-vehicle 0
780.9 727.6 785.7 740.8 761.2 749.6 756.5 736.4 small-vehicle 0
711.3 754.3 718.0 733.4 746.5 742.5 739.8 763.5 small-vehicle 0
657.9 735.0 660.6 725.4 697.1 736.0 694.4 745.6 small-vehicle 0
904.0 878.0 905.7 877.0 906.7 878.8 905.0 879.8 large-vehicle 0
825.9 994.7 830.7 986.0 864.0 1004.3 859.1 1013.1 small-vehicle 0
855.6 956.2 861.3 964.4 823.5 990.6 817.8 982.4 small-vehicle 0
853.5 943.9 856.2 953.5 819.6 963.9 816.9 954.3 small-vehicle 0
811.4 927.9 825.9 906.3 857.5 927.4 843.0 949.0 small-vehicle 0
663.5 760.3 665.0 750.4 706.5 756.7 705.0 766.6 small-vehicle 0
606.0 761.0 612.1 769.0 575.6 797.0 569.5 789.0 small-vehicle 0
700.0 723.6 714.9 713.5 725.0 728.4 710.1 738.5 small-vehicle 0
647.6 733.4 650.7 747.1 621.4 753.6 618.3 739.9 small-vehicle 0
377.4 761.2 395.3 759.0 398.6 784.8 380.7 787.0 large-vehicle 0
600.9 748.1 602.5 758.0 572.9 762.7 571.3 752.9 small-vehicle 0
395.0 989.4 398.6 984.6 429.0 1007.4 425.4 1012.2 small-vehicle 0
521.5 951.2 529.0 1008.7 491.3 1013.6 483.8 956.1 small-vehicle 0
475.4 903.7 477.1 893.9 506.7 899.1 504.9 908.9 small-vehicle 0
509.0 872.9 510.5 882.8 469.0 889.1 467.5 879.2 small-vehicle 0
409.9 962.8 420.9 977.1 403.4 990.5 392.5 976.2 small-vehicle 0
376.8 938.1 381.7 929.4 414.8 948.1 409.9 956.8 small-vehicle 0
372.7 927.0 384.2 903.7 414.7 918.7 403.2 942.0 small-vehicle 0
290.7 761.3 298.7 755.3 328.7 795.2 320.7 801.2 small-vehicle 0
305.9 758.4 325.6 741.5 363.5 785.4 343.8 802.4 small-vehicle 0
168.9 782.6 182.7 818.0 151.1 830.4 137.2 795.0 small-vehicle 0
774.4 710.9 789.9 690.1 823.6 715.1 808.1 735.9 small-vehicle 0
368.8 706.4 373.4 727.9 324.4 738.2 319.9 716.7 small-vehicle 0
760.7 245.9 794.3 263.6 780.3 290.1 746.7 272.4 small-vehicle 0
836.3 286.3 862.2 288.4 859.4 322.3 833.4 320.1 small-vehicle 0
829.3 236.7 830.3 235.0 832.0 236.0 831.0 237.7 small-vehicle 0
811.3 158.1 841.1 174.5 824.7 204.3 794.9 187.9 small-vehicle 0
793.3 112.2 819.3 111.8 819.7 145.8 793.7 146.2 small-vehicle 0
670.9 211.4 688.4 230.6 672.1 245.4 654.6 226.2 small-vehicle 0
600.2 91.6 634.4 67.2 658.8 101.4 624.6 125.8 small-vehicle 0
705.2 25.7 724.8 8.6 749.8 37.3 730.2 54.4 small-vehicle 0
852.9 628.7 854.8 628.4 855.1 630.3 853.2 630.6 large-vehicle 0
534.0 621.0 535.6 622.2 534.3 623.8 532.8 622.5 small-vehicle 0
566.7 676.3 573.0 688.9 549.7 700.4 543.4 687.9 small-vehicle 0
578.3 664.4 583.4 638.9 616.7 645.6 611.6 671.1 small-vehicle 0
752.0 658.8 758.4 666.5 726.0 693.2 719.6 685.5 small-vehicle 0
764.9 704.4 770.7 712.5 743.1 732.4 737.3 724.3 small-vehicle 0
775.2 701.9 796.3 661.0 815.8 671.1 794.7 712.0 small-vehicle 0
724.2 726.5 767.7 652.4 779.8 659.5 736.3 733.6 small-vehicle 0
713.1 680.7 730.7 699.8 699.9 728.3 682.3 709.2 small-vehicle 0
679.2 707.4 679.9 717.4 649.9 719.4 649.3 709.4 small-vehicle 0
604.4 734.3 622.8 701.0 638.6 709.7 620.2 743.0 small-vehicle 0
761.2 672.5 786.2 649.4 798.4 662.6 773.4 685.7 small-vehicle 0
715.0 674.8 716.6 684.7 671.2 692.1 669.6 682.3 small-vehicle 0
654.1 631.4 660.4 656.6 631.3 663.9 625.0 638.7 small-vehicle 0
661.0 679.9 665.0 689.1 641.1 699.4 637.1 690.2 small-vehicle 0
595.1 701.4 596.0 691.4 621.9 693.6 621.0 703.6 small-vehicle 0
546.6 708.3 550.1 698.9 593.3 714.6 589.8 724.0 small-vehicle 0
780.3 629.8 785.3 633.2 768.2 657.9 763.3 654.5 small-vehicle 0
700.3 662.4 700.8 652.4 750.7 654.6 750.2 664.6 small-vehicle 0
658.8 668.2 659.2 658.2 701.2 659.8 700.8 669.8 small-vehicle 0
648.1 661.5 650.9 671.1 625.9 678.5 623.1 668.9 small-vehicle 0
609.2 657.5 616.4 664.4 581.8 700.5 574.6 693.6 small-vehicle 0
756.5 606.2 760.9 602.2 789.3 633.1 784.9 637.2 small-vehicle 0
736.3 612.1 742.9 619.6 714.3 644.6 707.7 637.1 small-vehicle 0
700.0 621.2 705.6 629.5 670.8 653.0 665.2 644.7 small-vehicle 0
