287.1 693.1 295.5 704.4 248.9 738.9 240.5 727.6 large-vehicle 0
264.1 739.9 287.0 720.5 301.2 737.4 278.3 756.7 large-vehicle 0
357.6 671.6 366.6 687.2 344.0 700.2 335.1 684.6 large-vehicle 0
474.9 667.2 524.1 676.1 520.1 697.8 470.9 688.9 large-vehicle 0
573.2 651.1 599.9 678.2 572.8 704.9 546.1 677.8 large-vehicle 0
474.7 740.5 478.7 727.1 538.1 744.9 534.1 758.3 large-vehicle 0
470.1 698.6 481.9 691.1 497.9 716.4 486.1 723.9 large-vehicle 0
746.4 633.9 758.8 656.8 714.9 680.7 702.5 657.8 large-vehicle 0
748.8 873.4 758.9 840.9 787.6 849.8 777.5 882.3 large-vehicle 0
875.5 51.7 892.8 -12.0 956.5 5.3 939.2 69.0 plane 0
743.4 614.1 750.2 621.4 704.9 663.8 698.1 656.4 large-vehicle 0
