708.6 492.8 897.5 691.2 855.4 731.2 666.5 532.8 large-vehicle 0
647.8 617.4 663.9 602.4 711.6 653.7 695.5 668.7 small-vehicle 0
653.0 672.0 668.8 656.7 709.2 698.4 693.4 713.7 small-vehicle 0
681.2 722.9 699.5 704.5 743.5 748.1 725.2 766.6 small-vehicle 0
730.4 729.6 742.0 721.9 763.1 753.5 751.4 761.2 small-vehicle 0
685.7 678.1 701.7 662.9 744.3 707.9 728.3 723.1 small-vehicle 0
701.3 659.9 724.0 640.3 756.7 678.1 734.0 697.7 small-vehicle 0
626.8 625.6 645.9 608.0 679.7 644.8 660.6 662.4 small-vehicle 0
849.8 671.3 857.5 677.7 827.9 713.0 820.3 706.6 small-vehicle 0
831.9 653.1 840.0 659.0 813.0 696.2 804.9 690.3 small-vehicle 0
776.2 619.1 852.5 658.8 836.8 688.9 760.5 649.2 large-vehicle 0
794.4 620.6 800.3 619.5 803.6 637.2 797.7 638.3 large-vehicle 0
748.7 563.1 804.6 590.0 788.1 624.2 732.2 597.4 small-vehicle 0
1018.3 858.1 1028.2 868.0 998.7 897.9 988.8 888.0 small-vehicle 0
751.8 560.0 765.5 571.6 746.1 594.5 732.4 582.9 small-vehicle 0
892.4 630.4 913.4 680.1 863.6 701.1 842.6 651.3 small-vehicle 0
841.7 644.9 844.3 635.3 873.3 643.1 870.7 652.7 large-vehicle 0
833.7 620.8 837.0 611.4 865.3 621.2 862.0 630.6 large-vehicle 0
799.4 576.0 801.7 566.3 834.8 574.3 832.4 584.0 large-vehicle 0
771.2 550.5 774.4 536.9 811.4 545.5 808.2 559.2 large-vehicle 0
671.7 528.9 801.7 530.6 801.2 564.6 671.2 562.9 large-vehicle 0
719.1 483.8 735.8 498.2 695.4 545.2 678.7 530.9 large-vehicle 0
727.9 496.4 729.0 486.5 802.6 494.6 801.5 504.6 large-vehicle 0
838.2 560.5 845.1 553.2 895.8 601.5 888.9 608.8 large-vehicle 0
863.1 543.2 871.2 537.4 921.5 607.1 913.4 612.9 large-vehicle 0
1008.2 837.2 1016.1 848.7 981.5 872.5 973.6 861.0 small-vehicle 0
803.3 444.2 810.3 437.1 834.6 460.9 827.6 468.0 large-vehicle 0
830.0 492.2 837.4 485.4 887.6 539.7 880.2 546.5 large-vehicle 0
859.2 405.5 896.5 432.5 869.5 469.8 832.3 442.8 small-vehicle 0
316.3 807.9 337.2 792.5 359.7 823.1 338.8 838.5 large-vehicle 0
509.2 622.0 526.3 616.2 560.6 716.5 543.6 722.3 large-vehicle 0
464.6 642.0 479.2 631.6 543.1 721.1 528.4 731.6 large-vehicle 0
427.2 644.5 434.2 637.3 507.8 707.8 500.9 715.1 large-vehicle 0
378.1 650.7 395.4 637.2 489.9 758.8 472.5 772.3 large-vehicle 0
402.9 932.1 413.3 922.7 454.9 968.7 444.5 978.1 large-vehicle 0
384.3 953.1 391.0 945.7 425.4 976.2 418.7 983.7 large-vehicle 0
361.9 959.9 368.7 952.6 402.5 983.8 395.8 991.1 large-vehicle 0
339.9 976.2 366.4 962.2 384.1 995.8 357.6 1009.8 large-vehicle 0
324.1 996.2 336.1 982.9 361.4 1005.7 349.3 1019.0 large-vehicle 0
275.4 1001.3 300.7 995.4 306.6 1020.7 281.3 1026.6 large-vehicle 0
326.7 860.2 423.2 785.5 461.1 834.6 364.6 909.2 large-vehicle 0
311.2 830.8 312.6 829.3 314.0 830.7 312.6 832.2 large-vehicle 0
628.8 541.9 647.8 524.1 690.1 569.5 671.1 587.2 large-vehicle 0
261.8 725.8 287.7 703.8 338.2 763.2 312.3 785.2 large-vehicle 0
247.3 735.7 258.4 727.2 305.7 789.3 294.6 797.7 large-vehicle 0
214.8 755.4 237.2 735.4 289.2 793.6 266.8 813.6 large-vehicle 0
205.4 788.0 225.7 765.9 259.6 797.0 239.3 819.1 large-vehicle 0
168.5 782.4 188.6 765.9 245.5 835.6 225.4 852.1 large-vehicle 0
142.6 799.5 161.3 781.4 218.4 840.2 199.8 858.3 large-vehicle 0
122.1 804.5 133.1 795.9 188.9 866.5 177.9 875.1 large-vehicle 0
108.4 853.9 128.8 831.9 183.1 882.3 162.7 904.3 large-vehicle 0
685.9 578.3 696.1 568.7 744.1 619.7 733.9 629.3 large-vehicle 0
644.4 637.8 713.3 562.6 744.3 591.0 675.4 666.2 large-vehicle 0
905.6 473.5 911.9 481.2 876.3 510.4 870.0 502.7 small-vehicle 0
960.0 456.8 966.3 464.6 930.2 493.2 924.0 485.3 small-vehicle 0
911.7 496.8 918.6 504.0 885.5 535.9 878.6 528.7 small-vehicle 0
917.9 519.0 925.4 525.6 900.1 554.0 892.6 547.4 small-vehicle 0
936.4 527.3 951.3 543.5 914.5 577.3 899.6 561.2 small-vehicle 0
895.2 616.9 918.3 597.7 950.3 636.1 927.2 655.3 small-vehicle 0
962.9 572.1 969.1 579.9 930.1 611.2 923.8 603.4 small-vehicle 0
966.9 585.8 984.6 605.0 950.8 636.1 933.1 617.0 small-vehicle 0
1016.7 565.6 1028.0 589.1 979.3 612.4 968.0 588.9 small-vehicle 0
1007.7 550.8 1013.1 559.3 974.4 584.1 969.0 575.7 small-vehicle 0
1002.9 527.4 1008.3 535.8 966.1 562.6 960.7 554.2 small-vehicle 0
985.5 504.0 992.1 516.4 947.8 539.7 941.3 527.3 small-vehicle 0
971.8 479.4 979.5 491.1 934.4 520.8 926.7 509.1 small-vehicle 0
953.8 440.1 958.2 449.1 913.2 470.9 908.8 461.9 small-vehicle 0
717.5 653.9 754.6 620.3 806.9 678.1 769.8 711.7 large-vehicle 0
944.4 418.8 948.7 427.8 903.6 449.2 899.3 440.2 small-vehicle 0
926.7 396.0 933.6 403.3 900.3 435.0 893.4 427.8 small-vehicle 0
916.7 378.3 923.4 385.7 892.3 414.0 885.6 406.6 small-vehicle 0
709.3 465.5 711.7 455.8 779.7 472.5 777.3 482.2 large-vehicle 0
581.9 767.5 659.3 776.5 651.2 846.1 573.7 837.0 large-vehicle 0
568.7 553.8 601.9 528.0 679.2 627.5 646.1 653.3 large-vehicle 0
776.0 518.7 780.9 510.0 800.1 520.8 795.2 529.5 large-vehicle 0
766.0 441.9 768.9 436.7 819.8 464.7 816.9 469.9 large-vehicle 0
790.5 446.6 794.7 376.7 908.5 383.4 904.3 453.3 large-vehicle 0
842.6 413.3 935.8 498.2 912.9 523.3 819.7 438.5 large-vehicle 0
813.1 505.5 820.4 498.6 849.1 529.3 841.7 536.2 large-vehicle 0
92.9 895.6 113.3 873.6 141.1 899.4 120.7 921.4 large-vehicle 0
