399.7 353.1 403.4 343.9 461.0 366.8 457.3 376.1 large-vehicle 0
621.7 530.4 635.3 533.8 625.3 574.6 611.7 571.2 large-vehicle 0
641.5 563.6 654.6 568.7 639.4 607.8 626.4 602.8 large-vehicle 0
272.9 225.9 359.0 133.9 372.1 146.1 286.0 238.1 large-vehicle 0
248.6 173.1 252.3 163.8 302.4 183.9 298.7 193.2 large-vehicle 0
243.2 188.9 246.1 183.7 299.9 214.5 296.9 219.8 large-vehicle 0
240.3 214.9 243.7 205.5 313.5 230.1 310.1 239.5 large-vehicle 0
178.6 178.2 191.7 134.1 251.1 151.7 238.1 195.8 large-vehicle 0
371.9 382.8 434.8 246.6 451.1 254.2 388.2 390.4 large-vehicle 0
451.3 323.4 452.9 317.6 489.5 327.7 487.9 333.4 large-vehicle 0
477.9 345.7 483.5 337.4 498.4 347.4 492.9 355.7 large-vehicle 0
469.6 371.0 470.6 361.0 512.4 365.0 511.4 375.0 large-vehicle 0
415.4 345.2 416.7 335.3 442.5 338.6 441.2 348.5 large-vehicle 0
412.0 452.1 413.1 438.2 494.8 444.9 493.7 458.9 large-vehicle 0
410.5 476.7 412.1 462.8 493.5 472.3 491.9 486.2 large-vehicle 0
410.4 498.0 413.8 484.4 485.6 502.2 482.2 515.8 large-vehicle 0
402.5 528.7 404.3 514.8 489.5 526.3 487.7 540.2 large-vehicle 0
407.6 553.3 410.0 539.5 486.9 552.6 484.5 566.4 large-vehicle 0
526.0 608.2 561.1 622.6 527.0 705.8 491.9 691.4 large-vehicle 0
456.2 596.0 469.3 600.9 436.4 688.9 423.3 684.0 large-vehicle 0
416.9 619.3 430.7 621.7 423.0 667.0 409.2 664.7 large-vehicle 0
392.5 570.2 397.6 557.2 462.8 582.7 457.7 595.8 large-vehicle 0
303.1 582.5 327.7 529.9 394.7 561.3 370.2 613.8 large-vehicle 0
222.2 548.1 228.8 535.8 294.0 570.8 287.4 583.1 large-vehicle 0
208.2 581.5 210.4 571.8 290.3 590.4 288.0 600.2 large-vehicle 0
226.7 614.1 228.7 600.2 266.3 605.6 264.3 619.5 large-vehicle 0
610.5 469.5 652.4 470.3 651.7 512.3 609.7 511.5 large-vehicle 0
623.2 407.9 643.8 415.4 630.8 451.1 610.2 443.6 large-vehicle 0
619.9 332.5 665.9 352.0 644.9 401.8 598.8 382.3 large-vehicle 0
653.4 525.4 657.3 516.2 688.6 529.6 684.7 538.8 large-vehicle 0
289.8 241.7 361.6 169.3 374.4 182.0 302.5 254.4 large-vehicle 0
385.3 228.2 399.3 228.5 398.8 254.5 384.8 254.2 large-vehicle 0
420.9 188.2 430.7 190.2 416.8 258.8 407.0 256.8 large-vehicle 0
409.6 266.1 419.2 268.8 412.4 293.9 402.8 291.2 large-vehicle 0
436.9 244.0 449.3 250.5 439.1 270.0 426.7 263.5 large-vehicle 0
470.2 240.2 479.2 244.5 462.8 278.8 453.8 274.5 large-vehicle 0
485.3 239.1 495.3 240.2 490.7 281.9 480.7 280.8 large-vehicle 0
513.9 240.0 527.2 244.3 513.1 288.0 499.8 283.7 large-vehicle 0
543.7 217.3 557.4 220.5 533.3 323.7 519.6 320.5 large-vehicle 0
573.2 221.6 586.5 226.1 553.7 322.7 540.5 318.2 large-vehicle 0
601.3 231.1 610.8 234.3 578.7 326.9 569.2 323.7 large-vehicle 0
617.9 228.1 627.8 229.9 609.8 330.3 599.9 328.5 large-vehicle 0
658.3 235.3 670.6 242.0 624.1 328.3 611.8 321.6 large-vehicle 0
687.9 224.8 700.2 231.6 650.9 320.9 638.7 314.2 large-vehicle 0
696.0 260.7 705.5 263.8 696.1 292.3 686.6 289.2 large-vehicle 0
721.8 261.8 730.7 266.3 715.2 296.6 706.3 292.1 large-vehicle 0
674.9 316.6 679.6 307.8 720.1 329.4 715.4 338.2 large-vehicle 0
643.8 332.4 647.0 322.9 736.2 352.6 733.0 362.1 large-vehicle 0
669.4 365.4 671.5 355.6 708.6 363.6 706.5 373.4 large-vehicle 0
692.2 378.8 692.9 392.8 663.0 394.4 662.2 380.4 large-vehicle 0
659.0 417.5 659.7 403.5 689.6 404.8 689.0 418.7 large-vehicle 0
655.6 439.4 656.6 429.5 686.4 432.6 685.4 442.5 large-vehicle 0
659.8 456.5 663.3 447.1 698.8 460.6 695.3 470.0 large-vehicle 0
659.2 482.7 661.7 473.0 690.8 480.3 688.3 490.0 large-vehicle 0
656.7 503.2 660.3 493.9 688.3 504.8 684.7 514.1 large-vehicle 0
224.3 636.1 228.4 622.7 264.7 633.9 260.6 647.3 large-vehicle 0
222.8 662.1 227.2 648.8 263.2 660.9 258.8 674.2 large-vehicle 0
220.1 694.0 224.4 680.6 256.8 691.0 252.5 704.4 large-vehicle 0
753.7 571.8 757.2 581.2 695.3 604.2 691.8 594.8 small-vehicle 0
706.7 422.6 721.0 400.9 762.8 428.5 748.4 450.2 small-vehicle 0
727.4 391.0 764.2 411.3 757.4 423.5 720.6 403.3 small-vehicle 0
762.6 433.4 769.2 445.8 718.0 473.1 711.5 460.8 small-vehicle 0
715.8 488.4 721.1 485.5 750.9 539.8 745.7 542.7 small-vehicle 0
694.0 557.1 696.8 551.8 755.0 582.9 752.2 588.2 small-vehicle 0
712.5 597.8 718.0 595.4 728.5 619.2 723.0 621.6 small-vehicle 0
709.9 483.7 716.0 471.1 760.9 492.9 754.8 505.5 small-vehicle 0
289.8 606.7 319.7 609.7 312.2 683.3 282.3 680.3 large-vehicle 0
552.7 839.7 560.7 845.8 535.3 879.3 527.3 873.2 small-vehicle 0
272.0 698.5 285.7 686.9 307.6 712.9 293.9 724.5 large-vehicle 0
377.3 613.3 386.8 616.6 363.7 682.7 354.2 679.4 large-vehicle 0
396.2 623.7 405.8 626.5 390.8 678.3 381.2 675.5 large-vehicle 0
324.3 669.1 346.3 668.9 346.7 742.9 324.7 743.1 large-vehicle 0
335.8 740.4 345.8 740.6 344.2 802.6 334.2 802.4 large-vehicle 0
317.0 748.5 326.8 750.0 321.0 787.5 311.2 786.0 large-vehicle 0
298.9 741.4 308.7 743.1 303.1 776.6 293.3 774.9 large-vehicle 0
278.6 744.4 288.6 745.2 285.4 783.1 275.5 782.2 large-vehicle 0
259.2 746.6 269.1 747.4 265.9 785.3 256.0 784.5 large-vehicle 0
194.3 708.5 198.5 699.4 265.7 730.5 261.5 739.6 large-vehicle 0
192.3 731.4 196.5 722.4 252.7 748.6 248.5 757.6 large-vehicle 0
190.2 758.1 192.9 748.5 248.8 764.0 246.1 773.6 large-vehicle 0
187.5 771.4 192.3 762.7 246.6 792.7 241.7 801.4 large-vehicle 0
333.0 809.1 349.9 815.2 337.0 850.9 320.1 844.8 large-vehicle 0
294.5 807.8 304.4 809.1 298.6 850.7 288.7 849.4 large-vehicle 0
276.3 807.3 286.0 809.9 276.0 846.6 266.3 844.0 large-vehicle 0
261.1 807.4 266.1 810.8 246.9 838.9 241.9 835.5 large-vehicle 0
231.0 810.1 241.0 810.8 238.7 840.7 228.7 840.0 large-vehicle 0
213.0 807.3 222.8 809.8 215.5 838.9 205.8 836.5 large-vehicle 0
191.7 805.8 201.4 807.8 195.3 837.2 185.6 835.2 large-vehicle 0
172.9 876.8 174.2 854.8 252.1 859.2 250.8 881.2 large-vehicle 0
254.9 879.4 263.1 854.7 299.1 866.6 290.9 891.3 small-vehicle 0
280.4 897.2 311.8 869.4 339.6 900.8 308.2 928.6 small-vehicle 0
513.6 843.0 534.7 849.1 526.4 878.0 505.3 871.9 small-vehicle 0
528.6 791.3 557.9 808.6 532.4 851.7 503.1 834.4 small-vehicle 0
323.9 238.1 324.1 228.1 358.1 228.6 357.9 238.6 large-vehicle 0
