978.8 553.7 992.8 542.4 1024.2 581.3 1010.2 592.6 large-vehicle 0
292.3 165.2 307.3 175.1 279.7 216.8 264.7 206.9 large-vehicle 0
512.7 256.4 526.4 253.7 543.6 342.1 529.9 344.7 large-vehicle 0
451.9 251.4 477.8 249.7 481.1 299.6 455.2 301.3 large-vehicle 0
369.8 249.1 422.6 203.2 450.2 234.9 397.4 280.8 large-vehicle 0
309.5 149.1 336.2 102.1 417.9 148.5 391.2 195.5 large-vehicle 0
349.3 201.4 364.5 211.0 337.6 253.2 322.4 243.6 large-vehicle 0
322.9 179.2 337.7 189.5 311.4 227.2 296.6 216.9 large-vehicle 0
616.3 415.2 728.2 276.8 745.3 290.6 633.4 429.1 large-vehicle 0
717.4 262.9 729.9 294.5 687.1 311.4 674.7 279.8 large-vehicle 0
933.1 195.1 940.5 178.7 1029.8 219.2 1022.3 235.6 large-vehicle 0
562.8 247.3 576.2 251.2 545.7 356.8 532.2 352.9 large-vehicle 0
459.9 188.9 486.6 167.8 524.9 216.5 498.3 237.6 large-vehicle 0
670.8 211.7 694.0 181.5 743.2 219.3 720.0 249.5 large-vehicle 0
862.0 259.5 877.5 224.8 989.0 274.5 973.5 309.2 large-vehicle 0
884.8 223.5 890.3 202.2 954.2 218.5 948.7 239.8 large-vehicle 0
813.6 265.0 833.2 237.3 900.2 284.6 880.5 312.4 large-vehicle 0
894.5 361.3 918.3 245.8 1014.3 265.6 990.5 381.1 large-vehicle 0
614.7 296.2 637.1 316.1 596.0 362.4 573.5 342.5 large-vehicle 0
746.3 313.3 756.9 322.4 679.7 411.7 669.1 402.6 large-vehicle 0
699.9 398.1 763.5 334.4 779.1 349.9 715.5 413.6 large-vehicle 0
751.9 437.3 833.1 351.6 849.1 366.7 767.9 452.4 large-vehicle 0
844.6 362.4 857.5 367.9 817.4 461.6 804.5 456.1 large-vehicle 0
921.1 407.2 951.5 357.8 1034.9 409.2 1004.6 458.6 large-vehicle 0
922.1 404.3 935.9 415.9 880.8 481.9 867.0 470.4 large-vehicle 0
958.1 430.3 967.6 440.6 907.0 495.9 897.6 485.5 large-vehicle 0
932.2 508.1 980.4 427.4 999.3 438.7 951.1 519.4 large-vehicle 0
1003.2 454.0 1015.7 460.3 984.4 522.9 971.9 516.6 large-vehicle 0
116.6 790.9 126.6 766.9 169.1 784.6 159.1 808.6 small-vehicle 0
397.3 742.4 422.5 749.1 410.7 793.6 385.5 786.9 small-vehicle 0
281.2 828.4 298.6 809.1 335.8 842.6 318.4 861.9 small-vehicle 0
950.0 281.1 968.6 257.5 1014.1 293.5 995.5 317.1 small-vehicle 0
