13.4 875.4 57.9 863.7 70.6 912.1 26.2 923.8 small-vehicle 0
335.0 771.0 339.5 780.0 309.0 795.0 304.5 786.0 large-vehicle 0
230.8 818.9 234.6 828.1 203.2 841.1 199.4 831.9 large-vehicle 0
288.2 804.6 293.2 813.3 263.8 830.4 258.8 821.7 large-vehicle 0
340.0 792.0 344.0 801.2 312.8 814.7 308.8 805.5 large-vehicle 0
185.1 805.2 190.3 813.8 137.3 845.9 132.1 837.4 large-vehicle 0
229.8 800.4 233.6 809.7 202.2 822.6 198.4 813.3 large-vehicle 0
284.5 786.7 288.5 795.9 257.2 809.4 253.3 800.2 large-vehicle 0
183.6 788.7 187.6 797.9 126.9 823.9 123.0 814.7 large-vehicle 0
136.4 664.4 152.3 679.6 109.3 724.3 93.4 709.0 large-vehicle 0
219.5 779.9 224.8 788.4 195.8 806.3 190.6 797.8 large-vehicle 0
269.3 762.1 276.6 774.0 247.7 791.9 240.4 780.0 large-vehicle 0
322.6 749.4 328.6 757.4 301.2 777.6 295.3 769.6 large-vehicle 0
215.7 760.7 220.0 769.7 189.3 784.3 185.0 775.3 large-vehicle 0
176.6 767.4 181.1 776.3 121.9 805.6 117.5 796.7 large-vehicle 0
180.5 742.8 184.9 751.8 107.6 789.6 103.2 780.6 large-vehicle 0
335.3 812.8 340.3 821.5 310.7 838.2 305.7 829.5 large-vehicle 0
287.3 826.5 292.7 834.9 264.3 853.5 258.8 845.1 large-vehicle 0
236.3 838.0 241.2 846.8 211.4 863.3 206.6 854.5 large-vehicle 0
184.5 825.1 190.0 833.4 138.5 867.9 133.0 859.6 large-vehicle 0
186.8 858.8 188.7 868.6 155.3 874.9 153.4 865.1 large-vehicle 0
339.9 834.1 344.7 842.9 314.9 859.2 310.1 850.4 large-vehicle 0
290.0 847.8 294.8 856.5 265.0 872.9 260.2 864.1 large-vehicle 0
235.1 861.7 240.7 869.9 212.6 889.1 207.0 880.8 large-vehicle 0
195.2 868.3 200.4 876.9 151.0 907.2 145.8 898.7 large-vehicle 0
345.3 851.6 351.1 859.7 323.5 879.5 317.6 871.3 large-vehicle 0
295.4 866.9 300.4 875.5 271.0 892.6 266.0 883.9 large-vehicle 0
245.4 880.3 251.2 888.5 226.6 905.7 220.8 897.5 large-vehicle 0
208.4 889.8 212.8 898.8 157.1 926.0 152.7 917.0 large-vehicle 0
350.9 876.9 354.5 886.2 326.5 897.0 322.9 887.7 large-vehicle 0
301.7 886.2 306.7 894.8 277.3 911.8 272.3 903.2 large-vehicle 0
252.6 899.6 258.1 907.9 229.7 926.6 224.2 918.3 large-vehicle 0
212.5 907.5 217.5 916.2 160.5 949.5 155.5 940.8 large-vehicle 0
163.2 727.4 167.2 736.5 114.0 759.6 110.0 750.4 large-vehicle 0
158.2 710.0 158.7 648.0 192.7 648.2 192.2 710.2 large-vehicle 0
264.0 924.7 266.7 934.3 234.0 943.5 231.3 933.9 large-vehicle 0
751.7 177.4 772.0 169.0 791.1 215.2 770.8 223.6 large-vehicle 0
866.9 268.9 876.0 273.0 862.1 304.1 853.0 300.0 large-vehicle 0
814.3 242.0 846.7 231.8 855.7 260.5 823.3 270.6 large-vehicle 0
898.8 164.6 912.3 161.0 927.3 217.0 913.8 220.6 large-vehicle 0
874.4 161.3 888.3 159.2 897.7 220.5 883.9 222.6 large-vehicle 0
850.1 182.0 858.7 176.9 872.0 199.2 863.4 204.3 large-vehicle 0
827.4 119.2 841.4 118.8 843.6 212.8 829.6 213.2 large-vehicle 0
697.3 186.8 722.1 169.8 750.3 211.1 725.5 228.0 large-vehicle 0
238.9 622.0 251.8 644.5 212.0 667.4 199.0 644.9 large-vehicle 0
1011.0 101.3 1024.9 103.1 1018.0 156.7 1004.1 154.9 large-vehicle 0
971.9 91.8 997.9 90.4 1002.1 168.2 976.1 169.6 large-vehicle 0
955.8 104.7 969.8 105.1 968.3 159.0 954.3 158.7 large-vehicle 0
943.1 95.7 952.7 98.7 929.9 173.3 920.3 170.3 large-vehicle 0
902.0 115.9 916.0 115.2 918.0 153.1 904.0 153.8 large-vehicle 0
879.3 268.3 889.0 265.8 898.3 302.6 888.6 305.1 large-vehicle 0
831.3 291.3 845.3 290.0 852.7 367.7 838.7 369.0 large-vehicle 0
905.7 311.6 919.6 309.8 926.3 363.4 912.4 365.2 large-vehicle 0
884.0 312.9 894.0 312.2 898.0 374.1 888.0 374.8 large-vehicle 0
847.8 318.3 856.5 313.4 887.3 367.2 878.6 372.2 large-vehicle 0
876.3 442.6 897.7 457.4 871.6 495.3 850.2 480.5 large-vehicle 0
897.9 450.4 911.4 453.8 902.1 490.6 888.6 487.2 large-vehicle 0
931.5 441.3 940.8 445.0 920.4 495.0 911.1 491.2 large-vehicle 0
854.3 496.0 888.2 497.3 885.9 559.3 851.9 558.0 large-vehicle 0
900.2 494.5 909.7 497.5 889.8 560.5 880.3 557.5 large-vehicle 0
908.8 504.7 918.6 502.7 929.2 555.7 919.4 557.6 large-vehicle 0
426.5 563.7 435.1 558.5 477.0 629.1 468.4 634.2 large-vehicle 0
396.5 547.5 409.3 541.9 453.0 642.9 440.1 648.4 large-vehicle 0
379.6 572.1 388.1 566.9 416.0 613.2 407.4 618.3 large-vehicle 0
341.0 568.0 368.5 556.2 401.0 631.4 373.5 643.3 large-vehicle 0
346.2 821.3 379.5 802.9 399.8 839.7 366.5 858.1 large-vehicle 0
293.8 599.0 315.9 643.8 271.1 666.0 249.0 621.2 large-vehicle 0
316.1 905.3 320.9 914.1 294.4 928.3 289.7 919.5 large-vehicle 0
221.5 926.5 226.0 935.4 163.6 967.0 159.0 958.1 large-vehicle 0
261.6 413.8 264.3 423.4 216.2 437.1 213.5 427.5 small-vehicle 0
220.5 458.0 266.3 454.3 267.8 472.2 221.9 475.9 small-vehicle 0
216.3 408.7 218.3 398.9 263.3 408.1 261.3 417.9 small-vehicle 0
263.5 437.0 264.9 446.9 223.3 452.8 221.9 442.9 small-vehicle 0
521.0 537.7 573.2 595.6 548.0 618.3 495.8 560.4 large-vehicle 0
311.1 399.2 341.0 397.8 342.9 439.8 313.0 441.2 small-vehicle 0
730.5 389.8 740.4 388.7 748.7 462.3 738.7 463.4 small-vehicle 0
771.5 392.6 780.6 396.8 751.5 460.4 742.4 456.2 small-vehicle 0
776.4 389.6 786.4 389.8 785.4 459.8 775.4 459.6 small-vehicle 0
712.7 507.9 718.8 406.1 784.6 410.0 778.6 511.8 large-vehicle 0
268.9 553.2 317.4 492.1 365.9 530.7 317.4 591.8 large-vehicle 0
551.4 754.6 564.4 732.0 625.0 767.0 612.0 789.5 large-vehicle 0
527.6 810.0 547.0 782.1 604.4 822.0 585.0 849.9 large-vehicle 0
506.1 861.4 516.1 846.4 571.0 883.0 561.0 898.0 large-vehicle 0
477.9 920.7 493.9 895.3 553.1 932.8 537.0 958.1 large-vehicle 0
462.9 942.4 481.0 918.5 546.3 968.1 528.2 992.0 large-vehicle 0
449.1 965.2 461.7 947.1 538.9 1000.8 526.3 1018.9 large-vehicle 0
466.5 787.6 482.4 851.6 453.3 858.9 437.3 794.9 large-vehicle 0
648.5 615.8 666.1 634.9 623.5 674.2 605.9 655.1 large-vehicle 0
322.4 924.0 327.4 932.6 298.1 949.9 293.0 941.2 large-vehicle 0
447.9 954.3 468.1 970.7 424.0 1025.1 403.8 1008.7 large-vehicle 0
286.2 976.9 293.0 989.1 210.9 1034.8 204.1 1022.6 large-vehicle 0
221.5 965.7 226.6 974.3 173.5 1006.3 168.4 997.7 large-vehicle 0
269.0 960.2 274.0 968.9 241.0 987.8 236.0 979.1 large-vehicle 0
335.5 941.1 340.0 950.0 288.3 976.1 283.8 967.2 large-vehicle 0
225.0 951.1 228.5 960.5 166.6 983.3 163.1 973.9 large-vehicle 0
264.7 941.4 269.1 950.4 235.1 967.3 230.7 958.4 large-vehicle 0
891.5 115.3 899.9 120.6 879.5 152.7 871.1 147.4 large-vehicle 0
