562.8 929.3 595.2 967.3 514.6 1036.1 482.1 998.0 large-vehicle 0
510.8 835.1 539.0 876.4 451.5 936.2 423.3 894.9 large-vehicle 0
88.1 444.2 180.5 523.9 77.3 643.5 -15.1 563.9 large-vehicle 0
491.2 595.7 527.5 607.2 514.8 647.3 478.5 635.8 small-vehicle 0
672.6 457.4 697.3 486.4 659.2 518.8 634.6 489.9 small-vehicle 0
299.4 828.9 363.8 744.7 419.4 787.3 355.0 871.5 large-vehicle 0
174.6 959.6 178.0 946.0 319.6 981.6 316.2 995.2 large-vehicle 0
240.1 1015.4 306.7 974.8 326.5 1007.3 259.8 1047.8 large-vehicle 0
644.1 886.7 666.9 867.2 696.8 902.3 673.9 921.7 small-vehicle 0
672.0 557.2 688.3 571.9 657.4 606.1 641.1 591.3 small-vehicle 0
811.8 423.6 856.5 412.6 868.5 461.1 823.8 472.2 small-vehicle 0
940.3 66.8 964.3 37.4 993.7 61.3 969.8 90.8 small-vehicle 0
914.6 646.8 974.1 549.6 1057.7 600.7 998.2 697.9 large-vehicle 0
976.0 737.1 998.0 696.7 1027.9 713.0 1005.8 753.4 small-vehicle 0
