7.3 817.4 42.2 781.6 103.7 841.6 68.8 877.4 large-vehicle 0
70.2 758.4 83.2 745.9 151.1 816.6 138.1 829.1 large-vehicle 0
-47.8 859.1 249.4 594.3 319.9 673.5 22.8 938.3 large-vehicle 0
-1.7 508.2 5.4 501.1 26.6 522.4 19.5 529.4 small-vehicle 0
13.3 492.9 20.7 486.2 41.0 508.2 33.6 515.0 small-vehicle 0
22.9 474.3 29.5 466.8 66.9 500.1 60.2 507.6 small-vehicle 0
49.3 506.7 57.0 500.3 91.5 541.8 83.8 548.2 small-vehicle 0
47.5 464.3 55.1 457.8 74.6 480.6 67.0 487.1 small-vehicle 0
71.2 504.0 77.5 496.2 100.8 515.0 94.5 522.8 small-vehicle 0
59.9 443.9 67.6 437.5 94.7 469.6 87.0 476.0 small-vehicle 0
88.1 484.2 94.7 476.7 117.1 496.6 110.5 504.1 small-vehicle 0
100.1 458.7 108.2 452.8 140.2 496.3 132.1 502.2 small-vehicle 0
79.7 436.4 87.0 429.6 107.3 451.7 99.9 458.5 small-vehicle 0
100.1 425.4 107.5 418.6 125.0 437.9 117.6 444.6 small-vehicle 0
124.2 458.3 130.9 450.9 153.2 470.9 146.6 478.4 small-vehicle 0
102.2 402.7 109.0 395.4 145.8 429.3 139.0 436.6 small-vehicle 0
137.4 443.4 143.8 435.7 163.7 452.4 157.3 460.1 small-vehicle 0
127.3 393.3 134.8 386.7 154.6 409.3 147.1 415.9 small-vehicle 0
147.6 420.6 155.1 414.0 188.3 451.3 180.9 458.0 small-vehicle 0
8.5 547.4 11.3 537.8 70.8 555.0 68.1 564.6 small-vehicle 0
-5.5 551.2 14.7 534.9 48.6 576.9 28.4 593.3 small-vehicle 0
162.9 238.3 188.7 266.2 107.9 340.8 82.1 312.9 large-vehicle 0
142.4 22.7 172.2 -0.9 223.1 63.4 193.3 87.0 large-vehicle 0
16.2 598.1 33.2 612.1 14.1 635.2 -2.9 621.3 small-vehicle 0
42.8 635.1 49.5 627.6 89.8 663.5 83.2 671.0 small-vehicle 0
163.8 403.6 171.6 397.3 208.2 442.4 200.4 448.7 small-vehicle 0
144.6 379.1 152.3 372.8 171.4 395.9 163.7 402.2 small-vehicle 0
160.2 364.6 167.9 358.3 187.0 381.4 179.3 387.8 small-vehicle 0
557.0 400.4 564.4 393.8 592.4 425.1 585.0 431.8 small-vehicle 0
469.8 465.9 477.4 459.3 510.2 497.1 502.6 503.7 small-vehicle 0
485.7 454.6 492.8 447.5 522.3 477.4 515.2 484.5 small-vehicle 0
503.1 438.7 510.1 431.6 539.9 461.3 532.9 468.4 small-vehicle 0
520.6 424.2 528.2 417.8 555.4 449.8 547.8 456.2 small-vehicle 0
512.1 408.1 514.0 378.1 555.9 380.9 554.0 410.9 small-vehicle 0
537.8 409.4 545.2 402.6 576.2 436.6 568.8 443.4 small-vehicle 0
583.9 349.8 594.3 359.2 563.3 393.2 552.9 383.8 small-vehicle 0
578.4 392.3 585.7 385.5 600.6 401.7 593.3 408.5 small-vehicle 0
517.6 297.9 533.8 283.1 567.4 320.1 551.2 334.9 small-vehicle 0
594.9 368.3 604.5 365.4 614.2 398.0 604.6 400.9 small-vehicle 0
395.5 579.3 450.1 650.8 400.8 688.4 346.2 616.9 large-vehicle 0
295.9 34.7 352.8 59.2 333.0 105.1 276.1 80.6 large-vehicle 0
385.4 33.7 403.9 15.4 464.6 76.3 446.1 94.6 large-vehicle 0
452.7 478.1 460.2 471.5 490.6 506.0 483.1 512.6 small-vehicle 0
435.7 495.7 442.6 488.4 478.9 522.9 472.0 530.1 small-vehicle 0
421.0 506.4 428.4 499.7 462.1 536.6 454.7 543.4 small-vehicle 0
403.9 523.7 410.6 516.3 444.7 547.1 438.0 554.6 small-vehicle 0
159.8 729.6 167.2 722.9 197.9 757.1 190.5 763.8 small-vehicle 0
173.6 711.3 181.2 704.8 216.4 745.7 208.8 752.2 small-vehicle 0
189.2 699.9 196.4 692.9 231.4 728.6 224.3 735.6 small-vehicle 0
206.5 684.0 214.1 677.5 244.2 712.2 236.6 718.8 small-vehicle 0
222.0 670.8 229.5 664.1 260.3 698.3 252.8 705.0 small-vehicle 0
242.4 661.9 249.6 655.0 281.6 688.1 274.4 695.0 small-vehicle 0
257.3 648.0 264.4 640.9 299.9 676.1 292.9 683.2 small-vehicle 0
269.8 629.5 277.0 622.6 317.2 664.5 310.0 671.4 small-vehicle 0
289.0 619.9 296.4 613.2 330.2 650.1 322.8 656.8 small-vehicle 0
299.6 598.1 307.1 591.5 342.7 632.1 335.2 638.7 small-vehicle 0
317.7 585.5 324.7 578.3 363.2 616.2 356.2 623.3 small-vehicle 0
336.9 573.4 344.4 566.8 377.2 604.5 369.7 611.1 small-vehicle 0
353.8 562.1 361.2 555.3 395.2 591.9 387.8 598.7 small-vehicle 0
369.7 544.6 377.3 538.1 407.1 573.1 399.5 579.6 small-vehicle 0
389.4 538.2 396.3 530.9 426.7 560.0 419.8 567.2 small-vehicle 0
561.4 388.5 633.8 311.1 699.6 372.5 627.2 449.9 large-vehicle 0
615.9 332.8 626.2 323.3 690.1 392.2 679.8 401.7 large-vehicle 0
634.5 314.8 643.8 304.3 714.5 366.2 705.2 376.7 large-vehicle 0
601.3 112.1 611.0 102.0 681.7 169.9 672.0 180.0 large-vehicle 0
623.5 95.4 633.5 85.7 693.4 147.4 683.4 157.1 large-vehicle 0
638.0 73.7 647.3 63.2 720.8 128.0 711.6 138.5 large-vehicle 0
805.3 72.3 825.7 99.5 734.6 168.0 714.1 140.8 large-vehicle 0
670.4 0.0 678.1 6.5 635.6 57.0 627.9 50.5 small-vehicle 0
638.9 8.6 644.0 17.2 625.1 28.4 620.0 19.8 small-vehicle 0
582.2 27.3 591.0 16.5 632.8 50.7 624.0 61.5 small-vehicle 0
145.0 735.9 153.5 730.5 182.3 776.2 173.8 781.6 small-vehicle 0
505.5 320.7 519.9 304.0 545.6 326.3 531.2 342.9 small-vehicle 0
186.8 401.5 193.2 393.9 216.1 413.3 209.7 420.9 small-vehicle 0
103.5 592.2 111.7 586.5 128.7 611.3 120.4 616.9 small-vehicle 0
331.0 228.5 339.0 222.5 357.0 246.5 349.0 252.5 small-vehicle 0
347.6 214.2 355.8 208.4 370.7 229.7 362.6 235.4 small-vehicle 0
365.1 240.7 372.4 233.9 401.1 264.5 393.8 271.4 small-vehicle 0
86.9 656.8 107.3 640.6 138.4 679.7 118.1 695.9 small-vehicle 0
58.5 625.4 64.2 617.2 105.4 645.5 99.7 653.7 small-vehicle 0
76.4 603.9 83.0 596.5 120.3 629.7 113.7 637.2 small-vehicle 0
105.0 639.1 112.1 632.1 147.0 667.9 139.9 674.9 small-vehicle 0
120.7 628.0 126.8 620.0 166.5 650.4 160.4 658.3 small-vehicle 0
504.1 245.7 520.6 231.0 561.9 277.3 545.4 292.0 small-vehicle 0
119.7 583.4 127.1 576.8 147.1 599.2 139.7 605.8 small-vehicle 0
140.5 609.6 147.6 602.6 182.6 638.3 175.5 645.3 small-vehicle 0
136.0 570.1 143.6 563.5 163.3 586.0 155.8 592.6 small-vehicle 0
158.9 595.4 169.3 586.1 202.7 623.2 192.3 632.6 small-vehicle 0
143.3 549.3 150.7 542.6 181.7 576.7 174.3 583.4 small-vehicle 0
154.9 530.8 161.8 523.6 200.6 561.2 193.6 568.4 small-vehicle 0
189.1 559.3 197.7 554.1 227.9 603.7 219.3 608.9 small-vehicle 0
352.1 254.1 360.3 248.3 386.9 285.9 378.7 291.7 small-vehicle 0
337.2 268.6 345.4 262.8 367.3 293.8 359.2 299.6 small-vehicle 0
308.2 232.7 316.8 227.5 338.3 263.6 329.7 268.7 small-vehicle 0
308.4 277.9 315.7 271.0 355.6 313.1 348.3 320.0 small-vehicle 0
176.2 351.6 183.6 344.9 203.8 367.1 196.4 373.8 small-vehicle 0
203.9 387.6 210.7 380.2 232.8 400.4 226.1 407.8 small-vehicle 0
185.3 333.4 192.0 326.0 229.2 359.3 222.6 366.7 small-vehicle 0
214.4 363.4 222.2 357.2 253.3 396.3 245.5 402.5 small-vehicle 0
210.4 325.5 217.9 318.9 237.6 341.5 230.1 348.1 small-vehicle 0
236.8 361.7 243.2 354.0 266.3 373.2 259.9 380.9 small-vehicle 0
215.3 303.5 222.1 296.1 261.9 332.6 255.1 339.9 small-vehicle 0
248.1 336.6 256.2 330.6 288.2 374.1 280.1 380.1 small-vehicle 0
234.3 290.0 241.3 282.8 279.9 320.5 273.0 327.7 small-vehicle 0
265.4 323.2 273.3 317.0 304.1 356.4 296.2 362.6 small-vehicle 0
254.1 274.0 261.8 267.5 291.3 302.8 283.6 309.2 small-vehicle 0
281.8 313.4 288.8 306.3 324.5 341.3 317.5 348.4 small-vehicle 0
266.2 261.4 272.8 254.0 313.0 290.0 306.4 297.5 small-vehicle 0
303.2 305.7 309.8 298.2 332.4 317.8 325.9 325.4 small-vehicle 0
292.7 256.8 299.8 249.8 320.9 271.1 313.8 278.1 small-vehicle 0
182.1 525.7 189.7 519.2 209.2 542.1 201.6 548.5 small-vehicle 0
210.9 562.7 217.8 555.5 239.5 576.2 232.6 583.4 small-vehicle 0
198.8 512.9 205.9 505.9 226.9 527.4 219.7 534.4 small-vehicle 0
372.9 417.9 380.7 411.6 412.3 450.3 404.6 456.7 small-vehicle 0
388.3 406.4 395.5 399.6 427.2 432.9 420.0 439.8 small-vehicle 0
382.8 362.6 390.3 356.0 410.2 378.4 402.7 385.0 small-vehicle 0
403.6 390.7 411.1 384.0 444.4 421.3 436.9 428.0 small-vehicle 0
395.0 343.7 402.1 336.6 434.7 369.0 427.7 376.1 small-vehicle 0
412.8 327.4 420.5 321.2 441.9 347.6 434.1 353.9 small-vehicle 0
420.4 379.2 427.6 372.2 462.6 407.8 455.4 414.8 small-vehicle 0
443.0 371.8 449.7 364.4 475.0 387.2 468.3 394.6 small-vehicle 0
422.4 310.4 429.3 303.2 465.6 337.6 458.7 344.8 small-vehicle 0
453.4 344.3 461.2 338.1 494.6 380.6 486.7 386.8 small-vehicle 0
446.2 301.6 453.4 294.7 476.8 319.4 469.6 326.3 small-vehicle 0
475.4 341.1 482.5 334.0 506.6 357.9 499.5 365.0 small-vehicle 0
460.0 287.1 467.0 280.0 499.6 312.4 492.6 319.5 small-vehicle 0
487.6 320.1 495.1 313.5 528.5 350.7 521.0 357.3 small-vehicle 0
486.5 267.6 492.4 266.6 497.4 296.2 491.4 297.2 small-vehicle 0
499.1 266.7 506.6 260.1 526.5 282.5 519.0 289.2 small-vehicle 0
371.4 383.2 379.2 376.9 395.5 397.2 387.7 403.4 small-vehicle 0
344.3 387.8 351.2 380.6 384.7 412.2 377.8 419.4 small-vehicle 0
220.3 539.8 227.9 533.3 260.6 571.1 253.0 577.6 small-vehicle 0
352.1 436.0 358.3 428.1 397.6 459.0 391.4 466.9 small-vehicle 0
213.8 498.8 221.1 492.0 241.5 514.0 234.1 520.8 small-vehicle 0
237.8 524.2 245.8 518.1 276.2 557.8 268.2 563.9 small-vehicle 0
231.5 484.7 239.0 478.0 258.9 500.5 251.4 507.1 small-vehicle 0
256.4 513.8 264.2 507.5 290.6 540.1 282.9 546.4 small-vehicle 0
239.7 467.1 246.5 459.7 289.3 498.9 282.5 506.3 small-vehicle 0
278.4 510.9 285.3 503.8 306.9 524.6 299.9 531.8 small-vehicle 0
268.4 460.9 275.9 454.3 295.6 476.9 288.1 483.5 small-vehicle 0
297.7 498.3 304.6 491.0 326.3 511.7 319.4 519.0 small-vehicle 0
283.1 446.7 290.5 440.1 310.5 462.5 303.0 469.1 small-vehicle 0
304.4 470.6 311.8 463.8 348.6 503.4 341.2 510.2 small-vehicle 0
299.9 432.5 307.0 425.5 328.2 446.7 321.1 453.8 small-vehicle 0
322.3 459.9 329.4 452.9 364.7 488.3 357.6 495.4 small-vehicle 0
317.6 418.0 324.9 411.1 345.4 433.0 338.1 439.9 small-vehicle 0
341.1 445.0 349.7 439.9 373.2 479.4 364.7 484.5 small-vehicle 0
327.5 402.7 334.2 395.2 368.5 425.9 361.8 433.3 small-vehicle 0
