-8.2 516.5 9.3 478.3 51.2 497.5 33.7 535.7 small-vehicle 0
97.8 506.9 125.2 475.1 175.2 518.1 147.8 549.9 small-vehicle 0
361.8 498.0 467.8 498.4 467.8 516.4 361.8 516.0 large-vehicle 0
490.6 499.0 495.5 507.7 406.3 557.3 401.5 548.5 large-vehicle 0
401.7 554.5 403.7 540.7 492.8 553.5 490.8 567.3 large-vehicle 0
472.9 551.6 480.6 558.0 438.5 608.8 430.8 602.4 large-vehicle 0
390.9 585.1 417.9 683.5 381.2 693.5 354.3 595.2 large-vehicle 0
362.3 647.7 366.7 651.8 351.8 667.9 347.4 663.8 large-vehicle 0
296.9 619.5 372.3 699.6 359.2 712.0 283.8 631.8 large-vehicle 0
240.5 636.7 311.3 710.1 295.5 725.3 224.7 651.9 large-vehicle 0
235.9 647.6 240.4 638.7 367.8 701.3 363.4 710.2 large-vehicle 0
212.9 666.4 224.2 658.2 272.7 724.2 261.5 732.5 large-vehicle 0
94.0 678.7 142.6 628.4 190.1 674.3 141.4 724.6 large-vehicle 0
132.8 604.7 192.5 568.1 212.3 600.6 152.6 637.1 large-vehicle 0
47.0 630.3 98.5 582.9 132.4 619.6 80.9 667.0 large-vehicle 0
88.0 575.2 138.7 510.8 178.0 541.8 127.3 606.2 large-vehicle 0
232.1 828.0 250.0 826.5 254.8 884.3 236.8 885.8 large-vehicle 0
240.7 659.5 248.3 666.1 184.2 740.2 176.6 733.7 large-vehicle 0
54.8 828.6 80.6 781.1 124.5 805.0 98.8 852.4 small-vehicle 0
152.8 871.1 197.2 840.4 221.2 874.9 176.8 905.6 small-vehicle 0
172.3 398.1 176.3 393.6 213.7 426.9 209.7 431.4 small-vehicle 0
156.9 404.6 164.6 398.3 181.1 418.4 173.4 424.7 small-vehicle 0
124.2 383.1 132.8 378.0 172.8 444.9 164.2 450.0 small-vehicle 0
93.0 393.3 99.9 386.0 168.0 450.7 161.1 458.0 small-vehicle 0
98.2 367.9 208.3 338.4 219.2 379.0 109.1 408.5 small-vehicle 0
422.7 453.0 432.0 463.5 379.4 509.7 370.1 499.2 large-vehicle 0
