626.7 954.9 639.5 923.4 685.8 942.1 673.1 973.6 small-vehicle 0
55.8 738.0 77.5 734.4 94.2 835.0 72.5 838.6 large-vehicle 0
100.2 868.2 123.0 880.8 89.0 942.0 66.2 929.4 large-vehicle 0
-5.7 787.7 8.5 766.0 33.6 782.4 19.4 804.2 large-vehicle 0
3.4 721.9 4.7 643.9 78.6 645.1 77.3 723.1 large-vehicle 0
199.6 535.8 208.2 541.0 148.8 638.3 140.2 633.1 large-vehicle 0
193.9 588.2 202.2 593.7 163.1 651.8 154.8 646.3 large-vehicle 0
218.8 635.4 226.2 651.8 144.1 688.6 136.7 672.2 large-vehicle 0
206.0 667.2 216.5 676.5 162.0 737.8 151.5 728.5 large-vehicle 0
220.3 729.9 226.0 746.9 159.7 769.1 154.0 752.1 large-vehicle 0
222.2 765.4 227.6 782.6 160.8 803.6 155.4 786.4 large-vehicle 0
231.9 809.2 233.7 827.1 160.1 834.8 158.3 816.9 large-vehicle 0
231.9 834.7 237.7 851.7 144.9 883.2 139.1 866.1 large-vehicle 0
126.0 875.2 136.8 860.8 199.0 907.8 188.2 922.2 large-vehicle 0
289.2 390.0 293.0 443.9 91.4 457.8 87.7 404.0 large-vehicle 0
136.7 931.4 142.4 914.3 182.3 927.6 176.6 944.7 large-vehicle 0
57.2 999.4 87.1 996.6 90.7 1034.4 60.9 1037.2 small-vehicle 0
119.9 796.8 153.8 798.2 151.1 864.2 117.2 862.8 small-vehicle 0
282.9 659.5 298.1 685.4 265.3 704.6 250.2 678.7 small-vehicle 0
274.6 584.1 287.4 557.0 325.4 574.9 312.6 602.0 small-vehicle 0
328.6 871.7 437.4 997.0 363.4 1061.3 254.6 936.0 large-vehicle 0
1007.3 378.1 1037.2 381.1 1032.7 426.9 1002.8 423.9 small-vehicle 0
122.0 943.8 165.6 987.8 110.3 1042.7 66.6 998.7 large-vehicle 0
320.6 878.7 337.9 912.5 293.4 935.3 276.1 901.5 small-vehicle 0
301.0 839.5 322.5 865.8 290.0 892.5 268.5 866.2 small-vehicle 0
312.4 799.1 320.2 792.9 368.9 853.8 361.1 860.0 large-vehicle 0
417.5 767.6 419.6 805.5 253.8 814.6 251.8 776.6 large-vehicle 0
343.0 728.5 359.9 753.3 321.9 779.2 305.0 754.4 large-vehicle 0
362.2 695.1 371.2 715.1 329.2 734.0 320.2 713.9 large-vehicle 0
404.2 405.4 419.0 453.2 359.8 471.6 345.0 423.8 large-vehicle 0
541.1 405.7 546.0 427.1 466.0 445.4 461.1 424.0 large-vehicle 0
625.5 371.8 639.6 402.8 579.5 430.2 565.4 399.2 large-vehicle 0
656.7 411.8 659.0 425.6 570.3 440.4 568.0 426.6 large-vehicle 0
535.6 842.7 563.2 805.9 619.2 847.9 591.6 884.7 large-vehicle 0
664.7 966.6 672.5 982.9 638.3 999.4 630.5 983.1 large-vehicle 0
802.7 831.9 840.5 828.5 849.3 926.1 811.5 929.5 large-vehicle 0
816.8 721.1 868.3 737.3 846.2 807.9 794.7 791.7 large-vehicle 0
