991.4 580.3 1012.4 558.9 1036.6 582.7 1015.6 604.1 small-vehicle 0
416.6 592.3 427.0 616.1 333.6 657.0 323.2 633.2 large-vehicle 0
773.6 647.8 775.2 646.6 776.4 648.2 774.8 649.4 small-vehicle 0
315.2 283.3 334.4 265.8 370.8 305.7 351.6 323.2 small-vehicle 0
162.7 950.6 179.9 945.3 186.3 966.4 169.1 971.7 small-vehicle 0
244.4 1009.0 265.6 993.9 283.0 1018.3 261.9 1033.4 small-vehicle 0
434.8 655.6 439.0 668.9 360.7 693.3 356.5 679.9 large-vehicle 0
440.6 688.1 442.2 702.0 368.7 710.6 367.1 696.6 large-vehicle 0
461.3 689.8 474.3 716.9 407.6 749.0 394.6 721.9 large-vehicle 0
842.4 833.5 861.7 816.1 881.7 838.5 862.4 855.8 small-vehicle 0
921.6 945.0 930.7 934.4 953.4 954.0 944.3 964.6 small-vehicle 0
894.8 910.9 905.4 901.6 925.2 924.1 914.6 933.4 small-vehicle 0
853.6 871.5 871.8 847.6 908.4 875.5 890.2 899.4 small-vehicle 0
897.4 969.1 916.4 951.3 936.8 973.2 917.8 991.0 small-vehicle 0
476.7 762.1 490.2 758.5 518.3 864.9 504.8 868.5 large-vehicle 0
873.6 934.1 884.1 924.8 904.0 947.2 893.5 956.5 small-vehicle 0
829.3 882.1 859.5 866.7 887.7 921.9 857.5 937.3 small-vehicle 0
785.7 788.3 812.3 774.4 839.3 825.7 812.7 839.6 small-vehicle 0
772.8 837.4 796.8 827.5 811.2 862.6 787.2 872.5 small-vehicle 0
796.3 902.5 821.7 896.7 832.7 945.5 807.3 951.3 small-vehicle 0
595.4 719.2 613.0 715.5 630.6 799.7 613.0 803.3 large-vehicle 0
543.9 727.7 557.3 723.6 592.8 840.4 579.4 844.4 large-vehicle 0
514.6 742.0 523.5 737.5 575.4 839.0 566.5 843.5 large-vehicle 0
502.2 763.3 515.6 759.2 541.9 845.3 528.5 849.4 large-vehicle 0
798.1 423.6 814.5 457.9 776.7 476.0 760.2 441.8 small-vehicle 0
620.3 95.2 622.2 85.4 647.7 90.4 645.8 100.2 small-vehicle 0
478.9 76.4 479.1 46.4 521.1 46.6 520.9 76.6 small-vehicle 0
620.4 47.5 621.2 57.5 571.3 61.4 570.6 51.4 small-vehicle 0
629.7 66.8 630.8 76.7 569.1 83.3 568.0 73.4 small-vehicle 0
650.9 91.4 658.2 98.2 621.2 137.6 613.9 130.7 small-vehicle 0
1007.4 386.8 1018.3 395.6 994.6 425.2 983.7 416.4 small-vehicle 0
731.6 21.2 736.6 24.6 704.4 72.8 699.4 69.4 small-vehicle 0
884.4 300.8 891.8 271.7 928.6 281.2 921.2 310.3 small-vehicle 0
818.3 276.2 843.7 281.7 835.7 318.8 810.3 313.3 small-vehicle 0
742.0 355.1 770.7 380.0 748.4 405.7 719.7 380.7 small-vehicle 0
955.5 39.6 958.9 13.9 1000.5 19.4 997.1 45.1 small-vehicle 0
963.4 71.9 984.6 56.9 999.6 78.1 978.4 93.1 small-vehicle 0
979.1 115.9 980.6 114.6 981.9 116.1 980.4 117.4 small-vehicle 0
940.5 146.1 965.6 152.9 954.5 193.4 929.4 186.6 small-vehicle 0
973.4 199.3 978.1 190.5 1004.6 204.7 999.8 213.5 small-vehicle 0
999.4 215.3 999.6 233.3 973.6 233.7 973.4 215.7 small-vehicle 0
971.1 258.8 997.2 244.1 1011.9 270.2 985.8 284.9 small-vehicle 0
976.1 374.7 976.9 352.7 1018.9 354.3 1018.1 376.3 small-vehicle 0
849.9 311.2 855.9 273.7 881.6 277.8 875.6 315.3 small-vehicle 0
878.4 228.7 894.9 208.6 921.1 230.2 904.6 250.3 small-vehicle 0
832.3 194.6 844.1 167.0 882.7 183.4 870.9 211.0 small-vehicle 0
559.6 212.3 589.4 209.0 594.4 254.7 564.6 258.0 small-vehicle 0
698.1 70.4 699.1 60.4 740.9 64.6 739.9 74.6 small-vehicle 0
696.9 71.1 700.7 66.5 748.5 105.9 744.7 110.6 small-vehicle 0
746.3 93.7 751.5 102.2 708.8 128.3 703.6 119.7 small-vehicle 0
706.3 128.7 709.9 119.4 749.1 134.3 745.6 143.6 small-vehicle 0
780.5 49.0 785.7 74.4 748.5 82.0 743.3 56.6 small-vehicle 0
738.7 42.0 741.8 32.5 789.3 48.0 786.2 57.5 small-vehicle 0
797.0 30.5 823.0 45.6 804.0 78.5 778.0 63.4 small-vehicle 0
823.3 39.3 842.9 16.5 868.7 38.7 849.1 61.5 small-vehicle 0
530.8 193.3 560.0 200.6 550.7 237.5 521.6 230.2 small-vehicle 0
648.5 263.7 681.9 269.6 673.9 314.9 640.5 309.0 small-vehicle 0
898.3 137.3 919.7 158.3 898.6 179.7 877.3 158.6 small-vehicle 0
765.7 137.8 775.1 157.7 744.3 172.2 734.9 152.3 small-vehicle 0
772.4 213.6 773.4 215.4 771.6 216.4 770.6 214.6 small-vehicle 0
773.7 239.5 785.2 220.8 807.3 234.5 795.8 253.2 small-vehicle 0
745.6 259.9 770.2 236.5 796.4 264.1 771.8 287.5 small-vehicle 0
896.5 13.0 901.8 15.7 877.6 63.9 872.2 61.2 small-vehicle 0
904.6 41.9 915.1 65.7 880.4 81.1 869.9 57.3 small-vehicle 0
851.4 80.2 852.3 81.9 850.6 82.8 849.7 81.1 small-vehicle 0
892.7 86.2 905.1 92.9 892.8 115.8 880.4 109.2 small-vehicle 0
831.8 123.6 851.0 106.2 871.2 128.4 852.0 145.8 small-vehicle 0
