66.3 354.0 72.6 346.2 102.2 370.0 95.9 377.8 small-vehicle 0
53.9 201.8 56.4 207.3 7.1 229.2 4.6 223.7 small-vehicle 0
61.1 202.9 68.3 209.8 41.9 237.1 34.7 230.2 small-vehicle 0
137.8 190.0 145.3 196.7 117.2 228.0 109.7 221.3 small-vehicle 0
154.4 188.0 168.1 190.8 159.6 232.0 145.9 229.2 small-vehicle 0
192.4 191.0 204.2 198.6 181.6 234.0 169.8 226.4 small-vehicle 0
202.5 168.9 219.8 144.4 247.5 164.1 230.2 188.6 small-vehicle 0
248.3 189.6 249.6 203.5 207.7 207.4 206.4 193.5 small-vehicle 0
206.0 223.7 213.5 211.8 249.0 234.3 241.5 246.2 small-vehicle 0
82.7 239.9 108.5 255.1 97.3 274.1 71.5 258.9 small-vehicle 0
26.6 291.1 56.9 306.6 41.4 336.9 11.1 321.4 small-vehicle 0
60.4 301.4 63.0 291.8 103.6 302.6 101.0 312.2 small-vehicle 0
63.9 321.8 66.7 312.3 103.1 323.2 100.3 332.7 small-vehicle 0
88.5 328.9 93.3 332.5 77.5 353.1 72.7 349.5 small-vehicle 0
104.0 304.7 105.3 294.8 147.0 300.3 145.7 310.2 small-vehicle 0
146.4 313.8 148.3 323.6 103.1 332.3 101.2 322.5 small-vehicle 0
963.4 54.5 970.0 4.9 1019.6 11.5 1013.0 61.1 small-vehicle 0
622.8 163.1 648.7 161.0 651.2 190.9 625.3 193.0 small-vehicle 0
720.2 146.8 725.0 138.0 761.8 158.2 757.0 167.0 small-vehicle 0
765.2 126.9 765.7 136.9 719.8 139.1 719.3 129.1 small-vehicle 0
726.3 113.4 728.4 103.6 761.7 110.6 759.6 120.4 small-vehicle 0
729.8 89.9 735.1 81.4 757.2 95.1 751.9 103.6 small-vehicle 0
734.1 71.4 737.4 61.9 761.9 70.6 758.6 80.1 small-vehicle 0
730.4 48.9 754.8 39.9 759.6 53.1 735.2 62.1 small-vehicle 0
761.2 24.8 761.8 34.7 735.8 36.2 735.2 26.3 small-vehicle 0
750.6 -5.1 761.8 13.8 739.4 27.1 728.2 8.2 small-vehicle 0
907.4 15.9 909.3 16.6 908.6 18.5 906.7 17.8 small-vehicle 0
138.3 330.7 142.4 339.8 107.7 355.3 103.6 346.2 small-vehicle 0
69.6 366.1 74.7 363.0 96.4 398.9 91.3 402.0 small-vehicle 0
585.4 177.5 588.5 172.4 610.7 186.0 607.5 191.1 small-vehicle 0
135.1 342.9 140.1 346.3 116.5 381.1 111.5 377.7 small-vehicle 0
80.0 657.2 87.5 663.8 62.5 692.3 55.0 685.7 small-vehicle 0
95.5 678.6 101.3 686.8 73.5 706.4 67.7 698.2 small-vehicle 0
102.8 696.9 109.5 704.3 90.4 721.9 83.6 714.5 small-vehicle 0
122.5 728.5 130.5 734.5 117.2 752.0 109.2 746.0 small-vehicle 0
143.6 742.2 150.2 749.7 124.7 772.2 118.1 764.7 small-vehicle 0
156.5 762.7 161.9 771.1 129.8 791.5 124.4 783.0 small-vehicle 0
172.3 791.0 179.5 820.1 154.2 826.3 147.0 797.2 small-vehicle 0
217.3 847.6 237.9 879.6 202.7 902.4 182.1 870.4 small-vehicle 0
225.2 897.1 250.7 881.2 272.8 916.9 247.3 932.8 small-vehicle 0
273.2 907.0 298.8 891.3 320.8 927.0 295.2 942.7 small-vehicle 0
197.3 309.1 206.4 284.8 230.7 293.9 221.6 318.2 small-vehicle 0
272.1 286.2 277.9 311.5 236.9 320.8 231.1 295.5 small-vehicle 0
198.5 317.4 204.8 309.6 228.1 328.6 221.7 336.3 small-vehicle 0
234.7 319.4 238.6 310.2 277.3 326.6 273.4 335.8 small-vehicle 0
223.1 335.6 225.8 345.2 196.9 353.4 194.2 343.8 small-vehicle 0
234.2 348.6 234.9 338.7 276.8 341.4 276.1 351.3 small-vehicle 0
224.2 358.7 224.8 368.7 198.8 370.3 198.2 360.3 small-vehicle 0
233.4 362.3 236.5 352.8 272.6 364.7 269.5 374.2 small-vehicle 0
186.1 382.4 189.3 372.9 232.9 387.6 229.7 397.1 small-vehicle 0
233.5 369.0 237.7 364.7 270.5 397.0 266.3 401.3 small-vehicle 0
225.4 388.7 228.4 394.0 188.1 416.3 185.2 411.1 small-vehicle 0
263.8 393.1 267.1 402.5 231.2 414.9 227.9 405.5 small-vehicle 0
191.3 424.0 194.1 414.4 226.7 424.0 223.9 433.6 small-vehicle 0
234.4 436.0 236.0 445.9 186.6 454.0 185.0 444.1 small-vehicle 0
226.6 457.1 228.2 466.9 202.5 471.1 200.9 461.2 small-vehicle 0
235.1 448.4 244.4 428.5 278.9 444.6 269.6 464.5 small-vehicle 0
232.6 459.6 237.3 450.7 274.4 470.4 269.7 479.3 small-vehicle 0
57.2 641.0 66.3 645.3 51.8 676.0 42.7 671.7 small-vehicle 0
43.1 629.6 51.5 635.1 32.9 663.5 24.5 658.0 small-vehicle 0
-8.8 635.4 -8.6 629.4 45.4 631.2 45.2 637.2 small-vehicle 0
132.8 420.8 137.5 424.5 109.1 460.7 104.4 457.0 small-vehicle 0
109.9 369.1 114.7 365.4 140.1 398.9 135.3 402.6 small-vehicle 0
99.9 416.5 111.7 397.9 147.1 420.5 135.3 439.1 small-vehicle 0
72.9 418.7 90.9 417.4 94.1 463.3 76.1 464.6 small-vehicle 0
137.8 447.8 142.7 456.5 109.7 475.3 104.7 466.6 small-vehicle 0
95.1 477.3 95.3 487.3 69.3 487.7 69.1 477.7 small-vehicle 0
103.1 480.2 106.6 470.9 145.9 485.7 142.4 495.0 small-vehicle 0
59.0 500.5 61.8 490.9 106.0 503.5 103.2 513.1 small-vehicle 0
113.4 495.9 118.2 492.4 128.6 507.1 123.8 510.6 small-vehicle 0
106.7 516.7 107.2 526.7 57.3 529.3 56.8 519.3 small-vehicle 0
147.2 518.7 147.7 528.7 101.8 531.3 101.3 521.3 small-vehicle 0
64.5 518.2 69.7 515.1 99.5 564.8 94.3 567.9 small-vehicle 0
101.6 549.0 108.6 541.8 141.4 574.0 134.4 581.2 small-vehicle 0
95.5 592.4 95.5 578.4 137.5 578.6 137.5 592.6 small-vehicle 0
607.4 155.6 617.2 153.5 627.6 202.4 617.9 204.5 small-vehicle 0
549.3 164.7 559.1 162.8 564.7 192.3 554.8 194.2 small-vehicle 0
232.0 476.0 237.8 467.9 275.0 495.0 269.2 503.1 small-vehicle 0
250.5 52.5 275.0 69.7 255.5 97.5 231.0 80.3 small-vehicle 0
335.4 30.6 345.3 31.5 342.6 61.4 332.7 60.5 small-vehicle 0
309.4 67.4 319.1 64.9 329.6 105.6 319.9 108.1 small-vehicle 0
356.0 27.7 366.0 28.4 364.0 58.3 354.0 57.6 small-vehicle 0
316.8 69.6 321.0 65.3 368.2 111.4 364.0 115.7 small-vehicle 0
372.3 78.0 376.4 82.3 354.7 103.0 350.6 98.7 small-vehicle 0
380.8 30.7 390.4 33.4 382.2 62.3 372.6 59.6 small-vehicle 0
370.0 65.8 379.6 63.1 393.2 111.2 383.6 113.9 small-vehicle 0
398.4 35.3 408.2 37.1 403.6 62.7 393.8 60.9 small-vehicle 0
391.1 66.5 401.0 65.0 407.9 110.5 398.0 112.0 small-vehicle 0
414.8 38.1 424.8 37.9 425.2 63.9 415.2 64.1 small-vehicle 0
431.3 79.0 435.4 83.3 413.7 104.0 409.6 99.7 small-vehicle 0
536.1 165.1 545.5 168.4 536.9 192.9 527.5 189.6 small-vehicle 0
426.2 40.0 430.6 35.9 450.8 58.0 446.4 62.1 small-vehicle 0
477.6 37.0 487.5 38.2 484.4 64.0 474.5 62.8 small-vehicle 0
495.8 34.4 505.8 34.6 505.2 60.6 495.2 60.4 small-vehicle 0
510.4 31.6 515.6 28.6 532.6 58.0 527.4 61.0 small-vehicle 0
530.8 38.7 539.8 34.4 551.1 57.8 542.1 62.1 small-vehicle 0
440.1 68.1 450.0 69.5 442.9 119.0 433.0 117.6 small-vehicle 0
442.3 67.8 447.4 64.7 477.7 114.2 472.6 117.3 small-vehicle 0
499.0 65.5 503.4 69.6 458.0 117.5 453.6 113.4 small-vehicle 0
508.0 77.8 512.2 82.1 488.1 106.0 483.9 101.8 small-vehicle 0
502.0 66.4 510.7 61.5 537.0 108.6 528.3 113.5 small-vehicle 0
531.1 69.4 540.9 67.5 549.8 112.6 540.0 114.5 small-vehicle 0
653.9 -5.9 659.2 19.5 614.1 28.9 608.8 3.5 small-vehicle 0
615.0 27.2 619.8 18.4 653.0 36.8 648.2 45.6 small-vehicle 0
647.1 60.1 649.5 69.8 604.8 80.7 602.4 71.0 small-vehicle 0
604.6 88.3 607.6 78.8 655.4 93.7 652.4 103.2 small-vehicle 0
477.5 161.0 487.3 163.0 481.5 192.4 471.7 190.5 small-vehicle 0
523.5 161.1 530.6 168.1 509.5 189.4 502.4 182.4 small-vehicle 0
448.6 167.3 457.9 163.6 467.4 187.8 458.1 191.5 small-vehicle 0
298.8 168.5 308.7 158.6 338.2 188.5 328.3 198.4 small-vehicle 0
374.0 162.4 378.2 166.8 345.0 198.6 340.8 194.2 small-vehicle 0
367.9 171.0 376.7 166.2 389.1 189.0 380.3 193.8 small-vehicle 0
392.7 162.8 402.6 162.2 404.2 192.2 394.2 192.7 small-vehicle 0
437.4 154.2 441.4 158.7 398.6 197.8 394.6 193.3 small-vehicle 0
434.6 168.6 444.6 169.5 442.4 195.4 432.4 194.5 small-vehicle 0
191.2 467.3 195.4 463.1 228.1 495.5 223.9 499.7 small-vehicle 0
233.4 490.9 237.6 486.6 267.6 516.1 263.4 520.4 small-vehicle 0
479.8 907.2 481.4 908.3 480.3 910.0 478.7 908.9 small-vehicle 0
413.9 553.8 434.6 538.1 455.1 565.2 434.4 580.9 small-vehicle 0
510.4 540.4 537.6 553.1 521.6 587.6 494.4 574.9 small-vehicle 0
616.5 541.9 638.3 562.5 609.5 593.1 587.7 572.5 small-vehicle 0
417.9 589.9 431.9 601.2 413.1 624.6 399.1 613.3 small-vehicle 0
491.8 590.5 507.9 598.8 494.2 625.5 478.1 617.2 small-vehicle 0
543.0 592.0 548.8 617.3 523.4 623.1 517.7 597.7 small-vehicle 0
560.9 583.1 590.5 587.9 583.1 633.3 553.5 628.5 small-vehicle 0
639.3 581.7 661.6 601.8 630.6 635.9 608.4 615.7 small-vehicle 0
393.9 687.6 427.3 681.0 433.1 710.4 399.7 717.0 small-vehicle 0
596.0 716.7 620.9 673.3 633.0 680.3 608.1 723.7 small-vehicle 0
616.6 689.7 641.8 683.1 648.4 708.3 623.2 714.9 small-vehicle 0
426.9 715.6 444.9 716.4 443.1 758.4 425.1 757.6 small-vehicle 0
475.4 712.8 484.8 716.2 467.6 763.2 458.2 759.8 small-vehicle 0
479.5 717.8 488.6 713.8 505.5 752.2 496.4 756.2 small-vehicle 0
510.0 716.6 519.9 717.6 516.0 755.4 506.1 754.4 small-vehicle 0
524.0 717.8 549.7 721.9 543.0 763.4 517.3 759.2 small-vehicle 0
570.9 719.1 612.4 725.4 606.1 766.9 564.6 760.6 small-vehicle 0
639.1 705.3 660.6 719.9 625.8 771.2 604.3 756.6 small-vehicle 0
401.1 800.9 410.9 798.7 421.9 847.5 412.1 849.7 small-vehicle 0
432.7 799.3 442.5 801.2 433.3 850.3 423.5 848.4 small-vehicle 0
462.1 797.9 471.6 801.1 453.1 856.1 443.7 852.9 small-vehicle 0
451.4 809.4 454.8 804.4 512.8 843.7 509.4 848.6 small-vehicle 0
500.5 803.1 510.5 802.9 511.5 848.9 501.5 849.1 small-vehicle 0
522.0 801.9 531.9 801.2 535.0 847.1 525.1 847.8 small-vehicle 0
546.3 802.8 556.3 802.3 558.7 852.2 548.7 852.7 small-vehicle 0
557.8 810.0 565.5 803.6 592.2 836.0 584.5 842.4 small-vehicle 0
582.8 810.1 590.3 803.5 618.2 834.9 610.7 841.5 small-vehicle 0
375.3 530.9 397.3 510.4 428.7 544.1 406.7 564.6 small-vehicle 0
646.1 501.1 669.7 490.4 680.5 514.1 656.8 524.8 small-vehicle 0
576.3 431.2 597.0 518.8 571.7 524.8 551.0 437.2 small-vehicle 0
414.6 405.1 424.5 406.2 419.4 451.9 409.5 450.8 small-vehicle 0
433.3 285.7 443.3 286.3 440.7 328.3 430.7 327.7 small-vehicle 0
415.6 304.5 417.0 303.1 418.4 304.5 417.0 305.9 small-vehicle 0
478.3 322.5 488.1 324.8 476.7 373.5 466.9 371.2 small-vehicle 0
488.9 321.2 498.7 319.5 507.1 368.8 497.3 370.5 small-vehicle 0
513.1 319.3 523.1 319.8 520.9 369.7 510.9 369.2 small-vehicle 0
538.2 335.3 546.7 340.7 532.8 362.7 524.3 357.3 small-vehicle 0
554.3 344.8 556.2 345.3 555.7 347.2 553.8 346.7 small-vehicle 0
581.8 324.8 590.7 329.5 569.2 370.2 560.3 365.5 small-vehicle 0
578.2 328.9 583.0 325.4 614.8 369.1 610.0 372.6 small-vehicle 0
621.8 328.4 629.6 361.5 608.2 366.6 600.4 333.5 small-vehicle 0
627.1 329.9 648.6 334.8 642.8 360.1 621.4 355.2 small-vehicle 0
418.0 407.9 434.9 373.8 472.5 392.5 455.6 426.5 small-vehicle 0
451.1 426.4 461.0 424.9 464.9 450.6 455.0 452.1 small-vehicle 0
544.3 451.3 554.1 449.4 562.8 494.6 553.0 496.5 small-vehicle 0
468.7 422.8 478.4 420.1 485.3 445.2 475.6 447.9 small-vehicle 0
485.9 413.7 495.6 411.5 506.1 456.3 496.4 458.5 small-vehicle 0
507.2 411.4 517.1 409.9 522.9 447.5 513.0 449.0 small-vehicle 0
546.1 414.5 550.1 419.0 521.9 444.5 517.9 440.0 small-vehicle 0
599.2 419.4 608.5 423.1 595.8 454.6 586.5 450.9 small-vehicle 0
610.9 417.4 620.9 416.7 624.1 458.6 614.1 459.3 small-vehicle 0
643.0 414.6 653.9 446.8 633.1 453.9 622.2 421.7 small-vehicle 0
443.3 448.7 452.2 453.3 427.6 501.4 418.7 496.8 small-vehicle 0
442.2 428.4 478.8 519.3 465.8 524.6 429.2 433.7 small-vehicle 0
487.7 458.5 492.0 462.8 462.3 492.5 458.0 488.2 small-vehicle 0
539.2 453.2 542.7 458.1 488.8 496.2 485.3 491.3 small-vehicle 0
547.3 449.0 552.2 452.4 521.7 497.0 516.8 493.6 small-vehicle 0
396.3 901.7 400.7 897.6 434.7 934.3 430.3 938.4 small-vehicle 0
704.8 852.9 705.2 838.9 751.2 840.1 750.8 854.1 small-vehicle 0
487.0 292.7 496.3 289.0 506.0 313.1 496.7 316.8 small-vehicle 0
713.4 831.5 716.8 797.7 754.6 801.5 751.2 835.3 small-vehicle 0
997.5 851.8 1000.2 861.4 963.5 871.6 960.9 861.9 small-vehicle 0
1004.7 871.1 1006.6 880.9 965.3 888.9 963.4 879.1 small-vehicle 0
999.6 884.3 1004.8 892.8 972.4 912.7 967.2 904.2 small-vehicle 0
959.8 923.5 973.5 901.4 1009.2 923.5 995.5 945.6 small-vehicle 0
962.9 936.1 968.0 927.5 1004.2 948.8 999.1 957.4 small-vehicle 0
879.7 890.4 909.5 887.4 913.3 925.2 883.5 928.2 small-vehicle 0
485.8 890.7 506.7 883.7 521.2 927.3 500.3 934.3 small-vehicle 0
540.6 883.6 562.5 881.6 566.4 923.4 544.5 925.4 small-vehicle 0
693.1 886.8 707.7 897.3 694.9 915.2 680.3 904.7 small-vehicle 0
645.9 885.1 663.3 871.7 689.1 904.9 671.7 918.3 small-vehicle 0
996.2 834.2 999.1 843.8 962.8 854.8 959.9 845.2 small-vehicle 0
997.2 797.3 1001.6 806.3 963.8 824.7 959.4 815.7 small-vehicle 0
995.6 773.4 998.2 799.2 964.3 802.6 961.8 776.7 small-vehicle 0
751.7 769.6 756.7 778.3 720.3 799.4 715.3 790.7 small-vehicle 0
735.3 758.1 736.4 759.7 734.8 760.9 733.6 759.3 small-vehicle 0
731.1 709.4 732.1 707.6 733.9 708.6 732.9 710.4 small-vehicle 0
707.8 671.2 720.8 648.7 757.2 669.8 744.2 692.3 small-vehicle 0
716.1 596.5 720.0 592.0 757.9 624.5 754.0 629.0 small-vehicle 0
707.3 583.8 711.1 574.6 753.7 592.2 749.9 601.4 small-vehicle 0
721.4 554.4 730.5 530.1 758.6 540.6 749.5 564.9 small-vehicle 0
714.8 506.2 723.1 495.0 747.2 512.8 738.9 524.0 small-vehicle 0
678.1 403.8 698.9 388.2 716.9 412.2 696.1 427.8 small-vehicle 0
713.6 405.0 736.6 385.8 760.9 415.0 737.9 434.2 small-vehicle 0
711.3 315.8 728.2 286.3 764.7 307.2 747.8 336.7 small-vehicle 0
748.8 228.9 762.5 255.6 732.2 271.0 718.5 244.3 small-vehicle 0
899.0 775.1 918.9 784.4 901.0 822.4 881.1 813.1 small-vehicle 0
884.0 252.4 903.8 242.8 922.0 280.6 902.2 290.2 small-vehicle 0
962.4 357.5 970.8 332.9 1010.6 346.5 1002.2 371.1 small-vehicle 0
902.2 297.5 924.1 311.4 903.8 343.5 881.9 329.6 small-vehicle 0
900.3 341.9 924.7 359.4 904.8 387.0 880.5 369.5 small-vehicle 0
965.5 388.2 975.2 373.1 1010.5 395.8 1000.8 410.9 small-vehicle 0
891.8 414.2 917.2 419.5 910.2 452.8 884.8 447.5 small-vehicle 0
956.1 470.2 971.1 439.7 1016.0 461.9 1000.9 492.3 small-vehicle 0
961.3 578.5 961.7 556.5 1007.7 557.5 1007.3 579.5 small-vehicle 0
1003.1 597.5 1008.7 610.3 963.0 630.5 957.3 617.7 small-vehicle 0
1003.0 635.4 1006.3 653.1 965.0 660.6 961.7 642.9 small-vehicle 0
880.0 662.1 909.2 655.1 919.0 695.9 889.8 702.9 small-vehicle 0
885.7 738.4 911.6 738.6 911.3 768.6 885.4 768.4 small-vehicle 0
483.7 264.0 486.3 350.0 472.3 350.4 469.7 264.5 small-vehicle 0
518.0 282.2 538.1 298.7 519.0 321.8 498.9 305.3 small-vehicle 0
272.8 508.8 277.3 517.7 229.2 542.2 224.7 533.3 small-vehicle 0
326.5 196.0 336.2 193.5 347.5 238.0 337.8 240.5 small-vehicle 0
353.5 198.1 363.5 198.8 360.5 240.7 350.5 240.0 small-vehicle 0
381.4 198.1 390.8 201.4 375.6 244.9 366.2 241.6 small-vehicle 0
383.7 198.3 392.8 194.2 413.3 239.7 404.2 243.8 small-vehicle 0
423.6 194.3 433.0 197.6 415.4 248.7 406.0 245.4 small-vehicle 0
434.1 182.3 459.2 256.2 445.9 260.7 420.8 186.8 small-vehicle 0
460.7 194.5 470.4 197.1 458.3 241.5 448.6 238.9 small-vehicle 0
325.8 321.9 335.8 321.2 339.2 371.1 329.2 371.8 small-vehicle 0
274.6 356.3 297.8 344.5 311.4 371.2 288.3 383.0 small-vehicle 0
360.7 320.3 369.7 324.5 350.3 366.2 341.2 362.0 small-vehicle 0
371.3 323.6 381.3 323.4 382.7 373.4 372.7 373.6 small-vehicle 0
394.6 329.5 404.5 330.8 400.4 360.5 390.5 359.2 small-vehicle 0
407.3 332.0 429.3 333.0 427.7 367.0 405.7 366.0 small-vehicle 0
466.6 322.6 474.8 328.3 446.4 369.4 438.2 363.7 small-vehicle 0
396.8 305.1 397.2 307.1 395.2 307.4 394.8 305.5 small-vehicle 0
323.8 407.1 333.5 404.8 342.3 441.8 332.6 444.1 small-vehicle 0
350.2 409.5 360.2 410.7 356.8 440.5 346.8 439.3 small-vehicle 0
371.0 406.2 381.0 405.7 383.8 455.6 373.8 456.2 small-vehicle 0
385.1 406.9 394.7 404.0 407.9 448.1 398.3 451.0 small-vehicle 0
223.7 732.2 227.1 727.2 265.3 752.8 261.9 757.8 small-vehicle 0
225.7 546.5 226.5 536.5 276.3 540.5 275.5 550.5 small-vehicle 0
269.3 550.8 271.6 560.6 230.7 570.2 228.4 560.4 small-vehicle 0
228.4 586.0 240.2 562.8 277.6 582.0 265.8 605.2 small-vehicle 0
264.8 590.2 268.5 594.9 235.2 620.6 231.6 615.9 small-vehicle 0
231.0 557.2 231.8 567.2 186.0 570.8 185.2 560.8 small-vehicle 0
192.8 585.6 194.7 575.8 224.2 581.4 222.3 591.2 small-vehicle 0
191.4 614.4 197.5 606.4 227.6 629.5 221.5 637.5 small-vehicle 0
186.6 646.1 187.7 636.1 229.4 640.9 228.3 650.9 small-vehicle 0
273.3 628.6 276.4 638.1 232.7 652.4 229.6 642.9 small-vehicle 0
231.6 655.7 236.7 647.1 272.9 668.3 267.9 676.9 small-vehicle 0
228.1 705.1 247.4 677.1 281.9 700.9 262.6 728.9 small-vehicle 0
265.9 749.2 269.8 758.4 231.1 774.8 227.2 765.6 small-vehicle 0
543.6 294.8 548.3 291.2 566.5 315.1 561.7 318.7 small-vehicle 0
328.3 443.6 338.2 442.6 343.7 496.4 333.8 497.4 small-vehicle 0
453.7 254.8 490.7 177.2 503.3 183.2 466.3 260.8 small-vehicle 0
503.2 191.0 512.4 195.0 492.8 241.0 483.6 237.0 small-vehicle 0
531.8 195.7 539.1 202.5 505.2 239.3 497.9 232.5 small-vehicle 0
551.5 200.0 556.1 203.8 524.5 242.5 519.9 238.7 small-vehicle 0
548.2 194.7 558.1 193.0 566.8 246.3 556.9 248.0 small-vehicle 0
571.3 193.4 581.3 193.6 580.7 239.6 570.7 239.4 small-vehicle 0
593.3 195.9 603.3 196.2 601.7 246.1 591.7 245.8 small-vehicle 0
627.1 178.8 628.9 264.8 610.9 265.2 609.1 179.2 small-vehicle 0
586.5 290.7 611.3 298.4 603.6 323.2 578.8 315.5 small-vehicle 0
583.7 297.2 587.3 302.1 566.3 317.4 562.7 312.5 small-vehicle 0
393.8 887.5 403.6 889.4 394.2 938.5 384.4 936.6 small-vehicle 0
359.4 892.8 368.6 889.0 387.6 935.2 378.4 939.0 small-vehicle 0
310.8 903.4 335.9 887.0 361.2 925.4 336.1 941.9 small-vehicle 0
353.2 587.8 381.3 577.3 398.8 624.2 370.7 634.7 small-vehicle 0
336.9 448.1 341.9 444.7 374.1 492.9 369.1 496.3 small-vehicle 0
373.7 445.6 383.6 446.7 378.3 496.4 368.4 495.3 small-vehicle 0
390.0 444.2 415.2 450.6 404.0 495.2 378.8 488.8 small-vehicle 0
365.9 546.3 391.8 547.8 390.1 577.8 364.1 576.3 small-vehicle 0
341.3 551.9 349.6 546.3 368.7 574.5 360.4 580.1 small-vehicle 0
326.3 546.5 336.3 545.6 338.7 575.5 328.7 576.4 small-vehicle 0
310.5 586.2 343.6 578.1 354.5 622.8 321.4 630.9 small-vehicle 0
333.6 705.0 335.0 703.6 336.4 705.0 335.0 706.4 small-vehicle 0
360.1 672.1 377.6 668.1 387.9 712.9 370.4 716.9 small-vehicle 0
337.9 716.3 367.9 714.7 370.1 756.7 340.1 758.3 small-vehicle 0
375.1 719.8 391.3 712.1 412.9 757.2 396.7 764.9 small-vehicle 0
316.9 801.7 326.0 797.5 345.1 839.3 336.0 843.5 small-vehicle 0
338.6 799.7 368.3 795.7 374.4 841.3 344.7 845.3 small-vehicle 0
396.7 799.8 405.5 804.4 384.3 845.2 375.5 840.6 small-vehicle 0
