614.0 971.7 622.1 983.1 578.0 1014.3 569.9 1002.9 small-vehicle 0
407.7 170.9 430.6 158.6 454.4 202.5 431.6 214.9 small-vehicle 0
261.9 849.2 269.4 861.0 200.1 904.9 192.7 893.1 large-vehicle 0
255.7 822.3 262.3 834.6 186.3 875.1 179.8 862.7 large-vehicle 0
174.6 707.1 190.4 698.4 239.4 787.9 223.6 796.6 large-vehicle 0
143.9 710.7 156.6 704.7 207.1 811.3 194.4 817.3 large-vehicle 0
114.9 741.3 126.2 732.9 175.1 798.7 163.8 807.1 large-vehicle 0
62.8 643.6 97.8 620.4 154.2 705.4 119.2 728.6 large-vehicle 0
436.4 159.3 445.6 155.4 463.4 197.8 454.2 201.7 small-vehicle 0
394.2 367.5 401.1 374.7 370.6 403.6 363.7 396.4 small-vehicle 0
564.8 814.8 570.8 827.4 507.6 857.6 501.6 844.9 large-vehicle 0
404.7 391.7 410.2 400.0 375.3 423.3 369.8 415.0 small-vehicle 0
413.4 410.1 422.8 420.5 394.6 445.9 385.2 435.5 small-vehicle 0
432.6 449.2 438.6 457.2 405.2 482.6 399.1 474.6 small-vehicle 0
438.9 472.2 443.6 481.0 403.1 502.8 398.4 494.0 small-vehicle 0
442.3 491.1 449.4 498.1 420.1 528.1 413.0 521.1 small-vehicle 0
460.2 516.8 464.0 526.1 421.3 543.3 417.6 534.0 small-vehicle 0
480.2 553.0 484.0 562.2 434.0 582.6 430.2 573.3 small-vehicle 0
480.3 569.4 486.6 577.1 447.7 608.6 441.4 600.9 small-vehicle 0
488.6 609.0 505.1 623.4 477.4 655.0 460.9 640.6 small-vehicle 0
464.8 806.6 488.8 796.7 500.2 824.4 476.2 834.3 small-vehicle 0
568.0 929.5 612.8 993.4 575.1 1019.8 530.3 955.9 small-vehicle 0
257.0 392.1 289.7 372.9 315.1 416.0 282.3 435.2 small-vehicle 0
273.6 887.3 278.7 900.4 213.4 925.7 208.3 912.6 large-vehicle 0
299.3 908.3 307.4 919.8 250.1 960.1 242.1 948.7 large-vehicle 0
308.1 938.2 315.4 950.2 252.2 988.6 244.9 976.7 large-vehicle 0
322.6 978.5 326.9 996.0 247.2 1015.5 242.9 998.1 large-vehicle 0
208.1 284.5 244.6 256.6 284.7 309.0 248.2 336.9 large-vehicle 0
210.3 347.1 255.0 415.9 199.7 451.9 155.0 383.1 large-vehicle 0
261.6 448.9 269.3 465.1 195.1 500.2 187.4 483.9 large-vehicle 0
262.0 478.7 274.4 491.7 223.8 540.0 211.4 527.0 large-vehicle 0
345.3 277.0 391.0 271.9 406.7 413.0 361.0 418.1 large-vehicle 0
518.7 684.7 520.7 698.5 455.4 708.3 453.4 694.4 large-vehicle 0
524.7 703.4 530.8 716.0 471.3 744.6 465.2 732.0 large-vehicle 0
533.8 728.7 540.9 740.8 480.4 775.9 473.3 763.8 large-vehicle 0
553.7 758.8 559.6 771.4 485.3 806.2 479.4 793.6 large-vehicle 0
562.7 784.8 569.3 797.1 497.1 836.0 490.4 823.6 large-vehicle 0
578.8 853.0 582.3 866.6 514.5 884.1 511.0 870.5 large-vehicle 0
581.2 872.5 588.2 884.6 527.7 919.8 520.7 907.7 large-vehicle 0
585.6 899.9 592.8 911.9 532.7 947.8 525.5 935.8 large-vehicle 0
546.7 838.6 658.2 1021.3 595.0 1059.8 483.5 877.1 large-vehicle 0
342.7 776.9 349.9 788.9 289.9 824.9 282.7 812.9 large-vehicle 0
393.6 824.2 399.1 837.1 327.4 867.8 321.9 854.9 large-vehicle 0
356.1 805.9 361.8 818.6 286.9 852.1 281.2 839.4 large-vehicle 0
387.4 863.8 389.9 877.6 321.0 890.1 318.5 876.3 large-vehicle 0
407.4 898.0 408.7 916.0 318.9 922.1 317.6 904.1 large-vehicle 0
424.3 905.3 432.9 916.3 364.9 969.0 356.3 957.9 large-vehicle 0
413.5 943.6 426.0 956.5 378.5 1002.4 366.0 989.5 large-vehicle 0
439.7 982.9 471.7 962.5 507.3 1018.1 475.3 1038.5 large-vehicle 0
376.1 1006.7 377.3 992.7 447.0 998.6 445.8 1012.6 large-vehicle 0
644.0 66.7 652.2 60.9 679.0 98.3 670.8 104.1 small-vehicle 0
669.6 55.5 679.0 52.0 693.7 91.3 684.4 94.8 small-vehicle 0
725.4 162.5 744.8 152.0 766.6 192.5 747.2 203.0 small-vehicle 0
759.2 154.3 793.3 137.6 813.6 178.9 779.4 195.6 small-vehicle 0
690.8 175.7 699.7 171.1 719.0 208.4 710.1 213.0 small-vehicle 0
672.1 182.9 681.3 178.9 694.9 210.1 685.7 214.1 small-vehicle 0
611.2 78.8 640.8 61.9 665.6 105.3 636.0 122.2 small-vehicle 0
941.4 85.8 952.7 113.5 917.5 127.9 906.2 100.2 small-vehicle 0
1011.3 243.9 1032.1 270.9 995.6 298.9 974.9 271.9 small-vehicle 0
968.2 544.2 980.0 516.6 1011.3 530.0 999.5 557.6 small-vehicle 0
