927.3 457.6 928.9 458.8 927.7 460.4 926.1 459.2 large-vehicle 0
418.5 359.3 430.8 352.5 472.5 427.7 460.2 434.5 large-vehicle 0
721.2 474.5 732.6 466.5 795.8 556.5 784.4 564.5 large-vehicle 0
762.4 477.8 774.5 470.8 817.6 545.2 805.5 552.2 large-vehicle 0
810.1 475.3 829.8 458.4 877.9 514.7 858.2 531.6 large-vehicle 0
651.7 432.7 678.0 475.2 608.3 518.3 582.0 475.8 large-vehicle 0
385.3 551.7 386.7 513.7 456.7 516.3 455.3 554.3 large-vehicle 0
254.8 536.9 274.0 569.8 203.2 611.1 184.0 578.2 large-vehicle 0
142.7 556.0 167.0 613.0 102.6 640.5 78.3 583.4 large-vehicle 0
185.4 499.4 204.5 532.3 140.6 569.6 121.5 536.7 large-vehicle 0
342.1 473.7 348.9 498.8 265.9 521.3 259.1 496.2 large-vehicle 0
445.2 436.7 463.7 474.4 397.2 506.9 378.7 469.2 large-vehicle 0
526.3 327.4 538.0 319.7 578.7 381.6 567.0 389.3 large-vehicle 0
498.1 341.9 509.2 333.3 556.9 395.1 545.8 403.7 large-vehicle 0
471.2 345.7 482.7 337.7 531.8 408.3 520.3 416.3 large-vehicle 0
444.5 355.5 455.9 347.4 503.7 414.0 492.3 422.2 large-vehicle 0
372.9 396.1 384.8 388.8 409.1 427.9 397.2 435.2 large-vehicle 0
332.5 382.1 340.7 376.3 392.5 449.9 384.3 455.7 large-vehicle 0
311.9 380.5 320.6 375.7 364.1 454.5 355.4 459.3 large-vehicle 0
282.1 389.3 293.8 381.7 340.9 453.7 329.2 461.3 large-vehicle 0
259.9 407.7 271.8 400.4 298.0 443.0 286.1 450.3 large-vehicle 0
223.5 397.2 235.5 390.1 279.6 464.0 267.5 471.1 large-vehicle 0
190.7 410.0 206.3 401.0 247.3 472.0 231.7 481.0 large-vehicle 0
161.8 423.1 199.3 416.9 212.0 493.8 174.5 500.0 large-vehicle 0
120.6 456.8 134.2 453.4 144.4 494.2 130.8 497.6 large-vehicle 0
78.7 447.3 91.2 441.1 125.8 511.0 113.3 517.2 large-vehicle 0
31.9 445.4 45.4 442.0 65.1 521.6 51.6 525.0 large-vehicle 0
-11.0 470.4 18.1 452.9 52.2 509.4 23.1 526.9 large-vehicle 0
700.9 480.9 712.5 473.1 749.1 528.1 737.5 535.9 large-vehicle 0
669.2 501.1 679.2 491.3 733.8 546.9 723.8 556.7 large-vehicle 0
648.3 504.7 659.9 496.8 703.7 561.3 692.1 569.2 large-vehicle 0
631.9 528.9 643.7 521.3 668.7 559.9 656.9 567.6 large-vehicle 0
154.5 727.4 163.1 722.3 206.5 796.6 197.9 801.7 large-vehicle 0
132.1 737.3 140.6 732.0 183.9 801.7 175.4 807.0 large-vehicle 0
109.0 750.5 121.1 743.5 162.0 814.5 149.9 821.5 large-vehicle 0
81.0 761.5 92.6 753.8 140.0 825.5 128.4 833.2 large-vehicle 0
58.1 768.0 70.5 761.6 106.2 830.9 93.8 837.3 large-vehicle 0
-0.9 673.1 11.2 666.2 52.1 737.3 39.9 744.3 large-vehicle 0
25.5 668.0 37.6 661.0 76.9 728.4 64.8 735.4 large-vehicle 0
50.0 668.7 57.8 662.5 104.0 720.3 96.2 726.5 large-vehicle 0
73.3 641.2 85.7 634.7 125.7 710.8 113.3 717.3 large-vehicle 0
97.9 634.7 106.4 629.4 152.1 702.3 143.6 707.6 large-vehicle 0
132.7 647.2 141.1 641.9 165.6 680.8 157.2 686.1 large-vehicle 0
155.8 637.5 168.1 630.7 192.2 674.5 179.9 681.3 large-vehicle 0
178.2 620.4 190.4 613.7 233.8 692.6 221.6 699.3 large-vehicle 0
203.1 618.7 214.9 611.2 258.9 680.3 247.1 687.8 large-vehicle 0
237.0 623.6 248.9 616.2 273.0 655.4 261.1 662.8 large-vehicle 0
260.9 593.9 273.6 588.0 306.3 658.8 293.6 664.7 large-vehicle 0
284.8 591.0 296.3 583.0 338.2 644.0 326.7 652.0 large-vehicle 0
313.9 574.5 326.3 567.8 367.1 643.5 354.7 650.2 large-vehicle 0
343.4 581.7 355.3 574.3 400.6 647.3 388.7 654.7 large-vehicle 0
377.1 580.6 389.5 574.0 427.9 646.4 415.5 653.0 large-vehicle 0
414.1 593.1 426.2 586.1 449.0 626.1 436.8 633.0 large-vehicle 0
432.3 575.2 443.9 567.3 487.7 631.8 476.1 639.7 large-vehicle 0
460.7 563.4 473.0 556.7 512.3 628.6 500.0 635.3 large-vehicle 0
485.1 557.7 496.3 549.3 540.9 608.3 529.7 616.7 large-vehicle 0
515.0 547.8 526.9 540.4 570.0 610.2 558.1 617.6 large-vehicle 0
544.2 543.2 555.8 535.3 597.4 596.5 585.9 604.4 large-vehicle 0
569.1 535.2 580.3 526.7 624.9 585.8 613.7 594.3 large-vehicle 0
596.3 523.2 608.0 515.5 651.0 580.6 639.3 588.3 large-vehicle 0
723.1 411.7 745.5 437.3 707.9 470.3 685.5 444.7 small-vehicle 0
127.0 66.2 139.3 59.6 178.0 131.9 165.7 138.5 large-vehicle 0
108.0 87.5 120.1 80.6 143.0 120.5 130.9 127.4 large-vehicle 0
43.0 75.0 55.9 69.5 88.0 145.0 75.1 150.5 large-vehicle 0
75.5 86.6 87.6 79.6 114.5 126.4 102.4 133.4 large-vehicle 0
22.8 94.4 35.8 89.2 53.0 131.8 40.0 137.1 large-vehicle 0
21.4 79.4 22.4 153.4 -3.6 153.8 -4.6 79.8 large-vehicle 0
300.2 138.9 305.4 168.5 224.7 182.8 219.4 153.3 large-vehicle 0
29.6 357.7 41.8 350.9 64.3 391.0 52.1 397.8 large-vehicle 0
5.9 364.9 18.2 358.2 38.1 395.1 25.8 401.8 large-vehicle 0
152.5 50.8 165.3 45.3 199.5 124.2 186.7 129.7 large-vehicle 0
152.3 115.1 246.6 44.0 276.7 83.9 182.4 155.0 large-vehicle 0
118.3 42.6 431.0 100.2 422.7 145.4 110.0 87.8 large-vehicle 0
271.8 44.7 284.1 38.1 322.9 110.3 310.6 117.0 large-vehicle 0
-9.2 324.4 -9.1 290.4 48.9 290.6 48.8 324.6 large-vehicle 0
-0.2 206.9 6.0 194.3 72.3 227.3 66.0 239.8 large-vehicle 0
176.5 144.1 187.8 180.4 109.5 204.9 98.2 168.6 large-vehicle 0
7.7 195.4 8.2 181.4 74.2 184.0 73.6 198.0 large-vehicle 0
138.4 247.5 162.8 286.5 106.8 321.5 82.4 282.6 large-vehicle 0
276.1 227.8 286.2 280.8 205.6 296.1 195.5 243.1 large-vehicle 0
126.2 334.9 137.9 321.2 181.8 359.1 170.1 372.8 large-vehicle 0
169.2 301.8 181.9 296.0 216.4 370.4 203.7 376.3 large-vehicle 0
201.8 297.6 214.5 291.9 248.2 366.7 235.4 372.4 large-vehicle 0
239.9 313.4 252.0 306.3 273.1 342.6 261.0 349.7 large-vehicle 0
277.1 287.2 307.6 272.0 344.0 345.5 313.6 360.6 large-vehicle 0
309.8 279.5 321.6 272.1 365.2 341.5 353.4 348.9 large-vehicle 0
341.7 273.8 350.7 269.4 385.3 339.3 376.3 343.8 large-vehicle 0
364.0 266.7 372.9 262.2 410.0 335.3 401.1 339.8 large-vehicle 0
386.2 262.4 398.2 255.1 440.5 325.4 428.5 332.6 large-vehicle 0
419.2 253.2 432.1 247.6 463.1 319.2 450.2 324.8 large-vehicle 0
444.7 246.9 457.0 240.2 496.3 312.1 484.0 318.8 large-vehicle 0
475.2 238.3 487.9 232.4 518.8 299.7 506.1 305.6 large-vehicle 0
501.7 229.6 514.1 223.2 546.3 285.4 533.9 291.8 large-vehicle 0
601.9 62.7 629.7 51.3 645.6 90.2 617.9 101.6 large-vehicle 0
477.1 61.3 554.1 14.5 596.6 84.6 519.7 131.3 large-vehicle 0
461.4 40.2 473.9 33.9 508.6 103.8 496.1 110.0 large-vehicle 0
433.9 41.8 447.1 37.1 475.1 114.2 461.9 118.9 large-vehicle 0
367.4 41.6 383.3 33.1 427.5 116.1 411.6 124.5 large-vehicle 0
331.7 46.6 343.4 39.0 394.3 118.1 382.5 125.7 large-vehicle 0
297.7 37.3 309.9 30.4 354.3 108.7 342.1 115.6 large-vehicle 0
213.4 718.3 226.0 712.2 263.5 789.6 250.9 795.7 large-vehicle 0
187.6 714.8 200.7 710.0 231.5 794.5 218.4 799.3 large-vehicle 0
237.7 716.0 249.1 708.0 296.3 775.0 284.9 783.0 large-vehicle 0
265.5 706.5 277.2 698.7 324.5 770.5 312.8 778.3 large-vehicle 0
8.8 888.6 30.3 867.6 48.5 886.2 27.0 907.2 small-vehicle 0
20.2 921.5 43.0 896.3 59.3 911.1 36.5 936.3 small-vehicle 0
35.8 937.4 65.9 921.7 74.2 937.6 44.1 953.3 small-vehicle 0
73.0 943.2 81.3 948.8 64.4 973.7 56.1 968.0 small-vehicle 0
57.8 975.6 87.1 958.4 104.4 987.7 75.0 1004.9 small-vehicle 0
300.1 1015.5 302.1 997.6 327.9 1000.5 325.9 1018.4 small-vehicle 0
325.1 996.1 334.4 985.6 353.9 1002.9 344.6 1013.4 small-vehicle 0
939.4 528.6 965.2 525.5 970.3 567.1 944.5 570.3 small-vehicle 0
982.8 437.3 990.1 444.1 961.5 474.8 954.2 468.0 small-vehicle 0
157.3 861.5 161.4 891.2 123.7 896.5 119.6 866.8 small-vehicle 0
527.2 500.9 527.8 514.9 497.8 516.1 497.2 502.1 small-vehicle 0
259.4 89.5 264.2 139.2 238.3 141.7 233.6 91.9 small-vehicle 0
597.5 107.1 598.9 108.5 597.5 109.9 596.1 108.5 small-vehicle 0
578.8 81.0 592.8 92.4 566.2 125.0 552.2 113.6 small-vehicle 0
433.1 84.5 449.6 98.9 429.9 121.5 413.4 107.1 small-vehicle 0
479.2 78.3 519.7 48.9 551.4 92.6 510.9 122.0 small-vehicle 0
438.2 151.3 449.4 132.4 475.2 147.7 463.9 166.6 small-vehicle 0
671.6 146.6 679.4 175.5 638.9 186.5 631.0 157.5 small-vehicle 0
598.0 168.2 611.8 166.1 618.8 211.5 605.0 213.6 small-vehicle 0
673.8 171.2 687.0 193.5 661.2 208.8 648.0 186.5 small-vehicle 0
646.7 222.0 656.4 197.9 684.3 209.0 674.6 233.1 small-vehicle 0
786.1 331.5 855.1 287.3 888.6 339.5 819.5 383.7 large-vehicle 0
785.9 317.3 814.3 307.6 838.1 377.7 809.7 387.4 large-vehicle 0
655.1 239.3 685.1 237.8 687.9 291.7 657.9 293.2 small-vehicle 0
691.9 270.4 701.5 267.7 715.9 319.7 706.3 322.4 small-vehicle 0
714.1 288.5 723.6 285.1 738.9 328.5 729.4 331.9 small-vehicle 0
742.7 288.6 752.6 287.6 757.3 337.4 747.4 338.4 small-vehicle 0
944.0 318.0 945.5 316.6 946.9 318.1 945.4 319.4 small-vehicle 0
892.2 314.6 902.4 299.7 923.8 314.4 913.6 329.3 small-vehicle 0
851.9 290.4 876.1 308.1 856.1 335.6 831.9 317.9 small-vehicle 0
997.0 281.8 1008.0 296.0 978.1 319.4 967.0 305.2 small-vehicle 0
1006.9 313.5 1012.4 326.4 970.1 344.5 964.6 331.6 small-vehicle 0
914.5 351.2 940.0 356.5 934.7 381.9 909.3 376.7 small-vehicle 0
1030.3 395.3 1031.4 405.3 973.7 411.7 972.6 401.7 small-vehicle 0
991.0 404.8 1006.0 426.0 971.7 450.2 956.7 429.0 small-vehicle 0
985.8 466.2 993.1 473.0 969.9 497.9 962.6 491.1 small-vehicle 0
558.8 829.4 570.5 821.6 616.2 889.7 604.6 897.5 large-vehicle 0
587.8 824.2 599.5 816.6 642.2 881.8 630.5 889.4 large-vehicle 0
618.4 801.4 631.2 795.8 667.3 878.2 654.5 883.9 large-vehicle 0
649.0 794.8 661.1 787.9 704.1 862.4 692.0 869.4 large-vehicle 0
673.8 785.0 685.8 777.8 732.2 855.0 720.2 862.2 large-vehicle 0
702.7 783.9 714.6 776.6 755.3 843.1 743.4 850.4 large-vehicle 0
730.0 760.3 742.6 754.3 778.0 828.2 765.4 834.3 large-vehicle 0
778.3 749.8 790.4 742.8 833.7 817.2 821.6 824.2 large-vehicle 0
808.6 743.7 820.4 736.1 864.4 805.3 852.6 812.9 large-vehicle 0
846.3 720.3 858.4 713.3 897.7 780.7 885.6 787.7 large-vehicle 0
875.9 715.1 887.8 707.7 929.1 773.9 917.2 781.3 large-vehicle 0
946.2 602.9 972.4 588.3 1014.2 663.5 987.9 678.1 large-vehicle 0
808.7 565.8 822.2 562.2 843.2 641.4 829.7 645.0 large-vehicle 0
771.1 579.5 783.3 572.7 822.9 644.5 810.7 651.3 large-vehicle 0
735.6 566.2 752.3 559.4 784.5 639.2 767.9 645.9 large-vehicle 0
727.5 573.1 741.5 574.5 732.1 668.0 718.2 666.6 large-vehicle 0
684.7 599.7 698.0 595.4 722.1 669.6 708.8 673.9 large-vehicle 0
654.0 612.5 666.7 606.7 701.0 681.2 688.2 687.0 large-vehicle 0
629.0 617.7 642.3 613.3 667.0 687.3 653.7 691.7 large-vehicle 0
593.8 623.7 606.2 617.2 646.2 693.3 633.8 699.8 large-vehicle 0
577.6 629.2 591.3 626.5 608.2 710.8 594.4 713.5 large-vehicle 0
536.8 645.0 548.9 638.1 589.5 709.3 577.4 716.2 large-vehicle 0
506.6 654.7 517.9 646.4 568.9 715.6 557.6 723.9 large-vehicle 0
466.8 662.4 479.4 656.3 516.6 733.8 504.0 739.9 large-vehicle 0
434.6 672.2 446.5 664.9 489.4 734.8 477.5 742.1 large-vehicle 0
406.0 675.8 418.0 668.5 462.6 742.1 450.6 749.3 large-vehicle 0
409.5 669.5 423.0 673.1 401.4 752.2 387.9 748.6 large-vehicle 0
339.1 670.3 350.6 662.3 406.8 742.6 395.3 750.6 large-vehicle 0
317.3 687.4 328.8 679.4 375.7 746.6 364.2 754.6 large-vehicle 0
291.2 697.5 302.9 689.9 347.8 758.5 336.1 766.1 large-vehicle 0
532.6 838.0 544.6 830.9 584.4 898.0 572.4 905.1 large-vehicle 0
510.0 845.7 522.3 839.1 558.7 908.1 546.3 914.6 large-vehicle 0
482.1 851.3 494.7 845.1 530.9 918.7 518.3 924.9 large-vehicle 0
662.1 46.2 739.6 169.9 659.9 219.8 582.4 96.1 large-vehicle 0
76.4 332.6 88.4 325.4 128.2 392.5 116.2 399.6 large-vehicle 0
50.5 338.1 62.8 331.5 99.4 400.5 87.0 407.0 large-vehicle 0
282.1 913.0 316.3 964.7 251.2 1007.7 217.0 956.0 large-vehicle 0
341.2 914.3 378.6 907.6 393.3 988.2 355.9 995.0 large-vehicle 0
376.4 905.6 388.1 898.0 434.6 970.4 422.9 978.0 large-vehicle 0
408.6 893.2 420.9 886.4 458.4 954.8 446.1 961.6 large-vehicle 0
429.2 886.2 440.7 878.1 485.8 941.8 474.3 949.9 large-vehicle 0
450.9 878.5 461.4 869.2 513.1 927.5 502.6 936.8 large-vehicle 0
