918.0 691.0 919.7 633.0 1009.7 635.7 1007.9 693.6 plane 0
995.3 749.0 999.2 802.9 921.4 808.6 917.5 754.7 plane 0
1005.7 863.5 1013.5 921.0 928.3 932.5 920.5 875.0 plane 0
753.1 980.1 770.5 1009.4 737.9 1028.8 720.5 999.6 plane 0
514.2 797.8 568.2 767.2 598.8 821.2 544.8 851.8 plane 0
950.0 113.8 967.9 71.4 1017.6 92.4 999.8 134.8 plane 0
261.9 669.0 290.6 638.3 335.9 680.5 307.2 711.3 plane 0
319.6 218.3 341.7 258.6 301.4 280.7 279.3 240.4 plane 0
276.7 357.6 294.5 328.6 347.3 361.1 329.6 390.0 plane 0
290.6 511.3 312.4 490.8 341.2 521.4 319.3 542.0 plane 0
73.9 540.5 92.4 528.6 117.3 567.3 98.8 579.2 plane 0
55.0 642.6 70.2 599.2 125.0 618.4 109.8 661.8 plane 0
38.3 710.1 62.4 675.7 119.7 715.9 95.6 750.3 plane 0
263.1 757.5 290.9 726.1 328.4 759.2 300.6 790.6 plane 0
251.0 832.7 273.7 788.2 329.0 816.3 306.3 860.8 plane 0
37.0 990.7 41.3 944.9 122.9 952.5 118.7 998.3 plane 0
348.0 144.5 348.5 186.5 270.5 187.4 270.0 145.4 plane 0
84.2 177.6 109.3 149.1 137.8 174.2 112.7 202.7 plane 0
73.7 101.9 98.5 73.0 133.4 103.0 108.6 131.8 plane 0
347.9 -13.2 356.9 15.4 290.1 36.2 281.1 7.6 plane 0
71.9 38.3 91.7 15.7 120.3 40.7 100.5 63.3 plane 0
