482.8 169.1 497.9 178.8 488.2 193.9 473.1 184.2 small-vehicle 0
281.7 367.4 298.4 347.5 364.4 402.6 347.7 422.6 large-vehicle 0
445.0 446.4 447.2 412.5 525.0 417.6 522.8 451.5 large-vehicle 0
536.2 285.2 539.3 311.0 457.9 320.8 454.8 295.0 large-vehicle 0
475.3 209.6 509.3 210.4 507.7 276.4 473.7 275.6 large-vehicle 0
309.8 622.2 325.4 631.2 294.2 684.8 278.6 675.8 large-vehicle 0
289.5 610.6 299.8 620.1 247.1 677.6 236.8 668.2 large-vehicle 0
205.1 589.6 215.6 598.9 158.6 663.3 148.1 654.1 large-vehicle 0
174.0 589.4 184.2 599.0 120.0 667.6 109.8 658.0 large-vehicle 0
197.1 528.6 201.3 542.0 126.9 565.4 122.7 552.0 large-vehicle 0
181.3 507.7 184.0 521.5 119.3 534.2 116.6 520.4 large-vehicle 0
117.9 478.2 120.2 468.5 192.1 485.8 189.8 495.5 large-vehicle 0
177.0 443.5 178.5 457.4 105.0 465.5 103.5 451.6 large-vehicle 0
100.6 434.8 108.0 405.8 156.4 418.2 149.0 447.2 large-vehicle 0
174.2 371.5 176.5 397.4 126.8 401.9 124.4 376.0 large-vehicle 0
278.0 395.2 296.6 377.0 351.0 432.8 332.4 451.0 large-vehicle 0
286.2 345.2 293.0 328.6 350.4 352.1 343.5 368.8 large-vehicle 0
810.3 811.9 816.5 824.5 796.7 834.1 790.5 821.5 small-vehicle 0
144.8 337.1 150.2 315.7 183.2 323.9 177.8 345.3 large-vehicle 0
151.1 296.5 151.8 294.7 153.6 295.4 152.9 297.3 large-vehicle 0
281.4 289.8 290.3 278.9 363.0 338.5 354.1 349.3 large-vehicle 0
148.9 267.7 156.5 255.9 185.1 274.3 177.5 286.1 large-vehicle 0
130.4 219.7 139.1 208.7 187.6 247.3 178.9 258.3 large-vehicle 0
304.4 265.3 326.5 239.5 382.6 287.7 360.5 313.5 large-vehicle 0
311.6 207.6 327.8 187.3 379.4 228.4 363.2 248.7 large-vehicle 0
319.8 174.9 335.3 154.0 378.6 186.3 363.1 207.1 large-vehicle 0
168.7 179.0 177.2 203.6 141.3 216.0 132.8 191.4 large-vehicle 0
180.9 154.7 183.3 168.5 134.1 177.3 131.7 163.5 large-vehicle 0
126.4 128.5 131.1 119.7 178.6 145.6 173.8 154.3 large-vehicle 0
306.5 99.6 312.3 86.8 390.5 122.4 384.7 135.2 large-vehicle 0
315.8 70.6 322.2 58.1 395.2 95.4 388.8 107.9 large-vehicle 0
133.7 69.4 155.2 43.1 187.7 69.7 166.2 96.0 large-vehicle 0
508.9 476.3 516.2 488.3 466.8 518.6 459.5 506.7 large-vehicle 0
441.0 528.9 446.7 511.8 517.0 535.1 511.3 552.2 large-vehicle 0
674.2 621.4 674.7 635.4 588.8 638.6 588.3 624.6 large-vehicle 0
578.5 665.6 578.8 651.6 672.8 653.4 672.5 667.4 large-vehicle 0
831.3 760.7 831.7 786.7 777.7 787.3 777.3 761.3 small-vehicle 0
818.1 742.6 820.0 760.5 786.2 764.1 784.3 746.2 small-vehicle 0
780.6 731.0 783.1 721.3 831.4 734.0 828.9 743.7 small-vehicle 0
778.1 713.7 783.4 692.3 831.9 704.3 826.6 725.7 small-vehicle 0
818.3 668.7 829.2 692.3 794.7 708.3 783.8 684.7 small-vehicle 0
876.9 636.1 893.6 661.1 852.1 688.9 835.4 663.9 small-vehicle 0
827.9 629.1 833.2 637.5 801.1 657.9 795.8 649.5 small-vehicle 0
790.7 626.8 792.0 616.9 829.7 622.2 828.3 632.1 small-vehicle 0
832.9 590.8 835.9 600.4 788.1 615.2 785.1 605.6 small-vehicle 0
869.0 591.4 879.7 610.7 846.5 629.1 835.8 609.9 small-vehicle 0
829.8 569.7 833.9 578.8 799.2 594.3 795.1 585.2 small-vehicle 0
840.4 242.8 840.7 244.7 838.8 245.1 838.4 243.2 small-vehicle 0
865.1 97.2 865.9 79.2 899.9 80.8 899.1 98.8 small-vehicle 0
815.0 53.1 825.7 72.3 796.0 88.9 785.3 69.7 small-vehicle 0
459.8 147.2 462.7 117.3 508.5 121.8 505.6 151.6 small-vehicle 0
545.4 649.2 563.7 637.1 578.0 658.8 559.7 670.9 small-vehicle 0
161.9 922.6 190.6 931.4 184.1 952.4 155.4 943.6 small-vehicle 0
545.7 840.8 548.5 827.1 609.3 839.2 606.5 852.9 large-vehicle 0
620.3 788.5 624.6 797.5 546.9 834.5 542.6 825.5 large-vehicle 0
714.4 800.8 715.5 826.8 633.6 830.2 632.5 804.2 large-vehicle 0
543.5 786.4 545.5 772.6 634.5 785.6 632.5 799.4 large-vehicle 0
584.3 769.9 584.4 755.9 630.4 756.1 630.3 770.1 large-vehicle 0
710.1 753.6 710.2 767.6 640.2 768.4 640.1 754.4 large-vehicle 0
701.7 717.2 707.7 742.5 647.3 756.8 641.3 731.5 large-vehicle 0
639.0 727.2 639.6 741.2 553.6 744.8 553.1 730.8 large-vehicle 0
602.6 712.9 607.1 695.5 643.9 705.1 639.3 722.5 large-vehicle 0
