272.0 523.7 275.9 528.3 250.0 550.3 246.1 545.7 ship 0
246.4 615.4 246.6 609.4 276.6 610.6 276.4 616.6 ship 0
243.0 601.5 252.2 586.0 281.4 603.5 272.1 619.0 ship 0
243.3 596.9 245.4 602.6 224.7 610.1 222.6 604.4 ship 0
242.9 587.8 243.7 593.8 225.8 596.2 225.0 590.2 ship 0
266.6 574.4 268.0 575.8 255.4 588.6 254.0 587.2 ship 0
226.5 583.9 226.5 577.9 244.5 578.1 244.5 584.1 ship 0
244.3 566.5 244.6 572.5 222.7 573.5 222.4 567.5 ship 0
247.8 566.2 250.6 560.9 277.2 574.8 274.4 580.1 ship 0
247.3 558.3 249.1 552.6 277.7 561.7 275.9 567.4 ship 0
223.3 561.7 223.7 555.7 245.7 557.3 245.3 563.3 ship 0
225.4 550.8 225.6 544.8 243.6 545.2 243.4 551.2 ship 0
222.5 540.4 222.5 534.4 244.5 534.6 244.5 540.6 ship 0
246.7 522.2 249.3 516.8 276.3 529.8 273.7 535.2 ship 0
241.4 464.8 242.9 470.6 221.6 476.2 220.1 470.4 ship 0
222.2 528.5 223.0 522.6 244.8 525.5 244.0 531.4 ship 0
246.2 516.5 247.1 510.5 272.8 514.5 271.9 520.5 ship 0
224.8 517.0 225.2 511.0 243.2 512.0 242.8 518.0 ship 0
244.0 499.0 245.4 504.9 224.0 510.0 222.6 504.1 ship 0
246.4 505.8 246.6 499.8 276.6 501.2 276.4 507.2 ship 0
274.1 487.1 275.3 493.0 245.9 498.9 244.7 493.0 ship 0
218.8 496.6 219.3 490.6 241.2 492.4 240.7 498.4 ship 0
240.6 477.0 241.9 482.8 224.4 487.0 223.1 481.2 ship 0
242.7 481.9 244.0 476.1 277.3 483.1 276.0 488.9 ship 0
295.9 476.6 296.1 470.6 314.1 471.4 313.9 477.4 ship 0
290.9 465.7 291.2 459.7 321.1 461.3 320.8 467.3 ship 0
306.2 447.1 310.1 442.6 326.8 456.9 322.9 461.4 ship 0
245.1 610.2 246.0 616.1 228.3 618.8 227.4 612.9 ship 0
249.9 626.7 250.1 620.7 276.1 621.3 275.9 627.3 ship 0
274.2 625.5 276.5 631.0 248.8 642.5 246.5 637.0 ship 0
227.6 626.6 228.6 620.6 246.4 623.4 245.4 629.4 ship 0
315.2 585.0 318.4 579.9 343.8 596.0 340.6 601.1 ship 0
341.2 576.5 341.7 582.5 319.8 584.5 319.3 578.5 ship 0
301.9 581.1 303.9 575.4 317.1 579.9 315.1 585.6 ship 0
316.7 572.8 317.4 566.8 339.3 569.2 338.6 575.2 ship 0
301.3 573.5 301.7 567.5 315.7 568.5 315.3 574.5 ship 0
314.5 556.7 316.1 562.5 302.6 566.3 301.0 560.5 ship 0
337.3 554.3 339.1 560.0 318.1 566.7 316.3 561.0 ship 0
316.1 549.7 318.1 544.0 338.9 551.3 336.9 557.0 ship 0
313.8 547.3 315.3 553.2 301.7 556.6 300.2 550.8 ship 0
340.0 535.0 341.6 540.8 316.6 547.9 315.0 542.2 ship 0
297.6 544.1 298.6 538.2 316.4 540.9 315.4 546.8 ship 0
316.1 532.1 317.4 526.2 338.9 530.9 337.6 536.8 ship 0
301.2 533.8 301.8 527.8 315.8 529.2 315.2 535.2 ship 0
336.8 515.4 337.9 517.1 319.2 528.6 318.1 526.9 ship 0
301.0 525.9 301.0 519.9 315.0 520.1 315.0 526.1 ship 0
339.5 505.5 341.5 511.2 316.9 519.5 314.9 513.9 ship 0
314.8 509.0 315.2 515.0 297.2 516.0 296.8 510.0 ship 0
336.1 494.7 338.3 500.3 317.9 508.3 315.7 502.7 ship 0
299.0 503.0 300.5 497.3 314.0 501.0 312.5 506.7 ship 0
315.7 490.8 317.9 485.2 338.3 493.2 336.1 498.8 ship 0
296.7 495.5 297.4 489.6 315.3 491.5 314.6 497.4 ship 0
310.2 479.0 321.5 465.1 344.8 484.0 333.5 497.9 ship 0
314.2 478.2 315.4 484.1 297.8 487.8 296.6 481.9 ship 0
243.6 639.0 246.6 644.2 227.4 655.0 224.4 649.8 ship 0
226.2 636.9 226.9 630.9 244.8 633.1 244.1 639.1 ship 0
276.1 466.1 276.9 472.0 243.3 476.9 242.4 471.0 ship 0
273.3 454.9 274.8 460.7 245.7 468.1 244.2 462.3 ship 0
272.5 439.4 275.2 457.2 245.5 461.6 242.8 443.8 ship 0
244.7 308.5 246.6 308.0 258.3 352.5 256.4 353.0 ship 0
235.2 316.1 237.6 310.6 279.8 328.9 277.4 334.4 ship 0
279.2 318.2 283.6 322.3 246.8 361.8 242.4 357.7 ship 0
237.6 228.6 243.1 226.4 258.5 265.4 253.0 267.6 ship 0
213.5 241.1 218.2 237.5 243.7 270.9 238.9 274.5 ship 0
220.0 238.1 224.3 233.9 251.0 260.9 246.7 265.1 ship 0
201.2 102.3 223.3 122.5 205.8 141.7 183.7 121.5 ship 0
172.9 50.6 183.7 26.9 200.1 34.4 189.3 58.1 ship 0
255.7 21.8 273.3 -2.5 307.3 22.2 289.7 46.5 ship 0
219.1 -8.0 247.8 0.7 240.3 25.6 211.6 16.9 ship 0
-1.6 837.6 155.9 849.6 150.6 919.4 -6.9 907.4 harbor 0
54.0 720.9 148.3 832.3 55.2 911.1 -39.1 799.7 harbor 0
42.2 686.2 119.7 790.6 60.3 834.7 -17.2 730.4 harbor 0
116.8 618.9 151.7 706.2 42.2 750.1 7.3 662.8 harbor 0
472.9 604.0 484.5 590.3 541.1 638.0 529.5 651.7 harbor 0
478.0 538.4 504.9 501.1 578.0 553.6 551.1 590.9 harbor 0
476.7 463.3 498.2 427.2 568.6 469.4 547.0 505.4 harbor 0
389.2 463.3 525.0 596.2 464.8 657.7 329.0 524.8 harbor 0
372.2 432.2 413.3 654.4 383.8 659.8 342.7 437.6 harbor 0
328.9 457.9 388.2 495.1 304.2 629.0 244.9 591.7 harbor 0
247.8 487.9 312.0 556.6 246.2 618.0 182.0 549.3 harbor 0
75.0 520.7 96.2 561.5 -1.3 612.4 -22.6 571.6 harbor 0
52.2 460.0 87.5 538.4 1.8 577.0 -33.5 498.6 harbor 0
341.6 268.9 361.0 301.5 249.4 368.1 230.0 335.5 harbor 0
304.1 201.8 326.8 232.3 244.9 293.2 222.2 262.7 harbor 0
-29.3 256.7 28.6 198.7 92.3 262.3 34.4 320.3 harbor 0
316.1 150.5 325.9 183.1 228.2 212.4 218.4 179.9 harbor 0
231.3 126.6 248.4 97.2 322.7 140.4 305.6 169.8 harbor 0
278.2 21.7 303.0 -1.7 356.5 55.0 331.8 78.4 harbor 0
85.0 870.8 91.0 871.5 87.0 905.2 81.0 904.5 ship 0
135.0 859.7 152.8 862.4 147.1 899.9 129.3 897.2 ship 0
129.2 883.2 134.3 886.4 126.8 898.2 121.7 895.0 ship 0
110.9 882.0 116.6 880.2 122.1 897.3 116.4 899.1 ship 0
106.2 880.2 112.0 882.0 106.8 899.2 101.0 897.4 ship 0
93.9 880.7 99.9 881.4 98.1 899.3 92.1 898.6 ship 0
71.5 870.7 77.5 870.4 79.5 904.3 73.5 904.6 ship 0
77.4 817.5 83.4 818.3 81.6 832.1 75.6 831.4 ship 0
62.2 870.2 68.1 869.7 70.9 903.6 64.9 904.1 ship 0
57.3 876.9 62.9 879.1 57.7 892.1 52.1 889.9 ship 0
45.9 876.6 47.9 876.4 49.1 890.4 47.1 890.6 ship 0
11.8 860.5 17.5 858.5 35.2 909.5 29.5 911.5 ship 0
37.2 876.8 39.2 876.5 41.8 890.2 39.8 890.6 ship 0
-3.7 865.1 1.4 861.8 28.5 903.8 23.5 907.1 ship 0
26.9 815.9 32.8 817.0 30.1 830.8 24.2 829.6 ship 0
38.0 815.6 44.0 816.1 42.9 830.1 36.9 829.6 ship 0
-15.2 806.0 117.3 826.2 115.2 840.0 -17.3 819.8 ship 0
-6.9 813.9 127.1 815.1 126.9 829.1 -7.1 827.9 ship 0
68.8 816.1 74.5 818.0 70.2 831.3 64.5 829.4 ship 0
110.3 817.1 115.8 819.4 108.7 835.9 103.2 833.6 ship 0
91.9 818.6 93.8 819.2 89.1 832.4 87.2 831.8 ship 0
44.3 679.4 60.6 718.1 47.7 723.6 31.4 684.9 ship 0
17.6 218.0 18.7 216.3 60.4 244.0 59.3 245.7 ship 0
35.1 292.5 35.4 286.5 61.3 287.6 61.1 293.6 ship 0
32.2 285.8 34.9 291.1 18.8 299.2 16.1 293.9 ship 0
55.8 269.2 59.4 274.1 35.3 291.9 31.7 287.1 ship 0
11.6 277.3 12.9 271.4 30.5 275.4 29.2 281.2 ship 0
58.5 262.7 60.2 268.5 31.5 277.3 29.8 271.5 ship 0
13.4 270.4 13.7 264.4 31.7 265.3 31.4 271.3 ship 0
27.8 253.3 30.0 258.9 13.4 265.7 11.1 260.1 ship 0
57.8 255.7 58.3 261.6 28.4 264.3 27.9 258.3 ship 0
28.4 241.7 29.6 240.1 57.6 259.3 56.4 260.9 ship 0
27.1 246.4 27.8 252.4 9.9 254.6 9.2 248.6 ship 0
27.4 236.6 28.4 242.5 10.6 245.4 9.6 239.5 ship 0
54.0 232.5 56.1 238.1 28.0 248.5 25.9 242.9 ship 0
17.8 221.1 18.2 215.1 60.1 218.0 59.7 224.0 ship 0
71.0 690.1 76.4 687.6 84.0 703.9 78.6 706.4 ship 0
20.7 226.6 24.0 231.6 12.3 239.4 9.0 234.4 ship 0
-2.0 48.9 28.0 48.1 29.0 86.1 -1.0 86.9 ship 0
33.2 295.3 36.3 300.4 20.9 309.7 17.8 304.6 ship 0
25.3 310.9 27.2 310.2 32.7 323.1 30.8 323.8 ship 0
41.1 297.1 43.0 297.7 32.9 334.3 30.9 333.7 ship 0
41.7 306.7 43.7 306.5 46.3 324.3 44.3 324.5 ship 0
34.4 542.8 69.3 578.6 44.9 602.3 10.0 566.5 ship 0
37.4 447.7 62.4 440.7 72.6 477.3 47.6 484.3 ship 0
33.5 453.0 39.4 451.7 46.5 485.0 40.6 486.3 ship 0
26.2 457.0 32.1 455.8 37.9 485.3 32.0 486.4 ship 0
23.6 457.0 25.6 457.1 24.4 487.0 22.4 486.9 ship 0
23.2 456.1 27.2 460.6 -1.2 485.9 -5.2 481.4 ship 0
118.3 795.1 140.9 830.5 125.8 840.2 103.1 804.8 ship 0
93.5 752.8 108.1 736.3 130.5 756.2 115.9 772.7 ship 0
109.1 680.6 110.8 681.8 86.9 716.3 85.2 715.2 ship 0
98.1 681.5 99.9 682.5 77.8 718.3 76.1 717.2 ship 0
98.4 655.7 116.4 656.4 115.6 678.3 97.6 677.6 ship 0
86.4 659.3 91.9 656.8 101.1 676.8 95.6 679.3 ship 0
74.2 660.3 79.6 657.6 89.8 677.0 84.5 679.8 ship 0
98.4 537.2 104.1 538.8 92.6 579.2 86.8 577.5 ship 0
60.8 340.0 77.8 346.0 73.2 359.2 56.2 353.2 ship 0
87.4 489.3 106.7 499.7 90.6 529.7 71.3 519.3 ship 0
69.6 489.7 75.8 523.1 58.1 526.4 51.9 492.9 ship 0
70.0 302.4 71.6 303.6 55.0 323.6 53.4 322.4 ship 0
46.0 307.3 47.7 306.3 57.0 321.7 55.3 322.7 ship 0
299.0 600.4 300.7 594.7 318.0 599.6 316.3 605.3 ship 0
340.6 592.7 342.7 598.3 318.4 607.3 316.3 601.7 ship 0
304.7 618.5 347.6 592.9 352.7 601.5 309.8 627.1 ship 0
301.9 609.2 304.8 604.0 317.1 610.8 314.2 616.0 ship 0
756.1 432.7 757.5 434.1 738.9 452.3 737.5 450.9 ship 0
760.1 440.0 761.4 441.5 744.9 456.0 743.6 454.5 ship 0
108.2 795.3 114.2 794.8 115.8 812.7 109.8 813.2 ship 0
90.0 854.5 95.8 856.1 91.0 873.5 85.2 871.9 ship 0
75.6 858.1 77.2 857.0 87.4 871.9 85.8 873.0 ship 0
71.3 856.7 73.3 856.4 75.7 874.3 73.7 874.6 ship 0
67.1 854.0 69.0 854.5 64.9 872.0 63.0 871.5 ship 0
53.6 857.9 59.6 857.2 61.4 871.1 55.4 871.8 ship 0
47.3 856.9 49.3 857.2 47.7 871.1 45.7 870.8 ship 0
39.3 857.0 41.3 857.0 41.7 871.0 39.7 871.0 ship 0
9.3 881.9 44.8 836.0 52.7 842.1 17.2 888.0 ship 0
15.5 816.3 21.4 815.0 24.5 828.7 18.6 830.0 ship 0
14.5 803.0 14.5 845.0 4.5 845.0 4.5 803.0 ship 0
99.9 817.3 101.8 817.8 98.1 831.3 96.2 830.8 ship 0
104.9 798.2 106.7 799.0 101.1 811.8 99.3 811.0 ship 0
76.8 762.4 78.2 763.8 68.2 773.6 66.8 772.2 ship 0
82.6 797.1 88.6 796.1 91.4 813.9 85.4 814.9 ship 0
82.4 796.6 84.1 797.8 73.7 812.5 72.1 811.4 ship 0
72.6 796.7 74.4 797.6 68.4 810.3 66.6 809.4 ship 0
55.9 795.9 57.6 794.8 67.1 810.1 65.4 811.2 ship 0
41.1 797.8 47.0 796.5 49.9 810.2 44.0 811.5 ship 0
32.5 796.0 38.4 795.1 40.5 809.0 34.6 809.9 ship 0
25.7 797.3 27.7 796.9 30.3 810.7 28.3 811.1 ship 0
19.1 795.8 21.1 795.5 22.9 809.4 20.9 809.6 ship 0
10.7 793.5 16.6 795.0 12.3 812.5 6.4 811.0 ship 0
0.6 792.5 6.6 792.5 6.4 810.5 0.4 810.5 ship 0
51.8 746.3 55.2 788.2 37.2 789.7 33.8 747.8 ship 0
102.9 856.9 108.9 857.1 108.1 875.1 102.1 874.9 ship 0
113.7 857.8 119.5 859.3 115.3 876.8 109.4 875.3 ship 0
117.9 859.4 123.6 857.5 129.1 874.6 123.4 876.5 ship 0
374.5 571.3 376.0 577.1 362.5 580.7 361.0 574.9 ship 0
361.0 458.4 363.3 440.6 401.0 445.6 398.7 463.4 ship 0
392.6 455.0 394.4 460.7 369.5 468.2 367.7 462.4 ship 0
357.6 459.8 359.0 458.4 369.0 468.1 367.6 469.6 ship 0
371.5 469.2 371.8 471.2 357.9 472.9 357.6 470.9 ship 0
362.3 470.0 400.1 466.1 401.1 476.1 363.3 480.0 ship 0
371.1 479.1 372.0 480.9 359.3 486.9 358.5 485.1 ship 0
360.0 479.6 401.7 474.5 403.0 484.4 361.3 489.5 ship 0
393.7 487.5 394.2 493.5 372.3 495.5 371.8 489.5 ship 0
357.1 493.7 358.1 487.8 371.9 490.3 370.9 496.2 ship 0
371.0 498.5 371.9 504.4 358.0 506.5 357.1 500.6 ship 0
372.1 501.9 373.7 496.1 394.9 502.1 393.3 507.9 ship 0
371.4 507.3 372.4 513.3 358.6 515.7 357.6 509.7 ship 0
372.2 517.7 372.9 519.5 359.8 524.3 359.1 522.5 ship 0
374.1 513.2 381.8 506.8 395.9 523.8 388.2 530.2 ship 0
373.3 526.5 373.6 528.5 359.7 530.5 359.4 528.5 ship 0
396.3 522.2 397.3 523.9 374.7 536.8 373.7 535.1 ship 0
392.1 533.2 392.9 535.0 376.2 541.9 375.5 540.0 ship 0
360.4 541.3 360.6 535.3 374.6 535.7 374.4 541.7 ship 0
359.7 542.9 360.9 541.3 375.3 552.1 374.1 553.7 ship 0
384.2 477.6 407.5 613.6 385.8 617.4 362.5 481.4 ship 0
396.6 552.0 397.2 553.8 376.4 561.0 375.8 559.2 ship 0
371.0 557.2 375.1 561.5 362.0 573.8 357.9 569.5 ship 0
374.5 566.8 374.9 560.8 396.9 562.3 396.4 568.3 ship 0
378.3 577.7 378.8 571.7 396.7 573.3 396.2 579.3 ship 0
54.5 791.0 66.9 742.5 76.5 745.0 64.1 793.5 ship 0
121.0 762.2 121.7 768.2 80.0 772.8 79.3 766.8 ship 0
364.4 584.6 405.2 574.7 407.6 584.4 366.8 594.3 ship 0
33.8 356.6 35.7 357.3 26.2 385.7 24.3 385.1 ship 0
18.1 360.4 19.9 359.7 29.0 384.1 27.1 384.8 ship 0
12.5 360.6 14.4 360.1 20.5 385.4 18.6 385.9 ship 0
12.3 361.3 14.2 361.8 6.7 386.7 4.8 386.2 ship 0
376.9 581.8 377.1 587.8 363.1 588.2 362.9 582.2 ship 0
82.4 741.2 87.7 738.2 96.6 753.8 91.3 756.8 ship 0
361.1 596.4 361.1 590.4 375.1 590.5 375.1 596.5 ship 0
397.4 587.0 399.1 592.7 378.0 599.1 376.3 593.3 ship 0
398.1 595.5 398.9 597.3 375.4 608.4 374.6 606.6 ship 0
374.9 598.4 375.9 604.3 362.1 606.6 361.1 600.7 ship 0
376.9 609.3 377.1 615.3 363.1 615.7 362.9 609.7 ship 0
376.1 610.4 378.2 604.8 398.8 612.6 396.6 618.2 ship 0
396.1 614.0 397.1 615.7 378.3 627.1 377.2 625.4 ship 0
375.5 616.1 377.8 621.6 364.8 626.9 362.6 621.3 ship 0
356.9 633.2 361.0 628.8 377.1 643.8 373.0 648.2 ship 0
341.0 617.2 345.1 621.6 323.0 641.8 318.9 637.4 ship 0
298.7 609.9 300.3 608.6 318.9 632.1 317.3 633.4 ship 0
337.8 612.2 340.3 617.7 320.2 626.8 317.7 621.3 ship 0
76.8 355.6 80.4 364.9 41.4 380.3 37.7 371.0 ship 0
51.7 343.5 57.4 341.4 62.3 354.5 56.6 356.6 ship 0
44.0 344.4 49.8 343.0 53.0 356.6 47.2 358.0 ship 0
13.7 346.7 14.8 345.1 36.3 359.7 35.2 361.3 ship 0
72.8 738.8 74.6 737.9 85.2 757.2 83.4 758.1 ship 0
71.7 742.4 73.6 742.8 71.3 756.6 69.4 756.2 ship 0
55.5 686.8 61.1 684.6 73.5 716.2 67.9 718.4 ship 0
69.0 666.4 74.5 664.1 81.6 680.6 76.1 683.0 ship 0
63.3 669.2 67.9 673.0 58.9 683.8 54.3 679.9 ship 0
105.0 538.2 107.3 543.8 65.0 561.8 62.7 556.2 ship 0
61.5 571.3 62.7 561.4 88.5 564.7 87.3 574.6 ship 0
13.1 547.1 17.7 550.9 -1.0 574.3 -5.7 570.6 ship 0
31.0 535.1 34.9 572.9 21.0 574.3 17.1 536.5 ship 0
9.3 554.6 68.9 537.9 72.7 551.4 13.1 568.1 ship 0
55.7 387.3 57.0 388.9 18.5 420.7 17.2 419.2 ship 0
29.9 392.5 31.9 392.7 29.1 414.5 27.1 414.3 ship 0
25.8 392.8 27.7 393.3 22.2 414.6 20.2 414.1 ship 0
6.0 394.7 7.8 393.9 16.0 414.3 14.2 415.1 ship 0
-3.6 390.7 -1.7 390.0 10.6 421.7 8.7 422.4 ship 0
45.8 406.6 49.7 411.1 39.2 420.4 35.3 415.9 ship 0
61.5 384.7 74.5 407.3 55.5 418.3 42.5 395.7 ship 0
14.0 331.8 17.0 377.7 7.1 378.4 4.0 332.5 ship 0
13.5 349.5 15.1 348.3 23.5 359.5 21.9 360.7 ship 0
756.4 460.0 759.3 465.2 719.1 487.6 716.2 482.4 ship 0
741.6 457.3 743.5 463.1 726.4 468.7 724.5 462.9 ship 0
449.0 475.2 454.1 437.5 464.0 438.8 458.9 476.5 ship 0
406.7 537.3 444.7 535.8 446.3 577.7 408.3 579.2 ship 0
530.0 541.5 535.7 543.3 524.0 579.5 518.3 577.7 ship 0
551.9 542.1 561.1 546.0 546.1 580.9 536.9 577.0 ship 0
544.2 596.9 551.6 642.3 533.9 645.2 526.5 599.8 ship 0
514.3 594.0 546.8 620.6 522.7 650.0 490.2 623.4 ship 0
502.4 586.2 539.2 613.8 511.6 650.6 474.8 623.0 ship 0
493.5 601.5 499.5 601.5 499.5 635.5 493.5 635.5 ship 0
481.7 598.7 487.7 598.4 490.3 640.3 484.3 640.6 ship 0
470.8 599.7 476.8 599.4 479.2 641.3 473.2 641.6 ship 0
468.0 598.4 473.8 600.1 461.0 644.3 455.3 642.6 ship 0
647.8 600.8 659.6 587.1 670.2 596.2 658.4 609.9 ship 0
608.4 629.6 627.4 606.4 650.6 625.4 631.6 648.6 ship 0
574.8 647.0 598.7 622.9 625.7 649.6 601.7 673.8 ship 0
474.3 443.4 479.4 446.7 458.7 478.6 453.6 475.3 ship 0
518.1 542.4 523.8 544.4 512.9 576.6 507.2 574.6 ship 0
506.6 549.1 512.0 551.6 504.4 567.9 499.0 565.4 ship 0
492.3 548.4 498.3 548.6 497.7 566.6 491.7 566.4 ship 0
473.2 553.0 477.5 548.8 492.8 564.6 488.5 568.8 ship 0
481.4 444.7 486.8 447.4 469.6 481.3 464.2 478.6 ship 0
504.5 449.0 509.0 452.9 484.5 482.0 480.0 478.1 ship 0
509.5 450.2 515.1 452.5 500.6 487.6 495.0 485.3 ship 0
517.8 453.9 523.3 456.4 509.1 487.3 503.7 484.8 ship 0
472.7 457.9 570.3 449.4 573.3 483.2 475.7 491.8 ship 0
533.6 457.8 539.3 459.6 530.4 488.2 524.7 486.4 ship 0
542.4 458.2 548.3 459.1 543.6 492.8 537.7 491.9 ship 0
549.8 458.8 555.8 459.3 553.2 493.2 547.2 492.7 ship 0
554.0 459.5 555.9 458.8 570.0 494.1 568.1 494.8 ship 0
576.0 465.4 581.2 468.2 567.0 494.6 561.8 491.8 ship 0
588.4 464.9 593.7 467.7 577.5 497.6 572.2 494.8 ship 0
587.8 466.7 593.8 466.3 596.1 500.2 590.1 500.6 ship 0
600.7 468.7 606.5 469.9 600.3 499.3 594.5 498.1 ship 0
656.3 469.2 679.9 480.0 659.1 525.4 635.4 514.6 ship 0
622.0 481.7 624.9 487.0 609.2 495.7 606.3 490.4 ship 0
587.0 523.8 592.2 526.8 579.0 549.2 573.8 546.2 ship 0
574.4 521.9 579.9 524.2 569.6 548.1 564.1 545.8 ship 0
563.9 521.3 569.4 523.8 560.1 543.7 554.6 541.2 ship 0
546.7 520.3 552.6 519.8 554.3 541.7 548.4 542.2 ship 0
539.0 522.3 544.9 523.6 540.0 545.1 534.1 543.7 ship 0
523.6 521.5 529.6 520.7 532.4 542.5 526.4 543.3 ship 0
511.2 533.9 514.8 529.1 522.8 535.1 519.2 539.9 ship 0
501.6 523.8 507.6 523.2 509.4 541.2 503.4 541.8 ship 0
475.5 518.0 493.5 518.0 493.5 540.0 475.5 540.0 ship 0
470.0 519.2 476.0 519.5 475.0 541.4 469.0 541.2 ship 0
