193.2 136.0 199.2 123.4 255.2 149.9 249.2 162.6 small-vehicle 0
264.0 485.1 271.8 473.4 340.0 518.9 332.2 530.6 large-vehicle 0
396.7 271.1 402.8 263.2 473.7 318.7 467.6 326.5 large-vehicle 0
385.4 291.9 391.7 284.1 458.6 338.1 452.3 345.9 large-vehicle 0
363.2 312.2 371.8 301.1 439.6 354.1 430.9 365.1 large-vehicle 0
352.2 332.3 358.4 324.4 425.8 377.7 419.6 385.6 large-vehicle 0
340.7 353.9 346.7 345.9 409.0 392.9 403.0 400.9 large-vehicle 0
74.9 392.4 81.6 346.8 182.5 361.7 175.8 407.2 large-vehicle 0
328.9 377.5 334.9 369.5 397.1 416.5 391.1 424.5 large-vehicle 0
314.6 396.7 320.6 388.7 389.4 440.3 383.4 448.3 large-vehicle 0
302.6 419.1 308.3 410.9 375.4 457.9 369.7 466.1 large-vehicle 0
291.3 439.1 297.2 431.0 363.7 478.9 357.8 487.0 large-vehicle 0
274.6 457.6 283.1 446.5 354.4 501.4 345.9 512.5 large-vehicle 0
250.2 505.1 258.6 493.9 324.2 543.0 315.8 554.2 large-vehicle 0
318.1 12.9 331.4 25.0 305.9 53.1 292.6 41.0 small-vehicle 0
35.4 507.5 48.1 451.0 147.6 473.5 134.9 530.0 large-vehicle 0
198.6 -1.5 222.1 17.3 188.4 59.5 164.9 40.7 small-vehicle 0
201.1 54.0 226.5 70.1 201.9 109.0 176.5 92.9 small-vehicle 0
145.0 186.3 155.4 162.5 201.2 182.4 190.8 206.3 small-vehicle 0
18.4 277.3 39.3 292.8 14.3 326.5 -6.6 311.1 small-vehicle 0
511.5 182.9 534.7 207.8 518.7 222.8 495.5 197.9 small-vehicle 0
507.1 166.1 516.6 141.9 563.2 160.2 553.6 184.4 small-vehicle 0
412.9 60.8 414.0 62.5 412.3 63.6 411.2 61.9 small-vehicle 0
384.2 53.6 385.9 54.7 384.8 56.4 383.1 55.3 small-vehicle 0
361.3 44.6 362.9 45.8 361.7 47.4 360.1 46.2 small-vehicle 0
336.4 39.1 337.9 40.4 336.6 41.9 335.1 40.6 small-vehicle 0
423.9 218.9 455.3 185.3 518.1 244.1 486.7 277.7 large-vehicle 0
