363.6 382.7 380.8 358.1 428.4 391.3 411.2 415.9 ship 0
402.0 628.9 402.0 658.9 364.0 659.1 364.0 629.1 ship 0
203.5 706.3 206.8 711.3 168.5 736.7 165.2 731.7 ship 0
198.9 723.4 204.5 731.6 153.5 766.9 147.8 758.6 ship 0
199.3 751.2 203.7 760.2 151.7 785.8 147.3 776.8 ship 0
246.7 785.0 279.6 793.3 269.3 834.0 236.4 825.7 ship 0
443.0 738.2 446.1 743.3 417.0 760.8 413.9 755.7 ship 0
409.9 755.3 414.0 750.9 435.9 771.5 431.8 775.8 ship 0
429.9 765.3 433.4 770.1 409.1 787.7 405.6 782.9 ship 0
369.2 950.0 369.6 956.0 331.7 958.8 331.3 952.8 ship 0
349.6 962.8 354.0 967.0 344.4 977.2 340.0 973.0 ship 0
327.2 971.2 332.5 968.4 350.1 1002.1 344.8 1004.8 ship 0
352.0 998.6 352.3 1004.6 314.3 1006.6 314.0 1000.6 ship 0
341.5 1014.4 342.2 1024.3 308.3 1026.7 307.6 1016.8 ship 0
857.9 846.8 896.3 863.7 881.0 898.5 842.6 881.6 ship 0
846.5 899.7 854.9 905.2 818.5 960.3 810.1 954.8 ship 0
869.4 902.2 878.3 906.7 853.6 954.8 844.7 950.2 ship 0
884.6 918.4 892.4 924.7 865.9 957.2 858.1 950.9 ship 0
923.6 849.9 935.6 857.2 903.4 910.1 891.4 902.8 ship 0
943.5 870.0 951.9 875.4 929.2 910.7 920.8 905.3 ship 0
960.2 875.5 969.3 879.6 951.7 917.8 942.6 913.6 ship 0
981.5 884.9 993.9 891.3 976.5 925.1 964.1 918.7 ship 0
1001.3 892.0 1014.7 896.2 1001.9 936.2 988.5 932.0 ship 0
905.5 916.6 914.3 921.4 886.5 972.4 877.7 967.6 ship 0
929.6 920.0 938.0 925.4 902.4 981.0 894.0 975.6 ship 0
950.8 932.5 962.3 940.5 924.6 994.6 913.1 986.7 ship 0
986.3 939.4 995.5 943.4 970.6 1000.1 961.4 996.1 ship 0
1001.9 950.5 1023.3 965.4 994.7 1006.4 973.3 991.5 ship 0
683.4 397.1 716.1 416.3 670.6 493.9 637.9 474.7 ship 0
714.4 409.2 728.4 387.3 770.5 414.2 756.6 436.1 ship 0
709.7 284.5 740.8 306.4 712.1 347.3 681.0 325.4 ship 0
938.2 482.4 954.5 448.1 1010.5 474.8 994.1 509.1 ship 0
868.5 462.9 877.6 467.0 850.5 527.2 841.3 523.1 ship 0
895.8 465.6 904.1 471.3 864.4 528.9 856.1 523.3 ship 0
933.9 477.5 951.2 491.0 913.0 539.8 895.7 526.3 ship 0
852.6 586.0 871.4 597.4 841.4 647.0 822.6 635.6 ship 0
890.8 601.4 911.0 610.2 889.2 659.6 869.0 650.8 ship 0
927.6 605.6 965.9 622.9 940.4 679.4 902.1 662.1 ship 0
894.2 663.4 902.9 668.3 872.8 722.5 864.1 717.6 ship 0
913.8 675.8 922.5 680.7 894.2 731.2 885.5 726.3 ship 0
940.1 678.8 948.3 684.6 912.5 735.2 904.4 729.4 ship 0
984.3 692.4 992.8 697.7 957.7 753.6 949.2 748.3 ship 0
1000.3 699.0 1009.2 703.6 984.5 751.6 975.6 747.0 ship 0
1013.0 703.2 1037.6 711.6 1020.3 762.7 995.7 754.4 ship 0
780.7 434.3 793.4 407.2 845.9 431.8 833.2 459.0 ship 0
760.7 433.9 771.9 442.2 747.1 476.0 735.8 467.7 ship 0
785.7 441.4 797.6 448.7 765.3 501.6 753.4 494.3 ship 0
823.4 446.1 843.3 455.4 818.6 507.9 798.7 498.6 ship 0
491.2 927.9 491.4 937.9 437.4 939.1 437.2 929.1 ship 0
509.9 881.3 511.4 891.2 450.1 900.7 448.6 890.8 ship 0
459.1 873.6 460.5 863.7 514.0 871.2 512.6 881.1 ship 0
454.6 864.3 455.5 838.3 525.4 840.7 524.5 866.7 ship 0
685.1 839.3 697.1 846.5 661.3 906.7 649.3 899.5 ship 0
705.6 858.7 714.0 864.2 686.6 906.0 678.3 900.5 ship 0
720.7 865.6 729.8 869.6 711.6 911.8 702.4 907.8 ship 0
762.7 871.9 776.2 883.8 748.6 915.3 735.0 903.5 ship 0
803.3 890.0 813.3 899.8 786.7 927.0 776.7 917.2 ship 0
835.6 895.9 840.2 899.6 801.5 948.0 796.8 944.3 ship 0
780.8 819.7 794.2 823.9 782.6 860.1 769.2 855.9 ship 0
816.1 817.6 824.8 822.6 793.9 876.4 785.2 871.4 ship 0
833.8 837.1 842.0 842.8 820.2 874.0 812.0 868.3 ship 0
731.9 802.5 741.8 804.0 733.8 857.4 723.9 855.9 ship 0
716.0 796.1 725.8 797.7 716.0 858.9 706.2 857.3 ship 0
695.5 789.2 708.2 795.2 688.5 836.8 675.8 830.8 ship 0
653.5 783.6 661.7 789.2 651.6 804.1 643.4 798.5 ship 0
643.7 766.2 652.1 790.8 631.3 797.8 622.9 773.2 ship 0
609.0 810.1 609.3 804.1 651.3 806.0 651.0 812.0 ship 0
616.1 766.0 627.7 773.9 601.9 812.0 590.3 804.1 ship 0
752.9 630.3 771.6 641.9 743.1 687.7 724.4 676.1 ship 0
799.6 635.0 818.0 647.1 777.4 709.0 759.0 696.9 ship 0
840.9 644.8 859.8 656.0 820.1 723.2 801.2 712.0 ship 0
781.1 563.4 788.8 569.8 751.9 614.6 744.2 608.2 ship 0
747.5 563.7 757.0 566.8 741.5 614.3 732.0 611.2 ship 0
649.5 504.7 681.2 525.7 653.5 567.3 621.8 546.3 ship 0
445.2 897.5 451.5 889.7 499.8 928.5 493.5 936.3 ship 0
424.1 952.1 426.8 942.5 475.0 956.0 472.3 965.6 ship 0
474.7 968.6 475.9 978.5 418.3 985.4 417.1 975.5 ship 0
752.5 998.1 756.1 1023.9 702.7 1031.5 699.0 1005.7 ship 0
711.2 977.0 723.1 984.3 699.0 1023.5 687.1 1016.1 ship 0
671.8 970.3 680.8 974.6 659.2 1019.7 650.2 1015.4 ship 0
656.8 963.3 665.8 967.7 640.2 1019.7 631.2 1015.3 ship 0
631.3 957.4 640.8 960.5 622.7 1015.6 613.2 1012.5 ship 0
595.2 937.8 611.8 944.9 588.8 998.2 572.2 991.1 ship 0
551.8 897.9 588.6 918.3 562.4 965.5 525.7 945.2 ship 0
403.9 996.2 405.8 986.4 462.8 997.0 460.9 1006.9 ship 0
