823.3 883.9 863.3 831.4 950.7 898.1 910.7 950.6 large-vehicle 0
28.3 213.6 59.7 234.9 9.3 309.4 -22.2 288.1 large-vehicle 0
47.3 255.6 76.1 273.7 19.5 363.3 -9.3 345.2 large-vehicle 0
32.8 469.1 59.0 441.6 121.2 500.9 95.0 528.4 large-vehicle 0
707.2 755.6 718.1 741.3 808.8 810.4 797.9 824.7 large-vehicle 0
301.7 149.3 315.7 160.5 249.5 243.3 235.5 232.1 large-vehicle 0
216.6 224.5 231.0 235.4 198.4 278.5 184.0 267.6 large-vehicle 0
317.8 183.3 332.5 193.6 264.5 290.1 249.8 279.7 large-vehicle 0
442.2 86.7 456.7 97.4 422.4 144.1 407.9 133.5 large-vehicle 0
526.9 5.5 542.0 15.3 479.5 110.7 464.5 100.9 large-vehicle 0
536.3 52.4 554.2 65.3 490.2 154.7 472.3 141.9 large-vehicle 0
555.7 90.7 574.3 102.4 513.6 198.9 494.9 187.1 large-vehicle 0
469.2 175.5 487.5 187.7 455.5 236.0 437.2 223.9 large-vehicle 0
501.2 211.0 518.3 224.8 456.8 301.0 439.7 287.2 large-vehicle 0
331.2 243.8 345.3 255.0 281.6 334.6 267.5 323.4 large-vehicle 0
230.4 273.9 248.4 286.4 213.0 337.3 195.0 324.8 large-vehicle 0
351.6 276.6 366.1 287.2 296.4 382.4 281.9 371.8 large-vehicle 0
248.8 356.7 291.7 389.4 254.0 438.7 211.1 405.9 large-vehicle 0
360.7 326.6 375.1 337.3 309.3 425.4 294.9 414.7 large-vehicle 0
374.1 369.1 388.5 380.0 322.0 467.6 307.6 456.7 large-vehicle 0
386.1 425.9 403.7 439.2 346.9 514.1 329.3 500.8 large-vehicle 0
125.2 527.2 146.0 490.7 238.1 543.1 217.3 579.6 large-vehicle 0
250.5 620.2 261.8 606.1 341.3 670.0 330.1 684.1 large-vehicle 0
229.2 648.6 240.3 634.5 326.8 702.4 315.7 716.5 large-vehicle 0
216.8 682.6 227.8 668.4 308.6 730.6 297.6 744.8 large-vehicle 0
194.3 707.9 202.6 696.6 284.7 757.1 276.4 768.4 large-vehicle 0
170.7 733.2 178.4 721.5 270.2 782.2 262.4 793.9 large-vehicle 0
576.8 756.3 613.2 706.1 702.2 770.7 665.8 820.9 large-vehicle 0
701.0 795.5 711.7 781.0 797.0 844.0 786.3 858.5 large-vehicle 0
288.3 93.8 302.4 105.1 228.7 197.2 214.6 185.9 large-vehicle 0
202.1 186.4 216.5 197.3 178.9 246.6 164.5 235.7 large-vehicle 0
269.8 63.0 283.7 74.5 221.2 150.0 207.3 138.5 large-vehicle 0
158.1 -17.5 172.6 -6.9 109.9 78.5 95.4 67.9 large-vehicle 0
184.7 9.3 199.1 20.1 109.1 140.1 94.7 129.3 large-vehicle 0
172.4 93.4 190.2 106.3 156.2 153.3 138.4 140.4 large-vehicle 0
442.3 30.6 456.6 41.6 396.8 119.2 382.5 108.2 large-vehicle 0
235.2 34.2 250.5 43.7 221.9 89.6 206.6 80.1 large-vehicle 0
418.2 -24.7 449.9 2.8 390.8 70.7 359.1 43.2 large-vehicle 0
