28.3 681.6 59.7 702.9 9.2 777.4 -22.2 756.1 large-vehicle 0
42.4 725.7 74.9 745.3 24.4 829.2 -8.1 809.6 large-vehicle 0
30.1 939.8 61.9 906.6 123.9 966.2 92.1 999.4 large-vehicle 0
51.3 178.2 85.7 202.3 29.3 282.5 -5.0 258.4 large-vehicle 0
132.1 191.7 149.0 205.8 114.4 247.2 97.5 233.1 large-vehicle 0
153.8 232.7 168.1 243.6 133.0 289.7 118.7 278.8 large-vehicle 0
62.8 244.1 77.9 254.1 48.0 299.1 33.0 289.2 large-vehicle 0
81.7 292.6 95.9 303.6 60.3 349.4 46.1 338.4 large-vehicle 0
185.9 253.5 200.1 264.6 130.1 354.5 115.9 343.4 large-vehicle 0
95.4 333.6 110.1 344.0 76.6 391.4 61.9 381.0 large-vehicle 0
195.6 294.4 210.3 304.9 143.9 397.6 129.3 387.1 large-vehicle 0
113.3 381.2 127.8 391.9 93.4 438.6 78.9 427.9 large-vehicle 0
301.5 617.2 315.6 628.4 249.7 711.4 235.6 700.2 large-vehicle 0
215.6 692.2 230.4 702.6 199.4 746.8 184.6 736.4 large-vehicle 0
320.0 650.1 334.5 660.8 262.4 759.2 247.9 748.6 large-vehicle 0
442.3 554.8 456.8 565.4 422.3 612.1 407.8 601.4 large-vehicle 0
528.2 474.1 543.0 484.3 478.2 578.1 463.4 567.9 large-vehicle 0
535.7 518.0 554.0 530.2 490.8 625.1 472.5 612.9 large-vehicle 0
541.4 582.5 559.8 594.6 527.8 643.0 509.4 630.9 large-vehicle 0
468.7 643.4 487.2 655.3 456.0 704.2 437.5 692.3 large-vehicle 0
502.3 679.5 519.1 693.8 455.7 768.5 438.9 754.2 large-vehicle 0
331.8 709.8 346.0 720.9 281.0 804.6 266.8 793.5 large-vehicle 0
233.8 713.3 272.2 738.6 209.6 833.9 171.2 808.6 large-vehicle 0
353.2 745.5 367.4 756.5 294.8 849.5 280.6 838.5 large-vehicle 0
254.5 828.4 287.2 854.8 248.3 903.0 215.6 876.6 large-vehicle 0
360.0 796.4 374.3 807.3 310.0 891.6 295.7 880.7 large-vehicle 0
374.6 835.1 389.1 845.7 321.5 937.6 307.0 926.9 large-vehicle 0
383.4 894.9 401.4 907.6 349.6 981.1 331.6 968.4 large-vehicle 0
140.1 1003.3 157.3 969.5 223.3 1003.0 206.0 1036.9 large-vehicle 0
479.3 341.4 494.0 351.8 435.4 435.2 420.7 424.9 large-vehicle 0
289.5 560.2 303.6 571.5 227.5 666.8 213.4 655.5 large-vehicle 0
201.6 654.2 216.1 664.8 179.4 714.8 164.9 704.2 large-vehicle 0
270.3 531.3 284.1 543.0 220.7 617.7 206.9 606.0 large-vehicle 0
679.6 162.0 694.4 172.3 661.4 220.0 646.6 209.7 large-vehicle 0
121.0 425.8 136.3 435.2 106.2 484.7 90.9 475.4 large-vehicle 0
142.7 471.4 157.2 482.1 125.3 525.6 110.8 514.9 large-vehicle 0
157.4 514.2 171.7 525.1 136.4 571.2 122.1 560.2 large-vehicle 0
172.4 561.4 190.2 574.3 156.3 621.3 138.4 608.4 large-vehicle 0
318.2 119.8 349.1 141.9 282.6 234.6 251.7 212.4 large-vehicle 0
395.7 170.1 435.0 201.0 401.6 243.4 362.3 212.5 large-vehicle 0
326.7 226.1 369.2 259.4 335.8 301.9 293.4 268.5 large-vehicle 0
436.0 206.4 450.8 216.7 390.2 303.7 375.5 293.4 large-vehicle 0
589.4 115.9 606.7 129.5 543.8 209.7 526.4 196.1 large-vehicle 0
659.8 118.1 677.7 131.0 646.2 174.9 628.3 162.0 large-vehicle 0
596.2 177.4 613.6 190.7 580.8 233.6 563.4 220.3 large-vehicle 0
607.5 223.3 624.9 236.7 589.5 282.7 572.1 269.3 large-vehicle 0
429.2 514.1 443.8 524.6 409.9 571.7 395.3 561.2 large-vehicle 0
690.7 207.8 708.4 220.9 676.2 264.3 658.5 251.2 large-vehicle 0
726.4 228.9 744.0 242.1 680.6 327.1 663.0 313.9 large-vehicle 0
625.5 267.2 643.3 280.2 611.5 323.8 593.7 310.8 large-vehicle 0
472.1 291.8 486.4 302.7 417.0 393.1 402.7 382.2 large-vehicle 0
367.8 361.4 412.2 392.2 379.0 439.8 334.7 409.0 large-vehicle 0
214.8 340.6 232.0 354.3 158.2 446.4 141.0 432.7 large-vehicle 0
209.7 413.3 224.0 424.3 191.1 467.1 176.8 456.2 large-vehicle 0
243.7 430.5 258.1 441.3 189.8 532.5 175.4 521.7 large-vehicle 0
235.5 502.3 250.7 512.0 221.6 557.5 206.4 547.8 large-vehicle 0
431.9 442.1 448.6 456.4 377.1 539.9 360.4 525.6 large-vehicle 0
513.5 429.0 530.8 442.5 460.9 532.5 443.5 519.0 large-vehicle 0
