24.8 305.4 40.3 314.5 -3.3 388.6 -18.8 379.5 large-vehicle 0
126.8 638.7 140.7 650.2 106.4 691.9 92.5 680.4 large-vehicle 0
74.9 675.9 88.6 687.7 22.1 765.1 8.4 753.3 large-vehicle 0
142.6 675.1 157.4 685.4 121.8 736.2 107.0 725.9 large-vehicle 0
298.2 534.6 312.8 545.1 248.4 634.3 233.8 623.7 large-vehicle 0
352.8 498.0 367.8 508.0 335.6 556.2 320.6 546.2 large-vehicle 0
376.5 523.2 394.3 536.2 332.0 621.9 314.2 608.9 large-vehicle 0
382.9 583.6 401.1 596.0 368.3 643.9 350.2 631.5 large-vehicle 0
310.6 644.6 328.8 657.0 296.1 705.0 277.9 692.6 large-vehicle 0
345.1 677.0 362.1 691.0 294.9 773.0 277.9 759.0 large-vehicle 0
175.6 710.1 189.4 721.6 119.2 806.3 105.4 794.8 large-vehicle 0
84.1 727.0 101.8 740.1 41.3 822.2 23.6 809.1 large-vehicle 0
187.3 756.2 201.4 767.4 142.7 840.8 128.6 829.6 large-vehicle 0
100.9 809.5 139.9 833.8 83.9 923.8 44.9 899.5 large-vehicle 0
199.2 796.5 213.9 806.9 152.8 893.5 138.1 883.1 large-vehicle 0
211.9 838.7 226.7 849.0 166.2 936.0 151.4 925.7 large-vehicle 0
226.3 892.4 244.4 904.9 188.7 985.6 170.6 973.1 large-vehicle 0
321.8 340.9 336.4 351.4 275.0 437.7 260.3 427.3 large-vehicle 0
111.3 584.4 125.5 595.4 87.7 644.6 73.5 633.6 large-vehicle 0
52.0 640.1 66.8 650.3 11.0 730.9 -3.8 720.7 large-vehicle 0
110.4 529.6 124.7 540.5 62.6 621.4 48.3 610.5 large-vehicle 0
520.7 163.1 535.5 173.4 502.3 220.9 487.5 210.6 large-vehicle 0
155.4 127.5 185.9 150.2 127.4 228.8 96.9 206.2 large-vehicle 0
249.6 178.4 266.6 192.4 229.6 237.1 212.7 223.1 large-vehicle 0
177.2 234.5 200.8 253.1 167.3 295.4 143.8 276.9 large-vehicle 0
272.3 213.4 289.9 226.6 236.0 298.7 218.4 285.5 large-vehicle 0
428.7 114.0 446.8 126.5 386.5 213.7 368.4 201.2 large-vehicle 0
502.0 119.5 519.3 133.0 486.0 175.5 468.7 162.0 large-vehicle 0
436.6 178.2 454.4 191.3 422.4 234.8 404.6 221.7 large-vehicle 0
447.8 224.1 465.5 237.1 431.2 283.9 413.5 270.9 large-vehicle 0
288.5 493.4 302.7 504.5 232.6 594.4 218.4 583.3 large-vehicle 0
531.7 208.8 549.4 222.0 517.2 265.3 499.5 252.2 large-vehicle 0
567.7 230.1 585.2 243.3 521.3 327.9 503.8 314.7 large-vehicle 0
484.9 246.5 502.2 260.1 434.1 346.5 416.8 332.9 large-vehicle 0
296.0 314.9 310.3 325.9 275.1 372.0 260.8 361.0 large-vehicle 0
236.1 351.0 259.5 369.9 192.7 452.2 169.4 433.3 large-vehicle 0
51.4 346.3 65.9 356.9 3.6 442.7 -10.9 432.1 large-vehicle 0
64.5 394.9 79.0 405.6 18.3 487.6 3.9 476.9 large-vehicle 0
87.9 424.2 102.6 434.6 27.6 540.8 12.9 530.4 large-vehicle 0
92.1 481.7 109.8 494.7 47.0 580.1 29.3 567.1 large-vehicle 0
271.3 442.2 288.5 456.0 219.7 541.8 202.5 528.0 large-vehicle 0
337.3 452.1 354.6 465.6 319.1 511.4 301.7 497.9 large-vehicle 0
