907.5 106.9 917.3 116.8 884.5 149.1 874.7 139.2 small-vehicle 0
353.9 367.3 364.4 376.6 296.8 453.0 286.3 443.7 large-vehicle 0
374.6 381.8 385.1 391.1 317.6 467.6 307.1 458.3 large-vehicle 0
319.9 -0.2 336.7 -25.1 451.1 52.2 434.3 77.1 large-vehicle 0
374.8 1.7 386.0 -17.3 480.8 38.5 469.6 57.5 large-vehicle 0
492.4 65.2 505.0 52.3 612.6 156.8 600.0 169.7 large-vehicle 0
414.1 415.1 424.6 424.4 359.9 497.9 349.4 488.6 large-vehicle 0
449.2 67.0 459.3 57.4 562.8 166.0 552.7 175.6 large-vehicle 0
438.3 94.1 448.5 84.6 548.5 191.0 538.3 200.6 large-vehicle 0
537.1 62.8 549.6 49.8 660.9 156.2 648.4 169.2 large-vehicle 0
613.3 88.3 625.6 75.2 679.7 125.7 667.4 138.8 large-vehicle 0
390.6 186.3 408.7 167.6 441.8 199.5 423.7 218.2 large-vehicle 0
431.7 246.8 446.7 230.8 480.3 262.2 465.3 278.2 large-vehicle 0
511.9 271.9 527.3 256.2 563.1 291.1 547.7 306.8 large-vehicle 0
553.2 339.7 570.7 320.5 607.6 354.3 590.0 373.5 large-vehicle 0
640.0 367.5 651.9 354.0 692.4 389.8 680.5 403.3 large-vehicle 0
332.6 350.6 343.3 359.6 277.4 437.4 266.7 428.4 large-vehicle 0
313.3 337.8 320.5 344.7 249.7 418.2 242.5 411.3 large-vehicle 0
287.4 316.0 298.8 324.1 237.5 410.6 226.1 402.5 large-vehicle 0
269.7 306.4 280.0 315.9 213.3 387.6 203.0 378.1 large-vehicle 0
180.0 69.4 200.5 47.5 237.0 81.6 216.5 103.5 large-vehicle 0
126.6 60.0 146.8 37.8 251.8 133.4 231.6 155.6 large-vehicle 0
54.7 151.5 65.1 160.8 2.3 230.8 -8.1 221.4 large-vehicle 0
78.4 165.2 88.7 174.7 19.3 249.5 9.1 240.0 large-vehicle 0
98.1 181.5 108.4 190.9 39.9 266.5 29.6 257.1 large-vehicle 0
118.6 196.0 129.3 205.1 63.4 283.0 52.7 273.9 large-vehicle 0
141.4 212.7 151.7 222.2 82.6 297.3 72.3 287.8 large-vehicle 0
163.4 222.8 174.0 232.0 104.1 311.8 93.6 302.6 large-vehicle 0
182.5 241.4 193.2 250.4 127.6 328.4 116.9 319.4 large-vehicle 0
203.5 259.1 214.1 268.3 149.9 342.4 139.3 333.2 large-vehicle 0
226.0 273.6 236.5 282.9 169.0 359.4 158.5 350.1 large-vehicle 0
246.2 285.5 257.2 294.1 191.8 377.5 180.8 368.9 large-vehicle 0
268.0 94.5 283.6 78.9 316.0 111.5 300.4 127.1 large-vehicle 0
305.1 156.3 320.7 140.8 353.1 173.4 337.6 188.9 large-vehicle 0
395.2 395.9 405.9 404.9 337.9 486.1 327.1 477.1 large-vehicle 0
439.5 427.9 450.0 437.2 380.0 516.8 369.5 507.5 large-vehicle 0
885.9 92.3 898.8 114.9 858.9 137.7 846.0 115.2 small-vehicle 0
457.8 441.9 468.8 450.6 402.6 533.5 391.7 524.7 large-vehicle 0
743.8 -12.7 755.9 10.3 711.6 33.5 699.5 10.4 small-vehicle 0
755.0 9.6 764.4 19.9 733.4 48.2 723.9 37.8 small-vehicle 0
780.4 19.7 789.2 30.5 756.8 57.2 747.9 46.4 small-vehicle 0
799.7 35.0 808.8 45.6 777.1 73.1 767.9 62.5 small-vehicle 0
841.8 64.1 850.3 75.2 813.8 103.1 805.3 92.0 small-vehicle 0
829.2 115.8 847.0 82.2 862.9 90.6 845.1 124.2 small-vehicle 0
479.6 457.4 490.3 466.3 425.1 544.7 414.3 535.8 large-vehicle 0
502.4 472.8 512.9 482.0 443.6 562.2 433.1 553.0 large-vehicle 0
522.6 487.1 533.2 496.2 464.3 576.7 453.6 567.6 large-vehicle 0
540.4 504.2 551.5 512.7 489.3 593.6 478.2 585.0 large-vehicle 0
565.3 519.5 576.1 528.4 511.7 607.5 500.9 598.6 large-vehicle 0
586.6 536.6 597.3 545.6 531.4 623.4 520.7 614.4 large-vehicle 0
607.5 553.2 618.1 562.3 551.7 639.7 541.0 630.5 large-vehicle 0
631.7 570.1 641.7 579.9 570.3 652.9 560.3 643.1 large-vehicle 0
653.9 585.2 663.9 595.1 589.5 670.5 579.5 660.7 large-vehicle 0
671.8 600.5 682.4 609.7 615.7 686.8 605.1 677.7 large-vehicle 0
661.1 82.7 674.2 70.3 716.9 115.3 703.8 127.7 large-vehicle 0
703.1 77.9 716.1 65.4 759.0 110.2 746.0 122.6 large-vehicle 0
712.4 115.8 798.5 29.3 839.6 70.2 753.6 156.7 large-vehicle 0
686.0 175.9 706.6 160.1 754.0 222.1 733.4 237.9 large-vehicle 0
728.5 154.4 743.2 144.0 809.1 237.0 794.4 247.5 large-vehicle 0
783.5 170.4 797.7 159.4 835.5 208.6 821.3 219.6 large-vehicle 0
820.9 150.1 836.6 141.3 882.5 223.4 866.8 232.2 large-vehicle 0
712.3 356.7 730.2 332.6 795.9 381.7 778.0 405.8 large-vehicle 0
