931.2 261.0 947.2 240.5 970.8 259.0 954.8 279.5 small-vehicle 0
505.3 521.4 511.0 523.3 487.7 593.6 482.0 591.7 large-vehicle 0
623.9 551.7 629.9 552.0 627.0 609.9 621.0 609.6 large-vehicle 0
620.2 558.6 625.4 561.5 596.9 612.0 591.7 609.1 large-vehicle 0
611.2 554.8 616.0 558.4 581.8 605.2 577.0 601.6 large-vehicle 0
553.8 591.4 564.2 542.5 577.9 545.4 567.5 594.3 large-vehicle 0
589.0 542.5 598.2 546.4 574.0 603.5 564.8 599.6 large-vehicle 0
540.9 550.8 546.7 549.2 561.1 601.2 555.3 602.8 large-vehicle 0
551.1 543.9 556.0 547.3 525.9 592.1 521.0 588.7 large-vehicle 0
535.5 535.3 540.8 538.1 513.4 589.2 508.1 586.4 large-vehicle 0
516.4 528.2 522.2 529.8 504.7 593.4 498.9 591.9 large-vehicle 0
484.1 522.3 493.7 525.3 473.8 588.2 464.3 585.2 large-vehicle 0
667.3 568.3 675.0 574.7 640.5 616.2 632.8 609.9 large-vehicle 0
451.1 515.8 464.7 519.2 450.0 579.4 436.4 576.1 large-vehicle 0
443.2 524.4 450.1 531.6 402.8 577.6 395.9 570.4 large-vehicle 0
421.8 511.2 430.4 516.2 399.2 569.8 390.6 564.8 large-vehicle 0
400.0 507.2 409.3 510.8 388.2 564.8 378.9 561.2 large-vehicle 0
368.0 499.6 377.8 501.4 366.0 566.4 356.2 564.6 large-vehicle 0
354.4 496.9 364.0 499.7 345.6 563.1 336.0 560.3 large-vehicle 0
767.8 504.6 779.5 512.3 743.1 567.4 731.4 559.7 large-vehicle 0
739.0 497.2 750.8 504.8 713.0 563.8 701.2 556.2 large-vehicle 0
712.9 489.7 718.1 492.7 679.1 560.3 673.9 557.3 large-vehicle 0
649.5 557.9 654.9 560.6 630.9 609.0 625.5 606.3 large-vehicle 0
679.3 571.4 685.2 571.9 681.5 617.8 675.5 617.3 large-vehicle 0
969.9 823.7 983.0 811.3 998.1 827.3 985.0 839.7 small-vehicle 0
700.3 568.7 706.1 570.2 691.7 626.3 685.9 624.8 large-vehicle 0
617.6 892.6 652.0 908.7 613.7 990.2 579.3 974.0 large-vehicle 0
522.3 868.0 562.2 881.2 542.7 940.0 502.8 926.8 large-vehicle 0
612.2 635.9 632.1 658.3 591.8 694.1 571.9 671.7 large-vehicle 0
758.2 604.3 761.6 599.3 779.8 611.7 776.4 616.7 large-vehicle 0
741.9 605.4 746.3 601.4 768.9 626.8 764.4 630.8 large-vehicle 0
750.6 573.8 759.4 578.6 731.3 629.4 722.6 624.5 large-vehicle 0
716.8 565.7 722.6 567.2 707.2 627.3 701.4 625.8 large-vehicle 0
691.1 490.8 696.6 493.2 670.1 553.7 664.6 551.2 large-vehicle 0
659.8 484.3 671.9 491.2 641.1 545.0 628.9 538.1 large-vehicle 0
569.0 455.2 619.8 490.7 582.0 544.8 531.2 509.3 large-vehicle 0
93.4 537.5 110.6 551.3 71.6 599.5 54.4 585.7 large-vehicle 0
141.1 378.3 157.2 386.4 132.9 434.7 116.8 426.6 large-vehicle 0
219.2 272.8 225.1 272.4 229.8 330.2 223.9 330.6 large-vehicle 0
208.6 266.9 214.6 267.4 209.4 329.1 203.4 328.6 large-vehicle 0
151.2 262.8 173.1 261.3 177.0 319.2 155.0 320.7 large-vehicle 0
99.7 259.3 107.7 253.3 142.1 300.1 134.0 306.0 large-vehicle 0
74.8 251.3 87.8 246.0 109.7 299.7 96.7 305.0 large-vehicle 0
49.2 243.5 62.8 240.2 76.8 296.5 63.2 299.8 large-vehicle 0
10.8 250.6 14.6 246.0 56.2 280.4 52.4 285.0 large-vehicle 0
134.1 574.5 156.3 594.6 111.9 643.5 89.7 623.4 large-vehicle 0
71.2 499.7 87.8 514.1 44.4 563.9 27.8 549.4 large-vehicle 0
515.9 451.6 527.4 459.6 485.1 520.4 473.6 512.4 large-vehicle 0
47.0 457.7 63.2 472.5 24.0 515.3 7.8 500.5 large-vehicle 0
14.5 417.7 44.3 447.4 9.0 482.8 -20.8 453.1 large-vehicle 0
185.7 392.4 194.3 397.5 162.3 450.6 153.7 445.5 large-vehicle 0
204.8 398.3 213.2 403.8 179.2 455.7 170.8 450.2 large-vehicle 0
298.2 289.3 304.2 290.3 295.7 343.6 289.7 342.7 large-vehicle 0
312.7 290.6 318.7 291.3 312.2 348.9 306.2 348.3 large-vehicle 0
489.0 452.1 493.8 455.7 452.0 511.9 447.2 508.3 large-vehicle 0
472.1 442.4 477.5 445.2 442.9 510.6 437.5 507.8 large-vehicle 0
447.4 438.8 453.2 440.2 436.6 508.2 430.8 506.8 large-vehicle 0
439.9 440.3 445.1 443.3 410.4 504.1 405.2 501.1 large-vehicle 0
377.8 430.7 389.3 438.6 354.4 489.9 342.9 482.0 large-vehicle 0
350.7 418.8 359.7 423.2 325.3 493.2 316.3 488.8 large-vehicle 0
325.2 419.3 334.8 421.9 317.8 485.7 308.2 483.1 large-vehicle 0
303.5 416.7 315.2 424.4 281.1 476.2 269.4 468.5 large-vehicle 0
770.8 383.0 784.6 380.8 794.4 442.1 780.5 444.3 large-vehicle 0
735.0 386.9 747.9 381.6 769.9 435.2 756.9 440.5 large-vehicle 0
692.2 377.4 709.2 371.5 726.8 422.5 709.8 428.4 large-vehicle 0
642.9 360.1 680.8 358.0 684.2 419.9 646.3 422.0 large-vehicle 0
576.9 358.9 612.2 344.9 632.1 395.1 596.8 409.1 large-vehicle 0
497.5 334.8 510.4 329.6 533.5 387.2 520.6 392.4 large-vehicle 0
482.2 324.3 496.1 326.0 488.7 383.6 474.8 381.8 large-vehicle 0
427.1 320.1 444.4 315.3 459.8 371.3 442.4 376.0 large-vehicle 0
398.0 312.2 408.0 313.1 402.9 366.9 393.0 365.9 large-vehicle 0
387.2 306.6 396.9 309.2 381.8 365.2 372.2 362.6 large-vehicle 0
336.8 304.6 349.9 299.5 372.2 357.4 359.1 362.4 large-vehicle 0
513.8 1017.9 534.4 996.1 541.7 1003.0 521.1 1024.8 small-vehicle 0
629.9 169.8 643.5 147.7 675.8 167.7 662.2 189.8 small-vehicle 0
539.1 108.1 564.4 101.8 570.7 127.0 545.5 133.3 small-vehicle 0
563.5 913.0 567.6 879.3 581.5 881.0 577.4 914.7 small-vehicle 0
556.2 874.9 562.2 875.3 559.9 909.3 553.9 908.8 small-vehicle 0
604.6 1011.1 606.4 1029.0 596.4 1029.9 594.6 1012.0 small-vehicle 0
594.2 1010.1 595.7 1028.0 585.8 1028.9 584.3 1011.0 small-vehicle 0
575.3 1004.3 580.9 1006.5 571.2 1030.6 565.6 1028.4 small-vehicle 0
543.3 1015.4 554.7 1001.6 571.7 1015.6 560.3 1029.4 small-vehicle 0
541.4 998.2 546.9 1000.7 537.8 1020.7 532.3 1018.3 small-vehicle 0
510.3 989.2 516.2 988.2 522.7 1025.6 516.8 1026.6 small-vehicle 0
383.0 970.1 388.5 967.6 401.0 994.9 395.5 997.4 small-vehicle 0
492.9 1030.5 505.4 977.9 515.1 980.3 502.7 1032.8 small-vehicle 0
496.1 990.2 500.1 994.6 477.8 1014.7 473.7 1010.2 small-vehicle 0
477.8 980.4 483.6 981.9 475.3 1014.9 469.5 1013.4 small-vehicle 0
461.3 980.6 467.3 980.3 468.9 1010.3 462.9 1010.6 small-vehicle 0
452.6 979.7 458.5 980.6 454.4 1010.3 448.5 1009.4 small-vehicle 0
448.8 974.3 454.3 976.8 440.0 1007.7 434.5 1005.1 small-vehicle 0
437.6 988.5 438.5 990.3 429.4 994.5 428.5 992.7 small-vehicle 0
427.5 974.8 432.9 977.6 419.2 1004.3 413.8 1001.5 small-vehicle 0
418.2 971.8 423.3 975.1 406.8 1000.2 401.8 996.9 small-vehicle 0
652.1 9.6 669.9 6.9 673.8 32.6 656.1 35.3 small-vehicle 0
673.6 5.2 679.6 6.1 674.6 39.8 668.7 38.9 small-vehicle 0
684.3 7.9 690.2 8.8 685.7 38.5 679.7 37.6 small-vehicle 0
698.5 13.0 703.9 15.6 692.5 39.0 687.1 36.4 small-vehicle 0
987.1 785.0 992.2 763.6 1001.9 766.0 996.8 787.4 small-vehicle 0
972.4 764.1 977.6 761.1 992.5 787.1 987.3 790.1 small-vehicle 0
869.9 136.8 884.1 125.8 895.1 140.1 880.9 151.1 small-vehicle 0
848.8 112.4 854.4 110.4 867.2 146.2 861.5 148.2 small-vehicle 0
833.2 112.6 843.1 110.9 848.8 144.4 838.9 146.1 small-vehicle 0
818.1 98.6 824.0 97.6 831.1 139.0 825.1 140.0 small-vehicle 0
797.7 101.8 822.6 94.1 826.7 107.5 801.9 115.2 small-vehicle 0
889.2 90.2 893.0 85.5 913.2 101.8 909.5 106.5 small-vehicle 0
889.5 71.2 894.1 67.4 915.5 93.8 910.9 97.6 small-vehicle 0
891.7 47.8 912.9 53.6 910.3 63.2 889.1 57.4 small-vehicle 0
886.7 43.9 888.3 38.1 917.2 45.9 915.7 51.7 small-vehicle 0
890.5 25.3 894.8 21.1 913.0 39.7 908.7 43.9 small-vehicle 0
869.1 17.3 887.7 35.4 864.0 59.8 845.4 41.6 small-vehicle 0
823.3 26.4 827.8 22.6 849.7 48.6 845.2 52.4 small-vehicle 0
804.1 28.4 829.6 23.1 834.9 48.6 809.4 53.9 small-vehicle 0
767.9 29.5 793.0 22.6 801.1 51.5 776.0 58.4 small-vehicle 0
711.1 30.8 714.2 25.7 732.9 37.2 729.8 42.3 small-vehicle 0
706.2 44.7 720.2 33.3 734.1 50.3 720.2 61.7 small-vehicle 0
701.8 173.2 725.7 183.4 712.3 214.6 688.4 204.4 small-vehicle 0
392.8 970.2 394.5 969.2 411.2 998.8 409.5 999.8 small-vehicle 0
499.9 971.6 504.0 967.1 523.2 984.6 519.2 989.0 small-vehicle 0
373.9 41.7 375.8 42.5 375.0 44.3 373.1 43.5 small-vehicle 0
439.3 215.9 451.8 209.7 461.7 229.3 449.1 235.6 small-vehicle 0
451.0 136.2 469.5 117.9 476.5 125.1 458.0 143.3 small-vehicle 0
464.6 106.2 469.7 109.3 452.0 138.3 446.8 135.2 small-vehicle 0
462.4 105.0 465.3 110.2 449.6 119.0 446.7 113.8 small-vehicle 0
433.9 95.5 434.7 93.7 465.9 107.1 465.1 108.9 small-vehicle 0
424.1 128.7 425.7 122.9 443.1 127.7 441.5 133.5 small-vehicle 0
441.6 108.1 443.6 113.8 415.3 123.7 413.3 118.1 small-vehicle 0
399.6 101.6 400.4 71.6 426.4 72.4 425.6 102.4 small-vehicle 0
385.5 53.8 401.7 39.0 416.5 55.2 400.3 70.0 small-vehicle 0
36.3 197.5 56.7 189.2 65.0 209.6 44.6 217.8 small-vehicle 0
494.3 965.9 498.2 970.5 484.5 982.2 480.6 977.6 small-vehicle 0
189.2 492.6 207.4 474.0 228.9 494.9 210.7 513.5 small-vehicle 0
115.2 1010.2 134.8 993.2 151.8 1012.8 132.2 1029.8 small-vehicle 0
65.0 955.5 66.0 977.5 44.0 978.5 43.0 956.5 small-vehicle 0
25.0 985.3 44.1 967.6 59.0 983.7 39.9 1001.4 small-vehicle 0
266.6 481.9 282.7 490.0 267.5 520.4 251.4 512.4 small-vehicle 0
265.3 487.5 269.6 483.3 301.7 516.3 297.4 520.5 small-vehicle 0
304.2 493.8 309.0 497.4 293.2 518.0 288.4 514.4 small-vehicle 0
310.6 509.8 311.7 508.1 313.4 509.2 312.3 510.9 small-vehicle 0
460.7 966.3 465.3 962.5 476.7 976.5 472.0 980.3 small-vehicle 0
445.3 941.7 461.2 993.3 451.7 996.3 435.8 944.7 small-vehicle 0
440.2 957.4 445.1 960.8 434.8 975.6 429.9 972.2 small-vehicle 0
428.2 955.6 433.8 957.7 427.4 974.5 421.8 972.4 small-vehicle 0
395.7 982.8 432.3 937.8 440.1 944.1 403.5 989.1 small-vehicle 0
384.7 948.5 393.4 943.5 408.3 969.5 399.6 974.5 small-vehicle 0
346.2 942.1 367.9 927.8 388.8 959.5 367.1 973.8 small-vehicle 0
333.9 1024.4 347.5 1002.2 356.0 1007.4 342.5 1029.6 small-vehicle 0
344.0 995.9 348.4 1000.0 328.0 1022.1 323.6 1018.0 small-vehicle 0
341.5 988.6 345.2 993.4 318.5 1014.4 314.8 1009.7 small-vehicle 0
335.9 983.2 338.8 988.4 309.1 1004.8 306.2 999.6 small-vehicle 0
322.3 972.6 326.8 976.5 307.0 999.0 302.5 995.1 small-vehicle 0
323.5 972.8 324.2 978.7 294.5 982.2 293.8 976.3 small-vehicle 0
310.9 955.4 314.8 960.0 292.1 979.6 288.2 975.0 small-vehicle 0
303.3 948.8 307.2 953.3 284.7 973.2 280.8 968.7 small-vehicle 0
401.0 894.1 402.0 892.5 434.0 913.0 433.0 914.6 small-vehicle 0
391.9 892.6 409.1 887.3 418.0 915.9 400.8 921.2 small-vehicle 0
269.4 835.2 303.0 840.1 298.6 869.8 265.0 864.9 small-vehicle 0
