225.5 114.2 250.8 130.2 232.6 158.9 207.3 142.9 small-vehicle 0
22.8 485.9 46.5 496.4 24.7 545.8 0.9 535.2 small-vehicle 0
571.5 560.2 589.5 559.8 590.5 605.8 572.5 606.2 small-vehicle 0
569.6 505.3 595.0 510.6 586.4 551.7 561.0 546.4 small-vehicle 0
663.4 714.8 669.0 748.4 568.4 765.2 562.7 731.6 large-vehicle 0
411.1 302.7 422.7 310.4 357.1 408.5 345.4 400.7 large-vehicle 0
449.1 305.6 459.9 314.5 387.3 402.4 376.5 393.5 large-vehicle 0
506.2 306.4 525.8 323.5 453.8 406.6 434.2 389.5 large-vehicle 0
580.9 295.9 592.0 304.5 512.1 407.1 501.0 398.5 large-vehicle 0
601.9 300.4 614.1 307.3 557.7 406.4 545.5 399.5 large-vehicle 0
649.1 301.8 659.7 311.0 579.7 403.1 569.2 393.9 large-vehicle 0
716.9 300.8 724.5 307.3 640.1 406.2 632.5 399.7 large-vehicle 0
749.3 293.7 757.0 300.1 671.7 403.3 664.0 396.9 large-vehicle 0
788.1 294.6 795.5 301.2 703.9 404.4 696.4 397.7 large-vehicle 0
601.3 518.1 618.2 512.1 654.7 615.9 637.8 621.9 large-vehicle 0
627.8 516.5 655.6 505.3 698.2 611.0 670.3 622.2 large-vehicle 0
244.6 603.9 277.5 595.2 301.3 686.2 268.5 694.8 large-vehicle 0
545.5 593.0 565.8 655.8 472.5 686.0 452.2 623.2 large-vehicle 0
522.1 725.4 522.1 747.4 408.1 747.6 408.1 725.6 large-vehicle 0
809.0 288.4 820.7 296.0 748.0 408.6 736.3 401.0 large-vehicle 0
924.8 630.0 924.9 704.0 838.9 704.0 838.8 630.0 large-vehicle 0
848.4 289.5 859.4 298.2 776.6 403.5 765.6 394.8 large-vehicle 0
878.0 299.3 888.4 308.6 810.0 396.7 799.6 387.4 large-vehicle 0
928.4 299.8 940.1 307.5 878.0 403.1 866.2 395.4 large-vehicle 0
984.3 284.4 994.9 293.5 896.6 406.8 886.0 397.7 large-vehicle 0
1021.5 296.0 1053.0 323.8 990.6 394.2 959.2 366.3 large-vehicle 0
805.0 617.7 808.7 663.5 699.0 672.3 695.3 626.5 large-vehicle 0
193.7 170.9 194.0 204.9 156.0 205.2 155.7 171.2 small-vehicle 0
181.1 16.2 197.3 55.0 154.9 72.8 138.7 34.0 small-vehicle 0
408.6 90.3 426.2 114.6 392.1 139.2 374.6 114.8 small-vehicle 0
681.8 88.6 682.9 90.3 681.2 91.4 680.1 89.7 small-vehicle 0
298.3 302.6 332.9 332.9 263.0 412.6 228.4 382.2 large-vehicle 0
