846.9 81.6 869.8 62.2 902.1 100.4 879.2 119.8 small-vehicle 0
165.0 493.7 176.3 485.4 241.5 574.1 230.2 582.4 large-vehicle 0
141.3 512.7 151.9 503.5 216.4 577.2 205.9 586.5 large-vehicle 0
261.2 444.9 272.0 435.9 334.8 511.1 324.0 520.1 large-vehicle 0
186.7 483.5 197.3 474.3 261.3 548.5 250.7 557.7 large-vehicle 0
284.1 425.3 295.2 416.7 359.9 500.7 348.8 509.3 large-vehicle 0
28.2 896.7 37.2 855.7 140.8 878.3 131.8 919.3 large-vehicle 0
24.6 990.2 35.1 966.5 128.4 1007.8 117.9 1031.5 large-vehicle 0
31.8 959.8 36.8 946.7 128.4 981.5 123.4 994.6 large-vehicle 0
495.3 298.3 505.6 288.9 574.2 364.5 563.8 373.9 large-vehicle 0
307.3 412.1 317.8 402.9 384.7 479.9 374.2 489.1 large-vehicle 0
469.8 307.3 480.8 298.6 549.4 384.6 538.4 393.3 large-vehicle 0
445.4 322.3 456.2 313.4 525.8 398.6 514.9 407.5 large-vehicle 0
400.3 353.0 410.9 343.9 477.7 421.0 467.1 430.1 large-vehicle 0
376.8 367.0 387.4 357.9 454.2 435.0 443.6 444.1 large-vehicle 0
353.1 382.8 363.5 373.5 431.9 449.2 421.5 458.5 large-vehicle 0
335.8 398.1 347.2 390.0 403.8 470.0 392.4 478.0 large-vehicle 0
880.1 277.3 917.0 249.9 939.7 280.4 902.7 307.8 small-vehicle 0
850.0 417.8 870.9 396.2 904.0 428.2 883.1 449.8 small-vehicle 0
869.0 522.7 906.6 489.7 937.0 524.3 899.4 557.3 small-vehicle 0
870.5 638.4 878.8 632.9 913.0 684.7 904.6 690.2 small-vehicle 0
870.3 678.2 877.9 671.7 908.2 706.3 900.6 712.8 small-vehicle 0
775.1 971.8 797.0 973.2 793.8 1023.1 771.9 1021.6 small-vehicle 0
106.8 555.7 122.2 546.4 156.4 602.9 141.0 612.2 small-vehicle 0
176.6 979.4 210.5 977.3 213.1 1019.3 179.1 1021.3 small-vehicle 0
636.3 215.2 647.1 206.3 709.7 281.8 698.9 290.7 large-vehicle 0
617.1 230.2 628.1 221.5 688.6 298.7 677.5 307.3 large-vehicle 0
657.7 198.9 668.4 189.9 736.3 271.4 725.5 280.3 large-vehicle 0
708.6 164.1 719.9 155.8 782.9 241.0 771.7 249.3 large-vehicle 0
732.1 151.9 742.9 143.0 809.9 225.1 799.1 234.0 large-vehicle 0
762.2 135.7 803.9 101.4 873.8 186.3 832.1 220.6 large-vehicle 0
556.6 520.1 579.8 501.2 659.4 598.9 636.2 617.8 large-vehicle 0
616.2 490.9 626.9 481.9 697.1 566.6 686.3 575.6 large-vehicle 0
637.2 474.6 647.7 465.3 725.6 554.0 715.0 563.3 large-vehicle 0
