444.6 811.8 478.5 814.4 471.6 904.1 437.7 901.5 large-vehicle 0
524.5 796.1 584.7 810.7 561.5 905.9 501.3 891.3 large-vehicle 0
425.4 803.6 439.4 804.6 432.6 906.4 418.6 905.4 large-vehicle 0
428.4 815.8 435.6 822.8 370.0 890.2 362.9 883.2 large-vehicle 0
125.2 780.4 205.5 763.6 224.8 855.6 144.5 872.4 large-vehicle 0
164.9 649.9 252.3 694.1 219.0 760.1 131.5 715.9 large-vehicle 0
667.3 493.1 681.0 495.7 661.7 595.9 648.0 593.3 large-vehicle 0
643.2 479.0 656.9 482.1 628.8 605.0 615.1 601.9 large-vehicle 0
606.5 477.1 620.4 478.5 608.5 599.9 594.6 598.5 large-vehicle 0
1028.6 204.4 1029.1 218.4 915.2 222.5 914.6 208.5 large-vehicle 0
923.6 160.3 924.9 146.3 1030.5 155.7 1029.2 169.7 large-vehicle 0
926.7 120.4 930.8 107.0 1032.3 137.6 1028.2 151.0 large-vehicle 0
1030.8 85.2 1033.5 98.9 933.5 118.8 930.8 105.0 large-vehicle 0
932.9 67.6 937.3 54.3 1034.1 86.4 1029.7 99.7 large-vehicle 0
935.5 61.6 936.7 31.7 1038.6 35.7 1037.5 65.7 large-vehicle 0
588.6 475.2 602.1 478.8 570.7 596.7 557.2 593.1 large-vehicle 0
507.3 478.0 521.1 475.6 539.6 584.0 525.8 586.4 large-vehicle 0
513.4 473.2 526.0 479.1 477.8 582.4 465.1 576.5 large-vehicle 0
351.2 67.0 362.1 58.2 431.1 143.8 420.2 152.6 large-vehicle 0
375.1 51.3 385.8 42.2 451.8 119.9 441.2 129.0 large-vehicle 0
398.6 35.3 409.6 26.6 470.3 103.6 459.3 112.3 large-vehicle 0
421.1 25.1 431.2 15.4 493.5 80.4 483.4 90.1 large-vehicle 0
438.7 2.5 449.0 -7.0 518.3 67.9 508.0 77.4 large-vehicle 0
274.3 463.0 307.7 456.7 325.7 553.0 292.3 559.3 large-vehicle 0
327.3 88.4 337.6 78.9 409.7 156.6 399.4 166.1 large-vehicle 0
270.1 150.7 280.4 141.2 343.9 210.6 333.5 220.0 large-vehicle 0
242.7 169.7 252.4 159.6 323.3 227.3 313.6 237.4 large-vehicle 0
271.2 337.9 284.1 343.4 242.8 441.1 229.9 435.6 large-vehicle 0
295.0 336.1 308.3 340.4 275.4 441.2 262.1 436.8 large-vehicle 0
317.6 343.4 331.2 346.7 306.7 445.7 293.1 442.4 large-vehicle 0
362.7 346.1 388.4 350.4 370.3 458.9 344.6 454.6 large-vehicle 0
517.5 363.7 530.7 368.4 496.6 464.5 483.4 459.9 large-vehicle 0
547.2 386.5 559.2 393.8 524.6 450.1 512.7 442.7 large-vehicle 0
572.6 385.9 585.4 391.7 555.2 459.2 542.4 453.5 large-vehicle 0
604.4 371.0 617.4 376.3 574.6 482.0 561.6 476.7 large-vehicle 0
625.0 394.6 637.9 400.1 611.8 460.8 599.0 455.2 large-vehicle 0
661.7 377.5 674.7 382.8 631.6 488.4 618.7 483.1 large-vehicle 0
673.6 380.1 687.5 381.3 678.4 490.9 664.5 489.7 large-vehicle 0
701.9 380.4 715.7 382.4 700.4 491.3 686.6 489.3 large-vehicle 0
252.2 446.1 265.7 449.8 236.2 555.8 222.7 552.1 large-vehicle 0
277.8 450.5 291.3 454.1 264.2 556.6 250.7 553.0 large-vehicle 0
1031.4 177.9 1031.6 191.9 917.6 194.1 917.4 180.1 large-vehicle 0
917.6 230.5 922.1 217.3 1022.4 251.5 1017.9 264.7 large-vehicle 0
916.1 260.9 919.9 247.5 1018.1 275.1 1014.3 288.6 large-vehicle 0
878.1 613.8 882.6 600.5 979.1 633.5 974.6 646.7 large-vehicle 0
849.7 696.3 852.8 682.7 987.3 713.7 984.2 727.3 large-vehicle 0
975.2 662.4 976.9 676.3 867.8 689.6 866.1 675.7 large-vehicle 0
869.4 655.8 869.7 641.8 979.7 644.0 979.4 658.0 large-vehicle 0
876.1 600.0 877.1 586.0 986.8 593.7 985.8 607.6 large-vehicle 0
881.5 576.2 881.5 562.2 987.5 562.8 987.5 576.8 large-vehicle 0
888.3 467.4 890.7 441.5 1000.2 451.8 997.8 477.7 large-vehicle 0
894.1 409.2 898.3 383.6 1002.9 400.8 998.7 426.4 large-vehicle 0
908.1 292.5 910.4 278.7 1018.9 296.5 1016.6 310.3 large-vehicle 0
771.4 815.9 776.3 794.4 840.6 809.1 835.7 830.6 small-vehicle 0
696.6 754.6 722.4 758.0 714.8 815.5 689.0 812.1 small-vehicle 0
672.2 754.5 686.1 753.5 690.0 811.4 676.1 812.4 small-vehicle 0
