834.9 909.1 848.2 882.2 900.1 907.9 886.8 934.8 large-vehicle 0
172.2 515.1 189.5 495.7 217.8 520.9 200.5 540.3 small-vehicle 0
240.9 506.6 253.5 512.6 237.1 546.9 224.5 540.9 small-vehicle 0
262.9 513.6 276.0 518.3 263.1 554.1 250.0 549.3 small-vehicle 0
291.9 514.4 317.9 513.6 319.1 555.6 293.1 556.4 small-vehicle 0
335.1 516.4 357.0 514.7 359.9 552.6 338.0 554.3 small-vehicle 0
359.6 518.5 385.4 521.8 380.4 559.5 354.6 556.2 small-vehicle 0
434.4 514.0 444.3 515.5 438.6 553.0 428.7 551.5 small-vehicle 0
474.5 516.8 484.4 515.9 487.5 549.7 477.5 550.6 small-vehicle 0
663.9 67.2 668.6 96.8 567.8 112.8 563.1 83.2 large-vehicle 0
411.7 95.4 412.6 73.5 518.5 77.6 517.7 99.5 large-vehicle 0
919.3 -3.2 922.1 30.7 844.4 37.1 841.6 3.3 large-vehicle 0
460.4 511.4 470.1 513.6 460.0 558.5 450.2 556.3 small-vehicle 0
497.4 516.0 507.4 516.5 505.6 550.5 495.6 549.9 small-vehicle 0
521.0 511.0 545.2 554.7 533.0 561.5 508.7 517.8 small-vehicle 0
516.7 616.4 530.7 617.1 528.3 663.1 514.3 662.3 small-vehicle 0
537.3 509.1 547.1 507.5 555.7 560.9 545.9 562.5 small-vehicle 0
555.4 516.8 564.4 512.3 581.6 546.2 572.6 550.7 small-vehicle 0
572.1 526.3 592.8 510.6 610.9 534.5 590.2 550.2 small-vehicle 0
166.6 598.2 174.2 604.7 136.4 648.8 128.8 642.3 small-vehicle 0
173.3 603.5 183.1 605.7 172.7 650.5 162.9 648.3 small-vehicle 0
183.5 614.4 192.8 610.7 208.5 649.6 199.2 653.3 small-vehicle 0
225.4 628.8 229.7 624.6 253.4 649.0 249.1 653.2 small-vehicle 0
251.9 618.2 261.8 616.5 269.2 657.8 259.3 659.6 small-vehicle 0
278.2 621.4 301.0 633.8 286.8 660.2 263.9 647.8 small-vehicle 0
303.6 643.0 305.2 641.8 306.4 643.4 304.8 644.6 small-vehicle 0
329.6 639.3 331.2 638.1 332.4 639.7 330.8 640.9 small-vehicle 0
350.2 631.5 368.0 618.7 390.2 649.6 372.3 662.4 small-vehicle 0
375.9 626.4 397.0 620.1 409.0 660.3 387.9 666.6 small-vehicle 0
443.0 620.1 476.9 617.6 480.0 659.5 446.1 661.9 small-vehicle 0
531.9 630.8 539.8 624.7 563.1 654.7 555.2 660.8 small-vehicle 0
707.4 510.0 715.2 516.2 691.6 546.0 683.8 539.8 small-vehicle 0
565.1 615.9 575.1 616.1 573.9 662.1 563.9 661.9 small-vehicle 0
571.4 628.7 578.8 622.1 609.6 656.3 602.2 662.9 small-vehicle 0
609.1 620.1 619.0 621.3 613.9 662.9 604.0 661.7 small-vehicle 0
625.4 617.6 635.3 616.0 642.6 661.4 632.7 663.0 small-vehicle 0
308.4 806.1 333.6 783.3 359.1 811.5 333.8 834.3 small-vehicle 0
356.3 862.8 373.0 856.0 385.7 887.6 369.0 894.3 small-vehicle 0
486.7 901.1 492.6 930.5 459.3 937.2 453.3 907.8 small-vehicle 0
567.3 830.4 573.9 863.7 544.5 869.6 537.9 836.2 small-vehicle 0
645.4 616.4 655.1 614.1 667.6 666.6 657.9 668.9 small-vehicle 0
653.7 626.5 660.9 619.6 706.3 667.5 699.1 674.4 small-vehicle 0
698.7 622.7 708.6 623.5 705.3 665.4 695.3 664.6 small-vehicle 0
784.0 513.0 810.6 526.9 794.9 557.0 768.3 543.2 small-vehicle 0
759.4 469.7 788.1 478.4 773.6 526.3 744.9 517.6 small-vehicle 0
731.3 517.6 738.2 524.8 713.7 548.4 706.8 541.2 small-vehicle 0
