803.3 290.0 811.6 295.5 779.7 344.0 771.4 338.5 large-vehicle 0
797.8 282.8 804.2 290.5 759.4 327.3 753.0 319.6 large-vehicle 0
263.5 762.7 303.6 775.2 276.9 861.1 236.8 848.6 large-vehicle 0
250.9 790.7 258.9 796.6 207.9 865.8 199.9 859.9 large-vehicle 0
160.8 822.6 179.3 834.5 130.5 910.1 112.0 898.2 large-vehicle 0
110.3 740.7 121.1 721.5 168.1 748.1 157.3 767.2 large-vehicle 0
181.0 607.3 186.9 599.2 227.2 628.7 221.3 636.8 large-vehicle 0
157.4 627.4 167.3 607.7 208.3 628.4 198.5 648.0 large-vehicle 0
158.7 515.4 161.9 510.3 241.3 560.6 238.1 565.7 large-vehicle 0
225.3 504.1 227.3 513.9 154.8 528.6 152.8 518.8 large-vehicle 0
136.9 479.9 139.4 474.4 225.1 513.1 222.6 518.6 large-vehicle 0
240.7 407.4 265.7 400.2 277.3 440.6 252.3 447.8 large-vehicle 0
123.1 447.2 137.2 425.3 202.8 467.4 188.8 489.3 large-vehicle 0
82.9 366.6 89.9 350.0 169.1 383.4 162.1 400.0 large-vehicle 0
98.9 367.5 124.1 333.8 135.3 342.2 110.2 375.9 large-vehicle 0
219.6 307.9 243.8 317.4 222.6 371.4 198.4 361.9 large-vehicle 0
189.9 331.0 215.9 297.9 230.1 309.0 204.1 342.1 large-vehicle 0
180.8 292.0 218.1 284.8 221.5 302.5 184.2 309.7 large-vehicle 0
71.4 294.6 83.3 276.1 108.6 292.4 96.7 310.9 large-vehicle 0
51.3 245.1 54.6 240.1 79.5 256.9 76.2 261.8 large-vehicle 0
17.8 216.1 20.3 210.7 102.2 247.9 99.7 253.3 large-vehicle 0
135.3 136.4 177.8 153.9 155.7 207.6 113.2 190.1 large-vehicle 0
305.2 71.2 323.6 59.1 362.0 117.7 343.6 129.7 large-vehicle 0
29.8 847.5 66.7 867.6 37.1 922.1 0.2 902.0 large-vehicle 0
46.5 433.4 94.4 466.1 50.5 530.6 2.6 497.9 large-vehicle 0
350.2 762.0 376.8 783.2 345.7 822.3 319.1 801.2 large-vehicle 0
336.4 709.3 383.6 735.6 359.3 779.3 312.1 753.1 large-vehicle 0
299.5 205.3 303.5 209.7 269.5 240.7 265.5 236.3 large-vehicle 0
668.6 283.9 675.8 290.8 619.4 350.2 612.1 343.4 large-vehicle 0
838.2 241.0 850.0 222.4 888.8 247.0 877.0 265.6 large-vehicle 0
748.8 196.1 766.6 209.0 723.2 268.9 705.4 256.0 large-vehicle 0
716.3 136.1 734.7 148.1 700.7 199.9 682.3 187.9 large-vehicle 0
795.6 165.1 798.3 159.7 875.5 197.6 872.8 203.0 large-vehicle 0
793.3 163.9 793.8 153.9 859.7 157.1 859.2 167.1 large-vehicle 0
781.3 143.6 782.0 133.7 855.8 139.2 855.0 149.2 large-vehicle 0
828.1 96.1 833.9 104.2 783.7 140.6 777.8 132.4 large-vehicle 0
760.2 98.2 761.6 88.3 838.8 99.4 837.4 109.3 large-vehicle 0
473.5 697.0 508.3 727.1 467.8 774.0 433.0 743.9 large-vehicle 0
405.8 725.6 445.2 749.3 413.2 802.4 373.8 778.7 large-vehicle 0
590.4 516.4 636.8 535.0 613.6 592.6 567.2 574.0 large-vehicle 0
673.6 317.0 707.6 353.6 653.4 404.0 619.4 367.4 large-vehicle 0
652.8 263.5 660.9 269.3 615.2 332.5 607.1 326.7 large-vehicle 0
310.5 218.4 314.2 223.1 272.1 256.8 268.3 252.2 large-vehicle 0
587.0 391.1 590.6 400.4 529.0 423.9 525.4 414.6 large-vehicle 0
569.6 354.5 577.2 361.0 521.4 426.5 513.8 420.0 large-vehicle 0
559.5 324.0 564.4 327.5 516.5 394.0 511.6 390.5 large-vehicle 0
550.9 322.3 555.1 326.7 496.1 383.7 491.9 379.3 large-vehicle 0
645.8 240.8 653.6 247.0 605.2 308.2 597.4 302.0 large-vehicle 0
523.8 280.4 537.6 297.5 483.2 341.6 469.4 324.5 large-vehicle 0
620.2 196.8 635.0 207.0 590.8 271.2 576.0 261.0 large-vehicle 0
566.1 140.7 609.1 166.1 581.6 212.6 538.6 187.1 large-vehicle 0
502.3 240.1 510.0 246.5 460.7 306.9 453.0 300.5 large-vehicle 0
502.3 224.9 508.6 232.7 444.7 284.1 438.4 276.3 large-vehicle 0
479.8 199.5 484.8 202.7 440.7 271.9 435.7 268.6 large-vehicle 0
471.4 206.3 475.2 210.9 420.6 254.7 416.8 250.1 large-vehicle 0
309.2 231.4 314.2 234.7 286.8 276.6 281.8 273.3 large-vehicle 0
