6.8 69.0 18.7 55.4 41.3 75.2 29.4 88.7 small-vehicle 0
156.5 533.8 166.4 532.7 171.8 578.4 161.9 579.5 small-vehicle 0
190.3 541.9 199.0 546.8 176.4 586.9 167.7 582.0 small-vehicle 0
208.6 554.7 216.2 561.3 191.4 590.1 183.9 583.5 small-vehicle 0
242.9 613.6 253.0 576.9 266.5 580.6 256.4 617.3 small-vehicle 0
273.4 584.5 282.9 587.4 270.6 627.5 261.1 624.6 small-vehicle 0
346.7 609.0 368.3 623.4 349.4 651.7 327.8 637.2 small-vehicle 0
390.8 629.5 420.2 635.6 412.4 672.8 383.1 666.7 small-vehicle 0
147.3 648.9 155.3 655.0 134.7 682.1 126.7 676.0 small-vehicle 0
146.5 655.3 151.7 652.4 172.4 688.9 167.2 691.8 small-vehicle 0
194.3 659.8 203.3 675.4 163.5 698.4 154.5 682.8 small-vehicle 0
196.3 698.9 222.5 671.4 232.7 681.1 206.5 708.6 small-vehicle 0
219.4 710.4 236.7 676.6 249.1 683.0 231.8 716.8 small-vehicle 0
246.3 699.5 250.9 695.7 259.7 706.5 255.1 710.3 small-vehicle 0
252.4 720.8 281.5 690.5 291.6 700.2 262.5 730.5 small-vehicle 0
299.8 702.7 306.7 709.9 276.3 738.9 269.4 731.6 small-vehicle 0
295.7 721.7 303.7 715.8 319.1 736.7 311.1 742.6 small-vehicle 0
356.6 719.0 368.1 742.3 330.4 761.0 318.9 737.7 small-vehicle 0
450.4 248.0 504.3 245.0 509.7 342.8 455.8 345.8 large-vehicle 0
558.6 279.0 592.6 278.3 594.4 372.3 560.4 373.0 large-vehicle 0
278.2 410.3 306.8 391.8 334.0 433.7 305.4 452.2 large-vehicle 0
278.2 462.6 291.1 475.2 258.9 508.1 246.0 495.5 large-vehicle 0
278.4 507.4 286.3 501.3 302.1 522.0 294.2 528.0 large-vehicle 0
342.3 480.0 357.4 489.7 302.2 575.5 287.1 565.7 large-vehicle 0
389.9 506.5 397.9 518.0 370.1 537.5 362.1 526.0 large-vehicle 0
442.2 502.8 451.0 513.7 349.8 595.2 341.0 584.3 large-vehicle 0
425.2 567.6 425.3 581.6 399.3 581.8 399.2 567.8 large-vehicle 0
481.5 547.7 493.3 561.2 416.6 628.4 404.8 614.9 large-vehicle 0
626.5 306.6 640.0 302.9 666.5 401.4 653.0 405.1 large-vehicle 0
666.3 322.0 684.0 319.2 698.7 412.0 681.0 414.8 large-vehicle 0
751.3 365.7 796.2 355.7 817.7 451.3 772.8 461.3 large-vehicle 0
985.3 973.0 1006.9 958.6 1019.1 976.9 997.4 991.3 large-vehicle 0
332.9 708.9 341.6 713.9 322.6 746.8 314.0 741.9 small-vehicle 0
352.8 762.1 389.8 734.9 405.2 755.9 368.2 783.1 small-vehicle 0
677.8 852.2 687.5 854.6 677.3 895.4 667.6 892.9 small-vehicle 0
639.3 874.3 667.8 849.2 677.1 859.7 648.6 884.8 small-vehicle 0
576.7 823.1 582.4 821.4 592.3 853.9 586.6 855.6 small-vehicle 0
548.5 811.1 553.5 807.7 583.7 852.5 578.7 855.9 small-vehicle 0
546.4 812.7 556.2 814.5 550.7 844.0 540.9 842.2 small-vehicle 0
541.8 800.8 548.0 808.6 518.2 832.2 512.0 824.4 small-vehicle 0
497.0 816.0 516.3 793.0 527.0 802.0 507.7 825.0 small-vehicle 0
446.4 758.2 464.0 777.3 433.1 805.8 415.5 786.6 small-vehicle 0
404.5 757.3 409.6 754.0 434.5 792.7 429.4 796.0 small-vehicle 0
695.0 746.5 722.2 766.9 697.0 800.5 669.8 780.1 small-vehicle 0
767.1 772.6 780.4 777.2 765.3 820.6 752.1 816.0 small-vehicle 0
449.0 661.7 478.0 669.3 468.4 706.1 439.4 698.5 small-vehicle 0
767.2 813.2 787.5 776.4 813.8 790.8 793.5 827.6 small-vehicle 0
868.7 806.7 888.3 834.5 850.7 861.0 831.1 833.2 small-vehicle 0
881.2 819.5 908.2 832.7 889.8 870.5 862.8 857.3 small-vehicle 0
272.6 77.0 318.8 49.1 369.4 133.0 323.2 160.9 large-vehicle 0
