185.8 325.7 213.4 345.6 163.2 415.3 135.6 395.4 large-vehicle 0
215.1 332.9 227.5 339.3 180.9 430.1 168.5 423.7 large-vehicle 0
259.0 352.1 287.0 371.5 231.0 451.9 203.0 432.5 large-vehicle 0
143.1 413.7 180.1 433.5 133.7 519.9 96.7 500.0 large-vehicle 0
196.8 434.4 226.2 451.5 177.1 536.3 147.6 519.2 large-vehicle 0
216.6 464.0 229.5 469.5 205.1 526.5 192.3 521.0 large-vehicle 0
249.4 448.3 262.4 453.5 221.6 555.7 208.6 550.5 large-vehicle 0
209.0 564.3 221.9 569.6 198.3 626.9 185.4 621.6 large-vehicle 0
196.8 547.1 208.6 554.6 158.2 633.9 146.4 626.4 large-vehicle 0
165.6 531.9 193.9 550.8 141.7 629.0 113.4 610.1 large-vehicle 0
173.2 637.2 208.0 652.5 166.8 745.8 132.0 730.5 large-vehicle 0
248.1 736.2 258.5 721.5 390.9 814.8 380.5 829.5 large-vehicle 0
261.7 789.5 268.6 777.3 364.3 831.5 357.4 843.7 large-vehicle 0
245.1 815.2 251.5 802.7 352.9 854.8 346.5 867.3 large-vehicle 0
-4.1 836.8 3.2 824.8 80.0 871.8 72.7 883.7 large-vehicle 0
-8.9 871.5 -3.6 858.6 64.9 886.5 59.6 899.4 large-vehicle 0
629.2 90.2 635.9 97.6 604.8 125.8 598.1 118.4 small-vehicle 0
535.6 137.7 544.2 142.8 514.6 192.7 506.0 187.6 small-vehicle 0
480.8 162.2 489.7 166.7 467.3 211.4 458.4 206.9 small-vehicle 0
457.4 158.2 466.2 163.0 446.1 199.9 437.3 195.1 small-vehicle 0
477.2 119.5 485.3 125.2 465.7 153.0 457.5 147.2 small-vehicle 0
515.0 124.9 535.0 141.5 498.0 186.1 478.0 169.5 small-vehicle 0
425.6 142.9 434.5 147.5 411.7 192.0 402.8 187.4 small-vehicle 0
436.8 116.1 462.5 112.3 468.2 149.9 442.5 153.7 small-vehicle 0
404.0 148.9 412.4 154.3 396.1 179.5 387.8 174.1 small-vehicle 0
420.4 98.4 429.6 102.3 410.1 148.3 400.9 144.4 small-vehicle 0
437.1 108.8 443.6 138.1 429.9 141.2 423.4 111.9 small-vehicle 0
567.0 53.0 576.1 57.2 558.6 95.4 549.5 91.2 small-vehicle 0
576.1 62.2 586.1 61.6 588.6 99.5 578.7 100.1 small-vehicle 0
550.5 45.9 559.2 50.8 538.4 87.3 529.7 82.4 small-vehicle 0
531.4 42.3 539.9 47.6 519.6 79.7 511.1 74.4 small-vehicle 0
511.2 33.6 520.6 37.1 505.8 76.4 496.4 72.9 small-vehicle 0
497.8 27.6 506.4 32.6 485.4 69.0 476.8 64.0 small-vehicle 0
475.8 19.2 485.1 22.9 471.0 58.2 461.7 54.5 small-vehicle 0
457.9 13.1 466.4 18.4 444.1 53.9 435.6 48.6 small-vehicle 0
987.1 74.6 1040.3 126.0 1013.9 153.4 960.7 102.0 small-vehicle 0
554.9 153.9 563.0 159.8 535.9 197.0 527.8 191.1 small-vehicle 0
644.2 102.8 650.9 110.2 616.8 141.2 610.1 133.8 small-vehicle 0
658.4 115.8 665.8 122.5 635.0 156.7 627.6 150.0 small-vehicle 0
659.3 252.3 666.9 258.7 639.7 290.7 632.1 284.3 small-vehicle 0
644.7 245.6 651.2 253.2 622.5 278.1 616.0 270.6 small-vehicle 0
619.8 274.6 626.3 282.3 594.2 309.4 587.7 301.7 small-vehicle 0
601.5 261.5 609.6 267.5 586.9 297.9 578.9 292.0 small-vehicle 0
636.1 236.1 640.0 245.3 604.9 259.9 601.0 250.7 small-vehicle 0
583.0 248.3 590.7 254.7 574.0 274.7 566.3 268.3 small-vehicle 0
619.8 212.1 627.0 219.1 592.2 254.9 585.0 247.9 small-vehicle 0
747.0 250.5 772.3 234.4 790.5 263.1 765.2 279.2 small-vehicle 0
754.6 214.2 762.8 219.9 743.4 247.8 735.2 242.1 small-vehicle 0
745.0 193.5 752.6 200.0 717.5 241.0 709.9 234.5 small-vehicle 0
727.4 178.7 735.4 184.7 707.7 221.5 699.7 215.5 small-vehicle 0
598.6 207.0 605.4 214.3 586.4 232.0 579.6 224.7 small-vehicle 0
582.1 235.5 584.9 240.8 540.9 264.5 538.1 259.2 small-vehicle 0
555.0 224.4 562.6 230.9 543.0 253.6 535.4 247.1 small-vehicle 0
584.4 179.5 593.3 184.1 566.6 235.5 557.7 230.9 small-vehicle 0
543.5 205.1 550.7 212.1 518.5 244.9 511.3 237.9 small-vehicle 0
577.8 171.0 585.1 177.9 545.2 220.0 537.9 213.1 small-vehicle 0
713.7 170.7 720.7 178.0 693.3 204.3 686.3 197.0 small-vehicle 0
700.2 156.5 707.3 163.5 677.8 193.5 670.7 186.5 small-vehicle 0
694.5 145.5 698.7 154.5 653.5 175.7 649.2 166.7 small-vehicle 0
675.1 128.4 681.7 135.9 647.2 166.3 640.6 158.8 small-vehicle 0
676.6 265.0 684.0 271.6 653.5 306.0 646.0 299.3 small-vehicle 0
630.3 287.3 638.2 293.4 612.7 326.7 604.8 320.6 small-vehicle 0
649.1 296.7 656.8 303.1 629.9 335.3 622.2 328.9 small-vehicle 0
344.9 129.0 353.8 133.6 340.0 160.3 331.1 155.7 small-vehicle 0
386.1 86.5 394.6 91.8 368.2 134.2 359.7 128.9 small-vehicle 0
405.2 96.3 412.8 102.8 382.8 137.7 375.2 131.2 small-vehicle 0
359.7 132.7 365.5 131.3 372.2 160.6 366.4 161.9 small-vehicle 0
386.3 142.0 394.7 147.4 378.4 172.6 370.0 167.2 small-vehicle 0
251.3 184.8 258.9 191.2 231.7 223.2 224.1 216.8 small-vehicle 0
268.4 188.9 276.5 194.7 249.6 232.1 241.5 226.3 small-vehicle 0
272.9 193.6 282.9 193.4 284.1 239.4 274.1 239.6 small-vehicle 0
303.1 202.2 312.4 205.8 295.9 248.8 286.6 245.2 small-vehicle 0
337.4 215.5 352.8 224.9 330.9 260.7 315.5 251.3 small-vehicle 0
378.4 235.3 386.3 241.4 360.6 274.7 352.7 268.6 small-vehicle 0
403.4 245.6 410.2 252.9 376.3 284.0 369.6 276.7 small-vehicle 0
203.7 929.3 211.9 934.9 188.3 969.7 180.1 964.1 small-vehicle 0
218.6 941.6 227.6 946.0 212.4 976.4 203.4 972.0 small-vehicle 0
252.7 955.1 280.8 980.7 249.7 1014.7 221.7 989.0 small-vehicle 0
163.5 948.6 171.8 954.2 143.5 995.4 135.2 989.8 small-vehicle 0
176.6 966.2 184.8 971.9 165.4 999.8 157.2 994.1 small-vehicle 0
188.4 1008.2 203.8 982.4 229.6 997.8 214.2 1023.6 small-vehicle 0
367.3 75.4 376.2 80.0 349.7 131.6 340.8 127.0 small-vehicle 0
210.2 135.2 215.1 126.5 258.8 150.9 253.9 159.6 small-vehicle 0
218.0 115.3 222.9 106.5 263.1 129.0 258.2 137.7 small-vehicle 0
251.3 36.5 285.0 40.7 282.8 58.6 249.1 54.3 small-vehicle 0
271.4 56.8 275.3 61.4 249.5 83.6 245.6 79.0 small-vehicle 0
221.6 103.4 224.2 93.7 276.4 107.6 273.8 117.3 small-vehicle 0
660.7 312.7 668.1 319.5 642.3 347.3 634.9 340.5 small-vehicle 0
660.9 428.6 668.3 435.3 634.6 472.3 627.2 465.6 small-vehicle 0
666.6 448.8 675.0 454.2 654.4 486.2 646.0 480.8 small-vehicle 0
597.1 429.3 627.5 406.5 635.9 417.7 605.5 440.5 small-vehicle 0
613.2 397.9 619.9 405.3 588.6 433.4 581.9 425.9 small-vehicle 0
566.9 352.6 574.3 359.3 546.1 390.4 538.7 383.7 small-vehicle 0
526.4 371.0 544.8 342.4 556.6 350.0 538.2 378.6 small-vehicle 0
509.6 344.9 541.8 333.9 546.4 347.1 514.2 358.1 small-vehicle 0
525.5 314.1 532.3 321.4 501.5 349.9 494.7 342.6 small-vehicle 0
477.0 323.2 504.0 302.5 515.0 316.8 488.0 337.5 small-vehicle 0
716.6 372.9 724.2 379.3 707.4 399.1 699.8 392.7 small-vehicle 0
709.0 359.0 714.1 367.6 678.0 389.1 672.9 380.5 small-vehicle 0
751.7 333.7 759.1 340.5 725.3 377.3 717.9 370.5 small-vehicle 0
658.1 360.4 690.8 341.1 699.9 356.6 667.2 375.9 small-vehicle 0
729.4 323.7 737.4 329.7 709.6 366.3 701.6 360.3 small-vehicle 0
713.3 315.9 720.4 322.9 699.4 344.3 692.3 337.3 small-vehicle 0
700.3 294.1 709.2 298.7 689.7 335.9 680.8 331.3 small-vehicle 0
679.5 322.9 686.5 330.1 653.5 362.1 646.5 354.9 small-vehicle 0
663.5 306.9 682.9 284.0 693.5 293.1 674.1 316.0 small-vehicle 0
