376.3 781.4 439.3 761.4 484.6 904.4 421.7 924.3 harbor 0
481.3 771.0 502.0 778.5 487.7 818.0 467.0 810.5 harbor 0
481.9 736.3 501.6 719.3 597.1 829.7 577.4 846.7 harbor 0
583.0 754.2 584.8 755.0 584.0 756.8 582.2 756.0 harbor 0
631.8 694.2 653.4 698.2 644.9 743.4 623.2 739.4 harbor 0
613.6 562.4 751.1 721.1 719.4 748.6 581.9 589.9 harbor 0
673.4 619.4 706.0 592.9 805.6 715.6 773.0 742.1 harbor 0
701.8 523.3 721.4 506.3 859.2 664.7 839.6 681.7 harbor 0
753.8 485.4 922.1 617.7 901.1 644.4 732.8 512.2 harbor 0
791.0 456.6 811.7 440.8 937.0 604.4 916.3 620.2 harbor 0
827.3 461.5 857.9 417.1 984.7 504.5 954.1 548.9 harbor 0
875.2 385.4 915.8 344.0 1048.6 474.3 1008.0 515.7 harbor 0
288.9 834.8 335.1 799.6 430.8 925.3 384.6 960.5 harbor 0
241.3 863.1 279.9 831.3 367.7 937.9 329.1 969.7 harbor 0
160.2 871.1 179.9 848.6 313.8 965.9 294.1 988.4 harbor 0
154.4 909.7 194.2 896.4 231.6 1008.3 191.8 1021.6 harbor 0
73.4 887.3 87.4 876.0 186.3 999.2 172.3 1010.5 harbor 0
0.6 859.3 23.4 846.9 114.4 1013.7 91.6 1026.1 harbor 0
-25.3 964.7 2.9 923.5 60.7 963.0 32.4 1004.3 harbor 0
