989.6 219.1 998.7 215.1 1004.4 227.9 995.3 231.9 small-vehicle 0
857.0 111.5 876.6 88.7 902.4 110.9 882.8 133.6 large-vehicle 0
923.4 290.5 926.7 285.5 971.6 315.5 968.3 320.5 large-vehicle 0
967.6 305.6 969.8 311.2 923.4 329.6 921.1 324.0 large-vehicle 0
920.9 337.5 929.9 326.8 965.1 356.5 956.1 367.2 large-vehicle 0
995.9 404.5 1002.9 383.7 1035.1 394.5 1028.1 415.3 large-vehicle 0
955.9 388.9 956.1 394.9 910.1 396.1 909.9 390.1 large-vehicle 0
953.5 404.5 953.5 410.5 907.5 410.5 907.5 404.5 large-vehicle 0
947.6 414.5 953.8 422.3 908.4 458.5 902.2 450.7 large-vehicle 0
986.4 444.9 990.8 431.7 1030.6 445.1 1026.2 458.3 large-vehicle 0
898.4 459.8 943.5 450.8 947.8 472.4 902.7 481.3 large-vehicle 0
978.1 463.9 985.9 452.3 1034.0 484.7 1026.2 496.3 large-vehicle 0
899.3 481.9 902.9 477.2 945.7 510.1 942.1 514.8 large-vehicle 0
894.1 498.2 897.5 493.2 941.9 523.8 938.5 528.8 large-vehicle 0
983.1 507.3 987.3 502.9 1017.9 531.7 1013.7 536.1 large-vehicle 0
979.1 523.7 982.8 518.9 1019.2 547.0 1015.5 551.7 large-vehicle 0
967.1 599.0 976.3 574.7 1011.8 588.2 1002.6 612.5 large-vehicle 0
371.2 417.0 421.0 421.2 415.8 483.0 366.0 478.8 small-vehicle 0
932.3 540.2 935.0 545.5 886.7 569.8 884.0 564.5 large-vehicle 0
933.2 553.7 936.3 558.8 889.8 586.3 886.7 581.2 large-vehicle 0
885.1 594.4 897.6 571.6 944.9 597.6 932.4 620.4 large-vehicle 0
618.7 224.6 628.4 222.2 638.2 263.1 628.5 265.4 large-vehicle 0
796.0 496.8 804.7 485.8 844.0 516.8 835.3 527.8 large-vehicle 0
795.1 521.0 802.4 514.2 836.5 550.8 829.2 557.6 large-vehicle 0
780.7 563.3 802.0 536.8 841.0 568.0 819.7 594.6 large-vehicle 0
745.9 509.5 781.3 532.2 765.1 557.5 729.7 534.8 large-vehicle 0
619.9 539.6 646.2 492.4 675.9 508.9 649.6 556.1 large-vehicle 0
583.0 524.9 609.7 497.9 631.0 519.1 604.3 546.1 large-vehicle 0
559.9 487.4 581.9 467.0 605.0 492.0 583.0 512.4 large-vehicle 0
674.3 362.2 690.4 354.0 707.7 387.8 691.6 396.0 large-vehicle 0
661.3 357.0 670.8 353.7 680.7 382.0 671.2 385.3 large-vehicle 0
630.4 306.9 684.2 312.3 679.6 358.1 625.8 352.7 large-vehicle 0
674.4 209.2 679.5 206.0 697.2 235.0 692.1 238.2 large-vehicle 0
659.1 216.1 664.0 212.6 685.9 243.7 681.0 247.2 large-vehicle 0
643.1 217.2 648.1 213.8 674.3 251.6 669.4 255.0 large-vehicle 0
621.9 252.3 651.2 206.9 662.9 214.4 633.7 259.8 large-vehicle 0
598.1 255.8 608.5 219.3 621.9 223.2 611.5 259.7 large-vehicle 0
786.9 462.2 793.0 470.1 741.1 510.8 735.0 502.9 large-vehicle 0
791.2 437.4 796.4 446.0 743.5 478.2 738.2 469.7 large-vehicle 0
797.0 407.7 800.4 412.7 749.0 447.3 745.6 442.3 large-vehicle 0
762.0 319.9 766.3 315.7 807.0 357.1 802.7 361.3 large-vehicle 0
840.7 231.7 849.8 221.1 881.6 248.5 872.5 259.1 large-vehicle 0
776.0 242.3 778.6 236.9 820.1 256.9 817.5 262.3 large-vehicle 0
771.7 260.6 773.6 254.9 817.4 268.9 815.6 274.6 large-vehicle 0
835.9 264.4 843.4 252.5 878.9 274.9 871.4 286.8 large-vehicle 0
830.9 288.1 840.6 277.9 873.8 309.8 864.1 319.9 large-vehicle 0
826.5 318.6 830.0 313.7 867.5 340.4 864.0 345.3 large-vehicle 0
824.5 332.7 828.2 327.9 864.9 355.6 861.3 360.4 large-vehicle 0
751.8 415.1 752.2 409.1 794.2 411.9 793.8 417.9 large-vehicle 0
757.6 342.5 760.8 337.5 806.4 366.5 803.2 371.5 large-vehicle 0
759.3 367.3 760.3 361.4 801.7 368.7 800.7 374.6 large-vehicle 0
756.8 375.3 759.6 370.0 800.2 391.7 797.4 397.0 large-vehicle 0
818.2 372.8 822.6 368.6 854.3 401.9 849.9 406.1 large-vehicle 0
813.4 390.4 817.0 385.7 853.7 413.4 850.1 418.2 large-vehicle 0
753.9 385.0 757.6 380.3 797.1 411.0 793.4 415.7 large-vehicle 0
195.7 447.3 201.6 446.4 204.8 468.2 198.9 469.1 small-vehicle 0
161.5 471.4 192.4 417.6 204.5 424.6 173.6 478.4 small-vehicle 0
314.6 317.6 316.4 316.6 317.4 318.4 315.6 319.4 small-vehicle 0
294.4 311.2 299.5 307.9 313.6 329.8 308.5 333.1 small-vehicle 0
270.5 328.2 276.9 311.4 304.9 322.0 298.5 338.8 small-vehicle 0
224.2 335.0 242.7 323.2 258.9 348.4 240.4 360.3 small-vehicle 0
176.9 357.2 195.2 345.1 216.1 376.8 197.8 388.9 small-vehicle 0
195.3 421.2 200.2 417.8 212.8 435.9 207.8 439.3 small-vehicle 0
210.0 417.5 214.8 413.9 225.4 428.5 220.6 432.0 small-vehicle 0
244.4 397.8 250.0 400.0 236.0 435.3 230.4 433.1 small-vehicle 0
332.3 322.6 362.1 319.4 365.3 349.2 335.5 352.4 small-vehicle 0
447.4 427.8 465.4 427.0 466.5 453.0 448.5 453.8 small-vehicle 0
450.4 390.8 457.7 384.0 483.6 411.8 476.3 418.6 small-vehicle 0
458.8 364.9 484.7 363.1 486.0 381.0 460.1 382.9 small-vehicle 0
460.3 345.6 465.2 337.0 487.8 349.9 482.8 358.6 small-vehicle 0
465.6 311.9 482.6 305.8 492.7 334.0 475.8 340.1 small-vehicle 0
396.6 281.4 418.2 267.0 441.5 301.9 419.9 316.3 small-vehicle 0
345.5 354.4 350.7 351.4 375.3 395.0 370.0 398.0 small-vehicle 0
239.0 404.9 242.6 400.1 269.8 420.6 266.1 425.4 small-vehicle 0
327.7 355.8 332.5 352.2 369.2 402.2 364.4 405.8 small-vehicle 0
232.1 436.9 242.0 438.3 238.9 460.1 229.0 458.7 small-vehicle 0
208.9 444.6 225.4 437.4 234.2 457.5 217.7 464.7 small-vehicle 0
204.3 448.3 209.4 445.3 220.5 464.3 215.4 467.3 small-vehicle 0
284.8 376.0 313.9 358.4 343.9 408.1 314.8 425.7 small-vehicle 0
261.0 387.2 282.3 381.8 292.7 422.5 271.4 427.9 small-vehicle 0
414.3 129.2 453.9 186.9 379.7 237.8 340.1 180.1 large-vehicle 0
