123.4 593.1 136.7 597.3 127.6 625.9 114.3 621.7 large-vehicle 0
102.5 583.1 115.3 588.8 96.5 630.8 83.7 625.1 large-vehicle 0
124.5 534.4 154.1 551.0 133.5 587.6 103.9 571.0 large-vehicle 0
98.5 567.5 102.9 571.5 82.5 593.5 78.1 589.5 large-vehicle 0
106.6 544.7 110.6 549.2 70.4 585.3 66.4 580.8 large-vehicle 0
99.3 518.0 107.0 524.4 72.4 565.9 64.8 559.5 large-vehicle 0
119.3 484.9 124.0 488.6 102.7 515.1 98.0 511.4 large-vehicle 0
131.0 484.3 144.8 486.2 138.0 535.7 124.2 533.8 large-vehicle 0
53.3 690.5 83.3 690.0 83.8 720.0 53.8 720.5 large-vehicle 0
20.4 897.6 119.1 871.9 123.6 889.4 24.9 915.1 large-vehicle 0
63.4 831.2 69.0 829.2 77.6 853.8 72.0 855.8 large-vehicle 0
47.0 822.8 52.7 820.9 71.1 875.9 65.4 877.8 large-vehicle 0
55.8 779.6 85.8 781.2 84.2 811.1 54.2 809.6 large-vehicle 0
105.3 745.7 111.0 747.7 91.7 802.3 86.0 800.3 large-vehicle 0
63.2 736.9 88.1 744.2 81.9 765.3 56.9 758.0 large-vehicle 0
87.6 712.1 112.8 718.6 107.4 739.9 82.2 733.4 large-vehicle 0
118.9 691.6 124.7 693.4 118.1 714.4 112.3 712.6 large-vehicle 0
124.9 682.8 130.8 681.8 138.0 723.2 132.1 724.2 large-vehicle 0
89.3 644.8 103.3 645.2 101.7 707.2 87.7 706.8 large-vehicle 0
107.6 637.6 142.8 652.0 134.5 672.3 99.3 658.0 large-vehicle 0
42.0 633.4 67.4 627.8 79.0 680.6 53.6 686.2 large-vehicle 0
25.8 663.5 45.9 680.0 19.2 712.5 -0.9 696.0 large-vehicle 0
113.3 765.8 119.0 767.7 109.7 796.2 104.0 794.3 large-vehicle 0
108.6 955.0 114.6 955.0 114.4 989.0 108.4 989.0 large-vehicle 0
102.4 952.7 107.9 955.0 94.6 986.3 89.1 984.0 large-vehicle 0
89.1 951.1 94.6 953.7 81.9 980.9 76.4 978.3 large-vehicle 0
118.3 896.0 124.0 897.9 105.7 953.0 100.0 951.1 large-vehicle 0
103.7 903.0 109.0 905.9 94.3 932.0 89.0 929.1 large-vehicle 0
83.6 900.3 89.6 900.8 87.4 930.7 81.4 930.2 large-vehicle 0
111.4 860.7 117.3 862.0 110.6 891.3 104.7 890.0 large-vehicle 0
98.9 857.7 104.5 860.0 96.1 880.3 90.5 878.0 large-vehicle 0
113.0 813.8 118.7 815.8 109.0 844.2 103.3 842.2 large-vehicle 0
101.2 811.7 106.2 815.1 93.8 833.3 88.8 829.9 large-vehicle 0
100.6 461.0 111.1 475.7 86.7 493.1 76.2 478.5 small-vehicle 0
102.3 363.8 108.8 371.4 82.7 393.2 76.2 385.6 small-vehicle 0
72.7 392.9 87.7 402.8 77.8 417.8 62.8 407.9 small-vehicle 0
97.9 390.9 108.9 405.1 82.1 426.1 71.1 411.9 small-vehicle 0
94.4 419.7 106.1 433.4 83.2 452.8 71.5 439.0 small-vehicle 0
114.3 410.4 126.0 418.2 116.0 433.2 104.3 425.4 small-vehicle 0
77.8 419.8 83.1 422.6 69.0 449.1 63.7 446.3 small-vehicle 0
68.6 415.1 72.9 419.3 52.0 440.9 47.7 436.7 small-vehicle 0
47.6 406.4 49.5 406.1 53.3 427.8 51.3 428.1 small-vehicle 0
59.3 447.6 64.7 450.3 53.1 473.6 47.7 470.9 small-vehicle 0
82.2 453.9 83.1 455.6 56.4 469.2 55.5 467.4 small-vehicle 0
79.5 455.0 85.5 454.7 86.7 480.7 80.7 481.0 small-vehicle 0
93.1 431.0 110.5 435.5 103.9 460.7 86.5 456.1 small-vehicle 0
121.8 445.9 123.7 451.6 95.2 461.1 93.3 455.4 small-vehicle 0
100.2 343.1 104.8 347.0 85.6 370.0 81.0 366.2 small-vehicle 0
75.0 480.5 79.1 484.9 60.0 502.5 55.9 498.1 small-vehicle 0
80.2 489.4 89.5 504.8 74.1 514.1 64.8 498.7 small-vehicle 0
54.5 510.6 72.5 511.4 71.5 537.4 53.5 536.6 small-vehicle 0
52.7 503.6 63.4 512.7 51.7 526.4 41.0 517.3 small-vehicle 0
38.0 845.9 57.7 855.8 46.0 879.1 26.3 869.2 small-vehicle 0
39.6 879.7 53.3 882.2 49.3 903.9 35.5 901.3 small-vehicle 0
38.6 933.3 56.6 934.8 54.4 960.7 36.4 959.2 small-vehicle 0
41.1 961.4 58.6 965.4 51.9 994.6 34.4 990.6 small-vehicle 0
45.7 1005.1 47.7 1005.5 47.2 1007.5 45.3 1007.0 small-vehicle 0
118.3 342.8 126.4 358.9 99.5 372.3 91.5 356.2 small-vehicle 0
85.6 341.2 86.4 359.2 72.4 359.8 71.6 341.8 small-vehicle 0
115.4 232.9 129.7 243.8 116.4 261.3 102.1 250.4 small-vehicle 0
88.7 201.0 101.1 214.1 82.3 232.0 69.9 218.9 small-vehicle 0
50.5 184.7 104.1 223.2 79.5 257.3 25.9 218.8 small-vehicle 0
49.5 230.9 63.8 241.8 50.4 259.3 36.1 248.3 small-vehicle 0
96.5 226.3 100.8 230.5 74.4 257.9 70.1 253.7 small-vehicle 0
62.8 219.5 82.5 265.5 69.6 271.0 49.9 225.0 small-vehicle 0
23.7 257.5 73.5 262.7 70.8 288.6 21.0 283.4 small-vehicle 0
40.0 286.0 62.0 286.6 61.6 304.6 39.6 304.0 small-vehicle 0
70.5 252.3 83.6 264.7 68.5 280.7 55.4 268.3 small-vehicle 0
84.6 258.1 89.9 261.0 81.4 276.9 76.1 274.0 small-vehicle 0
56.7 267.9 89.0 306.1 78.3 315.1 46.0 276.9 small-vehicle 0
53.2 302.5 64.3 311.1 50.8 328.5 39.7 319.9 small-vehicle 0
131.1 244.8 136.3 247.9 126.9 263.2 121.7 260.1 small-vehicle 0
115.4 267.0 120.2 270.5 109.6 285.0 104.8 281.5 small-vehicle 0
101.8 262.3 107.0 265.4 97.6 280.8 92.5 277.7 small-vehicle 0
130.3 269.9 135.2 273.3 125.1 288.1 120.1 284.7 small-vehicle 0
108.0 285.4 112.2 289.7 87.8 313.4 83.6 309.1 small-vehicle 0
114.6 294.9 119.6 298.3 109.4 313.1 104.4 309.7 small-vehicle 0
126.7 298.9 132.1 301.6 124.1 317.7 118.7 315.1 small-vehicle 0
86.0 305.3 97.0 314.0 76.0 340.7 65.0 332.0 small-vehicle 0
102.0 315.5 104.8 333.3 91.0 335.5 88.2 317.7 small-vehicle 0
114.5 320.5 119.0 324.4 101.9 344.0 97.4 340.0 small-vehicle 0
123.7 324.3 132.9 328.2 125.9 344.8 116.7 340.9 small-vehicle 0
69.7 336.9 74.2 340.9 59.6 357.3 55.1 353.3 small-vehicle 0
58.5 323.7 68.6 333.5 53.3 349.3 43.2 339.6 small-vehicle 0
560.6 680.7 562.9 686.3 531.4 699.3 529.1 693.7 small-vehicle 0
550.4 483.2 555.1 487.0 531.6 516.8 526.9 513.0 small-vehicle 0
585.8 487.4 609.7 497.7 604.2 510.6 580.3 500.3 small-vehicle 0
581.5 472.3 603.3 475.3 602.0 485.2 580.2 482.2 small-vehicle 0
525.6 482.1 540.6 492.1 530.6 507.0 515.7 497.1 small-vehicle 0
544.9 463.3 550.2 466.2 541.7 482.0 536.4 479.2 small-vehicle 0
573.6 458.9 599.5 457.2 600.4 471.1 574.5 472.8 small-vehicle 0
590.1 438.7 594.4 443.0 575.9 461.3 571.6 457.0 small-vehicle 0
529.1 458.3 535.0 459.6 530.9 477.2 525.1 475.8 small-vehicle 0
524.1 424.3 546.7 437.1 537.9 452.7 515.3 439.9 small-vehicle 0
455.0 521.8 469.4 532.6 458.6 547.0 444.2 536.1 small-vehicle 0
469.9 498.8 482.2 511.9 469.1 524.2 456.8 511.1 small-vehicle 0
484.0 481.0 493.6 483.6 489.0 501.0 479.4 498.4 small-vehicle 0
456.9 489.0 472.2 479.7 479.5 491.6 464.2 501.0 small-vehicle 0
455.6 479.0 460.8 482.1 449.4 501.0 444.2 497.9 small-vehicle 0
470.2 450.9 482.7 463.9 466.8 479.1 454.3 466.1 small-vehicle 0
497.9 423.3 502.2 427.5 473.1 457.7 468.8 453.5 small-vehicle 0
462.1 444.6 467.0 448.1 442.9 482.4 438.0 478.9 small-vehicle 0
475.0 428.6 479.5 432.7 464.7 449.0 460.3 445.0 small-vehicle 0
521.6 404.6 547.6 406.4 546.4 424.4 520.4 422.6 small-vehicle 0
594.9 422.0 599.6 425.8 588.2 439.7 583.6 435.9 small-vehicle 0
595.8 401.1 600.4 404.9 581.2 427.9 576.6 424.1 small-vehicle 0
591.3 392.0 595.0 396.7 574.7 413.0 571.0 408.3 small-vehicle 0
584.3 374.6 589.2 378.0 570.0 406.0 565.0 402.6 small-vehicle 0
479.4 402.7 483.6 407.1 459.0 430.6 454.8 426.2 small-vehicle 0
488.6 383.1 493.3 386.9 479.4 403.9 474.7 400.1 small-vehicle 0
502.4 360.5 507.6 363.5 496.6 382.5 491.4 379.5 small-vehicle 0
459.9 400.1 465.2 402.9 456.5 418.7 451.3 415.8 small-vehicle 0
530.3 513.9 534.8 517.9 520.1 534.3 515.7 530.4 small-vehicle 0
606.4 503.7 609.7 508.7 584.6 525.3 581.3 520.3 small-vehicle 0
581.4 529.5 608.6 516.8 614.5 529.4 587.4 542.2 small-vehicle 0
586.3 575.3 614.1 564.0 619.4 577.0 591.6 588.3 small-vehicle 0
598.4 646.8 601.1 641.4 624.4 652.9 621.8 658.3 small-vehicle 0
530.9 671.3 544.7 682.9 533.1 696.7 519.3 685.1 small-vehicle 0
550.6 653.9 555.7 657.1 546.3 672.4 541.1 669.3 small-vehicle 0
510.3 654.6 514.1 650.0 546.3 676.9 542.5 681.5 small-vehicle 0
512.8 653.0 518.6 654.6 509.4 687.3 503.6 685.7 small-vehicle 0
525.3 635.1 563.3 637.2 562.5 651.2 524.6 649.1 small-vehicle 0
571.9 619.0 583.0 627.5 562.4 654.5 551.3 646.0 small-vehicle 0
600.0 612.8 621.5 617.7 619.2 627.4 597.8 622.5 small-vehicle 0
598.6 635.7 622.7 626.0 626.4 635.3 602.3 645.0 small-vehicle 0
575.8 596.9 579.6 601.6 556.1 620.3 552.3 615.6 small-vehicle 0
597.2 605.4 618.3 599.2 621.1 608.7 600.0 615.0 small-vehicle 0
596.4 581.2 621.2 588.9 617.1 602.3 592.3 594.6 small-vehicle 0
545.5 602.8 558.2 615.5 545.5 628.2 532.8 615.5 small-vehicle 0
592.3 540.3 597.1 536.6 605.7 547.7 600.9 551.4 small-vehicle 0
565.9 585.5 569.8 590.1 556.0 601.7 552.1 597.1 small-vehicle 0
515.6 618.5 531.9 625.9 522.8 645.9 506.5 638.5 small-vehicle 0
538.1 597.4 543.0 600.9 529.9 618.6 525.0 615.1 small-vehicle 0
557.4 573.7 561.5 578.0 545.6 593.3 541.5 589.0 small-vehicle 0
515.8 593.0 529.2 596.8 523.2 618.0 509.8 614.2 small-vehicle 0
533.4 573.2 539.4 573.8 537.6 591.8 531.6 591.2 small-vehicle 0
557.7 546.1 562.2 550.1 539.5 575.4 535.0 571.4 small-vehicle 0
589.4 552.2 615.4 551.8 615.6 565.8 589.6 566.2 small-vehicle 0
517.9 562.8 534.9 568.8 526.2 593.3 509.3 587.3 small-vehicle 0
534.3 547.0 540.3 546.2 542.7 564.0 536.7 564.8 small-vehicle 0
521.5 539.4 536.1 550.0 525.5 564.6 510.9 554.0 small-vehicle 0
537.8 521.0 543.6 522.5 539.0 539.9 533.2 538.4 small-vehicle 0
480.4 376.1 484.3 380.6 467.6 394.9 463.7 390.4 small-vehicle 0
492.5 353.9 496.3 358.5 482.5 370.1 478.7 365.5 small-vehicle 0
558.6 367.2 588.5 365.1 589.5 379.1 559.5 381.2 small-vehicle 0
484.1 158.5 489.2 161.8 474.9 183.5 469.8 180.2 small-vehicle 0
466.3 185.1 467.7 179.3 500.7 187.7 499.2 193.5 small-vehicle 0
577.5 346.8 581.7 351.0 560.5 372.2 556.3 368.0 small-vehicle 0
477.1 279.5 481.4 283.7 468.9 296.5 464.6 292.3 small-vehicle 0
555.7 336.3 572.6 342.5 562.3 370.7 545.4 364.5 small-vehicle 0
467.5 363.6 477.2 373.8 458.3 391.6 448.7 381.5 small-vehicle 0
482.9 346.9 486.4 351.8 475.1 360.1 471.6 355.2 small-vehicle 0
453.4 340.5 473.7 348.9 463.7 372.9 443.4 364.5 small-vehicle 0
486.9 326.5 489.6 331.8 462.9 345.4 460.2 340.0 small-vehicle 0
476.7 309.6 480.6 314.1 455.0 336.5 451.1 332.0 small-vehicle 0
484.3 283.0 496.2 296.5 479.7 311.0 467.8 297.5 small-vehicle 0
574.4 314.0 579.2 317.5 568.6 332.0 563.8 328.5 small-vehicle 0
568.0 303.4 572.5 307.4 555.0 326.6 550.5 322.6 small-vehicle 0
536.9 308.6 540.7 291.0 573.9 298.2 570.1 315.8 small-vehicle 0
442.5 325.4 450.1 331.9 438.5 345.6 430.9 339.1 small-vehicle 0
463.1 300.6 467.4 304.8 451.9 320.4 447.6 316.2 small-vehicle 0
462.6 284.7 466.3 289.4 433.4 315.4 429.6 310.7 small-vehicle 0
498.1 184.4 502.3 188.6 478.1 212.5 473.9 208.2 small-vehicle 0
557.1 277.7 561.3 281.9 542.9 300.3 538.7 296.1 small-vehicle 0
557.6 274.8 557.6 280.8 531.6 280.8 531.6 274.8 small-vehicle 0
529.9 256.6 551.9 256.7 551.8 270.7 529.8 270.6 small-vehicle 0
546.0 239.5 549.5 244.4 528.2 259.3 524.8 254.4 small-vehicle 0
537.6 226.0 542.0 230.1 521.4 252.0 517.0 247.9 small-vehicle 0
525.3 217.7 530.4 220.8 514.7 246.3 509.6 243.2 small-vehicle 0
456.9 262.1 463.5 269.6 431.9 297.3 425.3 289.8 small-vehicle 0
469.6 239.8 474.7 243.0 454.4 275.2 449.3 272.0 small-vehicle 0
463.4 232.3 467.3 237.0 444.1 256.0 440.3 251.4 small-vehicle 0
514.6 197.5 518.0 202.4 493.4 219.5 490.0 214.6 small-vehicle 0
450.2 221.9 454.9 225.7 423.4 264.5 418.8 260.7 small-vehicle 0
517.7 213.5 520.6 218.8 501.2 229.3 498.4 224.0 small-vehicle 0
568.6 657.4 572.5 661.9 556.0 676.3 552.0 671.8 small-vehicle 0
573.8 669.0 578.7 672.5 568.0 687.0 563.1 683.5 small-vehicle 0
613.8 658.6 615.6 659.5 611.2 668.4 609.4 667.5 small-vehicle 0
510.0 1005.6 520.9 1014.4 507.0 1031.4 496.1 1022.6 small-vehicle 0
542.2 1000.1 548.1 998.6 552.4 1016.1 546.5 1017.5 small-vehicle 0
542.5 990.8 546.7 995.2 521.9 1018.5 517.8 1014.1 small-vehicle 0
575.1 966.4 579.7 970.2 552.9 1002.6 548.3 998.8 small-vehicle 0
560.5 967.7 564.4 972.3 538.5 994.3 534.6 989.7 small-vehicle 0
529.1 977.0 542.4 989.2 522.2 1011.3 508.9 999.2 small-vehicle 0
505.3 978.6 511.3 978.9 510.1 1008.8 504.1 1008.6 small-vehicle 0
492.9 973.0 509.0 980.9 499.4 1000.6 483.2 992.7 small-vehicle 0
555.7 955.2 559.1 960.1 528.0 981.9 524.5 977.0 small-vehicle 0
520.8 959.0 526.8 959.0 526.6 981.0 520.6 981.0 small-vehicle 0
512.4 953.6 517.8 956.1 508.8 976.2 503.3 973.7 small-vehicle 0
504.2 948.7 508.4 953.0 489.8 971.3 485.6 967.0 small-vehicle 0
604.2 941.9 626.2 941.1 626.8 959.1 604.8 959.9 small-vehicle 0
635.6 940.5 641.0 943.0 635.3 955.7 629.8 953.3 small-vehicle 0
663.8 929.7 668.4 933.6 643.8 962.5 639.2 958.6 small-vehicle 0
627.3 912.9 679.7 926.1 676.3 939.6 623.9 926.5 small-vehicle 0
604.5 910.1 663.4 929.3 659.1 942.6 600.1 923.4 small-vehicle 0
603.4 913.3 625.3 916.0 621.6 945.7 599.7 943.0 small-vehicle 0
614.2 904.4 639.6 899.0 642.5 912.7 617.1 918.1 small-vehicle 0
647.7 874.7 653.0 877.6 640.3 900.3 635.0 897.4 small-vehicle 0
609.3 961.8 631.0 965.4 628.7 979.2 607.0 975.6 small-vehicle 0
643.6 959.7 647.4 964.3 630.4 978.3 626.6 973.7 small-vehicle 0
615.3 982.0 632.0 988.8 625.2 1005.4 608.5 998.6 small-vehicle 0
656.8 960.9 661.6 964.6 643.1 988.2 638.4 984.5 small-vehicle 0
665.1 969.5 679.9 985.8 642.9 1019.5 628.1 1003.2 small-vehicle 0
639.7 988.0 643.7 992.4 627.3 1007.0 623.3 1002.6 small-vehicle 0
561.9 933.8 567.0 937.1 557.1 952.2 552.0 948.9 small-vehicle 0
543.9 968.2 564.4 864.1 578.1 866.8 557.6 970.9 small-vehicle 0
541.6 911.7 561.0 966.4 547.8 971.1 528.4 916.4 small-vehicle 0
628.0 729.7 631.6 734.4 611.0 750.3 607.4 745.6 small-vehicle 0
558.2 794.0 562.6 798.0 547.7 814.2 543.3 810.2 small-vehicle 0
580.7 761.3 585.2 765.2 557.6 796.8 553.1 792.9 small-vehicle 0
539.5 791.2 544.5 794.5 534.5 809.5 529.5 806.1 small-vehicle 0
525.9 789.1 531.3 791.9 523.1 807.9 517.7 805.1 small-vehicle 0
554.2 762.8 568.2 774.2 556.8 788.2 542.8 776.8 small-vehicle 0
573.8 745.1 578.5 748.9 567.1 762.9 562.5 759.1 small-vehicle 0
510.6 787.1 516.1 789.5 508.9 806.0 503.4 803.6 small-vehicle 0
524.5 731.1 537.7 812.0 523.9 814.3 510.7 733.3 small-vehicle 0
504.3 753.6 521.5 758.8 511.7 791.4 494.5 786.2 small-vehicle 0
545.7 737.7 550.0 741.8 534.8 757.7 530.5 753.5 small-vehicle 0
553.2 741.6 559.1 742.4 556.5 760.3 550.6 759.4 small-vehicle 0
560.0 716.0 587.5 728.0 580.3 744.5 552.8 732.6 small-vehicle 0
632.4 736.9 637.3 740.4 617.6 768.1 612.7 764.6 small-vehicle 0
582.9 778.5 588.5 780.7 582.1 797.5 576.5 795.3 small-vehicle 0
638.8 758.1 641.0 763.7 616.9 773.5 614.7 768.0 small-vehicle 0
637.6 761.5 639.3 762.5 619.4 799.5 617.7 798.5 small-vehicle 0
519.5 741.9 521.5 741.5 525.5 759.1 523.5 759.5 small-vehicle 0
514.4 726.7 524.6 736.3 509.6 752.4 499.3 742.8 small-vehicle 0
526.8 730.8 545.4 707.3 556.4 716.0 537.7 739.5 small-vehicle 0
532.7 705.8 537.3 709.6 520.7 729.6 516.1 725.8 small-vehicle 0
504.3 706.3 521.0 692.0 532.7 705.7 516.0 720.0 small-vehicle 0
559.7 689.6 567.2 696.2 552.8 712.7 545.2 706.1 small-vehicle 0
624.2 701.5 629.2 704.8 612.3 729.7 607.3 726.3 small-vehicle 0
628.6 695.9 630.3 701.6 605.4 709.1 603.7 703.4 small-vehicle 0
620.4 678.1 625.0 682.0 605.6 704.9 601.0 701.0 small-vehicle 0
600.9 678.1 620.4 667.8 625.0 676.7 605.6 686.9 small-vehicle 0
615.3 792.8 640.2 785.3 644.2 798.7 619.3 806.2 small-vehicle 0
567.1 800.6 572.6 802.8 566.1 819.6 560.5 817.4 small-vehicle 0
526.0 929.2 531.9 930.3 527.0 955.8 521.1 954.7 small-vehicle 0
552.3 848.5 557.1 852.2 543.6 869.5 538.9 865.9 small-vehicle 0
512.8 922.3 518.7 923.1 515.5 948.8 509.5 948.1 small-vehicle 0
497.7 917.1 513.9 924.9 504.4 944.7 488.2 937.0 small-vehicle 0
541.0 902.8 557.0 911.1 545.0 934.2 529.0 925.9 small-vehicle 0
574.2 886.3 583.6 889.6 579.0 902.8 569.6 899.6 small-vehicle 0
561.4 885.9 565.8 889.9 553.6 903.1 549.2 899.1 small-vehicle 0
582.1 857.8 586.5 861.9 563.4 886.8 559.0 882.7 small-vehicle 0
534.2 895.6 539.8 897.9 528.2 925.6 522.7 923.3 small-vehicle 0
517.9 894.7 523.3 897.4 511.8 920.7 506.5 918.1 small-vehicle 0
509.0 890.0 513.7 893.8 500.0 911.0 495.3 907.2 small-vehicle 0
537.5 870.5 542.5 873.8 525.9 898.8 520.9 895.5 small-vehicle 0
560.8 875.1 563.5 880.4 533.2 895.9 530.5 890.6 small-vehicle 0
571.2 851.9 575.2 856.4 558.8 871.1 554.8 866.6 small-vehicle 0
616.8 853.2 636.0 870.7 623.9 884.0 604.7 866.5 small-vehicle 0
503.2 810.2 520.0 816.6 513.6 833.4 496.8 827.0 small-vehicle 0
641.5 866.3 645.8 870.4 622.1 894.8 617.8 890.6 small-vehicle 0
639.2 838.4 644.1 841.8 633.8 856.6 628.9 853.2 small-vehicle 0
616.1 834.9 631.1 844.8 618.9 863.1 603.9 853.2 small-vehicle 0
622.4 820.2 644.2 817.1 646.8 834.9 625.0 838.1 small-vehicle 0
530.8 866.5 533.8 871.7 511.2 884.5 508.2 879.3 small-vehicle 0
501.2 861.0 517.7 868.2 508.8 888.3 492.4 881.1 small-vehicle 0
547.6 843.6 550.2 848.9 523.4 862.4 520.8 857.1 small-vehicle 0
523.1 836.5 528.6 838.8 516.9 866.5 511.4 864.2 small-vehicle 0
500.0 834.9 517.7 837.9 514.6 855.7 496.9 852.6 small-vehicle 0
553.9 823.4 558.8 826.8 548.4 841.5 543.5 838.1 small-vehicle 0
547.8 815.6 551.6 820.2 525.2 841.7 521.4 837.0 small-vehicle 0
513.3 830.4 521.9 810.1 534.7 815.6 526.1 835.9 small-vehicle 0
426.3 961.8 461.7 984.4 419.7 1050.2 384.3 1027.6 large-vehicle 0
395.9 910.8 466.2 984.7 453.1 997.2 382.8 923.3 large-vehicle 0
454.1 904.0 461.3 911.0 448.9 924.0 441.7 917.0 large-vehicle 0
384.1 927.4 433.8 982.2 420.4 994.3 370.8 939.5 large-vehicle 0
428.8 916.4 433.9 919.7 424.0 934.8 419.0 931.5 large-vehicle 0
405.5 850.9 509.1 907.3 500.5 923.1 396.9 866.7 large-vehicle 0
379.8 964.8 384.9 968.0 375.2 983.2 370.1 980.0 large-vehicle 0
405.9 927.3 410.6 931.0 399.5 945.2 394.8 941.5 large-vehicle 0
383.7 864.7 480.8 916.4 472.3 932.3 375.2 880.6 large-vehicle 0
469.7 835.3 474.5 838.8 440.3 885.7 435.5 882.2 large-vehicle 0
377.0 941.9 382.0 945.2 372.0 960.1 367.0 956.8 large-vehicle 0
405.6 903.7 410.1 907.6 398.4 921.3 393.9 917.4 large-vehicle 0
348.8 888.1 418.6 944.9 407.2 958.9 337.4 902.1 large-vehicle 0
409.5 871.0 414.4 874.5 401.8 892.5 396.9 889.0 large-vehicle 0
434.0 835.9 439.0 839.3 428.9 854.2 424.0 850.8 large-vehicle 0
422.1 736.2 504.9 870.7 489.6 880.2 406.8 745.6 large-vehicle 0
356.6 823.8 463.9 872.8 456.4 889.2 349.1 840.2 large-vehicle 0
437.1 806.8 442.1 810.1 432.2 825.1 427.2 821.9 large-vehicle 0
416.8 726.4 517.4 814.9 505.5 828.5 404.9 739.9 large-vehicle 0
362.0 784.0 462.8 859.6 452.0 874.0 351.2 798.4 large-vehicle 0
374.9 852.5 399.7 869.3 389.6 884.2 364.8 867.3 large-vehicle 0
389.9 749.8 491.1 810.5 481.9 826.0 380.7 765.3 large-vehicle 0
467.1 740.2 471.6 744.1 459.9 757.8 455.4 753.9 large-vehicle 0
43.2 99.2 56.6 103.3 39.7 158.8 26.3 154.7 large-vehicle 0
48.1 105.3 56.7 100.3 85.7 150.6 77.1 155.6 large-vehicle 0
105.7 97.5 111.6 96.8 117.4 150.5 111.4 151.2 large-vehicle 0
128.9 89.0 134.7 90.1 121.2 158.8 115.3 157.6 large-vehicle 0
136.5 81.3 142.3 79.8 158.5 143.8 152.7 145.2 large-vehicle 0
156.7 84.2 162.7 83.9 165.8 141.8 159.9 142.1 large-vehicle 0
-4.3 210.8 67.0 179.2 95.3 243.2 24.0 274.8 large-vehicle 0
32.0 332.2 113.2 387.1 85.2 428.5 4.0 373.7 large-vehicle 0
7.7 417.6 86.7 482.1 72.8 499.2 -6.2 434.7 large-vehicle 0
37.2 482.7 41.9 486.4 28.3 503.7 23.6 500.0 large-vehicle 0
61.6 466.0 66.8 469.1 33.4 526.0 28.2 522.9 large-vehicle 0
51.5 432.2 177.5 505.9 164.4 528.4 38.4 454.7 large-vehicle 0
93.4 413.9 195.7 480.3 181.6 502.1 79.3 435.7 large-vehicle 0
387.7 829.9 392.6 833.4 382.3 848.1 377.4 844.6 large-vehicle 0
414.5 788.8 419.6 792.1 407.5 810.5 402.5 807.3 large-vehicle 0
392.5 719.3 493.6 787.7 483.5 802.7 382.4 734.3 large-vehicle 0
482.1 693.6 487.0 697.1 448.6 750.7 443.7 747.3 large-vehicle 0
626.5 773.7 661.2 789.1 631.2 856.8 596.4 841.4 large-vehicle 0
434.7 487.2 439.6 490.6 427.1 508.7 422.2 505.3 large-vehicle 0
390.9 420.2 492.9 494.2 480.0 512.0 378.0 438.0 large-vehicle 0
417.9 490.9 422.5 494.7 401.1 521.1 396.5 517.3 large-vehicle 0
412.4 469.1 420.1 475.5 405.9 492.4 398.3 486.0 large-vehicle 0
439.9 431.2 444.7 434.8 431.4 452.4 426.6 448.7 large-vehicle 0
417.4 436.0 422.6 439.0 411.6 458.1 406.4 455.1 large-vehicle 0
405.7 363.0 489.5 440.3 474.6 456.5 390.8 379.2 large-vehicle 0
417.2 414.1 421.9 417.8 410.8 431.9 406.1 428.2 large-vehicle 0
376.6 358.1 466.7 421.1 456.4 435.9 366.3 372.9 large-vehicle 0
385.1 334.8 463.8 386.2 453.9 401.2 375.2 349.8 large-vehicle 0
378.5 305.6 476.8 354.9 468.8 371.0 370.4 321.7 large-vehicle 0
448.8 265.0 463.2 275.8 399.5 360.6 385.1 349.8 large-vehicle 0
390.3 200.5 495.3 290.1 442.1 352.5 337.1 262.9 large-vehicle 0
276.3 100.6 315.6 143.3 281.7 174.4 242.4 131.7 large-vehicle 0
334.3 105.6 342.0 111.9 312.7 147.4 305.0 141.1 large-vehicle 0
354.1 111.7 361.2 118.8 325.9 154.3 318.8 147.2 large-vehicle 0
370.7 120.0 377.6 127.2 338.6 164.6 331.7 157.4 large-vehicle 0
397.2 117.6 412.5 138.7 368.8 170.4 353.5 149.3 large-vehicle 0
431.1 122.7 434.9 127.3 392.9 161.3 389.1 156.7 large-vehicle 0
451.2 121.9 455.3 126.2 415.8 163.1 411.7 158.8 large-vehicle 0
480.4 82.6 492.9 95.6 459.6 127.3 447.1 114.3 large-vehicle 0
454.9 137.7 459.3 141.8 425.1 178.3 420.7 174.2 large-vehicle 0
471.0 141.9 475.4 146.0 441.4 182.7 437.0 178.6 large-vehicle 0
381.7 484.6 487.7 544.9 478.8 560.6 372.8 500.2 large-vehicle 0
407.5 553.9 412.5 557.1 402.8 572.3 397.7 569.0 large-vehicle 0
433.2 536.8 440.7 543.4 426.0 559.8 418.6 553.2 large-vehicle 0
420.6 681.4 425.5 684.7 415.4 699.6 410.5 696.3 large-vehicle 0
388.2 803.3 393.0 806.8 382.4 821.4 377.5 817.8 large-vehicle 0
415.7 762.8 420.7 766.1 408.8 784.6 403.7 781.3 large-vehicle 0
462.8 695.5 467.5 699.3 451.2 719.5 446.5 715.7 large-vehicle 0
391.5 774.0 396.4 777.4 386.1 792.2 381.2 788.8 large-vehicle 0
372.0 694.3 470.3 779.4 458.5 793.0 360.2 707.9 large-vehicle 0
446.4 696.0 450.4 700.4 437.2 712.6 433.1 708.2 large-vehicle 0
430.8 611.2 518.8 706.9 505.6 719.1 417.6 623.4 large-vehicle 0
392.6 746.2 397.7 749.3 388.4 764.8 383.3 761.7 large-vehicle 0
420.8 706.6 425.5 710.4 414.2 724.4 409.5 720.6 large-vehicle 0
446.2 666.9 451.1 670.4 440.8 685.1 435.9 681.6 large-vehicle 0
473.7 625.2 480.8 632.2 465.3 647.8 458.2 640.8 large-vehicle 0
395.0 718.9 399.9 722.5 386.9 740.2 382.0 736.7 large-vehicle 0
413.7 628.4 482.3 656.1 475.5 672.8 406.9 645.1 large-vehicle 0
408.5 576.2 413.5 579.4 401.5 597.8 396.5 594.6 large-vehicle 0
475.6 601.2 480.1 605.2 468.1 618.6 463.6 614.6 large-vehicle 0
352.8 649.0 447.4 738.1 435.1 751.2 340.4 662.1 large-vehicle 0
390.4 624.3 463.4 683.5 452.1 697.5 379.0 638.3 large-vehicle 0
450.0 611.6 455.0 615.0 444.7 629.8 439.8 626.4 large-vehicle 0
472.8 570.2 484.7 577.5 475.2 592.8 463.3 585.5 large-vehicle 0
451.6 582.2 461.1 592.4 447.9 604.7 438.4 594.4 large-vehicle 0
438.1 526.6 523.4 566.1 515.9 582.4 430.6 542.9 large-vehicle 0
425.6 593.9 435.7 603.6 423.2 616.6 413.1 606.8 large-vehicle 0
411.4 525.0 503.2 592.5 492.6 607.0 400.7 539.5 large-vehicle 0
430.2 487.9 536.0 548.6 527.1 564.2 421.2 503.5 large-vehicle 0
391.8 599.4 418.4 620.5 407.2 634.6 380.6 613.5 large-vehicle 0
428.0 567.2 436.8 571.9 428.4 587.8 419.6 583.1 large-vehicle 0
