160.9 857.6 162.9 875.5 137.1 878.4 135.1 860.5 small-vehicle 0
900.5 286.9 905.1 290.8 857.1 347.1 852.5 343.2 large-vehicle 0
903.3 32.0 910.9 38.5 873.3 82.6 865.7 76.1 large-vehicle 0
901.5 87.6 906.2 91.3 870.6 137.1 865.9 133.4 large-vehicle 0
865.9 126.5 906.9 135.6 903.8 149.3 862.8 140.2 large-vehicle 0
888.7 147.6 893.8 150.8 882.0 169.4 876.9 166.2 large-vehicle 0
884.2 177.2 892.2 183.2 879.2 200.9 871.1 194.9 large-vehicle 0
901.3 192.3 905.5 196.6 864.4 237.5 860.2 233.2 large-vehicle 0
901.7 214.3 905.8 218.6 864.2 259.0 860.0 254.6 large-vehicle 0
900.2 235.8 905.0 239.4 862.5 295.0 857.7 291.4 large-vehicle 0
900.8 268.8 907.1 276.5 862.2 313.2 855.9 305.5 large-vehicle 0
890.5 332.5 898.2 338.9 863.6 380.3 855.9 373.9 large-vehicle 0
922.4 216.9 926.5 212.5 980.6 263.1 976.5 267.5 large-vehicle 0
884.5 353.8 905.0 369.8 871.7 412.4 851.3 396.3 large-vehicle 0
599.7 513.7 600.4 499.8 650.3 502.3 649.6 516.2 large-vehicle 0
640.6 642.7 658.3 639.4 666.7 684.6 649.0 687.9 large-vehicle 0
672.1 622.2 702.0 620.8 704.9 682.8 675.0 684.2 large-vehicle 0
674.0 570.7 683.7 568.6 695.3 621.3 685.5 623.5 large-vehicle 0
656.5 584.6 666.0 581.2 678.7 617.0 669.3 620.4 large-vehicle 0
619.4 570.7 628.1 565.8 652.6 609.3 643.9 614.2 large-vehicle 0
899.2 9.6 906.8 16.2 874.0 53.9 866.5 47.4 large-vehicle 0
934.6 207.5 938.7 203.2 980.4 243.5 976.3 247.8 large-vehicle 0
592.9 584.1 598.2 581.4 621.1 625.9 615.8 628.6 large-vehicle 0
911.2 609.1 912.4 610.7 910.8 611.9 909.6 610.3 small-vehicle 0
905.9 566.8 916.2 581.6 898.1 594.2 887.8 579.4 small-vehicle 0
914.0 406.7 917.8 389.1 951.0 396.3 947.2 413.9 small-vehicle 0
960.3 387.5 963.3 382.3 985.7 395.5 982.7 400.7 small-vehicle 0
980.9 368.3 988.2 384.8 968.1 393.7 960.8 377.2 small-vehicle 0
958.9 368.1 966.0 384.6 942.1 394.9 935.0 378.4 small-vehicle 0
899.5 61.0 907.3 67.3 871.1 112.6 863.3 106.4 large-vehicle 0
925.8 171.4 978.0 157.6 982.6 175.0 930.4 188.8 large-vehicle 0
951.4 10.0 956.2 -7.3 996.6 4.0 991.8 21.3 large-vehicle 0
949.2 16.1 951.6 10.6 993.8 28.9 991.4 34.4 large-vehicle 0
941.8 20.1 945.8 15.6 1001.0 64.9 997.0 69.4 large-vehicle 0
933.8 34.7 937.5 30.0 998.5 78.6 994.8 83.3 large-vehicle 0
923.0 43.3 926.9 38.7 992.5 94.3 988.7 98.9 large-vehicle 0
923.4 73.0 928.8 64.7 990.8 105.1 985.3 113.5 large-vehicle 0
928.8 84.2 933.2 80.1 986.5 137.1 982.1 141.2 large-vehicle 0
920.2 126.2 927.1 118.9 987.0 174.9 980.1 182.2 large-vehicle 0
606.4 578.6 611.8 576.0 635.6 624.4 630.2 627.0 large-vehicle 0
579.2 586.2 584.6 583.5 608.8 631.8 603.4 634.5 large-vehicle 0
120.9 890.1 122.9 908.0 97.1 910.9 95.1 893.0 small-vehicle 0
184.6 651.5 185.1 657.5 123.4 663.5 122.9 657.5 large-vehicle 0
74.8 589.3 94.0 617.3 66.0 636.5 46.8 608.5 large-vehicle 0
50.0 797.9 55.1 801.1 28.0 843.1 22.9 839.9 large-vehicle 0
39.1 794.3 43.8 797.9 10.9 840.7 6.2 837.1 large-vehicle 0
124.2 691.0 125.7 685.2 181.8 700.0 180.3 705.8 large-vehicle 0
62.7 661.6 68.3 664.0 52.0 702.7 46.5 700.4 large-vehicle 0
40.7 661.6 46.7 662.2 42.4 704.0 36.4 703.4 large-vehicle 0
32.5 664.0 37.8 666.7 18.5 704.0 13.2 701.3 large-vehicle 0
182.9 661.7 184.5 667.5 124.5 683.3 123.0 677.5 large-vehicle 0
119.9 711.0 120.2 705.0 182.1 708.0 181.8 714.0 large-vehicle 0
567.9 589.2 573.4 586.9 594.1 636.8 588.6 639.1 large-vehicle 0
556.4 392.9 561.6 389.9 604.7 464.3 599.5 467.3 large-vehicle 0
554.4 594.1 559.8 591.5 583.6 639.9 578.2 642.5 large-vehicle 0
534.6 594.4 539.6 591.2 575.4 646.6 570.4 649.8 large-vehicle 0
522.9 609.8 527.5 606.0 561.9 647.6 557.3 651.4 large-vehicle 0
406.4 457.8 412.3 456.9 421.6 514.2 415.7 515.1 large-vehicle 0
430.1 458.6 436.0 459.8 424.9 512.7 419.0 511.4 large-vehicle 0
440.1 462.1 446.1 462.3 443.9 516.3 437.9 516.0 large-vehicle 0
447.8 463.1 453.6 461.6 466.2 509.9 460.4 511.4 large-vehicle 0
564.5 462.8 569.2 459.2 592.5 489.2 587.8 492.8 large-vehicle 0
557.8 428.7 562.6 425.1 601.8 478.1 597.0 481.7 large-vehicle 0
561.8 360.4 566.9 357.2 601.2 413.6 596.1 416.8 large-vehicle 0
182.3 716.3 183.1 722.3 121.7 730.7 120.9 724.7 large-vehicle 0
564.8 360.2 598.2 353.5 601.7 371.2 568.4 377.9 large-vehicle 0
474.2 169.5 514.7 180.3 500.8 232.5 460.3 221.7 large-vehicle 0
169.8 798.9 171.6 804.6 120.2 821.1 118.4 815.4 large-vehicle 0
116.4 794.4 117.3 788.5 170.6 796.6 169.7 802.5 large-vehicle 0
118.3 778.4 119.5 772.5 176.3 784.6 175.0 790.4 large-vehicle 0
121.3 767.8 121.9 761.8 175.7 767.2 175.1 773.2 large-vehicle 0
123.7 750.8 124.9 744.9 177.9 755.2 176.8 761.1 large-vehicle 0
179.0 732.1 179.7 738.1 126.0 743.9 125.3 737.9 large-vehicle 0
885.5 629.7 889.1 643.2 871.7 647.9 868.1 634.4 small-vehicle 0
964.7 669.6 967.8 664.4 986.6 675.8 983.5 681.0 small-vehicle 0
967.0 659.3 977.2 644.5 992.0 654.7 981.8 669.5 small-vehicle 0
620.4 791.6 624.1 786.9 650.8 808.0 647.0 812.7 small-vehicle 0
487.3 820.5 500.1 833.2 478.9 854.5 466.2 841.8 small-vehicle 0
489.4 829.5 493.3 824.9 519.2 846.9 515.4 851.5 small-vehicle 0
522.5 825.0 522.5 851.0 512.5 851.0 512.5 825.0 small-vehicle 0
522.6 822.3 540.2 826.3 534.4 851.7 516.8 847.7 small-vehicle 0
543.9 828.1 563.5 838.0 555.5 854.0 535.8 844.2 small-vehicle 0
680.4 774.0 685.8 776.6 674.6 800.0 669.2 797.4 small-vehicle 0
659.1 779.9 664.6 777.5 673.4 797.7 667.9 800.1 small-vehicle 0
653.1 780.1 659.1 779.9 659.9 805.9 653.9 806.1 small-vehicle 0
636.8 788.3 641.8 785.1 653.5 803.8 648.4 807.0 small-vehicle 0
585.6 822.8 597.4 795.2 625.0 806.9 613.2 834.5 small-vehicle 0
456.3 818.4 462.0 820.4 453.4 845.0 447.7 843.0 small-vehicle 0
592.9 851.8 596.1 826.0 606.1 827.2 602.9 853.0 small-vehicle 0
612.6 829.7 618.1 832.1 609.4 852.3 603.9 849.9 small-vehicle 0
628.6 826.0 639.2 845.3 623.4 853.9 612.8 834.6 small-vehicle 0
664.7 836.0 666.6 845.9 652.8 848.5 650.9 838.6 small-vehicle 0
653.7 813.3 666.2 826.2 653.3 838.7 640.8 825.8 small-vehicle 0
679.4 793.0 686.8 834.4 665.1 838.2 657.7 796.9 small-vehicle 0
669.4 825.6 675.4 824.7 677.5 838.6 671.5 839.5 small-vehicle 0
679.4 824.3 695.6 832.1 689.6 844.7 673.4 836.9 small-vehicle 0
684.0 807.5 699.8 816.2 693.0 828.5 677.2 819.8 small-vehicle 0
468.8 823.8 473.6 827.3 458.2 848.2 453.4 844.7 small-vehicle 0
447.6 823.8 452.3 827.5 436.2 848.0 431.5 844.2 small-vehicle 0
839.3 735.1 839.4 737.1 837.4 737.2 837.3 735.2 small-vehicle 0
49.2 1001.2 52.6 987.6 77.8 993.8 74.4 1007.4 small-vehicle 0
75.3 865.7 80.9 878.5 60.7 887.3 55.1 874.5 small-vehicle 0
435.6 822.3 440.2 826.1 426.4 843.1 421.7 839.4 small-vehicle 0
385.4 810.0 389.9 823.3 376.6 827.8 372.2 814.5 small-vehicle 0
374.9 834.2 375.1 828.2 389.1 828.8 388.9 834.8 small-vehicle 0
391.6 822.7 397.8 810.1 410.4 816.3 404.2 828.9 small-vehicle 0
390.0 817.0 391.6 815.8 412.0 843.0 410.4 844.2 small-vehicle 0
425.5 817.3 429.9 821.4 412.2 840.5 407.8 836.4 small-vehicle 0
322.9 843.7 335.7 866.3 313.1 879.2 300.2 856.6 small-vehicle 0
358.0 918.7 365.3 898.0 386.0 905.3 378.7 926.0 small-vehicle 0
337.3 946.9 337.6 948.8 335.7 949.1 335.4 947.2 small-vehicle 0
334.8 993.2 338.2 983.8 355.1 989.9 351.7 999.3 small-vehicle 0
444.2 913.0 445.6 914.3 424.8 935.9 423.4 934.5 small-vehicle 0
448.0 913.4 453.1 916.7 439.0 938.6 433.9 935.3 small-vehicle 0
453.4 913.3 465.0 921.1 450.6 942.7 439.0 934.9 small-vehicle 0
996.0 826.6 1000.9 830.1 986.0 851.4 981.1 847.9 small-vehicle 0
731.8 769.6 744.0 776.5 731.2 799.2 719.1 792.3 small-vehicle 0
779.1 806.5 796.6 835.6 770.9 851.1 753.4 822.0 small-vehicle 0
771.8 849.6 784.0 836.4 800.2 851.4 788.0 864.6 small-vehicle 0
822.8 871.5 827.0 858.2 844.2 863.5 840.0 876.8 small-vehicle 0
858.7 857.0 869.0 871.7 854.3 882.0 844.0 867.3 small-vehicle 0
887.9 856.9 894.4 873.7 870.1 883.1 863.6 866.3 small-vehicle 0
994.1 881.5 995.9 863.6 1025.8 866.6 1023.9 884.5 small-vehicle 0
889.5 876.7 894.2 859.3 915.4 865.2 910.7 882.5 small-vehicle 0
1015.0 825.0 1030.0 841.0 1014.0 856.0 999.0 840.0 small-vehicle 0
971.0 847.6 978.6 827.0 988.0 830.4 980.4 851.0 small-vehicle 0
484.3 938.5 499.1 912.4 507.8 917.4 493.0 943.5 small-vehicle 0
914.3 818.2 927.5 840.5 901.7 855.8 888.5 833.5 small-vehicle 0
899.6 806.5 906.3 789.8 930.4 799.5 923.7 816.2 small-vehicle 0
918.7 778.5 926.2 794.9 909.9 802.4 902.4 786.1 small-vehicle 0
959.1 771.9 972.1 784.3 956.9 800.2 943.9 787.8 small-vehicle 0
980.2 771.9 998.6 784.0 982.0 809.0 963.7 796.9 small-vehicle 0
1010.8 779.3 1016.9 796.3 996.2 803.7 990.1 786.7 small-vehicle 0
990.3 773.2 991.4 771.5 993.1 772.6 992.0 774.3 small-vehicle 0
995.3 763.0 996.5 761.4 998.1 762.6 996.9 764.2 small-vehicle 0
833.8 748.1 835.0 746.5 836.6 747.7 835.4 749.3 small-vehicle 0
716.6 771.3 722.6 770.8 725.4 800.7 719.4 801.2 small-vehicle 0
713.9 771.6 716.0 793.5 706.1 794.4 704.0 772.5 small-vehicle 0
913.6 967.8 930.1 975.0 921.4 995.2 904.9 988.0 small-vehicle 0
950.7 998.3 959.9 1008.9 946.3 1020.7 937.1 1010.1 small-vehicle 0
503.1 929.5 504.0 927.8 512.9 932.5 512.0 934.2 small-vehicle 0
507.5 919.9 525.0 915.4 531.4 940.6 514.0 945.1 small-vehicle 0
542.5 920.4 551.6 940.4 542.5 944.6 533.4 924.6 small-vehicle 0
542.9 938.7 558.0 917.5 566.1 923.3 551.0 944.5 small-vehicle 0
551.7 923.4 559.6 917.2 578.2 940.7 570.3 946.9 small-vehicle 0
567.7 944.7 574.7 923.8 584.2 927.0 577.2 947.9 small-vehicle 0
578.1 922.0 595.9 919.3 599.9 945.0 582.1 947.7 small-vehicle 0
481.3 971.3 491.9 956.7 509.7 969.7 499.1 984.3 small-vehicle 0
523.1 956.5 533.5 971.3 508.9 988.5 498.5 973.7 small-vehicle 0
523.0 979.3 531.0 963.2 540.0 967.7 532.0 983.8 small-vehicle 0
537.2 967.9 542.6 965.1 550.8 981.1 545.4 983.9 small-vehicle 0
540.6 970.9 554.8 959.8 568.4 977.1 554.2 988.2 small-vehicle 0
557.5 977.3 562.5 964.2 571.8 967.7 566.9 980.8 small-vehicle 0
590.5 1013.7 591.3 1015.5 589.5 1016.3 588.7 1014.5 small-vehicle 0
619.4 1015.6 620.9 1016.9 619.6 1018.4 618.1 1017.1 small-vehicle 0
728.4 998.9 751.5 987.1 761.6 1006.6 738.4 1018.5 small-vehicle 0
862.2 967.8 863.6 969.3 841.9 990.0 840.5 988.6 small-vehicle 0
863.6 963.7 875.6 970.8 862.4 993.3 850.4 986.2 small-vehicle 0
893.7 973.0 901.2 966.4 918.3 986.0 910.8 992.6 small-vehicle 0
