431.5 619.0 455.9 628.0 427.5 705.0 403.1 696.0 large-vehicle 0
471.3 389.1 474.5 379.6 552.2 405.8 549.0 415.3 large-vehicle 0
486.9 415.6 489.9 406.0 568.2 430.4 565.2 440.0 large-vehicle 0
429.9 446.3 442.3 452.7 414.0 507.8 401.6 501.4 large-vehicle 0
443.6 449.5 457.4 451.2 446.4 536.5 432.6 534.8 large-vehicle 0
483.6 521.9 488.7 500.5 533.4 511.1 528.3 532.5 large-vehicle 0
533.0 548.9 535.5 570.7 473.9 577.8 471.4 555.9 large-vehicle 0
469.9 667.3 473.9 653.9 510.3 664.7 506.3 678.1 large-vehicle 0
473.3 349.1 475.3 339.3 559.5 357.0 557.4 366.8 large-vehicle 0
468.1 697.0 470.7 683.2 511.9 691.0 509.3 704.8 large-vehicle 0
449.3 709.4 455.4 696.8 521.9 729.4 515.7 742.0 large-vehicle 0
430.7 743.6 437.7 718.5 462.7 725.5 455.8 750.5 large-vehicle 0
359.7 699.2 378.4 717.3 313.1 784.8 294.4 766.7 large-vehicle 0
461.3 765.6 467.1 752.8 494.4 765.4 488.5 778.1 large-vehicle 0
434.0 787.5 436.5 777.9 512.0 797.5 509.5 807.1 large-vehicle 0
476.1 378.1 476.8 368.1 554.6 373.7 553.9 383.6 large-vehicle 0
479.4 329.7 481.4 315.8 562.6 327.3 560.6 341.2 large-vehicle 0
383.5 792.8 424.1 803.9 403.5 879.2 362.9 868.1 large-vehicle 0
510.4 89.2 511.9 79.3 597.0 91.6 595.6 101.5 large-vehicle 0
470.9 54.2 503.7 80.3 465.1 128.8 432.3 102.7 large-vehicle 0
470.4 122.0 496.1 126.1 482.6 211.0 456.9 206.9 large-vehicle 0
509.7 110.2 511.4 100.3 592.3 113.8 590.6 123.7 large-vehicle 0
472.5 290.0 476.3 280.8 559.5 315.0 555.7 324.2 large-vehicle 0
508.9 140.0 509.7 130.0 595.4 136.9 594.6 146.9 large-vehicle 0
521.9 161.8 524.1 152.1 565.1 161.2 562.9 170.9 large-vehicle 0
518.3 184.3 520.5 174.6 565.4 184.6 563.2 194.4 large-vehicle 0
512.9 210.5 516.1 196.9 560.9 207.4 557.7 221.1 large-vehicle 0
488.5 254.8 491.2 241.1 583.4 259.0 580.8 272.8 large-vehicle 0
486.7 275.2 489.4 265.6 568.3 287.8 565.6 297.4 large-vehicle 0
430.6 803.9 434.8 794.9 498.4 824.1 494.2 833.1 large-vehicle 0
417.9 841.2 419.7 827.3 501.1 837.8 499.3 851.7 large-vehicle 0
586.8 269.2 596.6 259.2 649.4 311.1 639.5 321.1 large-vehicle 0
582.3 323.2 600.0 299.0 643.7 330.8 626.0 355.0 large-vehicle 0
600.2 436.9 614.0 438.8 602.8 520.1 589.0 518.2 large-vehicle 0
642.5 581.5 673.9 594.7 643.5 666.5 612.1 653.3 large-vehicle 0
675.0 585.8 688.3 590.1 663.0 668.2 649.7 663.9 large-vehicle 0
595.6 187.1 608.9 175.0 661.3 232.8 648.0 244.9 large-vehicle 0
593.6 243.4 650.7 233.2 655.2 258.8 598.1 269.0 large-vehicle 0
721.2 259.3 722.8 260.4 721.6 262.1 720.0 260.9 large-vehicle 0
421.0 866.4 422.8 852.5 508.0 863.6 506.2 877.5 large-vehicle 0
408.3 903.6 409.8 869.7 495.7 873.4 494.2 907.3 large-vehicle 0
574.3 441.5 595.5 447.2 576.1 518.6 554.8 512.9 large-vehicle 0
516.8 61.8 519.8 52.2 598.2 76.2 595.2 85.8 large-vehicle 0
523.4 40.5 527.5 27.1 609.6 52.5 605.5 65.9 large-vehicle 0
769.0 23.9 771.6 10.2 848.2 25.0 845.6 38.7 large-vehicle 0
758.6 54.9 766.6 26.0 849.4 49.1 841.4 78.0 large-vehicle 0
747.1 208.3 751.4 182.7 828.3 195.6 824.0 221.2 large-vehicle 0
614.1 118.0 623.6 107.7 666.3 147.0 656.8 157.3 large-vehicle 0
603.7 150.6 616.5 137.9 671.3 193.4 658.5 206.1 large-vehicle 0
749.8 116.3 753.7 102.8 840.2 127.7 836.3 141.2 large-vehicle 0
750.1 143.5 754.7 130.3 835.9 158.5 831.3 171.7 large-vehicle 0
751.6 167.5 755.5 158.3 827.4 188.5 823.5 197.7 large-vehicle 0
