584.0 260.0 594.5 250.7 641.0 303.0 630.5 312.3 large-vehicle 0
592.2 233.2 599.4 226.3 647.8 276.8 640.6 283.7 large-vehicle 0
597.5 207.9 604.8 201.1 652.5 252.3 645.2 259.2 large-vehicle 0
611.1 190.3 618.2 183.4 666.9 233.7 659.8 240.6 large-vehicle 0
617.3 164.9 624.4 157.8 674.0 207.2 666.9 214.3 large-vehicle 0
632.8 148.3 639.9 141.3 683.2 185.7 676.1 192.7 large-vehicle 0
935.7 163.4 945.7 163.6 944.3 229.6 934.3 229.4 large-vehicle 0
958.2 154.6 968.2 154.5 968.8 228.5 958.8 228.6 large-vehicle 0
983.6 158.1 993.5 159.0 987.0 228.7 977.1 227.8 large-vehicle 0
1007.3 163.2 1017.3 164.4 1009.5 229.9 999.6 228.7 large-vehicle 0
968.2 251.8 1025.4 242.1 1035.8 303.2 978.6 312.9 large-vehicle 0
741.0 351.4 742.9 397.3 665.0 400.6 663.1 354.7 large-vehicle 0
992.7 382.9 997.3 391.8 931.8 426.2 927.1 417.4 large-vehicle 0
1002.3 405.3 1006.4 414.5 935.3 446.5 931.2 437.4 large-vehicle 0
833.3 483.4 841.5 489.1 801.7 546.6 793.5 540.9 large-vehicle 0
856.9 485.5 865.0 491.4 819.1 554.5 811.0 548.6 large-vehicle 0
989.2 439.8 1000.3 454.0 939.0 502.1 927.8 487.9 large-vehicle 0
981.5 495.5 987.1 503.8 922.5 547.5 916.9 539.2 large-vehicle 0
984.6 520.4 990.1 528.7 925.1 571.8 919.5 563.4 large-vehicle 0
981.5 563.2 993.0 555.2 1035.5 615.8 1024.0 623.8 large-vehicle 0
965.5 576.9 974.0 571.6 1017.5 641.1 1009.0 646.4 large-vehicle 0
954.8 591.5 964.1 587.7 980.2 626.5 970.9 630.3 large-vehicle 0
570.1 283.3 580.1 273.5 628.9 323.7 618.9 333.5 large-vehicle 0
512.1 969.0 535.4 929.3 599.2 966.8 575.9 1006.4 large-vehicle 0
258.7 932.1 263.1 923.2 333.2 957.4 328.8 966.4 large-vehicle 0
301.4 531.2 309.0 519.5 367.6 557.8 360.0 569.5 large-vehicle 0
392.5 287.5 397.5 278.8 461.5 315.9 456.5 324.5 large-vehicle 0
381.9 305.4 387.2 297.0 453.1 338.6 447.8 347.0 large-vehicle 0
374.4 327.9 379.5 319.3 446.6 359.1 441.5 367.7 large-vehicle 0
366.8 344.0 372.4 335.7 437.2 379.0 431.6 387.3 large-vehicle 0
360.6 369.1 365.5 360.4 433.4 398.9 428.5 407.6 large-vehicle 0
346.4 409.8 353.7 397.9 416.8 436.6 409.5 448.6 large-vehicle 0
521.2 461.0 525.5 452.0 577.8 477.2 573.4 486.2 large-vehicle 0
532.0 431.3 545.6 400.1 595.0 421.7 581.4 452.9 large-vehicle 0
514.4 479.3 518.9 470.4 570.6 496.7 566.1 505.6 large-vehicle 0
507.2 505.6 513.5 493.1 561.8 517.4 555.5 529.9 large-vehicle 0
335.3 432.7 340.4 424.1 410.7 466.3 405.6 474.9 large-vehicle 0
331.5 457.4 336.3 448.6 401.5 483.6 396.7 492.4 large-vehicle 0
319.5 514.2 326.8 502.3 386.5 538.8 379.2 550.7 large-vehicle 0
288.5 556.5 295.0 544.1 360.5 578.5 354.0 590.9 large-vehicle 0
174.3 906.7 186.9 884.0 248.2 917.9 235.6 940.6 large-vehicle 0
319.8 627.9 326.6 615.7 391.3 651.5 384.5 663.8 large-vehicle 0
315.1 657.1 319.9 648.3 377.9 679.9 373.1 688.7 large-vehicle 0
322.7 684.1 327.5 675.4 357.3 691.9 352.5 700.6 large-vehicle 0
297.4 693.2 302.4 684.5 369.9 723.6 364.9 732.2 large-vehicle 0
290.7 713.5 295.3 704.7 364.4 740.9 359.7 749.7 large-vehicle 0
387.7 651.2 413.1 656.4 397.3 732.8 371.9 727.6 large-vehicle 0
285.4 735.0 290.3 726.2 351.6 760.0 346.7 768.8 large-vehicle 0
280.9 755.7 285.8 747.0 339.8 777.5 334.9 786.2 large-vehicle 0
285.6 805.5 290.6 796.8 351.4 831.5 346.4 840.2 large-vehicle 0
276.9 823.7 282.3 815.3 348.1 857.3 342.7 865.7 large-vehicle 0
268.3 854.8 275.4 842.7 342.7 882.2 335.6 894.3 large-vehicle 0
262.3 875.5 267.6 867.1 333.7 908.5 328.4 916.9 large-vehicle 0
243.4 896.5 250.7 884.6 320.6 927.5 313.3 939.4 large-vehicle 0
926.1 597.4 934.3 591.7 978.9 655.6 970.7 661.3 large-vehicle 0
909.1 608.0 917.5 602.5 960.2 667.8 951.8 673.2 large-vehicle 0
888.4 617.4 896.7 611.8 940.4 676.5 932.1 682.1 large-vehicle 0
195.3 545.7 207.2 553.1 189.2 581.9 177.3 574.5 small-vehicle 0
177.4 622.4 182.1 643.9 160.6 648.6 155.9 627.1 small-vehicle 0
156.4 649.5 174.5 662.1 159.6 683.5 141.5 670.9 small-vehicle 0
119.6 608.2 144.0 617.1 128.2 660.3 103.8 651.4 large-vehicle 0
137.0 696.0 164.2 716.4 127.0 766.0 99.8 745.6 large-vehicle 0
107.3 766.3 136.1 784.5 98.7 843.7 69.9 825.5 large-vehicle 0
25.0 884.6 48.2 903.6 24.2 933.0 0.9 914.0 small-vehicle 0
44.4 940.3 71.5 953.3 51.6 994.7 24.5 981.7 small-vehicle 0
580.1 67.1 620.1 54.5 632.8 94.5 592.7 107.2 small-vehicle 0
172.6 462.0 177.6 465.4 154.5 500.4 149.5 497.1 small-vehicle 0
178.0 480.8 183.1 483.9 169.7 506.2 164.5 503.1 small-vehicle 0
181.0 440.7 205.9 457.4 193.6 475.7 168.7 458.9 small-vehicle 0
875.6 678.7 901.6 656.8 949.4 713.3 923.4 735.2 large-vehicle 0
645.1 717.8 669.7 678.9 735.6 720.7 710.9 759.6 large-vehicle 0
835.6 801.8 876.6 830.4 838.9 884.5 797.8 856.0 large-vehicle 0
896.3 829.0 904.8 834.3 865.7 897.1 857.2 891.8 large-vehicle 0
917.2 837.0 925.9 841.9 887.8 910.0 879.1 905.1 large-vehicle 0
854.3 915.9 879.3 932.5 851.7 974.1 826.7 957.5 large-vehicle 0
588.5 995.1 615.4 957.7 675.5 1000.9 648.6 1038.3 large-vehicle 0
198.6 363.4 218.5 372.8 195.4 421.6 175.5 412.2 small-vehicle 0
938.1 846.5 946.5 851.8 906.8 914.3 898.4 908.9 large-vehicle 0
871.3 80.0 872.5 50.0 950.5 53.2 949.3 83.1 large-vehicle 0
395.1 262.6 401.7 250.3 466.9 285.2 460.3 297.6 large-vehicle 0
