328.7 252.6 337.6 263.4 265.3 323.4 256.4 312.6 large-vehicle 0
280.1 467.4 295.8 452.1 355.9 513.6 340.2 528.9 large-vehicle 0
451.5 461.4 460.0 472.5 382.4 532.3 373.8 521.2 large-vehicle 0
429.2 437.2 438.1 448.0 368.6 505.2 359.7 494.4 large-vehicle 0
417.2 412.4 426.0 423.2 352.8 482.3 344.0 471.4 large-vehicle 0
395.4 392.1 402.2 399.5 330.5 466.3 323.7 459.0 large-vehicle 0
391.7 367.3 398.2 375.0 323.3 438.1 316.8 430.5 large-vehicle 0
387.9 340.4 393.8 348.5 311.6 408.9 305.7 400.8 large-vehicle 0
370.1 325.8 375.8 334.0 295.1 389.7 289.4 381.4 large-vehicle 0
359.5 299.1 365.8 306.8 289.5 368.4 283.3 360.6 large-vehicle 0
343.2 278.3 351.8 289.4 280.8 344.7 272.2 333.6 large-vehicle 0
308.2 232.3 316.8 243.4 245.8 298.7 237.2 287.6 large-vehicle 0
303.4 204.7 311.8 215.9 236.6 272.3 228.2 261.1 large-vehicle 0
291.8 178.4 300.5 189.4 223.6 250.1 214.9 239.2 large-vehicle 0
283.6 151.1 292.2 162.1 202.6 232.5 193.9 221.4 large-vehicle 0
770.8 884.5 781.9 861.0 863.2 899.5 852.1 923.0 large-vehicle 0
768.1 816.0 783.9 795.4 810.9 816.0 795.1 836.6 large-vehicle 0
742.7 776.0 748.2 767.6 773.3 784.0 767.8 792.4 large-vehicle 0
730.6 755.3 742.5 727.7 777.4 742.7 765.5 770.3 large-vehicle 0
242.8 509.4 253.0 489.9 329.2 529.6 319.0 549.1 large-vehicle 0
445.7 639.3 456.8 630.9 520.8 715.4 509.7 723.9 large-vehicle 0
429.8 658.0 441.4 650.3 495.6 731.9 484.0 739.7 large-vehicle 0
427.0 714.0 436.7 704.0 484.0 750.0 474.3 760.0 large-vehicle 0
9.2 307.8 19.7 298.6 81.8 369.2 71.3 378.4 large-vehicle 0
34.3 287.3 45.1 278.4 109.6 357.5 98.7 366.3 large-vehicle 0
61.9 275.8 72.9 267.0 136.7 346.6 125.8 355.3 large-vehicle 0
45.1 396.6 53.6 407.7 -8.1 455.4 -16.6 444.3 large-vehicle 0
46.3 430.4 57.6 444.5 -0.3 490.6 -11.6 476.5 large-vehicle 0
69.5 455.4 80.4 469.8 5.5 526.6 -5.4 512.2 large-vehicle 0
88.0 488.2 98.4 502.9 25.0 554.8 14.6 540.1 large-vehicle 0
160.8 612.9 168.6 624.5 94.2 675.1 86.4 663.5 large-vehicle 0
170.1 638.0 179.3 648.6 111.0 707.3 101.9 696.6 large-vehicle 0
221.1 727.1 232.1 741.3 157.9 798.9 146.9 784.7 large-vehicle 0
243.0 756.8 254.3 770.8 184.1 827.2 172.8 813.1 large-vehicle 0
665.0 699.0 666.4 685.0 760.0 694.0 758.6 708.0 large-vehicle 0
740.9 653.8 741.1 671.8 639.1 673.2 638.9 655.2 large-vehicle 0
717.4 622.9 717.6 636.9 619.6 638.1 619.4 624.1 large-vehicle 0
536.1 276.1 536.4 282.1 490.4 284.2 490.2 278.2 small-vehicle 0
553.9 290.8 560.9 298.0 528.1 330.2 521.1 323.0 small-vehicle 0
450.4 338.3 453.4 347.9 409.6 361.7 406.6 352.1 small-vehicle 0
461.7 344.8 468.2 352.4 430.0 384.7 423.5 377.1 small-vehicle 0
464.0 365.6 471.4 372.3 446.0 400.4 438.6 393.7 small-vehicle 0
566.5 309.6 572.5 317.7 535.3 344.9 529.4 336.8 small-vehicle 0
575.2 329.7 581.0 337.9 546.8 362.3 541.0 354.1 small-vehicle 0
586.2 347.0 591.9 355.3 550.7 383.6 545.0 375.3 small-vehicle 0
476.6 386.9 482.4 395.1 451.4 417.1 445.6 408.9 small-vehicle 0
486.7 407.2 491.7 415.8 455.3 436.8 450.3 428.2 small-vehicle 0
591.9 362.7 598.8 369.9 574.1 393.3 567.2 386.1 small-vehicle 0
599.5 383.9 606.4 391.2 587.5 409.1 580.6 401.8 small-vehicle 0
611.5 405.7 613.1 415.6 591.4 419.1 589.8 409.3 small-vehicle 0
603.5 431.3 608.8 428.4 619.5 447.7 614.2 450.6 small-vehicle 0
626.8 448.8 629.6 458.4 589.2 470.2 586.4 460.6 small-vehicle 0
546.1 278.6 551.7 286.9 516.8 310.3 511.2 302.0 small-vehicle 0
442.1 308.1 449.1 315.3 416.0 347.2 409.0 340.1 small-vehicle 0
704.0 585.1 705.4 615.1 603.5 619.9 602.1 590.0 large-vehicle 0
422.7 301.3 428.7 309.3 395.3 334.7 389.3 326.7 small-vehicle 0
686.3 560.8 689.0 574.6 600.7 592.2 598.0 578.4 large-vehicle 0
562.1 558.4 564.7 532.5 666.2 542.6 663.6 568.5 large-vehicle 0
484.0 623.8 498.9 613.6 552.0 691.2 537.1 701.4 large-vehicle 0
399.0 251.5 422.6 281.3 389.7 307.4 366.1 277.6 small-vehicle 0
508.2 225.8 519.1 240.2 488.8 263.2 477.9 248.8 small-vehicle 0
