225.4 197.9 246.3 182.5 264.1 206.6 243.2 222.0 small-vehicle 0
79.6 365.1 99.0 354.8 111.1 377.9 91.6 388.1 large-vehicle 0
125.9 273.4 130.7 269.9 153.1 300.6 148.3 304.1 large-vehicle 0
176.3 340.7 186.4 331.0 262.7 410.3 252.6 420.0 large-vehicle 0
227.5 325.4 233.4 323.9 251.5 395.6 245.6 397.1 large-vehicle 0
247.5 360.5 250.6 355.3 262.5 362.5 259.4 367.7 large-vehicle 0
221.8 328.2 225.0 323.1 290.3 365.8 287.1 370.8 large-vehicle 0
282.6 318.2 284.7 312.6 350.4 336.8 348.3 342.4 large-vehicle 0
301.9 309.0 304.7 303.6 341.9 323.2 339.1 328.5 large-vehicle 0
330.1 282.5 339.5 279.2 360.1 337.7 350.6 341.0 large-vehicle 0
290.3 279.2 311.8 258.3 332.7 279.8 311.2 300.7 small-vehicle 0
179.5 155.7 181.3 149.9 202.3 156.4 200.6 162.2 small-vehicle 0
172.2 158.0 176.2 153.5 192.5 168.3 188.4 172.8 small-vehicle 0
209.7 438.6 211.4 437.7 212.3 439.4 210.6 440.3 small-vehicle 0
12.6 54.0 33.6 47.7 41.1 72.6 20.0 78.9 small-vehicle 0
180.5 419.5 196.2 404.0 214.5 422.5 198.8 438.0 small-vehicle 0
124.0 409.1 125.9 409.4 125.6 411.4 123.6 411.0 small-vehicle 0
213.4 398.2 227.0 394.6 233.6 419.8 220.0 423.4 small-vehicle 0
261.5 520.1 275.1 508.4 299.8 537.3 286.1 549.0 small-vehicle 0
280.9 548.3 296.6 532.8 317.6 554.2 301.9 569.7 small-vehicle 0
34.0 38.4 50.8 45.1 45.6 58.1 28.9 51.5 small-vehicle 0
424.7 529.4 444.5 512.6 453.6 523.3 433.7 540.1 small-vehicle 0
430.8 546.1 449.2 527.8 456.2 534.9 437.8 553.2 small-vehicle 0
156.4 168.6 167.8 154.6 187.9 171.1 176.5 185.1 small-vehicle 0
54.7 400.1 63.4 371.4 88.3 378.9 79.6 407.6 large-vehicle 0
79.5 58.3 91.1 66.2 80.9 81.1 69.4 73.2 small-vehicle 0
112.2 285.6 125.8 273.8 150.8 302.4 137.2 314.2 large-vehicle 0
