59.5 590.3 88.4 554.6 133.5 591.1 104.5 626.8 ship 0
203.8 652.0 300.7 537.5 360.2 587.9 263.4 702.4 ship 0
324.8 524.6 398.6 560.3 350.7 659.3 276.9 623.6 ship 0
306.7 476.2 404.5 517.0 311.2 740.3 213.4 699.5 harbor 0
476.8 612.2 536.7 655.7 462.7 757.7 402.8 714.2 ship 0
462.8 560.3 528.2 602.8 444.4 732.0 379.0 689.5 harbor 0
640.6 627.3 688.3 683.9 607.2 752.2 559.6 695.6 ship 0
586.8 551.1 663.2 566.9 612.0 815.6 535.6 799.9 harbor 0
682.3 726.4 736.3 726.6 735.7 840.6 681.7 840.4 ship 0
765.4 649.6 812.6 675.7 780.6 733.4 733.4 707.3 ship 0
779.3 660.2 808.8 749.4 712.0 781.5 682.5 692.3 harbor 0
