434.2 0.9 451.2 25.7 423.1 44.9 406.2 20.1 small-vehicle 0
176.6 1010.6 250.6 857.5 335.2 898.4 261.2 1051.5 tennis-court 0
213.8 361.2 308.8 416.6 213.2 580.8 118.2 525.4 tennis-court 0
257.6 564.3 303.2 363.4 414.4 388.7 368.7 589.5 tennis-court 0
413.3 485.2 465.9 277.8 568.7 303.8 516.1 511.2 tennis-court 0
523.4 450.2 613.7 296.9 701.6 348.6 611.3 502.0 tennis-court 0
638.1 481.9 736.5 282.9 827.9 328.1 729.5 527.1 tennis-court 0
754.5 1019.6 825.5 826.2 917.5 860.0 846.5 1053.4 tennis-court 0
737.1 839.3 749.7 1024.9 667.9 1030.5 655.3 844.9 tennis-court 0
613.9 817.7 636.4 1026.5 523.1 1038.7 500.6 829.9 tennis-court 0
292.9 1024.2 362.8 856.1 460.6 896.8 390.7 1064.9 tennis-court 0
81.5 933.9 97.9 908.7 183.5 964.1 167.1 989.3 tennis-court 0
130.6 422.3 148.3 451.3 54.4 508.5 36.7 479.5 tennis-court 0
