896.6 740.7 961.2 727.0 1006.4 940.2 941.9 953.9 tennis-court 0
201.7 202.5 338.4 221.7 308.5 433.6 171.9 414.4 tennis-court 0
372.7 200.5 438.1 209.8 404.5 445.4 339.2 436.1 tennis-court 0
597.2 59.0 658.6 83.2 572.8 301.0 511.4 276.8 tennis-court 0
706.1 74.5 771.2 85.7 734.9 296.5 669.8 285.3 tennis-court 0
849.1 75.1 913.1 91.3 858.8 306.5 794.8 290.4 tennis-court 0
314.1 768.3 438.5 806.2 374.9 1014.7 250.5 976.8 tennis-court 0
465.7 771.9 582.2 808.1 516.3 1020.1 399.8 983.9 tennis-court 0
664.1 808.6 715.4 843.4 611.0 997.4 559.7 962.6 tennis-court 0
747.5 735.2 881.4 730.0 889.4 935.9 755.5 941.1 tennis-court 0
