431.1 430.1 437.8 422.7 457.2 440.0 450.5 447.4 small-vehicle 0
394.1 387.9 403.3 383.9 426.6 437.0 417.5 441.0 small-vehicle 0
285.9 370.7 462.3 394.0 460.5 407.9 284.0 384.6 small-vehicle 0
499.8 447.5 506.7 440.2 539.9 472.1 533.0 479.3 small-vehicle 0
476.4 432.9 483.5 425.9 501.9 444.2 494.8 451.3 small-vehicle 0
390.5 335.5 528.2 488.7 517.8 498.1 380.1 344.9 small-vehicle 0
407.6 390.5 414.2 382.9 433.9 399.8 427.4 407.4 small-vehicle 0
369.6 363.6 377.4 357.2 396.4 380.4 388.6 386.8 small-vehicle 0
508.5 423.9 516.1 417.4 548.7 455.3 541.2 461.8 small-vehicle 0
483.8 408.1 492.5 403.2 505.2 425.9 496.5 430.8 small-vehicle 0
448.9 390.6 455.7 383.3 474.7 401.1 467.9 408.4 small-vehicle 0
413.2 368.5 419.5 360.7 442.8 379.5 436.5 387.3 small-vehicle 0
379.4 345.3 386.1 337.8 408.6 357.7 401.9 365.2 small-vehicle 0
517.3 418.3 521.2 409.1 563.7 426.7 559.8 435.9 small-vehicle 0
493.0 394.2 499.5 386.6 519.2 403.6 512.6 411.2 small-vehicle 0
472.4 343.5 481.2 338.8 503.2 379.2 494.4 384.0 small-vehicle 0
423.2 292.2 446.5 317.1 415.8 345.8 392.5 320.9 small-vehicle 0
538.4 389.4 556.4 360.5 595.4 384.9 577.4 413.8 small-vehicle 0
520.1 360.4 526.9 353.1 545.8 370.9 539.0 378.2 small-vehicle 0
486.6 338.6 493.4 331.3 512.4 349.0 505.6 356.3 small-vehicle 0
533.2 340.8 540.0 333.5 561.9 354.0 555.1 361.3 small-vehicle 0
491.6 450.5 492.3 456.4 462.6 460.0 461.8 454.0 small-vehicle 0
488.2 463.8 495.3 456.7 527.8 489.2 520.8 496.3 small-vehicle 0
472.9 483.2 479.5 475.7 514.0 506.1 507.4 513.6 small-vehicle 0
324.7 494.2 362.9 476.7 380.4 514.9 342.3 532.4 small-vehicle 0
313.0 539.3 326.1 561.8 307.1 572.8 294.0 550.3 small-vehicle 0
421.9 619.8 423.3 605.9 465.1 610.2 463.7 624.1 small-vehicle 0
403.2 591.6 410.9 585.3 424.8 602.4 417.1 608.7 small-vehicle 0
374.6 574.8 381.7 567.8 397.2 583.4 390.0 590.5 small-vehicle 0
305.5 532.8 310.3 524.1 364.5 554.2 359.7 562.9 small-vehicle 0
276.4 506.9 296.8 498.6 309.6 530.1 289.2 538.4 small-vehicle 0
413.2 583.1 416.1 573.5 456.3 585.6 453.4 595.2 small-vehicle 0
383.8 565.9 399.1 544.8 420.2 560.1 404.9 581.2 small-vehicle 0
369.2 525.1 381.1 532.5 365.3 558.0 353.4 550.6 small-vehicle 0
294.2 481.2 311.5 461.8 333.8 481.8 316.5 501.2 small-vehicle 0
297.3 461.2 381.6 372.9 400.4 390.9 316.1 479.1 small-vehicle 0
444.8 550.8 445.9 540.8 467.8 543.4 466.6 553.3 small-vehicle 0
400.5 500.5 461.8 534.3 453.1 550.1 391.8 516.3 small-vehicle 0
449.5 521.7 454.9 513.3 493.5 538.4 488.0 546.8 small-vehicle 0
423.9 502.7 430.7 495.4 449.7 513.1 442.9 520.4 small-vehicle 0
381.9 492.4 407.0 463.8 426.5 480.9 401.5 509.5 small-vehicle 0
290.3 432.9 457.0 482.8 453.0 496.2 286.3 446.3 small-vehicle 0
466.9 494.1 475.6 489.2 499.9 532.9 491.2 537.7 small-vehicle 0
436.4 487.9 442.9 480.3 462.6 497.1 456.1 504.7 small-vehicle 0
368.6 442.2 375.5 434.9 394.4 452.8 387.5 460.1 small-vehicle 0
565.2 325.2 574.0 320.5 599.1 368.4 590.3 373.0 small-vehicle 0
434.2 254.1 461.7 242.1 476.8 276.9 449.3 288.9 small-vehicle 0
580.3 306.8 611.2 328.9 600.7 343.6 569.8 321.4 small-vehicle 0
559.0 77.6 565.2 69.8 588.7 88.5 582.4 96.3 small-vehicle 0
545.8 141.5 553.9 135.6 576.3 166.3 568.2 172.2 small-vehicle 0
518.3 131.3 523.7 122.8 545.7 136.7 540.3 145.2 small-vehicle 0
596.1 151.3 605.6 141.0 642.3 175.0 632.8 185.2 small-vehicle 0
542.9 87.7 550.5 81.2 577.9 113.1 570.3 119.6 small-vehicle 0
655.4 166.1 661.5 158.2 685.2 176.6 679.1 184.5 small-vehicle 0
680.6 188.9 684.7 179.8 734.0 201.8 729.9 210.9 small-vehicle 0
691.2 163.4 698.3 156.3 716.8 174.6 709.7 181.7 small-vehicle 0
657.0 142.3 663.1 134.3 683.7 150.2 677.6 158.1 small-vehicle 0
582.2 107.5 598.6 82.4 633.8 105.5 617.4 130.6 small-vehicle 0
643.0 98.0 648.3 95.0 663.1 121.1 657.9 124.1 small-vehicle 0
510.7 150.9 516.9 143.0 537.3 159.2 531.1 167.0 small-vehicle 0
713.7 107.1 746.5 116.3 736.3 152.9 703.5 143.7 small-vehicle 0
659.2 85.9 731.0 116.3 724.0 132.9 652.1 102.5 small-vehicle 0
645.2 80.6 653.2 74.6 668.8 95.4 660.8 101.4 small-vehicle 0
679.1 73.1 686.3 66.2 726.3 108.2 719.1 115.1 small-vehicle 0
652.9 62.9 659.4 55.3 679.1 72.1 672.6 79.7 small-vehicle 0
582.9 25.4 588.5 23.2 607.1 69.6 601.5 71.8 small-vehicle 0
670.3 48.2 677.3 41.1 695.9 59.3 689.0 66.4 small-vehicle 0
621.9 41.2 628.5 33.7 648.1 50.8 641.5 58.3 small-vehicle 0
585.9 -2.8 629.6 46.6 619.1 55.8 575.4 6.4 small-vehicle 0
652.7 229.1 675.1 203.5 715.8 239.0 693.4 264.6 small-vehicle 0
539.3 159.9 547.4 154.0 574.7 191.1 566.6 197.0 small-vehicle 0
540.8 309.3 541.9 299.4 579.7 303.7 578.5 313.7 small-vehicle 0
610.5 276.8 639.0 251.7 669.5 286.2 641.0 311.3 small-vehicle 0
523.8 271.0 548.0 280.6 538.4 304.8 514.2 295.2 small-vehicle 0
492.6 257.9 513.9 263.5 510.4 277.1 489.1 271.5 small-vehicle 0
585.6 305.5 590.3 296.7 627.4 316.5 622.7 325.3 small-vehicle 0
545.6 268.4 614.9 294.6 608.5 311.4 539.3 285.2 small-vehicle 0
534.1 266.2 541.0 258.9 559.9 276.8 553.0 284.1 small-vehicle 0
502.8 243.0 510.8 237.1 526.2 258.0 518.2 263.9 small-vehicle 0
568.5 243.6 571.1 249.0 547.8 260.6 545.2 255.2 small-vehicle 0
512.4 229.1 517.8 220.7 539.6 234.9 534.2 243.3 small-vehicle 0
444.6 167.8 539.4 231.2 529.4 246.2 434.6 182.8 small-vehicle 0
590.0 250.5 597.1 243.4 618.3 264.7 611.2 271.8 small-vehicle 0
508.9 159.7 514.8 159.4 516.1 185.3 510.2 185.6 small-vehicle 0
554.1 228.0 560.6 220.4 583.3 240.1 576.7 247.6 small-vehicle 0
526.3 201.8 532.2 200.6 535.7 218.2 529.8 219.4 small-vehicle 0
414.5 144.3 589.5 218.2 582.5 234.8 407.5 160.9 small-vehicle 0
620.4 197.2 650.5 294.7 633.3 300.0 603.2 202.5 small-vehicle 0
605.4 216.2 610.2 219.9 591.7 243.6 587.0 239.9 small-vehicle 0
631.4 231.9 637.0 223.7 681.6 254.1 676.0 262.3 small-vehicle 0
601.8 220.5 628.5 199.6 644.6 220.0 617.8 241.0 small-vehicle 0
560.7 205.2 568.4 198.8 582.3 215.8 574.6 222.2 small-vehicle 0
527.0 187.3 533.0 179.3 553.8 194.9 547.8 202.9 small-vehicle 0
327.8 572.8 332.8 564.1 355.2 577.2 350.2 585.9 small-vehicle 0
359.6 591.3 365.5 583.2 386.4 598.7 380.5 606.8 small-vehicle 0
394.2 622.2 394.4 612.2 416.4 612.5 416.2 622.5 small-vehicle 0
148.6 913.5 155.4 906.2 174.4 923.8 167.6 931.2 small-vehicle 0
303.1 968.8 317.6 990.4 289.4 1009.4 274.9 987.8 small-vehicle 0
141.7 963.8 147.1 955.4 182.3 978.2 176.9 986.6 small-vehicle 0
138.2 935.7 144.6 928.0 161.5 942.1 155.1 949.8 small-vehicle 0
104.6 909.7 112.0 903.0 129.4 922.3 122.0 929.0 small-vehicle 0
77.6 885.7 86.7 881.6 97.4 905.3 88.3 909.4 small-vehicle 0
42.4 873.0 49.0 865.5 65.6 880.0 59.0 887.5 small-vehicle 0
51.3 849.8 59.0 843.3 75.7 863.2 68.0 869.7 small-vehicle 0
84.1 872.2 91.0 864.9 109.9 882.8 103.0 890.1 small-vehicle 0
120.6 893.3 128.8 887.6 141.4 905.7 133.2 911.4 small-vehicle 0
176.3 933.3 183.0 925.9 211.2 951.3 204.5 958.8 small-vehicle 0
183.5 914.0 189.1 905.7 227.5 931.0 221.9 939.3 small-vehicle 0
158.2 897.8 164.3 889.9 181.8 903.2 175.7 911.1 small-vehicle 0
126.4 874.1 133.6 867.2 151.6 885.9 144.4 892.8 small-vehicle 0
87.7 848.5 94.1 840.9 129.3 870.5 122.9 878.1 small-vehicle 0
64.4 832.2 72.1 825.8 88.6 845.8 80.9 852.2 small-vehicle 0
100.5 832.2 106.6 824.2 146.4 854.4 140.4 862.4 small-vehicle 0
145.3 855.2 154.5 851.3 164.7 875.2 155.5 879.1 small-vehicle 0
172.7 881.0 178.7 873.0 199.6 888.5 193.6 896.5 small-vehicle 0
196.6 893.9 203.4 886.5 240.4 920.1 233.6 927.5 small-vehicle 0
121.2 820.0 128.3 813.0 146.7 831.3 139.7 838.4 small-vehicle 0
124.4 1018.1 139.9 992.4 165.6 1007.9 150.1 1033.6 small-vehicle 0
23.9 1002.1 28.1 1023.7 2.6 1028.7 -1.6 1007.1 small-vehicle 0
101.6 986.3 108.7 979.2 127.1 997.5 120.1 1004.6 small-vehicle 0
26.4 884.1 34.1 877.8 50.6 897.9 42.9 904.2 small-vehicle 0
67.6 962.3 75.5 956.2 91.4 976.7 83.5 982.8 small-vehicle 0
33.1 942.7 40.0 935.4 58.9 953.3 52.0 960.6 small-vehicle 0
99.5 966.4 103.7 957.3 145.5 976.6 141.3 985.7 small-vehicle 0
74.7 943.2 81.5 935.8 100.6 953.4 93.8 960.8 small-vehicle 0
46.8 915.6 52.4 913.4 63.2 941.4 57.6 943.6 small-vehicle 0
40.1 900.8 41.4 906.7 12.0 913.0 10.8 907.1 small-vehicle 0
119.7 944.3 127.4 937.9 143.8 958.1 136.1 964.4 small-vehicle 0
80.3 914.8 88.2 908.7 113.9 941.9 106.0 948.1 small-vehicle 0
54.6 906.3 60.5 898.3 81.4 913.7 75.5 921.7 small-vehicle 0
89.8 796.2 97.5 789.8 114.2 809.8 106.5 816.2 small-vehicle 0
154.0 840.9 161.3 834.1 179.0 853.1 171.7 859.9 small-vehicle 0
364.6 614.5 374.1 611.2 380.1 628.2 370.7 631.5 small-vehicle 0
230.0 583.0 235.9 583.3 232.9 633.3 226.9 632.9 small-vehicle 0
174.2 672.7 181.6 666.0 201.8 688.3 194.4 695.0 small-vehicle 0
213.7 668.3 221.4 661.9 255.9 703.5 248.2 709.8 small-vehicle 0
184.7 660.0 189.6 651.3 212.3 664.0 207.4 672.7 small-vehicle 0
290.4 695.0 297.6 688.0 329.5 721.1 322.3 728.1 small-vehicle 0
254.6 689.6 272.8 665.8 296.6 684.0 278.4 707.8 small-vehicle 0
221.7 663.7 239.5 644.8 261.3 665.3 243.5 684.2 small-vehicle 0
190.8 633.0 197.9 625.9 219.2 647.0 212.1 654.1 small-vehicle 0
329.0 709.6 349.6 687.8 383.0 719.4 362.4 741.2 small-vehicle 0
309.9 687.8 316.4 680.2 336.1 697.2 329.6 704.8 small-vehicle 0
254.3 625.6 260.8 618.0 283.7 637.4 277.2 645.0 small-vehicle 0
240.2 730.4 261.4 709.2 279.8 727.6 258.6 748.8 small-vehicle 0
292.4 649.1 299.5 642.0 317.9 660.5 310.8 667.5 small-vehicle 0
319.0 664.5 325.9 657.3 361.9 692.0 355.0 699.2 small-vehicle 0
364.1 666.2 371.6 659.5 404.9 696.8 397.4 703.5 small-vehicle 0
336.1 655.5 341.8 647.3 363.2 662.0 357.5 670.3 small-vehicle 0
299.0 638.3 317.0 619.6 335.8 637.6 317.8 656.3 small-vehicle 0
266.2 610.3 272.3 602.4 296.0 620.8 289.9 628.7 small-vehicle 0
225.6 588.7 244.1 570.4 265.2 591.7 246.7 610.0 small-vehicle 0
376.7 650.1 383.7 643.0 422.3 680.9 415.3 688.0 small-vehicle 0
348.1 634.0 355.3 627.2 375.9 649.0 368.7 655.8 small-vehicle 0
211.8 697.6 219.3 691.0 239.2 713.4 231.7 720.0 small-vehicle 0
273.9 748.0 293.2 730.5 310.7 749.8 291.4 767.3 small-vehicle 0
187.2 861.8 194.9 855.4 211.6 875.3 203.9 881.7 small-vehicle 0
108.1 764.6 113.2 756.0 138.9 771.4 133.8 780.0 small-vehicle 0
213.1 879.7 219.2 871.8 258.9 902.3 252.8 910.2 small-vehicle 0
223.0 858.9 229.6 851.3 267.4 884.1 260.8 891.6 small-vehicle 0
198.3 847.2 204.4 839.3 225.1 855.0 219.0 863.0 small-vehicle 0
168.0 824.2 175.0 817.1 193.6 835.2 186.7 842.3 small-vehicle 0
135.6 801.3 143.5 795.2 159.4 815.7 151.5 821.8 small-vehicle 0
98.8 778.5 105.8 771.4 127.2 792.5 120.2 799.6 small-vehicle 0
204.8 825.3 211.0 817.5 247.0 846.0 240.8 853.9 small-vehicle 0
180.4 808.4 187.1 801.0 206.3 818.5 199.6 825.9 small-vehicle 0
144.2 785.1 150.4 777.2 173.8 795.9 167.6 803.8 small-vehicle 0
170.9 802.9 370.5 853.6 366.1 871.1 166.5 820.4 small-vehicle 0
295.7 768.7 317.3 742.4 356.0 774.2 334.4 800.4 small-vehicle 0
222.0 811.7 227.7 803.5 249.0 818.3 243.3 826.5 small-vehicle 0
186.6 788.9 192.8 781.0 213.2 797.0 207.1 804.9 small-vehicle 0
156.8 767.4 163.7 760.2 182.5 778.2 175.6 785.4 small-vehicle 0
124.5 746.6 130.2 738.4 151.5 753.4 145.8 761.6 small-vehicle 0
253.6 810.2 272.4 792.2 301.5 822.5 282.7 840.5 small-vehicle 0
230.5 796.9 243.8 779.4 264.5 795.1 251.2 812.6 small-vehicle 0
198.5 776.1 218.7 759.8 232.5 776.9 212.3 793.2 small-vehicle 0
170.0 750.1 193.9 740.0 204.0 763.9 180.1 774.0 small-vehicle 0
132.4 730.8 151.9 713.7 171.7 736.2 152.2 753.4 small-vehicle 0
637.2 25.9 644.8 19.4 661.8 39.1 654.2 45.6 small-vehicle 0
