353.5 971.1 361.2 977.4 332.4 1013.2 324.6 1007.0 small-vehicle 0
383.4 950.8 391.8 956.3 375.5 981.5 367.1 976.0 small-vehicle 0
372.3 978.2 380.1 984.5 346.3 1026.6 338.5 1020.3 small-vehicle 0
400.1 962.9 408.4 968.5 393.9 990.1 385.6 984.5 small-vehicle 0
385.2 987.7 394.2 992.1 373.8 1033.3 364.8 1028.9 small-vehicle 0
419.7 970.1 427.8 976.0 410.0 1000.2 401.9 994.2 small-vehicle 0
451.4 965.4 458.9 972.1 412.6 1024.6 405.1 1017.9 small-vehicle 0
447.6 976.1 457.6 977.0 453.1 1026.8 443.1 1025.9 small-vehicle 0
446.8 1020.3 480.8 989.4 490.2 999.7 456.2 1030.6 small-vehicle 0
555.0 773.6 563.0 779.7 530.0 822.4 522.0 816.3 small-vehicle 0
365.4 941.3 373.9 946.6 358.1 972.0 349.6 966.7 small-vehicle 0
335.9 958.9 343.6 965.3 312.1 1004.1 304.4 997.7 small-vehicle 0
350.4 931.7 358.3 937.9 339.6 961.3 331.7 955.1 small-vehicle 0
307.5 945.5 317.2 947.6 307.5 992.5 297.8 990.4 small-vehicle 0
590.4 791.6 598.2 797.9 569.2 833.6 561.4 827.3 small-vehicle 0
385.5 793.2 413.8 812.1 397.1 837.1 368.8 818.2 small-vehicle 0
433.6 823.1 441.6 829.1 423.6 853.1 415.6 847.1 small-vehicle 0
447.1 833.4 455.4 838.9 441.0 860.5 432.7 855.0 small-vehicle 0
319.7 800.9 329.3 803.5 319.3 840.1 309.7 837.5 small-vehicle 0
334.5 804.7 344.5 805.5 340.5 851.3 330.5 850.5 small-vehicle 0
341.9 816.0 347.6 814.1 366.1 869.0 360.4 870.9 small-vehicle 0
384.8 830.5 392.5 836.9 360.3 875.2 352.7 868.8 small-vehicle 0
393.1 845.3 401.7 850.4 380.5 886.6 371.9 881.6 small-vehicle 0
404.2 851.3 413.9 853.7 403.8 894.5 394.1 892.0 small-vehicle 0
436.2 858.7 444.1 864.9 415.9 901.2 408.0 895.1 small-vehicle 0
470.1 839.0 478.1 845.1 459.9 869.0 451.9 862.9 small-vehicle 0
483.3 853.5 491.5 859.1 476.7 880.5 468.5 874.9 small-vehicle 0
454.0 867.6 462.3 873.2 434.4 914.7 426.1 909.1 small-vehicle 0
474.4 880.3 481.9 886.9 448.8 924.4 441.3 917.8 small-vehicle 0
504.8 854.3 513.9 858.6 501.0 885.7 492.0 881.5 small-vehicle 0
482.2 880.0 491.9 882.5 479.4 930.9 469.7 928.5 small-vehicle 0
523.8 865.9 531.9 871.8 514.2 896.1 506.1 890.2 small-vehicle 0
511.0 895.9 518.4 902.7 487.1 936.4 479.8 929.7 small-vehicle 0
538.3 885.1 545.6 892.0 527.7 910.9 520.4 904.0 small-vehicle 0
523.0 908.3 531.7 913.2 507.0 956.7 498.3 951.8 small-vehicle 0
537.8 921.4 546.4 926.5 524.7 962.5 516.1 957.4 small-vehicle 0
572.4 905.1 580.3 911.3 564.3 931.7 556.4 925.6 small-vehicle 0
556.7 927.5 565.6 932.2 542.3 976.5 533.4 971.8 small-vehicle 0
601.0 904.7 608.3 911.5 577.0 945.3 569.7 938.5 small-vehicle 0
317.5 910.3 324.8 917.1 304.4 939.1 297.0 932.3 small-vehicle 0
330.6 922.9 338.9 928.5 324.4 950.1 316.1 944.5 small-vehicle 0
572.2 782.3 580.1 788.4 551.8 824.7 543.9 818.6 small-vehicle 0
528.2 759.3 549.6 774.2 521.0 815.2 499.7 800.4 small-vehicle 0
877.3 948.9 885.1 955.1 853.7 994.1 845.9 987.9 small-vehicle 0
536.5 726.0 570.5 750.6 552.9 774.9 518.9 750.3 small-vehicle 0
262.5 727.5 292.7 750.6 274.5 774.5 244.3 751.4 small-vehicle 0
257.6 764.8 265.8 770.5 237.0 811.4 228.8 805.6 small-vehicle 0
275.6 777.4 283.2 783.9 253.5 819.0 245.9 812.5 small-vehicle 0
265.7 823.0 285.7 786.1 298.0 792.7 278.0 829.7 small-vehicle 0
312.4 793.0 320.2 799.3 293.7 831.9 285.9 825.6 small-vehicle 0
44.9 909.9 53.6 885.4 78.1 894.1 69.4 918.6 small-vehicle 0
149.0 858.9 158.2 862.8 145.0 894.1 135.8 890.2 small-vehicle 0
175.1 868.7 182.8 875.1 155.9 907.3 148.2 900.9 small-vehicle 0
196.5 851.4 216.2 861.3 204.5 884.5 184.8 874.7 small-vehicle 0
187.3 876.4 196.3 881.0 173.7 925.6 164.8 921.1 small-vehicle 0
226.1 861.6 233.4 868.4 212.9 890.4 205.6 883.6 small-vehicle 0
209.4 889.8 217.8 895.3 190.2 937.0 181.9 931.5 small-vehicle 0
229.5 900.5 237.6 906.5 205.3 949.8 197.3 943.8 small-vehicle 0
241.5 871.3 249.7 877.0 232.6 901.6 224.4 895.9 small-vehicle 0
260.2 881.4 268.2 887.4 250.0 911.3 242.0 905.2 small-vehicle 0
240.2 912.9 249.1 917.4 228.2 958.4 219.3 953.9 small-vehicle 0
273.2 897.3 281.7 902.7 267.8 924.7 259.3 919.3 small-vehicle 0
294.4 900.3 302.8 905.7 286.6 930.9 278.2 925.5 small-vehicle 0
264.0 920.7 271.9 926.7 244.0 963.3 236.1 957.3 small-vehicle 0
281.3 931.6 289.8 936.9 263.3 979.3 254.8 974.0 small-vehicle 0
298.9 939.0 307.4 944.2 283.8 983.6 275.2 978.5 small-vehicle 0
101.2 951.1 116.6 960.4 103.3 982.7 87.9 973.5 small-vehicle 0
84.4 975.5 105.1 997.2 77.6 1023.5 56.9 1001.8 small-vehicle 0
135.9 959.5 155.6 969.4 136.9 1007.0 117.2 997.1 small-vehicle 0
164.0 965.0 172.8 969.6 146.0 1021.0 137.2 1016.4 small-vehicle 0
180.0 988.1 218.0 1005.9 203.6 1036.7 165.6 1018.9 small-vehicle 0
498.1 384.3 523.8 399.9 504.1 432.4 478.4 416.8 small-vehicle 0
383.5 514.2 407.3 532.3 377.1 572.1 353.2 554.0 small-vehicle 0
391.4 572.8 402.0 540.5 422.9 547.3 412.3 579.6 small-vehicle 0
469.4 525.3 493.8 542.8 471.6 573.7 447.2 556.2 small-vehicle 0
533.9 563.7 566.1 583.9 550.1 609.3 517.9 589.1 small-vehicle 0
586.2 587.4 594.3 593.3 564.8 633.6 556.7 627.7 small-vehicle 0
522.7 594.6 549.7 615.3 521.6 651.8 494.7 631.0 small-vehicle 0
369.3 667.4 391.0 688.1 364.7 715.6 343.0 694.9 small-vehicle 0
403.0 686.8 424.8 700.9 402.0 736.2 380.2 722.1 small-vehicle 0
456.8 674.7 480.3 693.4 454.2 726.3 430.7 707.6 small-vehicle 0
479.7 736.3 487.9 741.9 464.3 776.7 456.1 771.1 small-vehicle 0
497.5 745.9 505.7 751.6 483.8 782.7 475.6 777.0 small-vehicle 0
984.5 67.7 1009.0 44.1 1035.4 71.4 1011.0 95.0 small-vehicle 0
897.7 137.2 923.3 159.6 892.9 194.2 867.4 171.8 small-vehicle 0
930.4 205.1 954.2 223.4 926.1 259.9 902.4 241.6 small-vehicle 0
979.8 228.5 1012.6 260.7 983.1 290.7 950.3 258.4 small-vehicle 0
894.3 616.1 902.4 622.0 887.3 643.1 879.2 637.3 small-vehicle 0
907.0 611.0 917.0 611.7 913.7 657.6 903.7 656.9 small-vehicle 0
898.2 651.4 906.4 657.1 878.0 698.2 869.8 692.6 small-vehicle 0
913.3 662.2 921.8 667.5 897.3 706.4 888.9 701.1 small-vehicle 0
938.3 673.3 946.2 679.5 917.7 715.7 909.8 709.5 small-vehicle 0
954.5 627.3 973.9 644.6 945.8 675.9 926.5 658.5 small-vehicle 0
976.6 639.7 984.7 645.6 960.2 679.6 952.0 673.8 small-vehicle 0
989.9 654.2 998.4 659.5 978.2 691.7 969.7 686.4 small-vehicle 0
958.0 682.0 966.4 687.5 938.8 729.2 930.5 723.7 small-vehicle 0
988.4 698.9 1001.3 711.5 969.2 744.4 956.3 731.9 small-vehicle 0
845.1 741.7 853.9 746.3 841.9 769.3 833.1 764.7 small-vehicle 0
862.6 755.7 871.2 760.7 858.0 783.1 849.4 778.1 small-vehicle 0
836.4 778.3 846.4 778.4 846.2 828.4 836.2 828.3 small-vehicle 0
881.8 759.8 890.5 764.6 875.9 790.8 867.2 786.0 small-vehicle 0
871.6 788.1 879.4 794.4 845.6 836.5 837.8 830.2 small-vehicle 0
897.2 772.1 906.2 776.5 894.8 799.9 885.8 795.5 small-vehicle 0
926.2 771.0 934.3 776.8 914.6 804.5 906.4 798.7 small-vehicle 0
874.7 796.9 880.7 797.1 879.3 847.1 873.3 846.9 small-vehicle 0
905.2 810.4 913.0 816.7 879.2 858.8 871.4 852.5 small-vehicle 0
936.5 791.4 944.9 797.0 928.3 822.0 919.9 816.4 small-vehicle 0
921.8 818.5 930.1 824.0 902.2 865.5 893.9 860.0 small-vehicle 0
951.6 801.1 960.3 806.0 945.7 832.2 937.0 827.3 small-vehicle 0
937.8 829.6 946.4 834.8 920.2 877.4 911.6 872.2 small-vehicle 0
854.5 902.3 862.2 908.7 845.5 928.7 837.8 922.3 small-vehicle 0
873.1 909.1 881.1 915.0 863.3 939.1 855.3 933.2 small-vehicle 0
859.6 936.4 867.6 942.4 835.3 985.7 827.3 979.7 small-vehicle 0
894.4 918.8 902.0 925.3 882.6 948.2 875.0 941.7 small-vehicle 0
878.5 640.4 887.3 645.1 865.5 685.6 856.7 680.9 small-vehicle 0
866.1 629.2 874.2 635.2 842.0 678.6 834.0 672.6 small-vehicle 0
880.2 601.6 888.1 607.7 869.8 631.4 861.9 625.3 small-vehicle 0
953.1 328.2 975.5 348.2 955.5 370.5 933.1 350.5 small-vehicle 0
976.7 365.9 978.2 367.2 977.0 368.8 975.4 367.5 small-vehicle 0
902.2 345.3 917.8 360.8 891.1 387.8 875.4 372.3 small-vehicle 0
917.5 355.9 926.8 359.5 913.2 395.0 903.9 391.4 small-vehicle 0
933.7 357.7 943.4 360.2 929.8 412.4 920.1 409.9 small-vehicle 0
953.2 376.3 961.8 381.3 940.8 417.7 932.2 412.7 small-vehicle 0
969.5 390.5 978.7 394.3 964.1 429.4 954.8 425.6 small-vehicle 0
851.8 421.7 877.0 437.9 849.9 480.0 824.7 463.7 small-vehicle 0
880.8 454.2 902.9 467.9 889.1 490.0 867.0 476.2 small-vehicle 0
977.9 468.6 1003.9 468.4 1004.1 502.4 978.1 502.6 small-vehicle 0
906.1 470.2 914.0 476.4 897.9 496.8 890.0 490.6 small-vehicle 0
854.1 467.5 874.0 484.2 847.0 516.4 827.1 499.6 small-vehicle 0
875.7 487.1 883.7 493.2 853.3 532.9 845.3 526.8 small-vehicle 0
894.2 498.6 901.6 505.3 870.8 539.4 863.4 532.7 small-vehicle 0
930.5 471.5 938.4 477.7 912.4 510.7 904.5 504.5 small-vehicle 0
910.4 506.8 918.2 513.0 889.7 549.1 881.8 542.9 small-vehicle 0
942.4 490.0 949.9 496.6 932.8 516.1 925.2 509.5 small-vehicle 0
917.8 514.2 927.5 516.6 916.5 561.3 906.8 558.9 small-vehicle 0
967.3 491.0 975.2 497.1 947.4 533.6 939.4 527.6 small-vehicle 0
977.5 512.1 986.5 516.3 975.6 539.9 966.5 535.7 small-vehicle 0
963.6 535.2 972.0 540.6 942.4 585.8 934.0 580.4 small-vehicle 0
979.4 541.4 988.4 545.6 970.6 583.6 961.6 579.4 small-vehicle 0
999.6 553.5 1008.4 558.2 986.7 598.8 977.9 594.0 small-vehicle 0
842.8 586.9 850.1 593.7 832.4 612.8 825.1 606.0 small-vehicle 0
858.7 596.1 867.5 600.9 854.8 623.7 846.1 618.8 small-vehicle 0
847.8 622.6 855.7 628.7 825.2 668.4 817.3 662.3 small-vehicle 0
810.8 599.5 819.3 604.7 795.6 644.1 787.0 638.9 small-vehicle 0
582.9 591.2 592.3 587.6 610.3 634.3 601.0 637.9 small-vehicle 0
632.1 625.8 639.7 632.3 622.9 652.2 615.3 645.7 small-vehicle 0
646.9 637.2 655.4 642.5 641.7 664.6 633.2 659.3 small-vehicle 0
665.1 646.9 673.4 652.4 659.0 674.1 650.6 668.5 small-vehicle 0
690.5 648.1 698.9 653.5 676.0 688.7 667.6 683.3 small-vehicle 0
704.2 663.1 712.7 668.5 696.8 693.9 688.3 688.5 small-vehicle 0
720.9 675.5 728.4 682.1 711.1 701.5 703.6 694.9 small-vehicle 0
620.5 652.7 628.5 658.6 598.8 698.8 590.8 692.9 small-vehicle 0
636.8 671.9 643.3 679.5 614.2 704.0 607.8 696.4 small-vehicle 0
656.7 672.4 664.2 679.0 631.3 716.6 623.8 710.0 small-vehicle 0
691.3 692.1 699.2 698.2 668.7 737.9 660.8 731.8 small-vehicle 0
707.1 700.0 715.7 705.2 691.7 744.4 683.1 739.2 small-vehicle 0
737.6 680.4 746.8 684.3 734.8 711.8 725.6 707.9 small-vehicle 0
729.3 709.8 736.9 716.3 701.7 757.2 694.1 750.7 small-vehicle 0
758.9 697.1 766.9 703.2 751.1 723.9 743.1 717.8 small-vehicle 0
738.0 729.6 745.4 736.4 727.9 755.6 720.5 748.9 small-vehicle 0
765.2 734.9 772.6 741.6 741.6 775.6 734.2 768.9 small-vehicle 0
776.6 707.0 784.1 713.7 766.8 733.1 759.4 726.5 small-vehicle 0
792.9 718.6 800.9 724.7 785.1 745.4 777.1 739.3 small-vehicle 0
811.4 723.6 819.6 729.4 804.5 750.6 796.3 744.8 small-vehicle 0
830.3 736.8 837.3 744.0 818.7 762.2 811.7 755.0 small-vehicle 0
776.9 741.4 786.1 745.3 768.1 787.6 758.9 783.7 small-vehicle 0
800.3 750.1 808.0 756.4 778.7 791.9 771.0 785.6 small-vehicle 0
816.4 759.6 824.3 765.7 796.6 802.4 788.7 796.3 small-vehicle 0
834.5 767.0 842.5 773.0 812.5 813.0 804.5 807.0 small-vehicle 0
604.5 765.0 610.8 772.8 590.5 789.0 584.2 781.2 small-vehicle 0
613.5 771.1 623.5 771.2 623.4 797.2 613.4 797.1 small-vehicle 0
831.6 607.9 839.8 613.6 811.3 654.7 803.1 649.0 small-vehicle 0
795.2 594.7 802.9 601.1 773.6 636.5 765.9 630.2 small-vehicle 0
625.8 808.5 634.1 814.0 606.2 855.5 597.9 850.0 small-vehicle 0
774.8 587.6 782.5 594.0 752.8 629.2 745.1 622.8 small-vehicle 0
701.1 392.7 728.7 404.3 713.9 439.3 686.3 427.7 small-vehicle 0
763.9 380.2 783.0 397.9 757.1 425.8 738.0 408.1 small-vehicle 0
785.0 389.2 794.3 392.8 780.7 428.3 771.4 424.7 small-vehicle 0
739.7 413.7 769.2 437.6 740.3 473.3 710.8 449.4 small-vehicle 0
786.7 440.7 794.4 447.2 767.3 479.3 759.6 472.8 small-vehicle 0
802.8 447.9 810.7 454.0 782.6 490.4 774.6 484.3 small-vehicle 0
821.1 455.3 829.5 460.7 808.9 492.7 800.5 487.3 small-vehicle 0
666.8 471.0 687.5 486.7 659.8 523.3 639.0 507.6 small-vehicle 0
649.8 509.6 658.1 515.1 630.4 556.7 622.1 551.2 small-vehicle 0
677.4 484.3 683.4 484.0 686.0 534.0 680.0 534.3 small-vehicle 0
669.6 522.0 677.4 528.3 648.4 564.0 640.6 557.7 small-vehicle 0
707.4 506.2 714.0 513.7 682.7 541.7 676.1 534.2 small-vehicle 0
678.7 541.4 686.9 547.1 665.4 578.4 657.2 572.7 small-vehicle 0
716.2 517.9 724.6 523.4 708.1 548.5 699.8 543.0 small-vehicle 0
699.8 544.9 708.5 549.9 683.5 593.2 674.8 588.2 small-vehicle 0
726.4 554.8 733.5 561.9 698.2 597.3 691.1 590.2 small-vehicle 0
733.7 567.0 742.9 571.1 725.7 609.4 716.5 605.3 small-vehicle 0
756.0 536.4 763.9 542.6 745.5 566.3 737.6 560.1 small-vehicle 0
775.1 543.0 783.1 549.1 764.9 573.0 756.9 566.9 small-vehicle 0
790.1 555.3 798.3 560.9 781.5 585.7 773.2 580.1 small-vehicle 0
805.2 566.5 813.6 571.9 799.4 593.7 791.0 588.2 small-vehicle 0
822.6 573.4 831.7 577.7 820.6 601.2 811.5 597.0 small-vehicle 0
758.8 573.1 766.9 579.1 734.9 622.6 726.9 616.7 small-vehicle 0
612.3 796.7 620.1 803.0 585.9 844.8 578.1 838.5 small-vehicle 0
658.4 793.3 666.0 799.8 646.6 822.7 639.0 816.2 small-vehicle 0
644.4 975.8 653.6 979.9 633.2 1025.5 624.0 1021.5 small-vehicle 0
670.2 985.1 678.1 991.3 647.4 1030.8 639.5 1024.6 small-vehicle 0
698.9 969.2 706.8 975.3 688.4 999.0 680.5 992.9 small-vehicle 0
732.5 971.9 739.3 979.2 690.6 1023.9 683.9 1016.5 small-vehicle 0
736.1 981.9 745.2 986.0 726.4 1028.0 717.3 1023.9 small-vehicle 0
760.6 987.0 768.7 992.8 742.0 1030.3 733.9 1024.4 small-vehicle 0
675.3 960.1 684.8 963.2 676.7 987.9 667.2 984.8 small-vehicle 0
659.2 953.1 668.3 957.1 657.8 980.9 648.7 976.9 small-vehicle 0
639.4 821.6 648.0 826.6 622.9 869.8 614.3 864.8 small-vehicle 0
633.2 971.1 641.0 977.4 609.2 1016.0 601.4 1009.7 small-vehicle 0
676.4 804.6 684.2 810.9 665.3 834.2 657.5 827.9 small-vehicle 0
664.7 832.0 671.9 838.9 634.3 877.7 627.1 870.7 small-vehicle 0
677.5 844.0 685.7 849.7 657.4 890.9 649.2 885.2 small-vehicle 0
695.3 813.9 703.0 820.2 684.1 843.5 676.4 837.2 small-vehicle 0
708.5 826.2 716.3 832.5 700.0 852.7 692.2 846.5 small-vehicle 0
727.2 830.1 735.9 835.1 722.9 857.6 714.2 852.6 small-vehicle 0
698.2 850.1 706.3 856.1 676.3 896.2 668.3 890.2 small-vehicle 0
711.7 858.1 720.4 863.1 697.1 902.8 688.5 897.8 small-vehicle 0
733.5 864.3 741.7 870.1 712.5 910.7 704.3 904.9 small-vehicle 0
744.8 839.6 753.9 843.9 742.8 867.4 733.8 863.2 small-vehicle 0
762.2 853.6 769.5 860.4 751.8 879.4 744.5 872.6 small-vehicle 0
747.9 880.3 756.2 885.9 730.4 924.0 722.1 918.4 small-vehicle 0
785.9 859.8 793.1 866.8 772.1 888.2 764.9 881.2 small-vehicle 0
771.1 887.3 778.5 894.1 741.9 933.7 734.5 926.9 small-vehicle 0
796.4 871.3 804.9 876.4 791.6 898.7 783.1 893.6 small-vehicle 0
738.9 942.8 804.9 881.6 814.4 891.8 748.4 953.0 small-vehicle 0
810.6 877.7 820.4 879.7 814.5 909.1 804.7 907.1 small-vehicle 0
804.8 907.4 812.9 913.3 783.4 953.7 775.3 947.8 small-vehicle 0
836.1 889.9 844.3 895.7 826.9 920.1 818.7 914.3 small-vehicle 0
821.2 918.8 829.1 924.9 800.8 961.2 792.9 955.1 small-vehicle 0
842.8 925.8 850.5 932.1 819.1 970.9 811.3 964.6 small-vehicle 0
608.7 922.7 616.3 929.2 599.5 949.0 591.9 942.6 small-vehicle 0
578.0 938.8 586.1 944.6 557.0 985.2 548.9 979.4 small-vehicle 0
596.8 946.8 604.6 953.0 576.2 989.2 568.4 983.0 small-vehicle 0
625.4 930.2 633.8 935.6 619.6 957.4 611.2 952.0 small-vehicle 0
610.6 958.3 619.3 963.3 594.2 1006.6 585.6 1001.6 small-vehicle 0
645.5 939.9 653.2 946.4 633.9 969.3 626.2 962.9 small-vehicle 0
229.0 702.2 258.5 726.2 232.0 758.8 202.5 734.8 small-vehicle 0
