547.4 560.1 548.9 561.4 547.6 562.9 546.1 561.6 small-vehicle 0
558.4 844.1 580.9 857.1 563.9 886.5 541.4 873.5 small-vehicle 0
307.5 296.2 384.6 283.9 411.5 451.8 334.4 464.1 tennis-court 0
486.9 303.3 553.8 350.6 437.2 515.5 370.2 468.2 tennis-court 0
169.2 483.1 253.4 524.8 163.8 705.9 79.6 664.2 tennis-court 0
272.7 520.1 360.1 564.6 272.1 737.5 184.7 693.0 tennis-court 0
341.7 563.3 427.3 571.7 408.3 764.7 322.7 756.3 tennis-court 0
269.5 821.9 279.4 797.8 307.1 809.3 297.2 833.3 small-vehicle 0
383.9 830.0 389.3 851.3 360.3 858.7 354.8 837.4 small-vehicle 0
246.4 851.0 266.5 823.5 297.2 845.9 277.1 873.4 small-vehicle 0
378.0 861.7 382.5 870.6 355.8 884.2 351.3 875.2 small-vehicle 0
228.0 925.8 239.3 902.4 270.0 917.2 258.7 940.6 small-vehicle 0
326.4 925.7 341.8 904.7 372.4 927.3 357.0 948.2 small-vehicle 0
265.9 931.9 268.3 941.6 231.5 950.9 229.1 941.2 small-vehicle 0
220.0 978.7 230.5 959.3 249.8 969.8 239.3 989.2 small-vehicle 0
318.8 976.1 320.0 954.1 353.9 955.9 352.8 977.8 small-vehicle 0
347.9 976.1 348.9 986.1 311.1 989.9 310.1 979.9 small-vehicle 0
346.1 995.4 346.7 1005.4 304.8 1007.8 304.2 997.8 small-vehicle 0
411.4 965.6 431.5 982.1 399.8 1020.8 379.7 1004.3 small-vehicle 0
530.6 939.7 552.6 953.6 534.4 982.3 512.4 968.4 small-vehicle 0
442.8 846.4 462.2 856.7 444.4 890.3 425.0 880.0 small-vehicle 0
536.3 795.7 560.2 806.0 546.7 837.3 522.8 827.0 small-vehicle 0
485.5 740.7 486.3 742.5 484.5 743.3 483.7 741.5 small-vehicle 0
500.2 690.3 502.2 690.7 501.8 692.7 499.8 692.3 small-vehicle 0
514.7 647.6 516.4 648.7 515.3 650.4 513.6 649.3 small-vehicle 0
534.3 574.1 556.5 587.5 532.7 626.9 510.5 613.5 small-vehicle 0
547.3 898.4 566.6 915.9 541.1 944.0 521.8 926.6 small-vehicle 0
267.7 237.2 317.8 257.4 243.9 441.1 193.8 420.9 tennis-court 0
