332.0 22.8 394.5 -42.0 488.0 48.3 425.5 113.1 tennis-court 0
126.8 396.3 225.2 338.6 321.3 502.5 222.9 560.1 tennis-court 0
296.6 338.5 395.7 274.6 498.8 434.2 399.6 498.2 tennis-court 0
427.1 281.0 535.4 224.9 621.0 390.1 512.6 446.2 tennis-court 0
604.2 212.1 655.7 170.9 786.8 334.9 735.3 376.1 tennis-court 0
757.9 140.2 858.4 122.6 891.1 309.8 790.6 327.4 tennis-court 0
493.9 593.7 594.3 682.5 518.7 767.8 418.4 679.0 tennis-court 0
637.1 632.8 637.8 630.9 639.7 631.6 639.0 633.5 tennis-court 0
737.9 494.0 802.9 468.0 873.3 644.5 808.3 670.4 tennis-court 0
859.0 455.0 950.8 420.8 1013.0 587.6 921.1 621.8 tennis-court 0
101.1 757.3 130.4 740.1 151.7 776.3 122.4 793.5 small-vehicle 0
46.5 742.9 49.2 756.6 4.0 765.4 1.4 751.6 small-vehicle 0
47.4 760.9 53.3 769.0 19.2 793.6 13.4 785.5 small-vehicle 0
184.7 41.2 288.6 -22.8 379.8 125.5 275.8 189.4 tennis-court 0
