601.6 227.8 610.7 238.4 536.5 302.5 527.4 291.9 large-vehicle 0
238.3 744.6 247.2 755.4 178.0 812.9 169.0 802.1 large-vehicle 0
436.3 643.7 445.5 654.3 383.7 708.3 374.5 697.7 large-vehicle 0
457.4 660.8 466.4 671.5 403.6 724.2 394.6 713.5 large-vehicle 0
467.2 688.4 476.4 698.9 411.8 755.6 402.6 745.1 large-vehicle 0
489.4 711.6 498.3 722.4 431.6 776.7 422.8 765.9 large-vehicle 0
502.9 731.1 512.0 741.7 446.6 797.6 437.5 786.9 large-vehicle 0
518.8 757.7 527.7 768.5 464.2 820.3 455.3 809.5 large-vehicle 0
531.4 780.2 540.5 790.8 475.4 847.0 466.2 836.4 large-vehicle 0
552.6 802.2 561.7 812.9 496.4 868.8 487.3 858.1 large-vehicle 0
568.3 823.4 577.4 834.0 512.3 890.2 503.1 879.6 large-vehicle 0
590.1 841.5 599.2 852.1 534.1 908.3 525.0 897.7 large-vehicle 0
249.8 770.3 258.7 781.2 192.2 835.7 183.3 824.9 large-vehicle 0
182.7 680.0 191.9 690.6 139.3 736.7 130.0 726.2 large-vehicle 0
257.3 797.9 266.5 808.5 201.7 865.1 192.5 854.5 large-vehicle 0
269.6 823.5 278.7 834.1 216.4 887.5 207.3 876.9 large-vehicle 0
291.3 845.1 300.2 856.0 236.7 907.9 227.8 897.0 large-vehicle 0
335.7 879.5 352.2 899.6 301.3 941.5 284.8 921.4 large-vehicle 0
360.2 928.3 377.4 947.8 328.0 991.6 310.7 972.1 large-vehicle 0
564.7 618.6 574.0 629.1 506.6 688.8 497.3 678.3 large-vehicle 0
582.6 641.5 591.9 652.0 524.4 711.5 515.1 701.0 large-vehicle 0
210.2 695.4 219.5 705.8 167.0 752.2 157.7 741.7 large-vehicle 0
173.0 651.7 182.3 662.2 118.0 719.3 108.7 708.8 large-vehicle 0
604.9 260.4 614.4 270.7 545.3 334.4 535.8 324.1 large-vehicle 0
458.2 456.0 467.5 466.5 417.8 510.0 408.5 499.5 large-vehicle 0
224.7 178.0 231.8 165.9 299.3 205.0 292.2 217.1 large-vehicle 0
201.1 231.5 207.5 219.0 283.9 258.5 277.5 271.0 large-vehicle 0
199.6 257.0 206.7 245.0 273.9 284.5 266.8 296.6 large-vehicle 0
152.5 332.2 167.0 310.6 228.5 351.6 214.1 373.3 large-vehicle 0
137.7 387.7 150.3 364.9 225.6 406.6 213.0 429.3 large-vehicle 0
130.3 436.5 137.6 424.5 204.2 465.1 196.9 477.1 large-vehicle 0
113.3 459.8 120.4 447.8 191.1 489.4 184.0 501.4 large-vehicle 0
111.5 487.5 118.5 475.4 189.5 516.5 182.5 528.6 large-vehicle 0
302.6 371.6 337.6 407.4 273.4 470.4 238.4 434.6 large-vehicle 0
458.2 421.7 467.2 432.4 410.8 480.3 401.8 469.6 large-vehicle 0
488.5 504.9 497.0 516.0 460.5 544.1 452.0 533.0 large-vehicle 0
159.1 629.1 168.0 639.9 101.9 694.9 93.0 684.1 large-vehicle 0
514.5 518.2 523.6 528.9 473.5 571.8 464.4 561.1 large-vehicle 0
107.9 516.2 115.2 504.3 181.7 545.0 174.4 557.0 large-vehicle 0
83.4 537.0 90.6 525.0 160.8 567.5 153.6 579.4 large-vehicle 0
74.8 563.2 82.3 551.3 144.9 590.7 137.4 602.6 large-vehicle 0
380.0 541.5 389.0 552.2 323.1 607.4 314.1 596.7 large-vehicle 0
393.8 569.5 403.0 580.0 338.2 636.5 329.0 626.0 large-vehicle 0
404.6 593.8 413.9 604.3 349.4 661.2 340.1 650.7 large-vehicle 0
423.0 617.2 432.3 627.6 368.0 684.8 358.7 674.4 large-vehicle 0
537.5 572.8 545.7 584.2 508.5 611.2 500.3 599.8 large-vehicle 0
544.7 597.8 556.6 605.2 542.9 627.3 531.0 619.9 large-vehicle 0
908.9 699.7 917.9 710.5 851.7 765.5 842.8 754.7 large-vehicle 0
682.2 781.8 691.3 792.5 625.8 848.2 616.7 837.5 large-vehicle 0
665.6 757.8 674.7 768.5 605.9 826.5 596.9 815.8 large-vehicle 0
621.0 890.2 629.9 900.9 564.0 956.1 555.0 945.3 large-vehicle 0
606.7 864.0 615.8 874.6 547.3 933.0 538.2 922.4 large-vehicle 0
650.6 734.0 659.8 744.5 592.2 803.9 582.9 793.4 large-vehicle 0
638.6 704.1 648.1 714.4 584.7 772.5 575.2 762.1 large-vehicle 0
618.9 686.8 627.9 697.5 556.1 758.2 547.1 747.5 large-vehicle 0
600.8 663.2 609.9 673.8 544.7 729.9 535.6 719.3 large-vehicle 0
943.2 740.9 952.4 751.4 887.8 808.1 878.6 797.6 large-vehicle 0
927.9 717.7 937.6 727.8 872.4 789.8 862.7 779.7 large-vehicle 0
898.5 671.7 907.8 682.2 843.5 739.3 834.2 728.8 large-vehicle 0
865.2 627.7 874.4 638.2 815.6 689.5 806.4 678.9 large-vehicle 0
851.6 602.4 860.6 613.2 800.8 663.3 791.8 652.6 large-vehicle 0
815.3 560.0 824.6 570.6 762.8 624.5 753.6 614.0 large-vehicle 0
790.7 543.5 800.0 554.0 735.5 611.0 726.3 600.5 large-vehicle 0
779.3 516.7 788.4 527.3 720.0 585.8 710.9 575.2 large-vehicle 0
769.6 490.1 778.6 500.9 712.4 555.9 703.4 545.1 large-vehicle 0
751.1 466.9 760.2 477.5 691.9 536.1 682.8 525.5 large-vehicle 0
564.8 487.7 590.4 465.4 644.2 527.3 618.6 549.6 large-vehicle 0
707.6 396.4 716.6 407.2 638.4 472.6 629.4 461.8 large-vehicle 0
690.6 372.8 699.6 383.6 621.4 449.2 612.4 438.4 large-vehicle 0
701.8 802.6 711.1 813.1 646.6 870.0 637.4 859.6 large-vehicle 0
722.5 822.6 729.1 830.2 667.5 884.4 660.9 876.8 large-vehicle 0
732.3 846.2 738.8 853.8 670.1 912.0 663.6 904.3 large-vehicle 0
958.4 766.0 967.5 776.6 902.6 833.0 893.5 822.4 large-vehicle 0
798.9 970.6 807.5 981.6 743.0 1032.3 734.4 1021.2 large-vehicle 0
784.8 942.6 793.9 953.2 728.7 1009.3 719.6 998.7 large-vehicle 0
773.5 918.5 782.4 929.3 716.3 984.3 707.4 973.6 large-vehicle 0
1028.4 885.3 1038.3 895.2 985.8 947.3 975.9 937.4 large-vehicle 0
679.0 987.4 687.5 998.5 635.0 1038.6 626.5 1027.5 large-vehicle 0
761.0 890.6 770.1 901.3 701.3 959.4 692.3 948.7 large-vehicle 0
666.5 958.3 675.7 968.9 607.5 1027.7 598.3 1017.1 large-vehicle 0
1021.7 859.2 1030.8 869.8 968.8 923.4 959.6 912.8 large-vehicle 0
1008.3 837.9 1017.4 848.6 951.7 904.1 942.6 893.4 large-vehicle 0
987.4 816.2 996.5 826.9 931.2 882.8 922.1 872.2 large-vehicle 0
649.0 934.9 658.3 945.4 591.0 1005.1 581.7 994.6 large-vehicle 0
743.9 870.0 752.9 880.7 684.1 938.7 675.1 928.0 large-vehicle 0
631.5 915.1 640.8 925.5 579.5 979.9 570.2 969.5 large-vehicle 0
978.9 787.8 987.9 798.5 925.1 851.2 916.1 840.5 large-vehicle 0
237.0 162.1 252.3 136.3 316.0 173.9 300.7 199.7 large-vehicle 0
