224.9 550.0 251.5 517.4 284.1 544.0 257.5 576.6 plane 0
65.8 428.8 100.9 405.7 121.7 437.5 86.6 460.6 plane 0
61.7 516.0 65.9 486.3 115.4 493.3 111.2 523.0 plane 0
305.3 5.9 336.7 33.7 295.7 80.2 264.2 52.3 plane 0
345.8 73.6 373.2 99.9 338.5 135.9 311.1 109.6 plane 0
106.7 139.5 127.0 112.2 170.3 144.5 150.0 171.8 plane 0
111.2 229.6 123.4 185.3 175.4 199.5 163.3 243.9 plane 0
183.4 257.5 184.1 299.5 138.1 300.3 137.4 258.3 plane 0
211.7 299.4 237.8 337.3 173.5 381.5 147.4 343.6 plane 0
238.0 371.4 269.6 410.2 215.3 454.4 183.7 415.6 plane 0
230.0 632.7 243.1 580.3 307.1 596.3 294.0 648.7 plane 0
675.2 484.1 707.3 445.8 745.7 477.8 713.6 516.2 plane 0
608.9 156.5 659.6 138.0 685.1 207.5 634.4 226.0 plane 0
857.5 101.8 892.5 142.9 833.1 193.4 798.1 152.3 plane 0
741.8 2.9 811.3 11.3 801.0 96.7 731.5 88.3 plane 0
817.1 34.3 841.1 16.3 875.9 62.7 851.9 80.7 plane 0
852.7 19.9 859.1 -1.1 941.3 24.1 934.9 45.1 plane 0
121.1 653.2 152.3 614.1 206.9 657.8 175.7 696.9 plane 0
650.4 796.0 661.2 828.2 617.6 842.8 606.8 810.6 plane 0
668.9 779.1 671.8 792.8 603.3 807.1 600.4 793.4 plane 0
547.1 726.5 554.2 738.5 514.7 762.0 507.6 750.0 plane 0
545.7 750.7 553.8 756.5 522.3 800.3 514.2 794.5 plane 0
529.6 694.8 547.9 713.3 523.7 737.2 505.4 718.8 plane 0
532.4 666.3 540.3 672.5 514.6 705.7 506.7 699.5 plane 0
595.7 684.2 602.7 655.0 651.3 666.8 644.3 696.0 plane 0
601.8 615.2 671.1 641.2 657.7 676.8 588.4 650.8 plane 0
526.0 607.0 539.6 642.5 478.0 666.2 464.4 630.7 plane 0
655.9 560.3 671.9 603.4 610.0 626.3 594.0 583.2 plane 0
504.9 541.7 521.0 576.1 475.8 597.3 459.6 562.9 plane 0
582.4 515.9 612.8 476.2 671.6 521.1 641.2 560.8 plane 0
496.2 469.7 524.2 501.0 478.1 542.4 450.0 511.1 plane 0
499.9 406.1 515.8 440.7 463.1 464.9 447.2 430.3 plane 0
627.5 292.1 647.3 338.0 586.7 364.2 566.9 318.3 plane 0
454.5 248.5 486.9 306.0 425.9 340.3 393.5 282.8 plane 0
413.8 193.1 446.2 225.7 399.5 272.3 367.0 239.7 plane 0
532.8 87.9 571.4 136.5 510.3 185.0 471.7 136.4 plane 0
