285.1 581.7 293.3 439.9 331.2 442.1 323.1 583.9 tennis-court 0
217.1 692.0 251.0 319.5 288.9 323.0 255.0 695.5 tennis-court 0
143.3 358.2 187.2 628.7 149.7 634.8 105.8 364.3 tennis-court 0
101.4 355.1 119.3 624.5 81.4 627.1 63.5 357.6 tennis-court 0
21.4 446.3 47.4 445.5 49.7 527.5 23.7 528.3 tennis-court 0
286.3 555.5 319.8 191.0 357.7 194.5 324.2 559.0 tennis-court 0
239.4 555.9 254.7 182.2 292.7 183.8 277.3 557.5 tennis-court 0
201.8 325.0 210.8 340.6 119.2 393.9 110.2 378.3 tennis-court 0
64.8 485.7 108.6 215.2 146.2 221.3 102.4 491.8 tennis-court 0
1.3 457.8 61.6 227.6 98.4 237.2 38.0 467.5 tennis-court 0
297.2 393.4 339.6 118.7 389.0 126.3 346.6 401.1 basketball-court 0
325.1 190.0 341.7 210.0 213.9 315.9 197.3 295.9 basketball-court 0
