931.7 456.3 965.2 419.2 1002.3 452.7 968.8 489.8 plane 0
563.9 475.7 580.0 483.7 550.7 542.8 534.6 534.8 plane 0
467.9 969.0 501.7 1011.1 447.1 1055.0 413.3 1012.9 plane 0
233.0 965.2 265.7 974.6 253.0 1018.8 220.3 1009.4 plane 0
335.0 858.7 358.9 893.2 311.2 926.2 287.3 891.7 plane 0
495.1 850.3 503.3 813.2 556.0 825.0 547.8 862.1 plane 0
523.4 429.8 541.2 432.2 525.6 549.2 507.8 546.8 plane 0
484.6 412.8 506.2 417.0 486.0 521.0 464.4 516.8 plane 0
448.7 410.9 480.1 438.7 446.9 476.1 415.5 448.3 plane 0
430.9 368.2 459.5 393.3 400.1 460.8 371.5 435.7 plane 0
249.3 247.3 289.1 205.1 342.9 255.8 303.1 298.0 plane 0
624.0 464.5 657.4 490.0 564.0 612.5 530.6 587.0 plane 0
700.3 558.9 738.2 591.5 658.7 684.1 620.8 651.5 plane 0
621.5 805.4 627.2 767.8 684.5 776.6 678.8 814.2 plane 0
713.1 834.6 718.2 792.9 763.9 798.6 758.7 840.3 plane 0
572.2 807.8 602.1 805.4 613.8 946.9 583.9 949.4 plane 0
866.8 711.0 892.6 749.0 814.9 801.9 789.0 763.8 plane 0
916.9 721.9 962.0 758.3 933.1 794.1 888.0 757.7 plane 0
195.0 986.1 212.5 990.2 202.0 1034.9 184.5 1030.8 plane 0
95.5 201.9 115.0 184.7 174.5 252.1 155.0 269.3 plane 0
39.7 116.5 94.9 152.6 54.3 214.5 -0.9 178.4 plane 0
184.9 115.8 197.3 128.8 106.0 215.7 93.6 202.6 plane 0
