282.1 732.3 296.9 775.8 226.9 799.7 212.1 756.2 plane 0
69.2 645.1 98.0 627.0 118.3 659.2 89.5 677.3 plane 0
66.8 734.2 73.3 704.9 110.4 713.1 103.9 742.4 plane 0
307.9 218.5 344.5 258.2 293.0 305.6 256.4 265.8 plane 0
349.1 292.6 373.2 316.6 335.2 354.9 311.1 331.0 plane 0
160.0 338.1 166.3 375.6 117.0 383.9 110.7 346.4 plane 0
151.7 388.9 188.8 433.5 134.9 478.3 97.9 433.7 plane 0
160.4 460.9 196.7 489.1 161.1 534.9 124.8 506.7 plane 0
200.7 517.2 235.2 553.4 184.5 601.7 150.0 565.5 plane 0
234.2 591.2 267.9 628.1 219.1 672.6 185.4 635.6 plane 0
269.9 805.2 296.8 832.1 267.2 861.8 240.3 835.0 plane 0
675.2 676.3 731.8 663.3 745.7 723.7 689.1 736.7 plane 0
597.4 379.2 640.8 347.2 696.6 422.8 653.2 454.8 plane 0
862.7 328.5 887.2 367.4 827.9 404.7 803.4 365.8 plane 0
734.0 215.1 815.8 220.8 808.8 322.5 727.0 316.8 plane 0
812.3 266.1 839.5 234.0 880.7 268.9 853.5 301.0 plane 0
911.3 195.1 916.6 284.9 882.7 286.9 877.4 197.1 plane 0
876.9 131.7 922.3 179.6 854.1 244.3 808.7 196.4 plane 0
677.6 179.2 723.3 184.0 713.5 277.5 667.7 272.6 plane 0
642.0 140.8 674.3 151.5 660.0 195.2 627.7 184.5 plane 0
743.2 33.5 767.9 72.3 719.0 103.4 694.3 64.6 plane 0
911.7 24.2 918.3 -5.1 955.4 3.2 948.8 32.4 plane 0
122.7 871.7 155.6 834.0 205.3 877.3 172.4 915.0 plane 0
981.5 34.0 1010.8 27.7 1020.5 72.7 991.2 79.0 plane 0
600.1 151.6 625.6 156.6 612.9 221.4 587.4 216.4 plane 0
657.0 994.2 660.8 1024.0 615.2 1029.9 611.3 1000.2 plane 0
571.0 952.3 572.4 966.3 490.8 974.2 489.4 960.2 plane 0
545.9 966.7 564.2 995.3 522.1 1022.3 503.8 993.7 plane 0
532.0 910.1 552.0 937.6 521.3 959.9 501.3 932.4 plane 0
545.2 888.2 547.7 918.1 501.8 921.8 499.3 891.9 plane 0
646.9 875.3 649.9 909.2 600.1 913.7 597.1 879.8 plane 0
608.0 878.9 609.6 849.0 651.5 851.1 650.0 881.1 plane 0
523.4 822.9 540.7 861.1 480.6 888.3 463.3 850.1 plane 0
643.6 779.3 667.4 808.9 622.3 845.3 598.4 815.7 plane 0
515.1 765.8 522.3 799.1 465.6 811.2 458.4 778.0 plane 0
645.9 698.2 670.6 737.0 608.1 776.8 583.4 738.0 plane 0
516.2 706.6 519.7 736.4 458.1 743.5 454.6 713.7 plane 0
496.3 623.1 516.2 655.5 466.7 685.9 446.8 653.5 plane 0
629.5 517.7 640.9 562.2 584.7 576.6 573.3 532.1 plane 0
467.1 468.2 490.2 530.0 413.4 558.7 390.3 496.9 plane 0
421.3 411.3 449.6 452.5 392.0 492.1 363.6 450.9 plane 0
535.7 315.2 563.8 361.4 507.4 395.7 479.3 349.5 plane 0
