947.2 921.4 999.0 968.6 941.1 1032.1 889.3 985.0 plane 0
302.4 663.6 337.8 699.0 302.5 734.3 267.1 699.0 plane 0
191.7 374.1 257.2 349.2 286.3 425.9 220.8 450.8 plane 0
446.9 320.8 482.9 361.1 427.7 410.4 391.7 370.1 plane 0
328.5 225.0 386.0 217.4 398.3 310.6 340.8 318.2 plane 0
407.4 244.5 433.0 228.8 469.6 288.5 444.0 304.2 plane 0
445.1 239.0 449.2 221.5 532.9 241.0 528.8 258.5 plane 0
483.9 145.3 503.2 168.4 431.1 228.7 411.8 205.6 plane 0
266.7 178.3 316.5 182.7 308.4 276.3 258.5 272.0 plane 0
232.4 137.4 268.7 148.9 253.6 196.6 217.3 185.1 plane 0
328.2 26.3 364.0 61.2 318.0 108.5 282.2 73.7 plane 0
540.9 -14.2 556.4 11.5 510.2 39.5 494.7 13.8 plane 0
590.7 15.3 621.9 29.0 595.3 89.4 564.2 75.7 plane 0
189.9 148.4 219.4 153.7 207.1 222.6 177.6 217.3 plane 0
212.8 975.3 265.7 1021.2 243.4 1046.9 190.5 1001.0 plane 0
136.5 943.0 143.3 950.4 109.3 981.5 102.6 974.1 plane 0
159.6 957.3 174.3 983.5 92.4 1029.7 77.7 1003.5 plane 0
123.2 914.9 132.0 919.6 114.1 953.1 105.3 948.4 plane 0
132.5 881.9 141.1 892.9 98.5 926.1 89.9 915.1 plane 0
244.5 878.5 244.5 908.5 186.5 908.5 186.5 878.5 plane 0
236.1 831.6 254.4 850.1 207.4 896.4 189.1 877.9 plane 0
116.6 820.6 134.6 858.5 71.4 888.6 53.4 850.7 plane 0
254.7 776.9 264.2 834.1 195.2 845.7 185.6 788.5 plane 0
95.8 755.5 117.0 787.1 68.9 819.5 47.7 787.9 plane 0
254.1 697.6 261.5 767.2 183.9 775.4 176.5 705.8 plane 0
94.1 694.0 112.7 722.4 64.1 754.1 45.6 725.6 plane 0
93.4 620.4 110.9 663.0 53.6 686.6 36.1 644.0 plane 0
137.3 529.9 204.2 482.5 260.9 562.4 194.0 609.8 plane 0
53.6 462.9 84.5 525.7 10.9 561.9 -20.0 499.1 plane 0
128.6 309.5 160.9 352.8 98.4 399.4 66.1 356.1 plane 0
