854.7 164.9 861.9 144.1 905.3 159.1 898.1 179.9 large-vehicle 0
274.8 740.6 275.2 754.6 189.2 757.4 188.8 743.4 large-vehicle 0
678.3 853.0 688.2 877.0 619.7 905.0 609.8 881.0 large-vehicle 0
561.0 904.2 562.1 874.3 604.0 875.8 602.9 905.7 large-vehicle 0
587.0 813.5 590.6 818.3 541.0 855.5 537.4 850.7 large-vehicle 0
437.4 849.9 440.3 879.7 362.6 887.1 359.7 857.3 large-vehicle 0
348.4 837.2 349.1 831.2 442.5 841.8 441.8 847.8 large-vehicle 0
360.8 815.5 362.7 809.8 440.2 836.5 438.3 842.2 large-vehicle 0
464.4 797.1 464.6 803.0 378.6 804.9 378.4 799.0 large-vehicle 0
410.4 776.0 414.7 780.1 399.5 796.0 395.2 791.9 large-vehicle 0
387.8 768.9 390.4 763.5 410.2 773.1 407.6 778.5 large-vehicle 0
418.9 751.7 421.6 757.1 409.1 763.3 406.4 757.9 large-vehicle 0
439.7 732.5 441.1 738.4 376.8 753.5 375.4 747.6 large-vehicle 0
437.2 700.8 440.9 705.6 372.8 758.2 369.1 753.4 large-vehicle 0
404.3 698.7 410.4 706.6 377.1 732.3 371.0 724.3 large-vehicle 0
260.9 702.5 265.6 715.7 207.1 736.5 202.4 723.3 large-vehicle 0
180.7 777.2 182.6 763.4 271.7 775.8 269.8 789.7 large-vehicle 0
558.3 799.2 562.8 803.1 553.7 813.8 549.2 809.9 large-vehicle 0
190.5 798.9 194.9 785.7 265.1 809.1 260.7 822.4 large-vehicle 0
195.9 848.6 212.5 814.4 268.3 841.4 251.7 875.6 large-vehicle 0
109.7 754.1 111.1 772.1 49.3 776.9 47.9 758.9 large-vehicle 0
39.6 732.8 41.0 727.0 112.8 745.2 111.3 751.0 large-vehicle 0
120.6 711.3 122.1 717.1 39.1 739.7 37.6 733.9 large-vehicle 0
115.0 692.5 117.1 698.1 37.0 729.5 34.9 723.9 large-vehicle 0
38.9 663.8 40.3 662.4 109.1 732.2 107.7 733.6 large-vehicle 0
121.5 638.3 122.8 668.2 44.9 671.7 43.6 641.7 large-vehicle 0
115.4 625.7 115.5 631.7 45.5 633.3 45.4 627.3 large-vehicle 0
41.9 613.4 42.6 607.4 120.1 616.6 119.4 622.6 large-vehicle 0
122.4 576.5 124.1 590.4 50.6 599.5 48.9 585.6 large-vehicle 0
45.6 469.0 50.3 443.4 119.1 456.0 114.4 481.6 large-vehicle 0
118.8 189.2 123.1 193.4 77.2 240.8 72.9 236.6 large-vehicle 0
120.7 189.2 122.5 194.9 56.1 216.8 54.2 211.1 large-vehicle 0
602.4 812.0 603.1 817.9 517.6 827.0 516.9 821.1 large-vehicle 0
529.7 782.6 531.9 777.0 593.3 801.4 591.1 807.0 large-vehicle 0
733.7 144.3 744.7 107.9 823.2 131.6 812.2 168.0 large-vehicle 0
444.2 250.9 448.1 255.5 379.8 314.1 375.9 309.5 large-vehicle 0
790.7 392.1 797.3 375.3 840.1 392.1 833.5 408.9 large-vehicle 0
596.7 252.0 647.8 299.8 619.1 330.5 568.0 282.7 large-vehicle 0
559.2 293.7 596.9 347.9 562.5 371.9 524.7 317.8 large-vehicle 0
727.2 202.4 753.2 240.3 698.8 277.6 672.8 239.7 large-vehicle 0
643.4 112.5 650.6 100.5 710.6 136.5 703.4 148.5 large-vehicle 0
609.2 126.3 613.8 117.4 686.8 154.7 682.2 163.6 large-vehicle 0
593.8 164.7 596.4 142.8 685.8 153.4 683.2 175.2 large-vehicle 0
522.8 133.8 523.0 151.8 473.0 152.2 472.8 134.2 large-vehicle 0
379.8 58.4 389.7 139.8 316.2 148.6 306.3 67.2 large-vehicle 0
339.1 413.5 356.2 442.8 319.9 464.0 302.8 434.7 large-vehicle 0
368.6 329.9 369.5 311.9 455.4 316.1 454.5 334.1 large-vehicle 0
374.5 297.4 376.6 291.8 449.5 319.6 447.4 325.2 large-vehicle 0
372.9 283.1 374.7 277.4 464.3 305.9 462.4 311.6 large-vehicle 0
366.1 262.8 367.2 256.8 451.8 272.3 450.7 278.2 large-vehicle 0
154.8 542.1 174.0 524.6 240.2 596.9 221.0 614.4 large-vehicle 0
448.3 240.0 449.8 245.8 374.5 266.0 372.9 260.2 large-vehicle 0
440.3 217.6 443.1 222.9 370.7 261.4 367.9 256.1 large-vehicle 0
366.6 203.4 367.3 229.4 281.4 231.6 280.7 205.6 large-vehicle 0
200.1 290.3 281.8 283.8 282.9 297.7 201.2 304.2 large-vehicle 0
283.8 302.0 284.4 308.0 202.9 317.0 202.3 311.0 large-vehicle 0
200.6 341.4 201.6 327.5 287.4 333.6 286.4 347.5 large-vehicle 0
194.7 358.9 195.8 353.0 284.3 369.1 283.2 375.0 large-vehicle 0
283.2 347.9 286.2 353.1 193.8 405.1 190.8 399.9 large-vehicle 0
184.4 489.1 297.4 284.2 309.6 290.9 196.6 495.8 large-vehicle 0
249.6 415.3 249.6 421.3 191.6 421.8 191.6 415.8 large-vehicle 0
204.3 376.8 212.0 370.4 264.7 433.2 257.0 439.6 large-vehicle 0
168.6 469.3 172.4 464.8 241.1 523.0 237.2 527.5 large-vehicle 0
177.9 438.8 183.9 430.8 252.1 483.2 246.1 491.2 large-vehicle 0
170.6 457.7 174.0 452.7 241.9 498.7 238.5 503.7 large-vehicle 0
61.3 167.2 67.5 159.4 128.7 207.8 122.5 215.6 large-vehicle 0
