118.6 659.2 199.9 620.6 238.5 701.9 157.2 740.5 baseball-diamond 0
-20.1 797.5 32.0 700.6 65.5 718.6 13.4 815.5 tennis-court 0
26.7 812.7 88.9 726.9 116.5 746.9 54.3 832.7 tennis-court 0
78.6 842.5 130.5 745.5 160.4 761.5 108.5 858.5 tennis-court 0
132.6 871.8 147.8 766.9 201.3 774.7 186.0 879.6 tennis-court 0
237.7 824.7 306.2 718.9 334.8 737.4 266.3 843.1 tennis-court 0
287.1 839.7 352.7 746.5 380.5 766.1 314.9 859.3 tennis-court 0
346.7 804.7 460.8 573.3 491.3 588.3 377.2 819.7 tennis-court 0
331.2 718.3 381.2 615.8 411.7 630.7 361.8 733.2 tennis-court 0
268.3 691.2 352.9 592.6 378.7 614.8 294.1 713.4 tennis-court 0
425.1 625.3 494.9 511.0 523.9 528.7 454.1 643.0 tennis-court 0
379.5 601.6 447.8 491.1 476.7 508.9 408.4 619.5 tennis-court 0
331.9 580.1 399.6 469.2 428.6 486.9 360.9 597.8 tennis-court 0
67.1 419.9 122.3 376.8 167.9 435.1 112.7 478.2 baseball-diamond 0
129.2 152.3 168.5 167.2 138.0 247.6 98.7 232.7 baseball-diamond 0
