730.6 100.7 732.3 99.6 733.4 101.3 731.7 102.4 small-vehicle 0
246.0 9.1 247.6 10.4 246.4 12.0 244.8 10.7 small-vehicle 0
265.6 15.9 267.1 14.6 268.4 16.1 266.9 17.4 small-vehicle 0
222.8 20.6 224.2 19.2 225.6 20.6 224.2 22.0 small-vehicle 0
231.4 31.8 233.2 26.1 246.6 30.2 244.8 35.9 small-vehicle 0
251.1 30.5 252.7 48.5 230.8 50.5 229.2 32.6 small-vehicle 0
244.4 48.7 266.8 35.5 273.9 47.6 251.5 60.8 small-vehicle 0
273.8 47.3 278.5 50.9 260.2 74.7 255.5 71.1 small-vehicle 0
288.8 53.4 299.6 67.8 278.7 83.3 268.0 68.9 small-vehicle 0
527.6 642.6 771.6 217.7 1040.4 372.0 796.5 796.9 soccer-ball-field 0
187.2 116.3 237.1 112.4 256.8 365.7 206.9 369.6 basketball-court 0
237.1 82.7 345.9 390.0 313.9 401.3 205.1 94.0 basketball-court 0
421.2 108.7 438.7 122.0 243.8 378.3 226.3 365.0 basketball-court 0
289.6 408.7 459.9 62.3 490.4 77.3 320.1 423.7 basketball-court 0
665.9 398.2 688.0 377.9 900.0 609.6 877.8 629.8 ground-track-field 0
