89.6 696.0 104.8 675.0 148.5 706.7 133.3 727.7 plane 0
69.6 745.4 84.4 724.1 125.4 752.6 110.6 773.9 plane 0
277.0 645.6 286.9 690.5 242.0 700.4 232.1 655.5 plane 0
231.1 761.3 259.7 730.5 278.7 748.3 250.1 779.0 plane 0
210.9 715.4 216.4 702.5 266.1 723.6 260.6 736.5 plane 0
207.9 797.0 222.9 775.8 267.1 807.0 252.1 828.2 plane 0
425.7 728.4 438.7 776.6 394.3 788.6 381.3 740.4 plane 0
370.1 796.8 380.8 782.4 420.9 812.2 410.2 826.6 plane 0
334.1 813.9 344.6 799.3 381.9 826.1 371.4 840.7 plane 0
521.2 804.7 555.9 781.1 579.5 815.8 544.8 839.4 plane 0
504.9 844.7 520.6 829.3 558.4 867.9 542.7 883.3 plane 0
486.5 899.2 502.6 878.8 541.8 909.9 525.6 930.3 plane 0
647.8 887.1 671.1 816.9 726.1 835.1 702.9 905.4 plane 0
102.4 639.3 107.6 630.7 170.8 669.1 165.6 677.7 plane 0
84.3 625.4 119.5 584.4 154.4 614.4 119.2 655.3 plane 0
-19.8 588.4 6.6 550.8 37.8 572.6 11.4 610.2 plane 0
