154.6 771.4 339.8 405.6 616.4 545.6 431.2 911.4 soccer-ball-field 0
532.5 221.0 621.7 291.9 493.6 453.2 404.3 382.2 baseball-diamond 0
329.3 781.1 354.8 892.2 321.6 899.9 296.1 788.7 tennis-court 0
359.9 789.7 385.7 786.3 400.1 895.3 374.3 898.7 tennis-court 0
437.3 789.8 464.5 888.1 431.7 897.2 404.5 798.9 tennis-court 0
468.1 895.5 473.0 793.6 510.9 795.5 506.0 897.4 tennis-court 0
512.0 807.9 531.7 798.2 575.0 886.1 555.3 895.8 tennis-court 0
564.2 893.8 601.8 790.5 633.8 802.1 596.2 905.5 tennis-court 0
945.4 876.1 954.1 818.8 987.7 823.8 979.1 881.2 tennis-court 0
1012.7 851.9 1013.4 850.0 1015.3 850.6 1014.6 852.5 tennis-court 0
765.4 290.9 873.9 388.5 781.6 491.1 673.1 393.5 baseball-diamond 0
