440.1 617.1 445.6 666.8 407.9 670.9 402.4 621.2 roundabout 0
461.1 576.2 462.2 574.5 463.9 575.7 462.7 577.3 tennis-court 0
517.1 572.3 527.7 586.8 509.9 599.7 499.3 585.2 tennis-court 0
551.8 562.7 555.8 584.3 534.2 588.3 530.2 566.7 tennis-court 0
582.3 552.6 583.4 554.3 581.7 555.4 580.6 553.7 tennis-court 0
616.6 533.4 623.6 540.6 607.8 555.8 600.8 548.6 tennis-court 0
605.1 453.9 624.4 476.9 579.9 514.1 560.6 491.1 tennis-court 0
529.4 443.7 546.8 482.0 497.6 504.3 480.2 466.0 tennis-court 0
436.7 489.0 464.9 499.2 450.5 538.7 422.3 528.5 tennis-court 0
355.1 328.6 356.8 327.6 357.9 329.3 356.1 330.3 swimming-pool 0
914.2 61.6 915.5 63.1 914.0 64.4 912.7 62.8 bridge 0
987.9 103.5 989.0 101.9 990.6 103.0 989.5 104.6 bridge 0
965.0 144.5 966.1 142.8 967.8 143.9 966.7 145.6 bridge 0
