234.3 692.0 264.5 657.3 299.2 687.5 269.0 722.2 plane 0
402.6 501.0 433.9 545.0 383.4 581.0 352.1 537.0 plane 0
254.8 337.9 267.7 343.4 244.8 396.7 232.0 391.2 plane 0
236.1 389.3 298.1 388.4 298.5 414.4 236.5 415.3 plane 0
282.5 439.4 293.3 424.9 349.3 466.8 338.6 481.3 plane 0
273.8 387.0 285.6 520.4 251.7 523.4 239.9 390.0 plane 0
558.8 273.2 604.0 294.7 580.9 343.5 535.7 322.0 plane 0
503.3 311.1 551.7 298.6 570.2 370.3 521.8 382.8 plane 0
427.9 416.5 453.0 364.2 516.1 394.5 491.0 446.8 plane 0
182.1 286.1 221.8 322.7 160.9 388.9 121.2 352.3 plane 0
255.0 208.2 266.2 199.7 301.2 246.0 290.0 254.4 plane 0
200.6 179.7 349.1 158.6 353.4 188.3 204.9 209.4 plane 0
336.9 198.3 350.4 210.2 299.0 268.8 285.4 256.9 plane 0
326.9 298.4 360.3 241.4 386.1 256.6 352.7 313.6 plane 0
320.8 370.1 438.7 226.2 461.9 245.2 344.0 389.1 plane 0
599.0 601.9 608.8 582.2 700.2 627.4 690.5 647.1 plane 0
670.4 580.1 688.3 561.2 727.5 598.4 709.6 617.2 plane 0
691.1 544.8 714.3 478.7 795.5 507.3 772.2 573.3 plane 0
647.4 454.6 655.2 434.0 731.8 463.3 724.0 483.8 plane 0
388.4 597.2 442.7 541.2 487.2 584.3 433.0 640.3 plane 0
200.7 652.1 234.1 620.5 260.2 648.1 226.8 679.7 plane 0
151.3 594.2 192.7 566.2 229.7 620.8 188.3 648.8 plane 0
10.2 934.4 85.7 885.3 121.7 940.6 46.3 989.7 plane 0
78.1 742.7 138.3 707.0 169.9 760.3 109.7 796.0 plane 0
43.9 484.1 81.8 466.0 101.6 507.5 63.7 525.6 plane 0
84.2 532.8 109.9 494.7 151.4 522.6 125.6 560.8 plane 0
