335.9 194.0 364.5 143.6 404.5 166.2 375.9 216.7 plane 0
396.1 8.9 430.3 -15.6 464.0 31.6 429.9 56.0 plane 0
163.9 21.6 181.9 -7.3 231.1 23.4 213.1 52.3 roundabout 0
806.2 -21.2 837.0 18.2 791.2 53.9 760.5 14.5 plane 0
858.9 25.1 886.6 44.8 848.3 98.6 820.7 78.8 plane 0
258.9 289.8 290.3 256.1 323.9 287.5 292.6 321.2 plane 0
232.1 333.6 272.4 304.1 301.9 344.4 261.6 373.9 plane 0
570.4 624.8 579.0 629.9 555.6 669.5 547.0 664.4 large-vehicle 0
736.1 737.1 783.4 763.2 766.9 792.9 719.6 766.8 plane 0
392.7 938.4 460.8 900.4 479.3 933.6 411.2 971.6 plane 0
487.6 872.3 501.4 850.3 543.8 876.9 530.0 898.9 plane 0
470.1 912.1 485.5 896.4 518.4 928.5 503.0 944.3 plane 0
634.2 957.0 668.5 987.6 645.8 1013.0 611.5 982.4 plane 0
653.3 910.5 690.0 944.4 669.7 966.5 633.0 932.6 plane 0
684.6 860.7 717.8 886.4 682.4 932.3 649.2 906.6 plane 0
765.7 697.3 797.2 725.1 777.4 747.6 745.9 719.9 plane 0
558.2 627.8 559.3 633.7 529.8 639.2 528.7 633.3 large-vehicle 0
788.1 653.7 824.1 688.4 803.3 710.0 767.3 675.3 plane 0
806.7 608.6 845.1 634.0 826.3 662.4 787.9 637.0 plane 0
840.8 554.4 876.6 583.3 840.2 628.5 804.4 599.6 plane 0
849.4 505.9 881.0 467.1 919.8 498.7 888.2 537.5 plane 0
895.5 431.2 932.6 458.4 912.5 485.8 875.4 458.6 plane 0
688.8 415.0 753.0 442.8 725.2 507.0 661.0 479.2 plane 0
609.0 527.2 653.6 564.4 619.0 605.8 574.4 568.6 plane 0
617.5 359.3 666.2 415.0 610.5 463.7 561.8 408.0 plane 0
577.4 244.8 620.0 289.8 554.6 351.7 512.0 306.7 plane 0
527.2 605.2 536.5 609.1 524.8 636.8 515.5 632.9 large-vehicle 0
390.1 892.0 392.0 866.0 457.8 871.0 455.9 896.9 plane 0
