32.3 739.0 34.9 733.5 72.9 751.4 70.3 756.8 small-vehicle 0
51.3 713.0 56.4 721.6 30.6 736.9 25.5 728.2 small-vehicle 0
835.6 572.4 872.6 538.7 906.3 575.6 869.3 609.3 plane 0
819.2 560.0 854.5 589.6 819.8 631.0 784.5 601.4 plane 0
738.0 640.7 738.8 594.7 792.8 595.6 792.0 641.6 plane 0
689.5 622.7 710.9 607.9 741.5 652.3 720.1 667.1 plane 0
659.4 627.1 694.0 663.2 669.5 686.7 634.9 650.6 plane 0
614.4 646.8 644.8 691.5 613.3 712.9 583.0 668.2 plane 0
582.5 665.9 600.1 716.9 541.5 737.1 523.9 686.0 plane 0
471.6 709.8 495.3 744.5 447.4 777.2 423.7 742.5 plane 0
327.5 741.7 371.5 704.0 404.1 742.0 360.0 779.7 plane 0
380.0 623.6 417.7 597.3 444.1 635.0 406.4 661.4 plane 0
770.2 523.1 790.5 564.4 752.8 582.9 732.5 541.6 plane 0
710.4 486.0 742.4 465.4 767.3 504.0 735.4 524.7 plane 0
800.1 454.0 841.3 425.6 865.1 460.2 824.0 488.6 plane 0
889.4 414.2 935.3 385.7 959.6 424.8 913.7 453.3 plane 0
799.1 319.1 840.9 291.8 866.1 330.3 824.3 357.6 plane 0
723.4 343.2 744.7 384.0 714.6 399.8 693.3 359.0 plane 0
668.1 362.9 697.6 398.2 671.5 420.0 642.0 384.8 plane 0
599.2 433.6 599.8 387.6 649.8 388.4 649.2 434.4 plane 0
541.9 415.8 564.1 451.5 518.3 480.1 496.1 444.4 plane 0
440.7 453.5 482.5 458.0 477.6 503.7 435.8 499.3 plane 0
392.1 330.3 437.6 301.2 460.2 336.6 414.7 365.7 plane 0
381.2 321.8 409.0 347.6 377.7 381.3 349.9 355.5 plane 0
335.8 342.9 362.1 380.7 334.2 400.1 307.9 362.3 plane 0
291.3 358.5 320.9 388.4 285.4 423.6 255.8 393.7 plane 0
195.2 267.2 202.5 221.8 251.8 229.8 244.5 275.2 plane 0
217.4 175.3 233.4 195.8 194.0 226.6 178.0 206.1 plane 0
128.8 104.0 167.3 72.0 206.9 119.7 168.4 151.7 plane 0
896.4 541.2 918.0 526.6 943.7 564.8 922.1 579.3 plane 0
948.8 524.9 969.3 508.9 995.2 542.1 974.7 558.1 plane 0
183.6 559.3 186.5 554.0 212.8 568.5 209.9 573.8 small-vehicle 0
91.1 771.7 99.5 751.4 130.9 764.3 122.5 784.6 small-vehicle 0
110.6 736.3 116.7 744.1 99.4 757.7 93.3 749.9 small-vehicle 0
136.0 742.1 138.8 747.4 123.0 755.9 120.2 750.6 small-vehicle 0
135.0 721.7 139.7 725.4 116.5 755.5 111.7 751.8 small-vehicle 0
277.7 744.5 330.8 754.3 324.6 787.8 271.5 777.9 large-vehicle 0
163.4 733.1 188.4 725.9 195.6 750.9 170.6 758.1 small-vehicle 0
100.2 724.0 127.5 703.8 135.9 715.0 108.6 735.3 small-vehicle 0
28.6 673.1 52.2 691.6 31.2 718.3 7.6 699.8 small-vehicle 0
86.5 626.9 110.2 679.8 75.5 695.3 51.8 642.3 large-vehicle 0
114.4 616.3 137.0 603.6 155.6 636.7 133.0 649.4 small-vehicle 0
223.6 583.4 224.9 609.3 195.0 610.8 193.7 584.9 small-vehicle 0
185.7 575.5 187.1 569.7 216.3 577.0 214.8 582.8 small-vehicle 0
168.8 543.9 170.4 545.2 146.1 574.4 144.5 573.2 small-vehicle 0
312.4 202.2 319.9 195.5 350.6 229.8 343.1 236.5 large-vehicle 0
146.9 551.1 148.8 551.6 141.7 576.6 139.8 576.1 small-vehicle 0
140.1 549.7 142.0 550.3 131.7 582.7 129.8 582.1 small-vehicle 0
114.4 558.7 120.2 557.1 129.2 589.9 123.5 591.5 small-vehicle 0
110.2 565.4 122.0 583.9 106.8 593.6 95.0 575.1 small-vehicle 0
75.2 582.6 78.1 577.3 97.4 587.8 94.6 593.1 small-vehicle 0
80.7 574.9 82.6 575.5 73.3 604.1 71.4 603.5 small-vehicle 0
66.5 566.9 70.8 571.2 49.5 592.4 45.3 588.1 small-vehicle 0
36.5 559.1 37.5 557.3 70.2 576.7 69.2 578.4 small-vehicle 0
26.9 534.3 27.5 516.3 45.5 516.9 44.9 534.9 small-vehicle 0
25.0 515.8 27.1 510.1 44.0 516.2 41.9 521.9 small-vehicle 0
26.0 487.9 42.2 495.6 31.0 519.1 14.8 511.4 small-vehicle 0
298.3 202.9 329.1 231.4 316.9 244.6 286.1 216.1 large-vehicle 0
100.7 16.6 135.0 -14.0 160.3 14.4 126.0 45.0 plane 0
