175.9 202.0 196.6 194.8 213.1 242.0 192.4 249.2 plane 0
131.4 243.3 134.7 201.4 164.6 203.7 161.3 245.6 plane 0
72.5 207.8 121.3 196.8 130.5 237.8 81.7 248.8 plane 0
260.4 208.1 316.2 180.9 338.1 225.8 282.4 253.0 plane 0
343.5 191.1 393.5 189.9 394.5 235.9 344.5 237.1 plane 0
-14.0 306.4 22.3 295.3 37.0 343.1 0.6 354.2 plane 0
905.6 154.5 970.0 168.8 957.4 225.5 893.0 211.2 plane 0
981.6 258.3 1002.3 265.8 982.4 320.3 961.7 312.8 plane 0
809.2 257.8 825.4 265.8 792.8 332.2 776.6 324.2 plane 0
38.1 303.0 59.2 296.5 73.9 344.2 52.9 350.7 plane 0
229.9 291.9 255.7 288.6 263.1 346.1 237.3 349.4 plane 0
338.7 378.5 387.5 401.7 364.3 450.5 315.5 427.3 plane 0
184.4 400.3 209.9 405.3 201.7 446.5 176.2 441.5 plane 0
97.6 392.1 117.6 401.2 93.4 453.9 73.4 444.8 plane 0
651.6 640.6 677.1 688.2 622.4 717.4 596.9 669.8 plane 0
584.2 263.2 599.8 207.3 651.8 221.9 636.2 277.8 plane 0
142.6 449.6 148.0 475.0 99.1 485.5 93.7 460.1 plane 0
138.7 400.3 159.5 407.5 148.3 439.7 127.5 432.5 plane 0
29.1 395.7 78.0 406.3 68.4 451.2 19.5 440.7 plane 0
337.6 294.0 362.5 286.5 379.4 342.0 354.5 349.5 plane 0
291.7 294.9 317.6 297.4 312.8 347.1 286.9 344.6 plane 0
189.6 294.2 211.1 298.9 200.4 347.8 178.9 343.1 plane 0
131.2 296.5 152.5 291.1 165.8 343.5 144.5 348.9 plane 0
102.1 292.0 123.1 298.6 105.9 354.0 84.9 347.4 plane 0
809.7 164.4 871.6 162.5 873.3 216.5 811.3 218.4 plane 0
992.1 140.5 1025.2 148.3 1010.0 212.5 976.9 204.7 plane 0
833.4 266.0 855.4 267.1 852.6 321.0 830.6 319.9 plane 0
912.7 273.1 927.7 263.2 955.3 304.9 940.3 314.8 plane 0
