748.6 345.2 797.8 367.4 767.4 434.8 718.2 412.6 plane 0
292.7 559.3 332.5 589.6 297.3 635.7 257.5 605.4 plane 0
644.8 369.4 668.4 350.8 709.2 402.6 685.6 421.2 plane 0
522.1 346.8 561.7 389.1 501.9 445.2 462.3 402.9 plane 0
508.2 367.5 536.9 417.9 451.8 466.5 423.1 416.1 large-vehicle 0
399.6 368.1 457.5 364.1 462.9 441.9 405.1 445.9 plane 0
235.3 364.9 277.4 331.0 313.8 376.1 271.8 410.0 plane 0
123.4 337.2 166.0 363.5 141.8 402.6 99.2 376.3 plane 0
891.0 615.3 906.2 584.9 947.3 605.4 932.2 635.8 large-vehicle 0
844.8 461.3 892.5 428.3 923.2 472.7 875.5 505.7 helicopter 0
623.3 653.3 682.8 602.9 725.5 653.3 665.9 703.7 plane 0
808.9 689.6 846.1 728.7 804.1 768.7 766.9 729.6 plane 0
77.0 517.1 113.3 545.4 77.6 591.1 41.3 562.8 plane 0
134.4 527.8 159.3 535.5 139.8 598.5 114.9 590.8 plane 0
25.5 508.5 59.0 533.8 28.9 573.7 -4.6 548.4 plane 0
188.3 539.2 226.2 565.3 195.7 609.8 157.8 583.7 plane 0
803.2 321.1 880.4 332.3 866.8 425.4 789.6 414.1 plane 0
