957.7 261.7 966.8 281.7 921.3 302.3 912.2 282.3 plane 0
354.2 524.0 364.3 509.1 419.0 546.0 408.9 561.0 plane 0
431.6 814.3 473.0 865.7 418.4 909.7 377.0 858.3 plane 0
277.9 706.5 290.7 688.7 328.1 715.5 315.3 733.3 plane 0
347.1 764.5 397.1 813.5 342.5 869.2 292.5 820.2 plane 0
365.7 710.0 396.3 732.7 356.9 785.7 326.4 763.1 plane 0
386.0 650.2 409.0 685.4 347.0 725.8 324.0 690.6 plane 0
310.5 590.9 351.2 555.4 394.6 605.2 353.8 640.6 plane 0
383.7 493.2 395.3 479.4 458.1 532.2 446.5 546.0 plane 0
923.8 171.9 939.9 163.9 969.2 223.1 953.1 231.1 plane 0
412.3 413.2 453.1 377.8 506.8 439.9 465.9 475.2 plane 0
468.7 324.4 519.8 276.5 578.6 339.2 527.5 387.1 plane 0
538.4 262.0 540.8 248.3 617.6 262.0 615.2 275.7 plane 0
572.5 209.0 586.1 197.2 650.4 271.2 636.8 283.0 plane 0
570.7 154.9 581.7 146.3 637.5 216.9 626.5 225.6 plane 0
605.6 128.6 626.7 107.4 670.6 151.2 649.4 172.4 plane 0
464.4 779.0 483.1 724.1 530.4 740.2 511.8 795.1 plane 0
546.3 768.0 590.7 779.9 576.7 832.0 532.3 820.1 plane 0
502.1 862.4 531.6 838.4 545.4 855.5 515.9 879.4 plane 0
460.3 858.7 509.7 814.8 524.3 831.3 474.9 875.1 plane 0
527.6 877.3 536.9 922.4 511.4 927.7 502.1 882.6 plane 0
578.3 714.7 591.5 702.4 622.9 735.9 609.8 748.2 plane 0
595.4 684.8 608.1 666.8 645.7 693.3 633.1 711.3 plane 0
839.3 376.1 888.8 413.5 851.4 463.0 801.9 425.6 plane 0
789.7 318.1 828.3 361.4 788.0 397.3 749.4 354.1 plane 0
878.8 199.4 886.7 154.1 920.2 159.9 912.3 205.2 plane 0
859.2 260.0 892.7 222.9 920.9 248.4 887.4 285.5 plane 0
814.4 315.9 872.8 264.2 945.7 346.5 887.3 398.2 plane 0
858.9 776.9 903.4 722.8 979.1 785.1 934.6 839.2 plane 0
312.4 731.4 338.2 769.5 296.9 797.6 271.0 759.5 plane 0
538.4 893.2 549.5 884.7 572.6 914.8 561.5 923.3 plane 0
703.6 480.4 751.7 536.6 689.3 589.9 641.3 533.7 plane 0
735.0 545.3 754.5 535.2 784.9 593.8 765.4 603.9 plane 0
646.3 75.3 686.8 39.6 730.4 89.2 689.9 124.8 plane 0
