752.8 210.5 783.7 196.3 801.2 234.5 770.3 248.7 plane 0
705.1 301.0 734.7 277.2 761.0 310.0 731.4 333.8 plane 0
648.3 277.3 674.3 277.7 673.7 319.7 647.7 319.3 plane 0
612.2 272.0 631.6 282.4 609.8 322.9 590.4 312.5 plane 0
524.6 268.9 582.5 265.3 585.8 319.2 527.9 322.8 plane 0
375.3 269.3 401.3 268.7 402.3 310.7 376.3 311.3 plane 0
331.5 263.6 355.7 273.3 338.5 316.0 314.4 306.3 plane 0
255.6 260.4 305.6 259.7 306.2 305.7 256.2 306.4 plane 0
414.1 184.1 459.7 178.4 467.9 243.9 422.3 249.6 plane 0
55.4 264.6 71.7 196.5 209.8 229.7 193.4 297.7 plane 0
