998.5 361.4 1020.8 381.4 987.5 418.6 965.2 398.6 plane 0
517.6 556.7 567.5 577.3 542.4 638.3 492.5 617.7 plane 0
864.9 354.0 917.4 329.3 959.1 418.0 906.6 442.7 plane 0
727.1 339.6 797.1 363.4 766.9 452.4 696.9 428.6 plane 0
743.3 360.5 777.9 411.9 686.7 473.5 652.1 422.1 large-vehicle 0
633.9 363.9 707.4 372.7 698.6 446.2 625.1 437.3 plane 0
491.9 328.8 550.1 350.3 527.2 412.2 469.0 390.7 plane 0
326.7 360.8 392.2 336.0 408.5 379.0 343.0 403.8 plane 0
865.1 638.3 918.9 607.5 953.7 668.2 899.9 699.1 plane 0
162.6 637.7 179.6 657.3 126.8 703.2 109.7 683.6 plane 0
113.1 758.1 114.9 759.1 113.9 760.9 112.1 759.9 plane 0
149.8 555.1 191.8 595.1 160.0 628.4 118.0 588.4 plane 0
197.8 580.2 248.9 615.4 218.2 659.8 167.1 624.6 plane 0
318.2 521.0 340.0 535.1 306.4 587.2 284.6 573.1 plane 0
381.1 528.8 402.1 544.2 363.1 597.5 342.1 582.1 plane 0
48.9 664.7 84.2 687.5 57.0 729.5 21.7 706.6 plane 0
153.8 480.2 203.2 510.5 179.2 549.8 129.8 519.5 plane 0
214.2 510.6 235.8 525.0 214.6 556.6 193.0 542.1 plane 0
265.0 513.9 284.1 524.8 259.4 568.2 240.3 557.4 plane 0
434.1 541.6 455.4 556.5 419.9 607.4 398.6 592.5 plane 0
