157.0 915.4 158.7 909.6 176.0 914.6 174.3 920.4 plane 0
173.0 925.5 197.1 901.5 207.0 911.5 182.9 935.5 plane 0
195.6 923.2 207.5 904.7 229.4 918.8 217.5 937.3 plane 0
228.8 894.6 235.7 919.6 222.2 923.4 215.3 898.3 plane 0
237.0 926.3 242.4 896.8 260.1 900.0 254.7 929.6 plane 0
108.0 735.8 108.4 705.8 126.4 706.1 126.0 736.1 plane 0
125.8 737.7 129.7 707.9 155.5 711.3 151.6 741.1 plane 0
163.9 594.1 197.4 588.4 205.1 633.8 171.6 639.5 plane 0
159.5 565.8 180.7 525.0 221.5 546.2 200.3 587.0 plane 0
213.9 438.7 259.1 447.5 244.9 520.2 199.8 511.4 plane 0
165.3 439.8 192.9 451.5 167.3 512.3 139.6 500.7 plane 0
165.2 904.8 187.5 891.4 194.7 903.4 172.4 916.8 plane 0
131.6 912.5 175.0 880.3 183.4 891.5 140.0 923.7 plane 0
134.6 912.6 136.5 906.9 153.6 912.4 151.8 918.1 plane 0
136.8 773.7 140.2 764.2 157.2 770.3 153.8 779.8 plane 0
138.2 765.1 185.0 799.4 176.7 810.7 129.9 776.4 plane 0
161.0 773.6 168.0 766.5 178.0 776.4 171.0 783.5 plane 0
133.1 766.1 134.4 771.9 116.9 775.9 115.6 770.0 plane 0
111.4 900.0 155.1 885.6 159.5 898.9 115.8 913.3 plane 0
113.4 798.5 137.9 759.5 156.5 771.3 132.0 810.2 plane 0
186.8 768.6 201.9 789.7 174.2 809.4 159.1 788.3 plane 0
98.1 830.5 120.4 850.6 111.0 861.0 88.7 840.9 plane 0
112.3 816.9 133.6 843.3 122.7 852.1 101.4 825.7 plane 0
126.7 842.0 142.0 821.0 153.3 829.2 138.0 850.2 plane 0
155.7 840.9 156.4 835.0 174.3 837.1 173.6 843.0 plane 0
143.3 849.5 145.6 844.0 158.5 849.5 156.1 855.0 plane 0
187.2 843.3 187.8 861.3 161.8 862.2 161.2 844.2 plane 0
84.3 83.4 159.4 50.4 187.6 114.5 112.5 147.5 plane 0
