499.1 350.6 534.7 373.0 512.3 408.5 476.7 386.1 plane 0
589.2 350.4 643.1 347.7 645.8 401.6 591.9 404.3 plane 0
702.1 282.3 731.9 258.7 757.9 291.7 728.1 315.3 plane 0
759.4 286.7 781.1 255.4 815.6 279.3 793.9 310.6 plane 0
813.8 252.4 861.4 237.2 877.8 288.7 830.2 303.9 plane 0
871.9 238.3 922.1 218.5 939.0 261.3 888.8 281.1 plane 0
760.3 355.3 808.5 342.3 820.5 386.7 772.2 399.7 plane 0
832.2 352.0 869.8 333.3 888.5 371.0 850.9 389.6 plane 0
960.0 311.8 993.4 305.7 1000.2 343.1 966.8 349.2 plane 0
255.0 624.8 290.0 578.6 333.0 611.2 298.0 657.4 plane 0
307.8 666.0 316.0 751.6 270.2 756.0 262.0 670.4 plane 0
434.1 351.4 477.9 365.6 464.9 405.6 421.1 391.4 plane 0
540.5 359.1 582.5 357.9 583.5 395.9 541.5 397.1 plane 0
886.8 814.5 903.5 807.8 936.7 891.5 920.0 898.1 plane 0
867.6 825.1 881.5 826.1 876.4 891.9 862.5 890.9 plane 0
856.7 803.3 882.4 825.5 826.3 890.7 800.6 868.5 plane 0
328.6 790.1 336.4 783.8 352.8 804.0 345.0 810.3 plane 0
305.3 728.0 324.8 681.9 348.7 692.0 329.2 738.1 plane 0
303.2 735.2 314.2 743.8 290.8 773.8 279.8 765.2 plane 0
331.5 668.1 380.5 830.9 336.5 844.2 287.5 681.4 plane 0
265.9 783.5 273.0 776.4 313.8 817.7 306.6 824.8 plane 0
303.9 789.3 307.9 784.8 330.5 804.6 326.5 809.1 plane 0
276.4 840.1 286.6 830.5 315.6 860.9 305.4 870.5 plane 0
790.0 828.6 825.0 851.9 797.2 893.5 762.3 870.2 plane 0
302.7 850.4 378.0 801.1 392.3 822.8 317.0 872.1 plane 0
534.8 849.1 551.5 855.9 531.2 905.9 514.5 899.1 plane 0
588.2 819.0 610.9 876.6 571.8 892.0 549.1 834.4 plane 0
627.3 822.5 640.3 827.8 613.7 892.5 600.7 887.2 plane 0
635.4 813.8 685.3 878.9 667.8 892.3 617.9 827.2 plane 0
706.8 833.3 719.1 839.8 692.0 891.1 679.7 884.6 plane 0
724.4 829.6 742.4 830.5 739.6 888.4 721.6 887.5 plane 0
476.4 279.1 508.9 259.5 532.6 298.9 500.1 318.5 plane 0
