775.9 577.0 823.7 610.0 793.0 654.4 745.3 621.5 plane 0
807.0 390.1 827.0 435.9 781.1 455.9 761.1 410.1 plane 0
823.5 499.3 850.0 456.8 875.5 472.7 849.0 515.2 plane 0
883.1 465.3 907.9 457.4 922.9 505.1 898.1 513.0 plane 0
930.8 477.5 939.1 466.2 976.2 493.3 968.0 504.6 plane 0
975.1 606.4 1004.7 630.3 973.3 669.2 943.7 645.3 plane 0
937.5 684.4 945.9 664.1 988.5 681.6 980.1 701.9 plane 0
792.9 464.1 804.6 456.4 823.1 484.9 811.4 492.6 plane 0
800.8 305.2 812.7 318.7 775.2 351.8 763.3 338.3 plane 0
364.8 806.2 398.8 807.7 397.3 841.6 363.3 840.1 plane 0
785.2 256.7 812.3 277.2 779.8 320.3 752.7 299.8 plane 0
-10.4 124.4 26.0 96.3 54.1 132.7 17.7 160.8 plane 0
49.5 101.1 93.6 77.5 113.4 114.6 69.3 138.1 plane 0
238.3 80.9 274.6 59.8 299.7 103.1 263.4 124.1 plane 0
11.2 198.8 57.0 194.3 61.5 240.1 15.7 244.6 plane 0
130.8 176.3 165.2 160.2 181.4 194.6 147.0 210.7 plane 0
199.6 149.1 242.9 164.6 227.4 207.9 184.1 192.4 plane 0
309.7 155.8 347.6 158.3 344.3 208.2 306.4 205.7 plane 0
409.7 160.0 458.3 148.4 470.0 197.0 421.3 208.6 plane 0
480.4 157.5 506.4 155.7 509.6 201.5 483.6 203.3 plane 0
522.4 165.5 560.8 148.5 579.5 190.5 541.1 207.6 plane 0
577.0 169.6 616.6 146.2 640.0 185.8 600.4 209.2 plane 0
763.0 225.7 804.1 234.4 797.9 263.8 756.8 255.1 plane 0
231.5 648.4 265.5 650.7 263.5 680.6 229.5 678.3 plane 0
209.6 791.5 222.8 769.1 262.4 792.5 249.2 814.9 plane 0
263.1 838.3 268.4 812.9 305.6 820.6 300.3 846.1 plane 0
445.6 838.7 456.3 806.4 492.4 818.5 481.6 850.7 plane 0
523.1 800.2 564.3 808.6 555.9 849.8 514.7 841.4 plane 0
369.4 505.9 393.0 524.4 372.0 551.1 348.4 532.6 plane 0
522.2 502.9 537.5 528.7 504.8 548.1 489.5 522.3 plane 0
586.3 62.2 628.3 61.7 628.9 111.7 586.9 112.2 plane 0
521.3 87.3 544.8 57.3 581.0 85.7 557.5 115.6 plane 0
468.2 70.2 508.5 58.7 521.2 102.9 480.8 114.4 plane 0
263.3 732.4 300.9 738.0 294.7 779.6 257.1 774.0 plane 0
307.4 825.8 327.7 803.7 355.6 829.5 335.3 851.6 plane 0
55.9 690.1 89.8 672.9 119.7 731.8 85.8 749.0 plane 0
70.1 688.4 79.2 699.1 25.9 744.6 16.8 733.9 plane 0
-7.5 731.4 5.3 670.8 42.5 678.6 29.7 739.2 plane 0
