680.3 485.2 688.3 431.8 741.7 439.8 733.7 493.2 baseball-diamond 0
186.0 656.7 188.8 651.4 318.0 719.3 315.2 724.6 tennis-court 0
304.5 638.6 321.2 727.0 303.5 730.4 286.8 642.0 tennis-court 0
255.8 723.2 287.4 643.2 304.1 649.8 272.6 729.8 tennis-court 0
274.6 645.3 278.1 640.4 390.4 720.7 386.9 725.6 tennis-court 0
341.9 732.7 351.2 627.2 369.2 628.8 359.8 734.3 tennis-court 0
365.2 721.1 388.6 634.2 406.0 638.9 382.6 725.8 tennis-court 0
394.3 716.9 405.7 635.7 423.5 638.1 412.1 719.4 tennis-court 0
453.0 818.7 618.8 753.7 732.0 1042.3 566.2 1107.3 basketball-court 0
335.8 472.2 574.9 330.3 733.2 596.8 494.1 738.7 ground-track-field 0
485.4 389.9 487.3 389.2 588.6 682.2 586.7 682.9 soccer-ball-field 0
537.7 232.0 622.6 245.7 612.1 310.8 527.2 297.2 baseball-diamond 0
657.9 589.6 797.5 820.6 782.1 830.0 642.5 598.9 basketball-court 0
746.1 628.6 779.3 636.2 744.8 786.3 711.7 778.7 basketball-court 0
251.5 665.2 255.4 669.7 205.5 712.8 201.6 708.3 tennis-court 0
