872.8 624.9 1007.9 746.9 805.4 971.0 670.4 849.0 basketball-court 0
890.7 622.3 899.2 627.5 737.6 892.0 729.0 886.8 basketball-court 0
932.7 666.3 939.7 673.4 721.3 887.7 714.3 880.6 basketball-court 0
860.2 842.1 861.4 843.7 859.8 844.9 858.6 843.3 tennis-court 0
851.8 830.0 853.0 831.6 851.5 832.8 850.2 831.3 tennis-court 0
856.2 794.6 861.3 797.7 833.5 844.0 828.3 840.9 tennis-court 0
691.2 899.8 716.7 915.7 700.8 941.2 675.3 925.3 baseball-diamond 0
690.5 808.3 730.2 794.5 746.5 841.7 706.8 855.5 baseball-diamond 0
438.9 525.7 440.7 524.9 564.1 809.3 562.3 810.1 soccer-ball-field 0
259.0 552.7 463.2 401.6 742.7 779.5 538.5 930.5 ground-track-field 0
365.7 498.8 379.6 500.7 373.3 546.2 359.4 544.3 tennis-court 0
372.5 496.6 380.6 485.2 421.4 514.2 413.2 525.6 tennis-court 0
313.2 441.5 316.1 432.0 413.8 461.5 410.9 471.0 tennis-court 0
323.2 445.1 336.8 442.1 347.8 490.9 334.2 493.9 tennis-court 0
