438.1 605.6 451.9 603.2 467.0 691.9 453.2 694.3 ship 0
403.7 639.2 415.8 632.1 443.3 678.6 431.2 685.7 ship 0
352.7 647.1 366.1 643.1 381.3 694.9 367.9 698.9 ship 0
328.7 646.0 342.6 645.1 346.3 699.0 332.4 699.9 ship 0
321.0 594.3 330.4 604.7 278.7 651.9 269.3 641.5 ship 0
330.6 575.5 333.6 589.2 249.7 607.7 246.6 594.1 ship 0
313.4 540.5 319.0 553.3 258.5 579.8 252.9 566.9 ship 0
339.5 503.7 342.6 521.5 246.1 538.2 243.0 520.5 ship 0
490.8 605.1 520.8 603.8 524.2 681.7 494.2 683.0 ship 0
468.3 613.8 482.2 611.9 491.7 681.2 477.8 683.1 ship 0
814.6 489.0 836.5 488.0 837.4 506.0 815.5 507.0 ship 0
995.3 212.0 1007.3 225.5 984.9 245.4 972.9 232.0 ship 0
813.9 427.0 839.1 433.2 829.1 474.0 803.9 467.8 ship 0
1002.5 584.5 1028.5 584.5 1028.5 642.5 1002.5 642.5 ship 0
985.2 612.1 993.8 617.1 972.9 653.5 964.2 648.5 ship 0
944.5 567.2 945.7 557.3 983.5 561.8 982.3 571.7 ship 0
981.7 535.5 985.1 544.9 945.7 559.4 942.2 550.0 ship 0
971.8 507.8 978.9 514.9 943.5 550.2 936.5 543.2 ship 0
973.5 451.2 976.0 456.7 934.2 475.7 931.7 470.3 ship 0
993.5 427.9 996.7 437.4 918.8 463.0 915.7 453.5 ship 0
960.6 380.9 967.7 393.0 924.4 418.1 917.4 406.0 ship 0
955.0 346.8 968.7 377.9 923.0 398.2 909.3 367.1 ship 0
971.1 741.1 980.4 765.3 944.9 778.9 935.6 754.7 ship 0
940.0 215.6 951.3 251.9 873.0 276.3 861.8 240.0 ship 0
