21.5 686.1 307.7 514.0 502.5 837.9 216.3 1010.0 ground-track-field 0
37.2 740.8 310.1 534.7 496.9 782.2 224.0 988.2 soccer-ball-field 0
393.3 336.9 405.8 314.0 442.7 334.1 430.2 357.0 large-vehicle 0
413.9 281.1 419.7 282.7 404.4 338.6 398.6 337.0 large-vehicle 0
644.7 215.5 675.9 407.0 642.3 412.5 611.1 221.0 tennis-court 0
582.1 421.2 626.3 199.6 647.8 203.9 603.6 425.5 tennis-court 0
698.7 268.1 704.7 276.1 658.2 310.8 652.3 302.8 tennis-court 0
707.3 289.6 708.4 291.3 706.7 292.4 705.6 290.7 tennis-court 0
603.9 307.7 674.4 184.4 690.0 193.3 619.6 316.6 tennis-court 0
614.9 172.7 643.7 319.9 622.1 324.2 593.3 177.0 tennis-court 0
245.6 93.7 251.7 32.0 325.4 39.3 319.3 101.0 storage-tank 0
495.2 271.5 549.0 240.6 597.8 325.6 544.0 356.5 baseball-diamond 0
269.4 118.5 337.5 89.7 397.6 231.5 329.5 260.3 baseball-diamond 0
