72.7 304.9 130.9 356.8 84.3 409.1 26.1 357.2 harbor 0
681.6 413.8 756.9 499.4 707.3 543.0 632.0 457.3 ship 0
98.0 947.3 103.3 881.5 205.0 889.7 199.7 955.5 ship 0
4.2 911.0 8.2 893.4 103.8 915.0 99.8 932.6 ship 0
42.8 853.6 88.1 883.0 76.2 901.4 30.9 872.0 ship 0
198.4 773.1 201.0 790.9 104.0 804.9 101.4 787.1 ship 0
166.8 712.1 178.1 720.2 130.5 786.9 119.1 778.8 ship 0
108.8 496.7 145.7 565.3 112.2 583.3 75.3 514.7 ship 0
111.1 494.7 137.4 462.0 188.9 503.3 162.6 536.0 ship 0
103.4 483.3 106.5 505.1 25.3 516.7 22.2 494.9 ship 0
