68.5 94.8 102.7 119.1 71.5 163.2 37.3 138.9 ship 0
263.4 44.6 292.6 74.7 239.4 126.2 210.2 96.0 ship 0
165.4 156.1 193.1 187.6 182.6 196.9 154.9 165.4 ship 0
145.0 167.9 179.8 191.5 172.0 203.1 137.2 179.5 ship 0
259.3 36.3 310.0 78.7 177.8 236.7 127.2 194.3 harbor 0
304.1 272.2 305.3 270.6 306.9 271.8 305.7 273.4 storage-tank 0
399.1 173.3 400.2 171.6 401.9 172.7 400.8 174.4 storage-tank 0
389.6 179.7 390.8 178.1 392.4 179.3 391.2 180.9 storage-tank 0
370.3 185.0 370.9 183.1 391.7 190.0 391.1 191.9 storage-tank 0
335.6 180.5 369.8 246.1 357.4 252.5 323.2 186.9 storage-tank 0
368.1 172.7 405.7 227.0 390.9 237.3 353.3 183.0 storage-tank 0
386.6 197.6 387.9 196.1 389.4 197.4 388.1 198.9 storage-tank 0
396.1 190.1 397.4 188.6 398.9 189.9 397.6 191.4 storage-tank 0
303.8 219.2 304.3 217.3 306.2 217.8 305.7 219.7 storage-tank 0
255.9 219.4 259.8 210.2 280.1 218.6 276.2 227.8 storage-tank 0
247.6 202.7 269.8 251.9 253.4 259.3 231.2 210.1 storage-tank 0
265.5 237.3 270.0 241.3 247.5 266.7 243.0 262.7 storage-tank 0
269.6 250.6 280.2 259.8 268.4 273.4 257.8 264.2 storage-tank 0
273.9 247.9 304.1 208.0 312.1 214.1 281.9 254.0 storage-tank 0
297.5 238.0 301.0 224.5 314.5 228.0 311.0 241.5 storage-tank 0
301.7 247.5 302.5 245.7 304.3 246.5 303.5 248.3 storage-tank 0
283.0 245.5 286.5 240.5 298.0 248.5 294.5 253.5 storage-tank 0
301.7 248.9 304.4 254.3 281.3 266.1 278.6 260.7 storage-tank 0
280.4 258.0 281.9 256.8 303.6 283.0 302.1 284.2 storage-tank 0
303.4 258.5 303.5 260.4 301.6 260.5 301.5 258.6 storage-tank 0
364.6 173.3 374.2 234.5 360.4 236.7 350.8 175.5 storage-tank 0
331.8 182.5 343.0 206.0 323.2 215.5 312.0 192.0 storage-tank 0
359.8 173.8 362.8 187.4 345.2 191.2 342.2 177.6 storage-tank 0
385.2 155.6 387.6 173.4 365.8 176.4 363.4 158.6 storage-tank 0
