9.4 955.1 35.9 976.4 14.6 1002.9 -11.9 981.6 plane 0
24.8 898.5 40.2 877.6 57.9 890.6 42.5 911.6 plane 0
71.9 866.1 81.6 864.0 92.1 912.9 82.4 915.0 plane 0
96.2 907.4 109.6 903.5 115.8 924.6 102.4 928.5 plane 0
70.7 878.0 76.4 880.0 61.5 923.5 55.8 921.5 plane 0
88.8 967.4 174.3 869.5 190.9 884.0 105.3 981.9 plane 0
62.6 947.1 136.9 990.4 113.8 1030.2 39.5 986.9 plane 0
33.1 944.2 65.9 935.3 76.9 975.8 44.1 984.7 plane 0
92.5 938.9 105.3 933.3 125.5 979.0 112.7 984.7 plane 0
363.4 608.6 383.7 586.6 411.6 612.4 391.3 634.4 plane 0
741.8 181.2 767.1 187.1 763.9 200.7 738.6 194.8 plane 0
738.9 191.1 744.3 188.4 761.2 222.4 755.9 225.1 plane 0
595.0 340.5 640.1 349.3 632.0 390.5 586.9 381.7 plane 0
