653.6 706.7 745.1 820.4 366.4 1125.0 274.9 1011.3 soccer-ball-field 0
585.5 566.3 657.8 582.4 629.3 709.3 557.1 693.1 tennis-court 0
470.4 684.8 527.1 672.8 541.6 741.2 484.9 753.2 tennis-court 0
194.0 792.2 342.3 727.0 372.0 794.8 223.7 860.0 tennis-court 0
372.1 535.0 445.0 642.6 406.9 668.4 334.0 560.8 tennis-court 0
310.1 556.5 372.9 674.9 332.2 696.5 269.5 578.0 tennis-court 0
241.8 566.1 307.7 718.4 265.5 736.7 199.6 584.4 tennis-court 0
215.4 605.6 234.4 616.7 159.3 746.5 140.3 735.5 tennis-court 0
439.6 276.4 441.1 275.1 442.4 276.6 440.9 277.9 swimming-pool 0
450.3 222.2 451.0 224.1 449.1 224.8 448.4 222.9 swimming-pool 0
265.5 100.5 270.1 79.0 315.1 88.5 310.5 110.0 swimming-pool 0
