206.1 545.6 226.4 380.9 272.1 386.5 251.7 551.3 tennis-court 0
592.1 619.2 631.6 734.6 557.8 759.9 518.3 644.5 tennis-court 0
504.6 623.8 543.6 760.3 499.4 773.0 460.3 636.5 tennis-court 0
405.5 561.7 444.7 673.0 401.3 688.3 362.1 577.0 tennis-court 0
329.6 555.2 381.6 695.9 338.4 711.8 286.4 571.1 tennis-court 0
249.7 569.8 315.2 691.2 278.3 711.2 212.8 589.8 tennis-court 0
344.3 138.3 368.6 302.6 259.8 318.6 235.5 154.4 tennis-court 0
311.8 383.3 369.0 504.4 309.3 532.6 252.1 411.4 tennis-court 0
149.1 388.2 212.7 532.9 137.6 565.8 74.0 421.2 tennis-court 0
62.1 398.9 121.9 553.7 79.0 570.3 19.2 415.4 tennis-court 0
895.8 252.5 997.8 362.5 961.2 396.5 859.2 286.5 tennis-court 0
981.8 204.0 1064.1 299.5 998.9 355.6 916.7 260.2 tennis-court 0
439.1 181.4 471.6 171.4 496.9 253.6 464.4 263.6 swimming-pool 0
979.2 391.2 1062.8 501.0 988.0 557.9 904.4 448.1 tennis-court 0
