466.1 43.2 485.1 32.2 498.1 54.7 479.1 65.7 small-vehicle 0
12.8 187.1 234.8 425.8 198.2 459.9 -23.8 221.2 tennis-court 0
56.4 192.0 300.4 325.2 278.4 365.6 34.4 232.4 tennis-court 0
195.8 158.3 296.2 280.4 257.6 312.1 157.2 190.1 tennis-court 0
255.3 119.5 358.9 228.0 322.7 262.5 219.1 154.0 tennis-court 0
606.9 402.7 617.4 393.4 631.9 410.0 621.4 419.2 small-vehicle 0
657.6 502.9 677.3 492.9 690.8 519.7 671.1 529.6 small-vehicle 0
744.8 616.0 760.5 607.3 769.2 623.0 753.5 631.7 small-vehicle 0
687.5 579.4 702.2 569.0 721.9 596.7 707.3 607.1 small-vehicle 0
483.4 159.6 501.6 147.3 520.6 175.4 502.4 187.7 small-vehicle 0
265.6 679.1 375.8 797.9 286.4 880.9 176.2 762.1 tennis-court 0
86.9 314.6 383.5 507.9 358.4 546.4 61.8 353.1 tennis-court 0
195.0 253.2 406.9 485.0 370.0 518.8 158.1 287.0 tennis-court 0
114.3 391.3 242.4 520.7 206.8 555.8 78.8 426.5 tennis-court 0
