533.4 660.5 728.2 823.4 529.4 1061.3 334.5 898.4 soccer-ball-field 0
99.5 279.8 129.8 264.4 210.8 422.9 180.5 438.4 tennis-court 0
14.6 467.4 90.2 563.2 35.2 606.6 -40.3 510.8 tennis-court 0
93.3 474.5 126.6 481.6 107.9 569.6 74.6 562.6 tennis-court 0
29.8 213.5 156.6 500.7 107.2 522.5 -19.6 235.3 tennis-court 0
191.6 345.7 222.4 658.2 180.6 662.3 149.8 349.8 tennis-court 0
193.5 250.6 227.3 246.6 248.5 427.4 214.7 431.4 tennis-court 0
337.1 388.8 350.1 401.3 165.4 592.7 152.4 580.2 tennis-court 0
259.6 314.9 410.5 621.7 372.9 640.3 221.9 333.4 tennis-court 0
181.1 85.8 258.3 228.3 217.9 250.2 140.7 107.7 tennis-court 0
211.2 98.7 238.7 78.7 333.9 209.7 306.4 229.7 tennis-court 0
448.0 60.0 460.4 73.0 369.5 160.2 357.0 147.2 tennis-court 0
404.0 32.1 427.2 13.0 545.0 156.9 521.8 176.0 tennis-court 0
544.1 -10.6 589.8 157.3 545.4 169.4 499.7 1.5 tennis-court 0
729.7 23.2 752.4 195.7 635.4 211.1 612.7 38.6 tennis-court 0
752.8 183.5 837.7 302.3 751.5 363.9 666.6 245.2 tennis-court 0
