72.6 814.5 88.0 793.6 118.6 816.2 103.1 837.1 small-vehicle 0
325.0 853.8 338.5 831.5 371.0 851.2 357.5 873.5 small-vehicle 0
32.6 890.5 45.8 863.6 76.4 878.5 63.2 905.4 small-vehicle 0
355.6 769.8 376.4 754.2 394.4 778.2 373.6 793.8 small-vehicle 0
497.8 673.1 546.4 661.3 558.2 709.9 509.6 721.7 small-vehicle 0
551.9 665.1 559.7 658.9 583.1 688.9 575.3 695.1 small-vehicle 0
558.1 650.6 577.8 633.6 607.9 668.4 588.2 685.4 small-vehicle 0
498.8 659.6 548.8 680.1 525.2 737.4 475.2 716.9 large-vehicle 0
252.7 834.3 279.3 861.5 249.3 890.8 222.7 863.7 large-vehicle 0
935.4 450.5 1002.9 420.1 1030.0 480.3 962.5 510.7 large-vehicle 0
441.0 475.4 448.5 468.8 479.0 503.2 471.6 509.8 small-vehicle 0
457.4 469.8 478.0 453.9 503.6 487.2 483.0 503.1 small-vehicle 0
477.7 579.1 500.3 559.4 525.2 588.0 502.6 607.7 small-vehicle 0
974.5 333.9 993.7 316.3 1027.5 353.1 1008.3 370.7 small-vehicle 0
885.1 562.5 896.6 585.8 858.9 604.5 847.4 581.2 small-vehicle 0
828.6 611.0 830.0 609.6 831.4 611.0 830.0 612.4 small-vehicle 0
767.6 638.1 781.9 611.8 815.4 629.9 801.1 656.2 small-vehicle 0
751.3 656.6 752.9 657.8 751.7 659.4 750.1 658.2 small-vehicle 0
806.4 46.9 823.0 32.5 842.6 55.1 826.0 69.5 small-vehicle 0
823.9 89.6 845.1 74.6 862.5 99.0 841.3 114.1 small-vehicle 0
