51.3 963.8 312.6 869.0 331.0 919.8 69.7 1014.6 large-vehicle 0
229.8 906.3 247.8 893.8 267.3 921.6 249.2 934.2 small-vehicle 0
192.7 930.0 201.8 905.6 233.6 917.6 224.5 941.9 small-vehicle 0
461.8 874.9 477.7 900.3 442.1 922.6 426.2 897.2 small-vehicle 0
412.2 912.9 412.3 914.9 410.3 915.0 410.2 913.0 small-vehicle 0
32.6 969.5 40.9 963.9 68.5 1005.7 60.1 1011.2 small-vehicle 0
71.6 957.0 79.9 951.4 107.9 992.9 99.6 998.5 small-vehicle 0
89.8 948.5 98.1 943.0 123.2 981.5 114.9 987.0 small-vehicle 0
112.8 942.7 122.1 939.1 137.2 978.3 127.9 981.9 small-vehicle 0
133.7 939.8 142.7 935.5 157.3 966.2 148.3 970.5 small-vehicle 0
149.4 932.7 158.7 928.9 171.6 960.3 162.3 964.1 small-vehicle 0
60.2 962.5 87.5 994.4 76.8 1003.5 49.5 971.6 small-vehicle 0
710.6 1003.1 730.7 994.2 744.4 1025.3 724.3 1034.2 small-vehicle 0
247.2 891.1 254.2 884.1 283.8 913.9 276.8 920.9 small-vehicle 0
289.5 874.9 294.7 877.9 274.3 914.6 269.1 911.7 small-vehicle 0
154.8 230.3 169.7 220.3 188.6 248.6 173.6 258.6 small-vehicle 0
