99.4 357.2 100.0 355.3 101.9 355.9 101.3 357.8 large-vehicle 0
3.1 804.2 4.6 794.3 61.9 802.8 60.4 812.7 ship 0
0.6 787.1 1.7 777.2 63.4 783.9 62.3 793.8 ship 0
58.7 748.2 61.9 757.6 3.3 777.8 0.1 768.4 ship 0
-5.7 732.1 -0.5 723.5 52.4 756.0 47.2 764.5 ship 0
1.0 713.9 6.0 705.3 66.7 740.1 61.7 748.8 ship 0
-3.4 707.3 -2.3 697.4 55.4 703.7 54.3 713.6 ship 0
15.1 655.2 18.0 617.3 63.9 620.8 61.0 658.7 ship 0
128.6 621.3 128.8 651.3 86.8 651.7 86.6 621.7 ship 0
151.4 657.5 154.3 615.6 196.2 618.5 193.2 660.4 ship 0
205.2 651.0 208.0 617.1 265.8 622.0 263.0 655.9 ship 0
336.4 644.3 336.8 610.3 370.8 610.7 370.4 644.6 ship 0
416.5 580.2 444.0 617.1 397.5 651.8 370.0 614.9 ship 0
450.5 480.3 529.4 502.7 500.5 604.7 421.6 582.3 ship 0
243.3 282.9 281.8 308.2 234.7 380.1 196.2 354.8 ship 0
114.3 311.4 117.0 333.3 99.1 335.4 96.5 313.6 large-vehicle 0
200.5 665.9 279.5 864.8 173.5 906.9 94.5 708.0 harbor 0
180.7 862.5 182.5 868.2 123.3 886.5 121.5 880.8 ship 0
197.4 873.6 198.5 867.7 247.6 877.4 246.5 883.3 ship 0
170.3 856.3 170.6 862.3 128.7 864.7 128.4 858.7 ship 0
133.4 843.6 135.6 833.9 172.6 842.4 170.4 852.1 ship 0
133.9 826.6 136.3 816.9 173.1 826.4 170.7 836.1 ship 0
175.8 806.0 176.1 812.0 134.2 814.0 133.9 808.0 ship 0
134.6 796.6 135.7 786.7 177.4 791.4 176.3 801.3 ship 0
184.3 745.8 188.6 749.9 137.3 803.3 133.0 799.1 ship 0
136.6 760.2 137.7 750.3 179.4 754.8 178.3 764.7 ship 0
128.3 729.2 132.8 720.2 191.7 749.8 187.2 758.8 ship 0
237.7 836.6 243.9 844.4 198.3 880.4 192.1 872.6 ship 0
179.4 863.2 233.6 807.1 243.6 816.8 189.4 872.9 ship 0
255.5 807.1 258.4 816.6 191.5 836.9 188.6 827.4 ship 0
241.9 771.8 248.8 779.0 190.1 836.2 183.2 829.0 ship 0
186.4 766.9 187.5 756.9 249.1 763.1 248.1 773.1 ship 0
193.0 736.2 197.9 727.5 252.0 757.8 247.1 766.5 ship 0
190.9 728.1 191.1 718.1 261.1 718.9 260.9 728.9 ship 0
246.1 697.2 246.8 707.2 184.9 711.8 184.2 701.8 ship 0
140.0 713.9 141.0 695.9 179.0 698.1 178.0 716.1 ship 0
56.2 864.9 59.0 874.5 14.8 887.1 12.0 877.5 ship 0
50.6 848.4 52.5 858.2 3.4 867.6 1.5 857.8 ship 0
49.1 833.0 50.5 842.9 4.9 849.0 3.5 839.1 ship 0
1.7 805.3 5.4 800.6 54.3 838.7 50.6 843.4 ship 0
575.4 27.0 632.5 51.3 606.6 112.0 549.5 87.7 ship 0
736.8 19.5 758.7 21.0 754.2 86.9 732.3 85.3 ship 0
286.0 -25.5 302.5 30.1 220.0 54.5 203.5 -1.1 ship 0
839.7 34.2 857.6 36.3 849.3 105.8 831.4 103.7 harbor 0
958.4 52.8 974.1 100.2 907.6 122.2 891.9 74.8 ship 0
878.8 23.0 887.0 11.6 921.2 36.0 913.0 47.4 ship 0
773.1 25.6 785.7 19.6 805.3 61.2 792.7 67.2 ship 0
942.9 -1.8 952.2 -12.3 1007.5 36.9 998.2 47.4 ship 0
878.0 79.4 881.6 109.2 828.0 115.6 824.4 85.8 ship 0
788.2 17.7 796.8 6.7 848.8 47.3 840.2 58.3 ship 0
846.6 21.3 862.4 12.7 882.4 49.7 866.6 58.3 ship 0
925.6 8.8 941.8 1.0 963.3 46.2 947.1 53.9 ship 0
364.7 790.5 367.1 812.4 329.3 816.5 326.9 794.6 ship 0
302.3 829.5 322.5 820.8 343.7 870.5 323.5 879.2 ship 0
373.0 781.4 386.5 764.0 426.0 794.6 412.5 812.0 ship 0
386.2 840.1 390.4 831.0 443.2 854.9 439.1 864.0 ship 0
660.0 968.5 663.8 963.8 706.1 997.3 702.4 1002.0 ship 0
597.2 1010.3 604.8 1003.8 626.8 1029.7 619.2 1036.2 ship 0
597.7 1005.6 598.4 999.6 644.1 1005.3 643.3 1011.3 ship 0
642.3 977.8 644.4 983.4 597.7 1001.2 595.6 995.6 ship 0
592.0 960.0 595.1 954.8 644.9 984.5 641.8 989.7 ship 0
798.6 893.4 836.6 893.6 836.4 935.6 798.4 935.4 ship 0
665.8 954.6 671.8 942.0 720.6 965.2 714.5 977.8 ship 0
621.5 948.9 630.8 945.3 637.3 962.1 628.0 965.7 ship 0
591.9 928.0 595.7 918.8 652.9 942.9 649.0 952.1 ship 0
605.7 897.3 609.6 892.8 662.3 938.9 658.3 943.4 ship 0
603.1 888.7 606.0 883.4 656.9 911.3 654.0 916.6 ship 0
683.1 898.4 687.2 889.3 732.9 909.4 728.9 918.5 ship 0
612.4 866.3 615.1 860.9 673.6 891.6 670.8 896.9 ship 0
672.2 837.5 676.4 846.5 602.2 881.4 597.9 872.3 ship 0
618.4 826.2 625.3 814.1 682.6 846.8 675.7 858.9 ship 0
681.2 875.0 686.0 866.2 743.8 898.0 739.0 906.8 ship 0
685.3 858.3 688.8 848.9 750.7 871.7 747.2 881.1 ship 0
681.2 824.9 687.1 816.8 747.1 860.1 741.2 868.2 ship 0
378.3 927.4 381.9 918.1 439.7 940.6 436.1 949.9 ship 0
449.6 906.1 450.2 916.1 380.4 920.5 379.7 910.5 ship 0
373.7 871.6 377.0 866.6 449.1 913.4 445.8 918.5 ship 0
381.7 868.2 383.6 858.4 444.5 869.8 442.7 879.7 ship 0
655.0 995.8 658.7 986.5 708.8 1006.7 705.1 1016.0 ship 0
658.5 1001.0 663.4 997.5 689.9 1035.1 685.0 1038.6 ship 0
913.5 1014.9 926.1 996.9 960.5 1021.1 947.8 1039.1 ship 0
916.3 978.8 922.6 971.0 970.7 1010.2 964.4 1018.0 ship 0
845.7 1000.6 849.2 991.2 888.6 1005.5 885.2 1014.9 ship 0
934.1 964.7 940.1 956.7 992.9 996.3 986.9 1004.3 ship 0
850.8 973.2 856.3 964.9 901.2 994.8 895.7 1003.1 ship 0
902.8 951.6 932.4 916.4 958.4 938.3 928.8 973.5 ship 0
