873.9 269.0 934.9 234.6 969.3 295.6 908.3 330.0 large-vehicle 0
84.5 457.2 210.4 411.5 232.9 473.5 107.0 519.3 large-vehicle 0
325.2 197.3 443.1 203.0 438.7 292.9 320.9 287.2 large-vehicle 0
928.6 25.2 955.8 37.9 931.1 90.4 903.9 77.6 small-vehicle 0
877.8 512.6 902.2 495.2 931.2 536.0 906.7 553.4 small-vehicle 0
521.3 288.8 541.6 310.9 510.7 339.2 490.4 317.1 small-vehicle 0
515.0 171.3 522.7 177.6 496.2 210.1 488.4 203.8 small-vehicle 0
531.3 189.3 538.1 196.7 504.3 227.9 497.5 220.6 small-vehicle 0
548.4 200.1 555.0 207.6 508.4 248.5 501.8 241.0 small-vehicle 0
551.9 221.7 557.9 229.7 521.1 257.3 515.1 249.3 small-vehicle 0
150.8 333.1 170.4 316.1 203.2 353.9 183.6 370.9 small-vehicle 0
381.1 228.8 453.0 211.3 456.3 224.9 384.5 242.4 small-vehicle 0
386.4 258.9 460.8 215.6 467.8 227.8 393.4 271.0 small-vehicle 0
440.9 249.4 446.2 257.8 424.1 271.6 418.8 263.2 small-vehicle 0
457.1 253.8 464.1 260.9 431.4 293.2 424.4 286.1 small-vehicle 0
468.0 269.6 475.5 276.3 450.0 304.4 442.5 297.7 small-vehicle 0
398.8 253.7 404.7 261.8 383.6 277.1 377.7 269.0 small-vehicle 0
404.5 267.0 412.2 273.4 395.6 293.4 387.9 287.1 small-vehicle 0
412.4 282.1 421.3 286.6 409.6 309.9 400.7 305.4 small-vehicle 0
429.3 290.1 445.3 310.6 412.1 336.4 396.1 315.8 small-vehicle 0
276.0 297.1 325.5 290.1 328.0 307.9 278.5 314.9 small-vehicle 0
330.8 308.5 334.5 317.8 291.8 334.8 288.1 325.5 small-vehicle 0
332.4 320.7 339.8 327.4 308.7 361.3 301.3 354.5 small-vehicle 0
327.8 335.1 350.6 347.6 332.2 380.9 309.4 368.4 small-vehicle 0
58.0 562.8 71.0 585.3 38.0 604.2 25.0 581.7 small-vehicle 0
4.6 610.8 6.2 609.6 7.4 611.2 5.8 612.4 small-vehicle 0
-6.7 85.2 17.1 67.0 45.1 103.5 21.2 121.7 small-vehicle 0
