686.5 537.0 687.9 535.5 689.4 536.8 688.0 538.3 harbor 0
-3.3 171.6 1.6 162.8 38.3 183.4 33.4 192.2 ship 0
248.2 260.5 265.5 222.2 303.8 239.5 286.5 277.8 ship 0
302.8 188.0 385.5 254.2 106.7 602.3 24.0 536.1 harbor 0
-5.9 304.5 0.8 297.0 46.9 338.4 40.3 345.9 ship 0
-0.3 291.7 4.9 283.2 64.3 320.3 59.1 328.8 ship 0
10.0 276.1 15.2 267.5 68.0 299.9 62.8 308.5 ship 0
36.9 234.8 44.2 222.8 86.9 248.8 79.6 260.8 ship 0
42.7 206.0 48.2 197.6 103.3 234.0 97.8 242.4 ship 0
47.9 184.6 53.4 176.3 105.1 210.4 99.6 218.7 ship 0
54.5 170.4 59.0 161.5 114.4 189.3 110.0 198.2 ship 0
303.8 262.5 338.5 226.5 388.9 275.0 354.3 311.1 ship 0
259.1 335.4 288.8 300.3 326.9 332.6 297.2 367.7 ship 0
220.5 318.4 222.5 284.5 264.4 287.0 262.4 320.9 ship 0
85.1 572.4 90.7 564.1 132.3 591.8 126.7 600.2 ship 0
402.4 74.7 434.2 47.3 469.4 88.3 437.5 115.6 ship 0
293.5 612.4 302.0 617.5 284.5 646.6 276.0 641.5 ship 0
292.5 594.9 298.8 602.7 238.5 652.1 232.2 644.3 ship 0
310.0 548.9 366.1 575.4 338.0 635.1 281.9 608.6 ship 0
323.5 541.7 332.3 546.6 310.1 586.8 301.3 582.0 ship 0
248.4 641.6 288.1 655.3 270.6 706.4 230.9 692.7 ship 0
34.5 542.9 45.7 528.9 78.5 555.1 67.3 569.1 ship 0
92.3 559.6 97.4 551.0 137.2 574.0 132.2 582.7 ship 0
185.9 324.2 199.4 306.8 242.1 339.8 228.6 357.2 ship 0
77.6 499.7 101.7 538.8 86.4 548.3 62.3 509.2 ship 0
69.4 482.0 73.4 477.6 127.9 527.7 123.8 532.1 ship 0
80.5 465.0 85.2 461.3 133.2 522.8 128.5 526.5 ship 0
85.0 474.6 87.2 469.0 144.9 491.7 142.7 497.2 ship 0
99.1 453.6 103.0 449.1 143.9 484.4 140.0 488.9 ship 0
111.2 443.7 118.0 436.5 151.5 468.0 144.6 475.3 ship 0
146.4 475.8 153.5 468.7 191.7 506.9 184.6 514.0 ship 0
156.8 463.2 160.8 458.7 207.1 499.9 203.1 504.4 ship 0
166.6 457.5 172.1 449.1 210.4 474.5 204.9 482.9 ship 0
122.0 414.3 134.2 401.1 174.0 437.7 161.8 450.9 ship 0
147.4 382.0 158.7 350.0 209.6 368.0 198.3 400.0 ship 0
147.3 448.6 260.3 343.9 299.7 386.4 186.7 491.1 ship 0
67.0 141.9 75.7 130.9 133.8 176.7 125.1 187.6 ship 0
1.9 139.9 9.0 132.9 49.6 174.3 42.5 181.3 ship 0
19.8 123.2 23.4 113.9 66.2 130.8 62.6 140.1 ship 0
345.0 480.2 393.8 511.7 265.0 711.8 216.2 680.3 harbor 0
85.1 105.1 91.4 97.3 142.8 138.8 136.5 146.6 ship 0
87.5 91.4 93.3 78.6 153.5 105.6 147.7 118.4 ship 0
19.7 100.0 24.3 91.1 68.7 114.1 64.1 123.0 ship 0
124.0 78.0 130.2 70.1 157.0 91.0 150.8 98.9 ship 0
28.6 80.5 33.4 71.7 77.4 95.5 72.6 104.3 ship 0
80.6 47.3 103.6 22.2 134.5 50.6 111.6 75.7 ship 0
