231.6 745.2 252.7 730.0 284.4 773.8 263.3 789.0 small-vehicle 0
259.8 737.5 274.1 726.6 299.5 760.0 285.2 770.9 small-vehicle 0
283.7 722.6 292.3 717.6 315.3 757.4 306.7 762.4 small-vehicle 0
316.8 713.3 339.3 693.4 372.3 731.0 349.8 750.8 small-vehicle 0
281.1 664.9 304.9 640.7 334.9 670.1 311.1 694.3 small-vehicle 0
197.1 761.7 224.4 741.4 251.9 778.3 224.6 798.6 small-vehicle 0
113.2 792.3 137.8 775.2 161.8 809.7 137.2 826.8 small-vehicle 0
93.6 791.5 114.0 783.0 131.7 825.4 111.4 833.9 small-vehicle 0
71.3 806.6 83.3 799.5 106.8 839.0 94.8 846.2 small-vehicle 0
37.9 820.1 49.9 812.9 71.4 849.0 59.3 856.2 small-vehicle 0
17.3 825.3 26.8 822.2 41.4 865.8 31.9 868.9 small-vehicle 0
-8.3 839.0 11.7 829.8 24.3 857.0 4.3 866.2 small-vehicle 0
