688.3 245.4 698.0 255.5 661.9 290.1 652.2 280.0 large-vehicle 0
915.9 378.0 950.2 353.8 969.9 381.5 935.6 405.8 large-vehicle 0
927.0 328.4 939.0 335.6 900.5 398.9 888.6 391.6 large-vehicle 0
901.3 327.2 910.7 337.6 867.6 376.4 858.3 366.0 large-vehicle 0
874.1 306.8 884.4 316.2 834.3 370.7 824.0 361.3 large-vehicle 0
845.8 290.5 856.5 299.5 803.8 362.3 793.1 353.3 large-vehicle 0
811.1 283.6 822.1 292.3 778.9 347.4 767.9 338.7 large-vehicle 0
780.2 270.0 791.6 278.1 751.2 335.3 739.8 327.2 large-vehicle 0
656.8 217.5 672.2 226.8 636.0 286.7 620.6 277.4 large-vehicle 0
398.0 163.8 433.2 134.2 455.1 160.3 419.9 189.8 large-vehicle 0
338.2 85.3 375.1 112.7 335.8 165.7 298.9 138.3 large-vehicle 0
5.8 232.3 7.7 232.8 7.2 234.7 5.3 234.2 large-vehicle 0
42.6 118.8 82.1 149.5 46.4 195.2 6.9 164.5 large-vehicle 0
