184.4 472.1 199.0 493.6 164.3 517.2 149.6 495.7 small-vehicle 0
225.7 447.8 244.2 466.0 214.8 496.0 196.3 477.7 small-vehicle 0
405.5 213.6 416.8 205.4 441.4 239.4 430.1 247.6 small-vehicle 0
431.3 189.3 444.6 185.1 459.7 232.7 446.4 236.9 small-vehicle 0
449.1 186.2 473.7 177.7 486.0 213.7 461.4 222.1 small-vehicle 0
518.9 213.1 520.5 214.3 519.3 215.9 517.7 214.6 small-vehicle 0
511.1 165.6 513.1 165.7 513.0 167.7 511.0 167.6 small-vehicle 0
478.6 241.6 480.4 240.6 481.4 242.4 479.6 243.4 small-vehicle 0
465.7 253.1 467.4 254.2 466.3 255.9 464.6 254.8 small-vehicle 0
562.7 288.3 580.2 312.6 546.1 337.1 528.6 312.8 small-vehicle 0
502.0 332.2 519.6 356.4 485.7 381.1 468.0 356.9 small-vehicle 0
620.0 405.9 637.4 425.3 615.1 445.3 597.7 426.0 small-vehicle 0
559.0 458.2 566.3 433.2 599.0 442.8 591.7 467.8 small-vehicle 0
787.6 292.6 812.5 321.2 780.9 348.8 755.9 320.2 small-vehicle 0
679.9 387.2 694.4 352.2 718.5 362.1 703.9 397.2 small-vehicle 0
665.0 370.4 683.7 416.8 652.2 429.5 633.5 383.1 small-vehicle 0
632.9 220.8 657.1 244.6 622.1 280.2 597.9 256.4 small-vehicle 0
660.3 194.8 686.3 209.8 663.3 249.7 637.3 234.7 small-vehicle 0
833.7 398.7 852.2 380.4 887.4 416.0 868.9 434.3 small-vehicle 0
894.2 353.1 923.2 377.6 896.1 409.7 867.0 385.2 small-vehicle 0
744.2 466.5 769.0 443.2 805.9 482.7 781.1 505.9 small-vehicle 0
661.5 846.5 694.9 840.4 704.6 893.6 671.1 899.7 small-vehicle 0
367.9 67.3 416.1 106.2 372.1 160.7 323.9 121.8 large-vehicle 0
440.6 54.1 483.7 15.3 565.4 105.9 522.3 144.7 large-vehicle 0
