627.2 463.4 634.9 469.8 605.5 505.1 597.8 498.7 small-vehicle 0
121.1 739.0 127.3 746.9 81.9 783.0 75.7 775.1 small-vehicle 0
223.3 852.5 233.2 862.4 180.7 914.5 170.8 904.6 large-vehicle 0
254.8 806.7 265.2 816.1 226.5 859.3 216.1 849.9 large-vehicle 0
234.0 793.9 241.1 800.9 192.3 851.1 185.2 844.1 large-vehicle 0
193.9 850.5 200.6 857.9 154.5 899.4 147.9 892.0 large-vehicle 0
172.5 843.6 179.3 851.0 130.5 895.4 123.7 888.0 large-vehicle 0
202.1 800.1 208.5 807.8 172.9 836.9 166.5 829.2 large-vehicle 0
172.7 784.9 182.2 795.2 166.1 810.2 156.6 799.9 large-vehicle 0
175.4 744.3 185.1 754.4 157.6 780.7 147.9 770.6 large-vehicle 0
120.4 770.9 171.6 812.6 147.6 842.1 96.4 800.4 large-vehicle 0
129.3 799.5 178.2 855.1 143.7 885.5 94.8 829.9 small-vehicle 0
133.9 740.4 156.0 760.8 122.1 797.6 100.0 777.2 small-vehicle 0
103.5 794.2 113.9 803.5 88.5 831.8 78.1 822.5 large-vehicle 0
104.9 681.9 140.6 722.4 109.1 750.1 73.4 709.6 large-vehicle 0
276.6 820.9 287.0 830.3 242.6 879.2 232.3 869.8 large-vehicle 0
61.2 721.6 112.0 769.8 85.8 797.4 35.0 749.2 large-vehicle 0
65.1 816.8 102.9 860.7 55.9 901.2 18.1 857.3 large-vehicle 0
42.4 820.1 59.3 854.2 21.6 872.9 4.7 838.8 small-vehicle 0
87.1 777.2 96.7 787.3 54.6 827.2 45.0 817.1 large-vehicle 0
233.5 881.0 244.2 890.1 219.5 919.0 208.8 909.9 large-vehicle 0
299.4 832.7 310.0 841.9 261.5 897.8 250.9 888.6 large-vehicle 0
457.5 971.9 466.6 982.5 413.5 1028.1 404.4 1017.5 large-vehicle 0
432.4 949.8 442.6 959.4 392.3 1013.6 382.1 1004.1 large-vehicle 0
277.7 993.6 285.4 1000.0 261.3 1029.4 253.6 1023.0 large-vehicle 0
319.4 849.1 329.9 858.3 291.6 901.9 281.1 892.7 large-vehicle 0
269.3 972.7 276.5 979.6 236.7 1021.7 229.4 1014.9 large-vehicle 0
241.3 961.1 251.8 970.4 223.9 1001.8 213.5 992.5 large-vehicle 0
323.2 932.7 333.9 941.8 288.8 995.3 278.1 986.2 large-vehicle 0
306.3 913.7 317.0 922.7 274.7 973.3 264.0 964.3 large-vehicle 0
276.8 911.7 287.1 921.2 261.3 949.2 251.0 939.7 large-vehicle 0
267.1 886.8 276.9 896.8 229.9 943.2 220.1 933.2 large-vehicle 0
228.1 936.6 238.6 945.9 194.9 995.4 184.4 986.1 large-vehicle 0
199.7 929.2 207.5 935.5 183.3 964.8 175.5 958.5 large-vehicle 0
188.0 919.7 193.9 927.8 150.0 959.3 144.1 951.2 large-vehicle 0
160.3 899.0 169.7 909.3 126.8 948.4 117.4 938.0 large-vehicle 0
357.3 888.9 367.1 898.9 331.3 933.8 321.5 923.8 large-vehicle 0
364.2 915.4 375.5 923.5 353.3 954.4 342.0 946.2 large-vehicle 0
645.6 475.6 653.3 482.0 621.4 520.4 613.7 514.0 small-vehicle 0
929.6 841.9 931.0 840.5 932.5 841.9 931.1 843.3 small-vehicle 0
837.7 541.5 845.4 547.9 818.5 580.2 810.8 573.8 small-vehicle 0
854.8 556.8 862.6 563.0 834.2 599.2 826.4 593.0 small-vehicle 0
771.3 455.3 996.0 696.9 959.4 731.0 734.6 489.3 large-vehicle 0
900.4 598.5 920.4 615.1 893.6 647.5 873.6 630.9 small-vehicle 0
915.2 616.1 935.0 632.9 907.8 664.9 888.0 648.0 small-vehicle 0
941.7 637.5 949.8 643.4 925.3 677.5 917.2 671.6 small-vehicle 0
943.4 653.7 967.5 663.7 951.4 702.5 927.4 692.6 small-vehicle 0
708.1 622.2 714.5 614.6 761.9 654.6 755.5 662.2 large-vehicle 0
697.1 644.9 703.1 636.9 742.9 667.1 736.9 675.1 large-vehicle 0
948.5 768.2 975.8 794.7 966.1 804.7 938.8 778.3 small-vehicle 0
929.0 793.1 935.5 785.4 967.6 812.4 961.2 820.1 small-vehicle 0
918.3 815.2 929.3 801.1 962.4 826.9 951.3 841.1 small-vehicle 0
835.8 963.1 837.4 964.3 836.2 965.9 834.6 964.7 large-vehicle 0
788.6 501.6 796.2 508.1 774.0 533.9 766.4 527.4 small-vehicle 0
763.5 935.4 782.0 953.7 735.8 1000.7 717.2 982.5 large-vehicle 0
21.8 695.0 38.3 709.5 13.2 738.0 -3.3 723.5 small-vehicle 0
38.1 711.5 96.7 749.7 75.9 781.5 17.3 743.3 small-vehicle 0
8.2 766.6 9.9 767.7 8.8 769.4 7.1 768.3 small-vehicle 0
31.0 764.3 43.2 777.6 21.0 797.7 8.8 784.4 small-vehicle 0
649.0 252.1 670.7 231.3 719.0 281.9 697.3 302.7 large-vehicle 0
428.1 363.7 446.0 382.5 415.7 411.5 397.7 392.7 small-vehicle 0
599.3 438.5 624.8 461.0 591.7 498.5 566.2 476.0 small-vehicle 0
823.5 525.4 830.5 532.5 797.5 564.6 790.5 557.5 small-vehicle 0
775.4 484.3 783.0 490.8 755.6 522.7 748.0 516.2 small-vehicle 0
338.4 267.2 347.3 271.6 330.6 305.8 321.7 301.4 small-vehicle 0
17.4 572.6 43.2 544.7 85.8 584.0 60.1 611.9 large-vehicle 0
61.1 232.0 97.8 259.7 74.9 290.0 38.2 262.3 large-vehicle 0
366.9 31.2 401.6 1.0 437.1 41.8 402.4 72.0 large-vehicle 0
514.9 26.1 537.6 6.5 562.5 35.1 539.9 54.8 small-vehicle 0
279.5 119.4 300.4 134.8 275.5 168.6 254.6 153.2 small-vehicle 0
301.7 137.8 309.8 143.6 287.8 174.5 279.7 168.8 small-vehicle 0
307.6 149.2 313.5 149.9 309.8 183.7 303.8 183.0 small-vehicle 0
342.6 171.1 363.5 186.5 343.4 213.9 322.5 198.5 small-vehicle 0
401.7 210.2 413.6 233.3 383.3 248.8 371.4 225.7 small-vehicle 0
415.0 219.5 424.1 223.6 405.6 265.7 396.4 261.6 small-vehicle 0
354.2 274.9 363.4 278.6 350.8 310.1 341.6 306.4 small-vehicle 0
293.4 230.8 306.8 248.2 283.1 266.5 269.7 249.2 small-vehicle 0
466.5 256.4 474.4 262.5 446.2 298.9 438.3 292.8 small-vehicle 0
758.7 470.6 766.2 477.2 741.1 505.7 733.6 499.1 small-vehicle 0
482.9 270.7 490.8 276.8 467.7 307.0 459.7 300.9 small-vehicle 0
500.8 282.4 508.3 289.0 483.2 317.6 475.7 311.0 small-vehicle 0
516.8 294.5 524.6 300.8 498.2 333.5 490.4 327.2 small-vehicle 0
534.7 308.9 542.2 315.4 517.3 344.1 509.8 337.6 small-vehicle 0
552.8 323.6 560.7 329.7 542.2 353.4 534.3 347.3 small-vehicle 0
573.0 331.7 580.9 337.9 554.7 370.8 546.8 364.5 small-vehicle 0
592.1 341.7 599.8 348.1 572.9 380.3 565.2 373.9 small-vehicle 0
611.4 353.6 618.8 360.4 587.5 394.1 580.2 387.3 small-vehicle 0
628.1 363.6 635.7 370.1 605.8 405.0 598.2 398.5 small-vehicle 0
638.8 380.0 647.5 384.8 629.4 418.2 620.6 413.4 small-vehicle 0
665.2 397.4 688.1 416.7 663.7 445.8 640.7 426.5 small-vehicle 0
742.7 446.1 751.5 451.0 725.4 498.2 716.6 493.4 small-vehicle 0
