918.8 158.1 926.1 164.9 883.9 210.4 876.6 203.6 small-vehicle 0
401.5 428.6 412.8 436.8 371.5 493.4 360.2 485.2 small-vehicle 0
496.0 563.3 506.4 572.8 478.0 603.7 467.6 594.2 large-vehicle 0
528.4 511.6 537.7 515.1 522.9 554.4 513.5 550.9 large-vehicle 0
509.1 503.9 516.3 510.8 487.2 541.1 480.0 534.1 large-vehicle 0
469.6 558.3 476.5 565.6 448.8 591.6 442.0 584.3 large-vehicle 0
442.9 553.0 450.8 559.0 430.1 586.0 422.2 580.0 large-vehicle 0
494.4 493.3 500.9 500.9 450.6 543.7 444.1 536.1 large-vehicle 0
460.4 474.3 472.4 481.6 448.3 520.8 436.4 513.5 large-vehicle 0
459.8 444.0 469.8 453.8 443.2 481.0 433.2 471.2 large-vehicle 0
365.8 437.5 496.5 546.3 472.2 575.5 341.5 466.7 large-vehicle 0
356.7 439.6 522.3 610.6 486.3 645.4 320.7 474.4 small-vehicle 0
438.9 439.4 445.5 446.9 387.1 498.6 380.5 491.1 small-vehicle 0
388.3 494.1 398.8 503.3 373.7 531.9 363.2 522.7 large-vehicle 0
382.0 381.1 427.7 422.9 402.0 450.9 356.3 409.1 large-vehicle 0
551.3 531.0 562.1 539.9 537.9 569.2 527.1 560.3 large-vehicle 0
310.6 384.4 433.3 507.8 406.4 534.6 283.7 411.2 large-vehicle 0
347.2 507.9 395.6 569.2 343.8 610.1 295.4 548.8 large-vehicle 0
330.4 489.8 375.2 548.7 303.6 603.2 258.8 544.3 small-vehicle 0
360.0 484.3 371.4 492.4 351.7 520.1 340.3 512.0 large-vehicle 0
208.8 276.2 330.9 376.4 304.2 408.8 182.1 308.6 large-vehicle 0
229.9 372.7 239.9 382.5 210.4 412.4 200.4 402.6 large-vehicle 0
268.5 370.5 278.6 380.2 224.5 436.5 214.4 426.8 large-vehicle 0
201.6 414.6 216.1 431.1 166.5 474.6 152.0 458.1 large-vehicle 0
201.6 353.6 214.8 365.8 137.4 449.5 124.2 437.2 large-vehicle 0
160.1 333.0 187.4 359.5 160.9 386.8 133.7 360.3 large-vehicle 0
145.7 380.4 155.2 390.7 106.8 435.5 97.3 425.3 large-vehicle 0
175.0 225.5 278.3 334.3 230.4 379.8 127.1 271.0 large-vehicle 0
518.4 581.0 529.1 590.0 504.6 619.0 493.9 610.0 large-vehicle 0
565.7 545.0 578.8 550.1 565.1 585.5 552.1 580.5 large-vehicle 0
317.1 274.1 366.2 329.6 235.9 444.9 186.8 389.4 small-vehicle 0
591.5 697.1 601.8 706.6 551.5 760.9 541.2 751.4 large-vehicle 0
820.7 835.7 831.1 845.1 808.3 870.3 797.9 860.9 large-vehicle 0
800.9 821.7 810.8 831.6 747.2 895.2 737.3 885.3 large-vehicle 0
807.6 726.6 818.1 735.8 753.4 809.4 742.9 800.2 large-vehicle 0
753.0 796.6 769.4 811.2 707.0 881.4 690.6 866.8 large-vehicle 0
847.0 755.7 864.7 774.7 810.5 825.1 792.8 806.0 large-vehicle 0
793.1 700.7 803.2 710.3 740.9 775.3 730.8 765.7 large-vehicle 0
710.4 758.3 721.0 767.5 688.2 805.2 677.6 796.0 large-vehicle 0
696.4 735.6 706.5 745.3 638.3 815.8 628.3 806.0 large-vehicle 0
669.5 716.1 680.0 725.4 614.9 798.7 604.4 789.3 large-vehicle 0
730.4 676.0 741.4 684.7 710.6 724.0 699.6 715.3 large-vehicle 0
713.1 656.4 722.9 666.4 681.6 707.0 671.7 697.1 large-vehicle 0
634.7 688.0 644.9 697.5 567.3 781.0 557.1 771.5 large-vehicle 0
574.8 682.6 582.1 689.4 534.2 740.4 526.9 733.6 large-vehicle 0
599.4 555.2 609.8 564.6 581.6 595.8 571.2 586.4 large-vehicle 0
553.7 667.8 561.8 673.8 522.2 726.7 514.2 720.7 large-vehicle 0
535.3 648.2 546.2 656.9 500.0 714.7 489.1 706.0 large-vehicle 0
599.3 645.5 609.3 655.3 582.7 682.5 572.7 672.7 large-vehicle 0
594.2 610.8 604.9 619.9 556.8 676.2 546.1 667.1 large-vehicle 0
563.1 610.2 573.4 619.7 545.0 650.7 534.7 641.2 large-vehicle 0
540.5 596.0 551.1 605.0 526.5 634.0 515.9 625.0 large-vehicle 0
514.7 633.0 525.5 642.0 478.3 699.0 467.5 690.0 large-vehicle 0
490.9 614.7 499.3 620.0 462.1 679.3 453.7 674.0 large-vehicle 0
474.4 613.1 481.3 620.3 433.6 665.9 426.7 658.7 large-vehicle 0
452.5 597.3 460.8 608.5 404.6 650.1 396.2 638.9 large-vehicle 0
634.7 591.8 646.1 600.0 623.8 630.8 612.5 622.6 large-vehicle 0
651.6 606.1 663.9 612.8 635.9 663.6 623.6 656.9 large-vehicle 0
206.5 252.0 305.4 359.4 224.5 434.0 125.6 326.6 small-vehicle 0
104.0 249.7 115.7 231.1 161.4 259.8 149.7 278.5 small-vehicle 0
936.5 172.3 943.7 179.3 900.5 223.7 893.3 216.7 small-vehicle 0
1019.0 324.3 1039.7 356.2 991.0 387.7 970.3 355.8 large-vehicle 0
225.9 619.7 261.6 579.2 332.1 641.3 296.4 681.8 large-vehicle 0
309.8 388.3 330.8 409.6 295.2 444.7 274.2 423.4 small-vehicle 0
331.5 390.5 388.0 480.1 352.5 502.5 296.0 412.9 small-vehicle 0
280.5 431.4 289.5 435.8 267.5 480.6 258.5 476.2 small-vehicle 0
309.3 448.0 315.8 455.6 277.7 488.0 271.2 480.4 small-vehicle 0
324.8 461.9 331.4 469.3 297.2 500.1 290.6 492.7 small-vehicle 0
280.2 488.8 286.5 496.6 247.8 528.2 241.5 520.4 small-vehicle 0
293.4 503.9 300.3 511.1 272.6 537.1 265.7 529.9 small-vehicle 0
709.3 58.5 733.7 76.0 704.5 116.6 680.1 99.1 small-vehicle 0
895.2 142.5 905.4 152.1 865.8 194.5 855.6 184.9 small-vehicle 0
80.9 284.1 94.2 266.6 134.0 296.9 120.7 314.4 small-vehicle 0
296.8 269.6 317.3 242.5 376.4 286.9 356.0 314.1 large-vehicle 0
804.9 -3.7 811.5 3.8 780.1 31.7 773.5 24.2 small-vehicle 0
825.6 3.3 833.0 10.0 796.4 49.7 789.0 43.0 small-vehicle 0
840.1 20.4 848.0 26.5 824.9 56.6 817.0 50.5 small-vehicle 0
859.6 30.3 867.3 36.6 838.1 72.2 830.4 65.8 small-vehicle 0
877.5 39.7 885.4 45.7 857.5 82.3 849.6 76.3 small-vehicle 0
892.6 49.7 901.3 54.6 876.3 98.0 867.7 93.0 small-vehicle 0
913.0 63.5 920.6 70.0 890.9 105.1 883.2 98.6 small-vehicle 0
934.8 79.0 941.3 86.6 903.4 119.1 896.9 111.5 small-vehicle 0
968.7 107.2 973.4 120.4 930.2 136.0 925.4 122.8 small-vehicle 0
1014.7 145.1 1042.1 157.3 1023.4 199.3 996.0 187.1 small-vehicle 0
869.0 808.3 891.2 828.5 868.3 853.7 846.1 833.5 large-vehicle 0
