904.4 294.2 915.9 308.1 849.6 362.8 838.1 348.9 large-vehicle 0
873.1 264.0 895.2 294.9 848.0 328.7 825.9 297.7 large-vehicle 0
612.0 464.2 638.2 442.5 700.7 518.0 674.5 539.7 large-vehicle 0
248.6 894.3 260.5 907.9 141.4 1011.7 129.5 998.1 large-vehicle 0
221.1 866.9 233.0 880.5 119.9 979.1 108.0 965.5 large-vehicle 0
73.4 779.1 200.8 920.0 145.9 969.7 18.5 828.8 large-vehicle 0
179.4 755.5 192.7 773.0 85.9 853.9 72.6 836.4 large-vehicle 0
95.1 659.2 113.5 682.9 1.4 770.1 -17.0 746.4 large-vehicle 0
91.4 621.6 109.3 645.7 1.8 725.7 -16.1 701.6 large-vehicle 0
503.7 502.7 515.7 516.1 413.1 608.4 401.1 595.0 large-vehicle 0
895.1 721.8 908.5 709.7 1008.9 821.2 995.5 833.3 large-vehicle 0
861.0 738.8 874.1 726.5 968.2 827.5 955.0 839.7 large-vehicle 0
816.7 753.6 849.8 727.8 944.3 849.4 911.2 875.2 large-vehicle 0
779.6 771.9 808.5 747.2 911.2 867.3 882.3 892.0 large-vehicle 0
721.7 813.0 751.1 788.9 851.3 911.0 821.9 935.1 large-vehicle 0
688.8 837.1 717.3 812.1 818.9 927.8 790.4 952.9 large-vehicle 0
420.1 655.2 567.3 831.9 485.9 899.8 338.7 723.1 large-vehicle 0
609.6 644.5 623.7 661.4 548.6 724.3 534.5 707.4 large-vehicle 0
579.1 609.5 593.0 626.5 489.1 711.1 475.2 694.1 large-vehicle 0
561.1 566.7 575.7 583.1 499.5 650.9 484.9 634.5 large-vehicle 0
539.6 533.5 553.9 550.2 476.4 616.5 462.1 599.8 large-vehicle 0
491.2 465.2 502.9 478.8 419.8 550.8 408.1 537.2 large-vehicle 0
453.3 419.2 482.5 454.7 360.4 555.0 331.2 519.4 large-vehicle 0
430.3 381.8 457.0 414.2 335.0 514.7 308.3 482.2 large-vehicle 0
364.6 241.4 419.9 192.3 485.0 265.5 429.7 314.7 large-vehicle 0
816.9 181.4 830.1 193.7 790.6 236.2 777.5 224.0 large-vehicle 0
799.9 152.1 812.2 165.3 769.7 204.8 757.4 191.6 large-vehicle 0
789.3 106.9 811.9 137.4 742.8 188.7 720.2 158.2 large-vehicle 0
743.8 61.6 756.8 74.1 711.1 121.7 698.1 109.3 large-vehicle 0
740.6 22.9 751.9 36.9 669.4 103.5 658.1 89.5 large-vehicle 0
