658.1 251.4 683.7 229.0 713.9 263.6 688.3 286.0 large-vehicle 0
-17.5 345.8 18.8 311.4 39.5 333.2 3.2 367.6 small-vehicle 0
46.5 285.8 55.0 280.5 77.4 316.0 68.9 321.3 small-vehicle 0
64.0 275.4 71.6 268.8 99.0 300.6 91.4 307.2 small-vehicle 0
-7.4 256.2 15.8 244.6 36.4 285.7 13.1 297.3 small-vehicle 0
11.0 242.9 21.0 233.1 53.2 265.9 43.2 275.7 small-vehicle 0
29.7 238.9 43.4 216.8 79.1 238.9 65.5 261.0 small-vehicle 0
406.7 372.7 413.1 380.4 377.8 409.9 371.4 402.2 small-vehicle 0
391.4 353.6 398.1 361.1 363.9 391.8 357.2 384.3 small-vehicle 0
173.8 362.9 199.6 432.2 164.0 445.5 138.2 376.1 small-vehicle 0
261.7 329.1 287.6 307.0 312.3 335.9 286.4 358.0 small-vehicle 0
228.6 285.1 252.3 260.7 282.4 289.9 258.7 314.3 small-vehicle 0
301.5 236.4 325.6 254.4 298.1 291.2 274.0 273.3 small-vehicle 0
228.1 236.3 254.8 257.4 223.9 296.7 197.2 275.6 small-vehicle 0
293.9 140.6 319.8 118.6 334.1 135.4 308.2 157.4 small-vehicle 0
262.4 105.8 283.7 84.8 304.8 106.1 283.4 127.2 small-vehicle 0
254.3 30.7 261.1 42.9 217.5 67.2 210.6 55.0 small-vehicle 0
196.0 25.6 198.1 15.8 243.0 25.4 240.9 35.2 small-vehicle 0
10.3 37.0 17.7 3.8 54.7 12.0 47.3 45.2 small-vehicle 0
70.3 38.4 96.9 59.5 65.7 98.6 39.1 77.5 small-vehicle 0
100.1 50.7 101.0 36.7 142.9 39.4 142.0 53.4 small-vehicle 0
104.1 76.3 104.9 62.3 146.9 64.7 146.1 78.7 small-vehicle 0
77.8 85.9 100.6 66.4 127.9 98.3 105.1 117.8 small-vehicle 0
436.7 433.2 462.5 435.7 457.2 489.5 431.3 486.9 small-vehicle 0
433.2 406.6 454.5 421.4 425.8 462.4 404.5 447.6 small-vehicle 0
446.7 497.3 471.4 468.4 503.3 495.7 478.6 524.6 small-vehicle 0
529.2 411.2 530.6 409.8 532.1 411.2 530.6 412.6 large-vehicle 0
261.8 909.5 320.1 851.9 355.2 887.5 296.9 945.1 small-vehicle 0
-3.0 485.8 14.3 480.8 21.6 505.8 4.3 510.8 small-vehicle 0
218.6 910.3 389.1 794.7 430.6 855.9 260.1 971.5 large-vehicle 0
439.1 662.4 472.7 680.1 453.1 717.3 419.5 699.5 large-vehicle 0
389.9 832.6 396.9 787.1 470.1 798.4 463.1 843.9 large-vehicle 0
390.3 927.6 530.2 845.9 559.4 896.0 419.5 977.7 large-vehicle 0
545.2 432.2 566.6 427.5 575.6 468.5 554.2 473.2 large-vehicle 0
599.3 465.3 607.8 489.9 568.1 503.7 559.6 479.1 large-vehicle 0
613.4 489.8 618.1 498.6 577.6 520.2 572.9 511.4 large-vehicle 0
583.6 530.1 585.0 520.2 650.4 529.5 649.0 539.4 large-vehicle 0
614.9 562.9 639.7 534.1 677.5 566.8 652.7 595.5 small-vehicle 0
677.8 573.4 701.1 585.1 682.2 622.6 658.9 610.9 small-vehicle 0
687.2 620.3 713.3 605.6 735.8 645.7 709.7 660.4 small-vehicle 0
736.9 649.8 759.7 662.2 732.1 713.2 709.3 700.8 small-vehicle 0
774.5 761.2 790.3 781.9 760.1 804.9 744.3 784.3 small-vehicle 0
743.1 817.5 768.8 813.9 775.1 859.5 749.4 863.0 small-vehicle 0
721.1 861.7 721.8 863.6 719.9 864.3 719.2 862.4 large-vehicle 0
689.5 861.7 713.2 880.0 687.5 913.3 663.8 895.0 large-vehicle 0
662.8 897.0 684.0 918.2 657.2 945.0 636.0 923.8 large-vehicle 0
453.7 271.9 457.8 301.7 404.3 309.1 400.2 279.3 large-vehicle 0
412.2 324.5 414.4 298.6 480.2 304.4 477.9 330.3 large-vehicle 0
485.4 319.4 501.5 344.7 459.4 371.6 443.3 346.3 large-vehicle 0
469.0 368.7 472.6 359.4 508.0 373.3 504.4 382.6 large-vehicle 0
359.9 306.1 379.2 329.0 353.1 350.9 333.8 328.0 large-vehicle 0
302.4 304.0 311.5 258.9 356.6 268.0 347.5 313.1 large-vehicle 0
436.0 374.7 442.9 381.9 377.7 443.9 370.8 436.7 small-vehicle 0
335.1 430.8 413.0 428.0 413.8 449.9 335.9 452.7 large-vehicle 0
392.4 415.3 402.4 415.8 396.6 529.7 386.6 529.2 large-vehicle 0
256.6 504.2 343.5 583.9 312.4 617.8 225.5 538.1 large-vehicle 0
289.9 537.5 338.8 593.0 304.3 623.4 255.4 567.9 small-vehicle 0
326.0 579.2 335.9 589.1 300.5 624.4 290.6 614.5 small-vehicle 0
328.3 606.3 347.6 616.7 327.7 653.7 308.4 643.3 small-vehicle 0
546.4 842.0 565.4 874.9 535.9 891.9 517.0 859.0 large-vehicle 0
476.9 875.6 488.7 868.1 517.8 913.6 506.0 921.1 large-vehicle 0
349.9 382.7 361.1 391.1 326.1 437.4 314.9 428.9 small-vehicle 0
334.1 851.2 361.8 825.3 396.0 861.7 368.3 887.7 small-vehicle 0
355.5 972.5 372.5 958.5 406.9 1000.1 389.9 1014.1 small-vehicle 0
395.0 950.7 411.4 936.0 442.0 970.4 425.6 985.0 small-vehicle 0
363.3 974.0 518.2 838.2 548.5 872.7 393.6 1008.6 small-vehicle 0
137.4 962.8 184.1 922.0 203.9 944.6 157.1 985.4 small-vehicle 0
265.3 906.1 286.1 890.4 308.9 920.8 288.1 936.4 small-vehicle 0
335.2 750.7 347.8 768.7 306.8 797.3 294.2 779.3 small-vehicle 0
365.9 775.6 372.4 788.0 335.1 807.4 328.6 795.0 small-vehicle 0
363.6 834.0 412.1 789.3 443.3 823.2 394.7 867.8 small-vehicle 0
571.7 672.1 581.7 672.3 580.3 738.3 570.3 738.1 small-vehicle 0
573.1 663.6 580.8 670.0 546.2 711.5 538.5 705.1 small-vehicle 0
553.4 636.4 562.6 640.2 537.3 701.2 528.1 697.4 small-vehicle 0
541.2 621.4 551.8 630.6 516.5 671.4 505.9 662.3 small-vehicle 0
524.7 601.2 533.0 606.7 503.3 651.8 495.0 646.3 small-vehicle 0
509.1 582.5 519.3 592.1 484.9 628.5 474.7 618.9 small-vehicle 0
581.3 609.6 589.2 615.8 570.7 639.4 562.8 633.2 small-vehicle 0
567.1 579.1 576.4 582.9 555.9 632.9 546.6 629.1 small-vehicle 0
558.8 568.1 566.4 574.6 534.2 612.9 526.6 606.4 small-vehicle 0
476.2 525.8 497.1 504.3 533.0 539.0 512.1 560.6 small-vehicle 0
533.3 538.3 557.4 556.2 527.5 596.3 503.4 578.4 small-vehicle 0
484.9 547.8 497.2 554.6 469.1 605.3 456.8 598.5 small-vehicle 0
394.4 516.9 421.2 489.9 456.6 525.1 429.8 552.1 small-vehicle 0
301.9 384.3 339.7 366.0 349.3 385.8 311.5 404.1 small-vehicle 0
73.2 1009.1 90.7 989.9 115.8 1012.9 98.3 1032.1 small-vehicle 0
301.7 173.4 302.3 159.4 356.3 161.6 355.7 175.6 small-vehicle 0
382.6 192.1 389.1 217.3 333.0 231.8 326.5 206.7 small-vehicle 0
427.6 235.8 434.6 285.3 385.0 292.2 378.1 242.7 small-vehicle 0
538.4 68.2 565.0 47.0 596.1 86.2 569.4 107.3 small-vehicle 0
767.5 687.9 780.2 700.7 747.5 733.1 734.8 720.3 small-vehicle 0
618.7 914.9 638.7 937.3 616.3 957.3 596.3 934.9 small-vehicle 0
560.7 967.5 566.6 954.8 615.6 977.3 609.8 990.1 small-vehicle 0
537.4 988.3 543.7 975.8 588.4 998.2 582.2 1010.7 small-vehicle 0
626.4 763.3 658.5 752.2 673.6 795.7 641.5 806.8 small-vehicle 0
614.2 728.1 620.4 749.2 583.9 759.9 577.7 738.8 small-vehicle 0
681.4 721.8 692.7 730.1 665.6 767.2 654.3 758.9 small-vehicle 0
650.1 705.5 673.8 716.2 654.7 758.1 631.1 747.3 small-vehicle 0
648.6 680.6 656.6 686.6 624.3 729.9 616.3 723.9 small-vehicle 0
627.2 658.5 636.5 662.2 616.9 712.5 607.6 708.9 small-vehicle 0
612.4 641.9 621.0 647.0 595.6 690.1 587.0 685.0 small-vehicle 0
589.1 632.4 598.7 635.5 589.4 664.0 579.9 660.9 small-vehicle 0
