840.1 32.7 841.2 22.7 894.9 28.3 893.8 38.3 small-vehicle 0
942.9 365.5 949.9 358.3 979.9 387.7 972.9 394.8 small-vehicle 0
944.5 368.8 1041.9 276.8 1073.5 310.2 976.1 402.2 small-vehicle 0
905.4 327.0 912.4 319.8 942.6 349.0 935.6 356.2 small-vehicle 0
941.3 298.5 948.4 291.5 977.7 321.5 970.6 328.5 small-vehicle 0
978.3 269.1 986.1 262.9 1012.3 295.7 1004.5 302.0 small-vehicle 0
998.5 252.0 1007.6 247.9 1026.5 289.9 1017.3 294.0 small-vehicle 0
976.7 110.0 984.3 116.5 951.6 154.4 944.0 147.9 small-vehicle 0
964.9 94.7 971.8 102.0 932.5 139.0 925.6 131.7 small-vehicle 0
951.3 71.5 958.6 78.4 918.7 120.5 911.4 113.6 small-vehicle 0
860.5 -12.5 876.0 8.4 848.7 28.6 833.2 7.7 small-vehicle 0
936.6 60.2 943.5 67.5 904.4 104.8 897.5 97.5 small-vehicle 0
663.8 522.3 682.7 484.8 720.2 503.7 701.3 541.2 small-vehicle 0
470.7 197.6 478.1 191.0 503.3 219.4 495.9 226.0 small-vehicle 0
486.0 181.2 493.8 175.0 520.0 207.8 512.2 214.0 small-vehicle 0
506.8 169.5 514.9 163.5 535.1 190.8 527.1 196.8 small-vehicle 0
747.2 278.4 772.1 255.2 803.4 288.9 778.6 312.1 small-vehicle 0
605.0 390.3 612.7 384.0 644.2 422.9 636.4 429.2 small-vehicle 0
742.1 517.6 749.2 510.6 781.6 543.2 774.5 550.3 small-vehicle 0
724.5 528.0 731.8 521.1 766.3 557.2 759.0 564.1 small-vehicle 0
708.6 542.3 716.1 535.7 749.1 573.3 741.6 579.9 small-vehicle 0
678.1 557.3 701.8 539.0 734.9 581.7 711.2 600.0 small-vehicle 0
739.1 691.0 778.3 659.9 806.9 696.0 767.7 727.1 small-vehicle 0
676.6 737.1 710.0 705.5 744.4 741.9 711.0 773.5 small-vehicle 0
652.8 880.6 690.8 879.4 692.4 929.4 654.4 930.6 small-vehicle 0
921.6 374.7 929.1 368.0 962.4 405.3 954.9 412.0 small-vehicle 0
897.9 395.4 917.7 378.5 950.1 416.6 930.3 433.5 small-vehicle 0
856.7 429.5 876.8 402.1 910.6 426.9 890.5 454.3 small-vehicle 0
922.2 316.5 927.9 308.2 962.5 332.2 956.8 340.4 small-vehicle 0
404.4 98.6 412.9 93.3 439.4 135.7 430.9 141.0 small-vehicle 0
376.0 293.7 382.2 301.5 340.0 335.3 333.8 327.5 small-vehicle 0
360.1 276.9 367.2 284.0 328.9 322.1 321.8 315.0 small-vehicle 0
339.8 253.8 358.2 272.1 317.2 313.2 298.8 294.9 small-vehicle 0
529.8 5.1 549.3 -12.2 574.4 16.3 555.0 33.5 small-vehicle 0
494.9 27.4 511.9 13.5 543.6 52.1 526.6 66.1 small-vehicle 0
455.6 64.6 464.3 59.6 487.4 99.4 478.7 104.4 small-vehicle 0
436.2 80.2 443.9 73.7 473.5 108.9 465.9 115.3 small-vehicle 0
421.0 87.8 429.3 82.1 455.1 120.2 446.9 125.8 small-vehicle 0
397.3 330.3 405.8 335.5 381.7 374.7 373.2 369.5 small-vehicle 0
417.9 347.2 424.5 354.7 387.1 387.8 380.5 380.3 small-vehicle 0
427.9 366.0 434.7 373.4 395.1 410.0 388.3 402.6 small-vehicle 0
447.1 379.0 453.2 386.9 404.2 424.9 398.1 417.0 small-vehicle 0
641.5 985.7 648.3 993.1 605.5 1032.3 598.7 1024.9 small-vehicle 0
629.9 965.9 636.4 973.6 592.1 1011.1 585.6 1003.4 small-vehicle 0
581.5 898.4 604.2 923.7 563.9 959.7 541.3 934.4 small-vehicle 0
504.8 984.2 511.6 991.5 472.0 1028.2 465.2 1020.9 small-vehicle 0
490.6 967.4 497.5 974.5 456.0 1015.0 449.0 1007.8 small-vehicle 0
473.6 944.2 482.9 954.7 445.4 987.8 436.1 977.3 small-vehicle 0
452.9 1010.1 456.1 1019.5 420.2 1031.9 417.0 1022.4 small-vehicle 0
434.2 982.8 441.0 990.1 410.3 1018.8 403.5 1011.5 small-vehicle 0
421.7 964.3 428.4 971.7 394.3 1002.7 387.6 995.3 small-vehicle 0
398.9 931.3 418.7 948.2 383.6 989.3 363.9 972.4 small-vehicle 0
478.0 434.9 488.2 444.6 462.0 472.1 451.8 462.4 small-vehicle 0
464.2 418.9 470.0 427.0 432.8 454.1 427.0 446.0 small-vehicle 0
452.3 395.4 459.7 402.1 426.2 439.2 418.8 432.5 small-vehicle 0
765.7 442.1 775.8 432.4 799.3 456.9 789.2 466.6 large-vehicle 0
745.0 -12.6 763.1 11.3 726.4 39.1 708.3 15.1 small-vehicle 0
770.0 5.6 779.5 15.9 737.0 55.4 727.5 45.1 small-vehicle 0
979.9 485.8 1003.3 466.9 1034.7 505.8 1011.3 524.7 small-vehicle 0
943.0 510.0 974.1 496.4 994.2 542.2 963.0 555.8 small-vehicle 0
893.3 348.0 899.2 340.0 926.7 360.0 920.8 368.0 small-vehicle 0
848.3 372.4 863.6 356.6 896.7 388.6 881.4 404.4 small-vehicle 0
820.3 242.1 838.6 213.5 870.7 233.9 852.4 262.5 small-vehicle 0
583.0 400.4 590.8 394.2 627.1 439.4 619.3 445.7 small-vehicle 0
724.0 515.2 871.6 415.7 904.0 463.9 756.4 563.3 large-vehicle 0
718.2 487.9 789.4 420.5 812.8 445.1 741.6 512.5 large-vehicle 0
696.8 483.9 749.0 426.0 789.2 462.1 737.0 520.0 small-vehicle 0
411.0 300.3 619.1 615.8 554.0 658.7 345.9 343.2 large-vehicle 0
