892.1 853.5 962.0 850.5 965.9 940.5 896.0 943.5 storage-tank 0
749.6 883.1 804.8 833.8 867.4 903.9 812.2 953.2 storage-tank 0
450.6 865.2 511.8 831.2 559.4 916.8 498.2 950.8 storage-tank 0
873.8 756.8 929.3 721.1 980.2 800.2 924.7 835.9 storage-tank 0
743.5 761.2 799.4 712.7 863.5 786.8 807.6 835.3 storage-tank 0
871.9 636.3 934.8 605.7 974.1 686.7 911.2 717.3 storage-tank 0
748.4 650.2 799.8 602.7 863.6 671.8 812.2 719.3 storage-tank 0
883.8 512.6 957.7 507.6 963.2 589.4 889.3 594.4 storage-tank 0
748.9 544.9 798.7 495.8 859.1 557.1 809.3 606.2 storage-tank 0
889.7 383.8 970.8 412.3 946.3 482.2 865.2 453.7 storage-tank 0
743.2 415.7 803.8 373.3 857.8 450.3 797.2 492.7 storage-tank 0
631.9 854.7 660.4 879.8 614.1 932.3 585.6 907.2 storage-tank 0
561.6 775.0 607.9 722.5 675.4 782.0 629.1 834.5 storage-tank 0
449.3 761.6 506.0 720.5 558.7 793.4 502.0 834.5 storage-tank 0
567.2 681.9 597.2 614.2 675.8 649.1 645.8 716.8 storage-tank 0
441.3 656.5 489.9 606.1 554.7 668.5 506.1 718.9 storage-tank 0
556.8 544.2 606.2 489.1 676.2 551.8 626.8 606.9 storage-tank 0
446.0 527.3 497.5 492.7 550.0 570.7 498.5 605.3 storage-tank 0
556.5 437.2 608.0 378.7 678.5 440.8 627.0 499.3 storage-tank 0
446.4 417.1 497.7 382.2 550.6 459.9 499.3 494.8 storage-tank 0
