139.9 1016.4 140.1 1014.4 142.1 1014.6 141.9 1016.6 storage-tank 0
184.4 980.0 230.7 938.7 274.6 988.0 228.3 1029.3 storage-tank 0
689.6 426.4 726.9 470.8 673.3 515.8 636.0 471.4 harbor 0
958.6 526.9 981.1 513.9 992.1 532.9 969.6 546.0 harbor 0
284.2 966.8 325.1 920.1 377.8 966.2 336.9 1012.9 storage-tank 0
451.0 922.0 519.0 981.0 460.0 1049.0 392.0 990.0 storage-tank 0
584.1 946.9 609.4 903.8 662.9 935.1 637.6 978.2 storage-tank 0
705.6 969.4 758.3 936.8 780.4 972.6 727.7 1005.2 storage-tank 0
625.6 872.1 669.8 828.6 710.4 869.9 666.2 913.4 storage-tank 0
831.4 741.3 879.8 831.0 800.6 873.7 752.2 784.0 storage-tank 0
723.4 701.3 757.0 762.6 716.6 784.7 683.0 723.4 storage-tank 0
870.1 722.6 871.4 721.1 872.9 722.4 871.6 723.9 storage-tank 0
930.6 634.2 931.8 632.6 933.4 633.8 932.2 635.4 storage-tank 0
826.8 562.1 848.8 548.4 875.2 590.9 853.2 604.6 storage-tank 0
784.9 517.7 831.8 558.2 786.1 611.3 739.2 570.8 storage-tank 0
681.5 562.7 702.4 521.7 750.5 546.3 729.6 587.3 storage-tank 0
665.5 600.2 699.1 652.3 670.5 670.8 636.9 618.7 storage-tank 0
776.3 600.2 799.5 678.8 724.7 700.8 701.5 622.2 storage-tank 0
543.3 671.3 568.9 638.1 630.7 685.7 605.1 718.9 storage-tank 0
616.7 673.4 650.5 669.7 653.3 695.6 619.5 699.3 storage-tank 0
615.5 627.7 633.5 656.5 611.5 670.3 593.5 641.5 storage-tank 0
578.8 609.6 611.9 617.5 602.2 658.4 569.1 650.5 storage-tank 0
385.7 579.7 467.3 617.7 429.3 699.3 347.7 661.3 storage-tank 0
366.0 513.8 425.8 452.1 499.0 523.2 439.2 584.9 storage-tank 0
696.6 451.3 697.9 449.8 699.4 451.1 698.1 452.6 ship 0
826.3 918.8 850.6 889.6 928.9 955.0 904.6 984.2 harbor 0
955.8 878.9 966.6 887.9 901.2 966.1 890.4 957.1 harbor 0
894.0 33.6 933.1 57.7 911.0 93.4 871.9 69.3 storage-tank 0
47.5 617.6 48.4 615.8 50.2 616.7 49.3 618.5 large-vehicle 0
51.3 604.4 52.5 602.8 54.1 604.1 52.8 605.6 large-vehicle 0
164.4 37.4 166.3 37.8 166.0 39.7 164.0 39.4 large-vehicle 0
459.9 143.9 473.8 142.2 476.1 160.1 462.2 161.8 large-vehicle 0
483.3 141.4 488.8 144.0 477.5 167.4 472.1 164.8 large-vehicle 0
505.5 157.1 507.4 157.9 506.6 159.7 504.8 159.0 large-vehicle 0
514.3 162.1 516.3 162.0 516.3 164.0 514.3 164.1 large-vehicle 0
467.7 113.1 469.0 111.6 470.5 112.9 469.2 114.4 large-vehicle 0
11.4 996.7 12.2 998.5 10.4 999.4 9.6 997.5 large-vehicle 0
387.3 194.5 398.7 180.6 415.7 194.5 404.3 208.4 storage-tank 0
53.7 928.1 54.2 930.1 52.3 930.6 51.8 928.6 large-vehicle 0
131.1 892.7 132.3 894.3 130.8 895.5 129.5 894.0 large-vehicle 0
