771.0 708.1 842.0 624.0 978.0 738.9 907.0 822.9 storage-tank 0
382.1 842.8 387.8 851.1 349.9 877.2 344.2 868.9 small-vehicle 0
168.1 655.9 203.6 669.5 192.9 697.5 157.4 683.9 small-vehicle 0
327.4 685.4 332.8 693.8 297.6 716.6 292.2 708.2 small-vehicle 0
335.4 710.3 339.5 719.4 301.3 736.8 297.2 727.7 small-vehicle 0
-7.0 720.5 28.0 705.6 47.6 751.6 12.7 766.5 small-vehicle 0
388.6 865.0 394.9 872.8 359.0 901.5 352.7 893.7 small-vehicle 0
395.6 888.9 401.5 896.9 358.0 928.9 352.1 920.9 small-vehicle 0
396.8 910.5 404.8 916.5 374.6 956.4 366.7 950.3 small-vehicle 0
503.8 945.2 532.1 914.1 563.1 942.5 534.8 973.5 small-vehicle 0
729.9 110.8 805.2 173.5 658.1 350.2 582.8 287.5 storage-tank 0
