384.0 684.5 410.7 670.9 446.0 740.5 419.3 754.1 ship 0
466.0 684.8 481.4 675.5 497.0 701.2 481.6 710.5 ship 0
433.3 697.0 448.5 687.4 460.3 706.0 445.0 715.6 ship 0
381.8 722.7 383.3 721.4 384.6 722.9 383.1 724.2 ship 0
353.1 734.1 354.4 732.6 355.9 733.9 354.6 735.4 ship 0
338.1 779.1 339.4 777.6 340.9 778.9 339.6 780.4 ship 0
295.1 750.9 296.8 752.0 295.7 753.7 294.0 752.6 ship 0
417.1 906.4 418.6 905.1 419.9 906.6 418.4 907.9 ship 0
452.5 888.5 454.3 887.5 455.2 889.3 453.4 890.3 ship 0
485.2 878.3 486.6 876.9 488.0 878.4 486.5 879.7 ship 0
500.0 844.6 513.4 840.5 521.0 865.4 507.6 869.5 ship 0
508.4 821.2 525.9 807.9 558.6 850.9 541.1 864.2 ship 0
543.4 801.1 555.9 794.8 584.1 850.0 571.6 856.3 ship 0
263.8 350.4 265.3 351.7 264.0 353.2 262.5 351.9 ship 0
692.4 896.1 694.4 895.9 694.6 897.9 692.6 898.1 ship 0
647.3 794.9 660.4 782.6 667.2 789.8 654.1 802.2 ship 0
648.2 812.6 650.0 811.8 650.9 813.5 649.1 814.4 ship 0
631.0 819.5 632.6 818.3 633.8 819.8 632.3 821.1 ship 0
661.1 874.6 662.4 876.1 660.9 877.4 659.6 875.9 ship 0
719.1 938.1 720.4 939.6 718.9 940.9 717.6 939.4 ship 0
