264.8 605.1 385.0 567.4 401.2 618.9 281.0 656.6 ship 0
712.5 481.1 723.6 517.5 683.5 529.8 672.3 493.5 ship 0
585.3 828.5 675.3 625.6 830.7 694.5 740.7 897.4 harbor 0
381.4 717.5 519.5 802.1 453.6 909.5 315.5 824.9 harbor 0
409.5 609.0 512.9 544.2 558.5 617.0 455.1 681.8 harbor 0
308.9 519.8 518.9 516.2 522.1 702.2 312.1 705.8 harbor 0
295.4 536.9 433.3 584.8 398.6 684.9 260.7 637.1 harbor 0
1028.4 508.8 1028.6 542.8 962.6 543.2 962.4 509.2 ship 0
1026.1 643.6 1026.9 669.6 964.9 671.4 964.1 645.4 ship 0
663.9 565.9 685.2 597.4 647.1 623.1 625.8 591.6 ship 0
1025.4 805.8 1029.0 835.5 947.6 845.2 944.0 815.5 ship 0
955.0 1003.0 964.7 978.9 1007.4 996.0 997.7 1020.2 ship 0
942.6 919.5 944.9 889.6 1022.7 895.5 1020.4 925.4 ship 0
601.0 572.1 602.7 530.1 696.6 534.0 694.9 575.9 ship 0
762.3 570.7 792.4 593.9 766.8 627.2 736.6 604.0 ship 0
679.6 664.2 680.3 682.2 614.4 684.8 613.7 666.8 ship 0
715.2 679.7 727.9 648.1 792.8 674.3 780.1 705.9 ship 0
629.4 692.9 635.6 685.1 684.5 723.1 678.4 731.0 ship 0
761.7 735.2 771.2 759.4 732.2 774.8 722.6 750.6 ship 0
615.0 756.6 649.2 709.8 709.0 753.4 674.8 800.2 ship 0
625.7 832.5 628.6 818.8 689.3 831.5 686.4 845.2 ship 0
627.6 862.1 630.6 848.4 683.4 859.9 680.4 873.6 ship 0
705.6 871.4 710.7 849.9 794.4 869.6 789.3 891.1 ship 0
753.5 891.3 760.9 920.3 712.5 932.7 705.1 903.7 ship 0
671.2 885.0 682.8 916.9 635.8 934.0 624.2 902.1 ship 0
345.5 795.7 351.8 783.2 403.7 809.2 397.4 821.7 ship 0
395.4 960.6 397.4 990.5 339.6 994.4 337.6 964.5 ship 0
469.0 924.2 475.9 936.4 428.8 962.8 421.9 950.5 ship 0
346.8 926.1 349.4 888.2 403.2 891.9 400.6 929.8 ship 0
412.6 910.8 416.5 893.3 488.7 909.3 484.8 926.8 ship 0
476.8 849.8 484.6 882.9 428.2 896.2 420.4 863.1 ship 0
350.6 866.0 359.3 855.0 398.6 885.8 389.9 896.8 ship 0
392.3 826.1 397.6 843.3 353.7 856.9 348.4 839.7 ship 0
428.0 814.5 428.0 796.5 494.0 796.5 494.0 814.5 ship 0
672.7 919.6 683.0 956.2 607.9 977.3 597.6 940.8 ship 0
408.3 765.6 408.5 779.6 350.5 780.4 350.3 766.4 ship 0
428.1 760.7 435.6 748.9 487.9 782.3 480.4 794.1 ship 0
499.3 720.3 501.0 754.2 431.1 757.8 429.4 723.8 ship 0
426.3 702.3 430.5 689.0 485.8 706.8 481.5 720.1 ship 0
352.9 702.9 367.5 676.7 404.1 697.1 389.5 723.3 ship 0
397.3 651.8 402.5 664.8 359.7 681.8 354.6 668.8 ship 0
472.3 648.5 480.3 660.0 445.7 683.9 437.8 672.3 ship 0
388.1 555.5 553.9 564.6 549.9 638.5 384.1 629.4 ship 0
385.2 601.1 458.7 575.0 476.8 625.9 403.3 652.0 ship 0
298.6 570.0 492.1 555.2 497.4 625.0 303.9 639.8 ship 0
258.4 588.0 462.0 556.8 472.6 626.0 269.0 657.2 ship 0
711.3 1006.0 713.8 968.0 775.7 972.0 773.2 1010.0 ship 0
667.3 960.4 674.2 993.7 601.7 1008.6 594.8 975.3 ship 0
709.5 934.7 716.1 922.3 774.4 953.3 767.8 965.7 ship 0
