515.0 656.5 522.0 668.6 489.0 687.5 482.0 675.4 large-vehicle 0
305.5 67.0 417.2 173.0 311.2 284.7 199.5 178.7 harbor 0
333.6 372.6 349.6 347.3 408.8 384.6 392.8 410.0 ship 0
405.5 366.1 470.1 297.8 532.5 356.9 467.9 425.2 harbor 0
490.9 376.5 502.3 332.0 527.5 338.4 516.1 383.0 harbor 0
559.0 309.8 595.8 369.4 566.9 387.3 530.1 327.7 harbor 0
859.4 690.9 866.4 728.3 738.6 752.1 731.6 714.7 large-vehicle 0
926.9 257.0 976.5 250.4 982.1 292.0 932.5 298.6 large-vehicle 0
921.4 145.8 959.9 107.9 1000.6 149.2 962.1 187.1 large-vehicle 0
822.6 20.3 850.5 0.7 872.3 31.8 844.5 51.4 large-vehicle 0
612.2 773.0 622.0 770.9 629.9 808.1 620.1 810.2 small-vehicle 0
630.4 773.3 640.0 770.8 648.6 803.7 639.0 806.2 small-vehicle 0
654.0 770.6 681.5 758.8 698.0 797.5 670.5 809.2 small-vehicle 0
503.0 446.1 527.6 429.0 547.0 456.9 522.3 474.0 small-vehicle 0
604.3 397.7 623.5 355.9 661.7 373.4 642.5 415.2 small-vehicle 0
641.9 312.4 643.6 322.2 606.1 328.6 604.4 318.8 small-vehicle 0
638.9 295.7 639.9 305.7 602.0 309.3 601.1 299.3 small-vehicle 0
633.7 256.5 635.6 266.3 598.3 273.6 596.4 263.8 small-vehicle 0
592.6 250.3 630.0 231.2 636.4 243.7 599.0 262.8 small-vehicle 0
586.6 148.2 610.6 124.1 640.4 153.8 616.4 177.9 small-vehicle 0
604.1 30.9 626.2 51.1 597.9 82.1 575.8 61.9 large-vehicle 0
680.5 83.7 686.9 76.0 728.5 110.3 722.1 118.0 ship 0
716.4 37.8 737.0 53.5 694.6 109.2 674.0 93.5 ship 0
719.9 37.6 723.9 46.7 678.3 67.1 674.2 57.9 ship 0
680.7 19.1 686.5 10.9 720.8 35.2 715.0 43.3 ship 0
923.6 52.4 944.9 57.8 935.4 94.6 914.1 89.2 small-vehicle 0
849.5 93.2 878.3 75.2 900.5 110.8 871.7 128.8 small-vehicle 0
857.2 152.3 879.6 132.3 907.5 163.7 885.1 183.6 small-vehicle 0
869.4 271.4 889.9 255.5 920.6 295.0 900.1 310.9 small-vehicle 0
853.3 342.6 874.0 320.9 898.7 344.3 878.0 366.0 small-vehicle 0
886.6 448.2 905.6 420.0 930.4 436.8 911.4 465.0 small-vehicle 0
672.6 967.0 674.0 965.6 675.4 967.0 674.0 968.4 small-vehicle 0
911.5 383.3 948.2 362.9 968.6 399.6 931.9 420.0 large-vehicle 0
179.6 898.2 187.9 909.4 157.4 932.0 149.1 920.8 small-vehicle 0
153.1 116.2 158.1 124.9 100.9 157.8 95.9 149.1 ship 0
111.2 211.1 138.4 190.7 170.8 233.9 143.6 254.3 ship 0
85.4 211.4 107.3 209.3 113.6 275.0 91.7 277.1 ship 0
127.0 482.6 152.9 460.5 175.0 486.4 149.1 508.5 small-vehicle 0
179.2 470.1 187.5 464.6 210.8 499.5 202.4 505.1 small-vehicle 0
99.6 731.2 112.6 753.7 72.7 776.6 59.8 754.1 small-vehicle 0
244.7 869.9 267.1 889.8 215.3 948.1 192.9 928.2 small-vehicle 0
364.0 856.8 394.1 886.1 350.8 930.5 320.7 901.2 large-vehicle 0
332.9 800.1 353.1 816.3 321.8 855.3 301.6 839.1 small-vehicle 0
283.3 812.4 315.5 845.3 296.9 863.5 264.7 830.6 small-vehicle 0
432.2 896.8 435.1 875.0 472.8 880.1 469.8 901.9 small-vehicle 0
198.2 465.2 223.3 458.5 234.2 499.1 209.1 505.8 small-vehicle 0
279.8 461.1 322.5 443.9 338.2 482.9 295.5 500.1 small-vehicle 0
463.0 451.4 487.8 434.5 507.0 462.6 482.2 479.5 small-vehicle 0
420.0 359.3 456.5 331.3 482.0 364.7 445.5 392.7 ship 0
175.4 183.2 216.8 176.2 233.6 276.9 192.2 283.8 ship 0
278.8 180.2 318.5 166.7 350.0 259.5 310.2 273.0 ship 0
47.1 94.1 82.6 80.6 118.9 175.9 83.3 189.4 ship 0
395.6 163.3 427.9 152.6 452.4 226.7 420.1 237.4 ship 0
448.5 238.1 468.6 158.6 505.5 167.9 485.4 247.4 ship 0
181.4 79.3 223.4 79.7 222.6 161.7 180.6 161.3 ship 0
255.6 76.5 273.3 79.9 258.4 156.5 240.7 153.1 ship 0
285.0 79.3 322.3 87.0 308.9 151.6 271.7 143.9 ship 0
369.8 73.6 387.0 68.4 407.2 135.4 390.0 140.6 ship 0
403.2 69.5 436.5 62.9 450.8 135.5 417.5 142.1 ship 0
