448.1 27.7 466.0 61.2 429.0 81.0 411.1 47.5 small-vehicle 0
493.4 150.6 521.7 160.4 510.6 192.5 482.2 182.7 small-vehicle 0
397.0 320.7 427.4 286.2 456.0 311.3 425.6 345.8 small-vehicle 0
514.0 444.8 519.4 407.2 561.0 413.1 555.6 450.7 small-vehicle 0
602.0 453.2 624.5 427.7 653.0 452.8 630.5 478.3 small-vehicle 0
512.7 457.5 553.1 469.0 549.3 482.5 508.9 471.0 small-vehicle 0
512.1 491.1 513.1 481.2 554.9 485.2 554.0 495.1 small-vehicle 0
510.9 515.8 522.5 492.5 560.1 511.2 548.5 534.5 small-vehicle 0
538.1 570.3 555.7 546.0 618.9 591.7 601.3 616.0 large-vehicle 0
616.3 591.8 648.5 571.6 670.7 607.2 638.5 627.4 small-vehicle 0
707.0 696.7 715.5 691.6 731.0 717.3 722.5 722.4 small-vehicle 0
741.0 733.4 748.9 739.6 723.0 772.6 715.1 766.4 small-vehicle 0
694.0 757.6 726.0 724.6 736.0 734.4 704.0 767.4 small-vehicle 0
675.2 752.4 706.9 719.0 717.1 728.7 685.4 762.0 small-vehicle 0
681.1 715.6 690.0 720.2 672.7 754.0 663.8 749.4 small-vehicle 0
651.3 709.2 661.1 707.6 667.8 749.1 658.0 750.7 small-vehicle 0
664.4 713.9 666.6 719.4 620.1 737.7 617.9 732.1 small-vehicle 0
549.8 641.1 567.5 607.5 608.2 628.9 590.5 662.5 small-vehicle 0
422.7 788.9 429.8 772.4 468.3 789.1 461.2 805.6 small-vehicle 0
405.1 818.0 409.2 808.8 454.9 829.0 450.8 838.2 small-vehicle 0
403.2 840.9 405.6 831.2 450.3 842.2 447.9 851.9 small-vehicle 0
394.8 877.1 415.5 855.4 440.2 878.9 419.5 900.6 small-vehicle 0
524.4 64.7 528.8 27.0 574.5 32.3 570.1 70.0 small-vehicle 0
539.6 128.7 564.1 85.2 597.2 103.8 572.7 147.4 small-vehicle 0
510.1 85.9 528.8 67.8 549.6 89.4 530.9 107.4 small-vehicle 0
588.4 74.8 598.2 64.9 633.6 100.2 623.8 110.1 small-vehicle 0
633.1 92.5 662.0 74.6 679.9 103.5 651.0 121.4 small-vehicle 0
226.7 524.3 258.0 537.7 238.3 583.7 207.0 570.3 small-vehicle 0
67.8 940.8 99.4 907.4 127.0 933.6 95.4 967.0 small-vehicle 0
282.5 956.0 286.3 951.3 318.7 978.1 314.9 982.7 small-vehicle 0
289.7 934.5 294.4 930.9 322.3 967.5 317.6 971.1 small-vehicle 0
302.3 882.5 323.8 851.2 358.5 874.9 337.0 906.2 small-vehicle 0
339.4 765.1 367.8 734.2 398.7 762.6 370.3 793.5 small-vehicle 0
237.7 480.8 260.0 494.1 236.5 533.6 214.2 520.3 small-vehicle 0
331.2 330.0 363.5 340.4 335.8 426.0 303.5 415.6 small-vehicle 0
320.5 275.6 344.4 241.0 405.3 283.0 381.4 317.6 large-vehicle 0
127.4 94.6 167.9 123.9 138.6 164.4 98.1 135.1 small-vehicle 0
845.5 550.4 874.5 542.9 883.0 575.8 854.0 583.3 small-vehicle 0
882.2 647.6 890.8 642.5 914.3 682.0 905.7 687.2 small-vehicle 0
835.8 644.0 836.4 634.0 890.3 637.1 889.7 647.1 small-vehicle 0
748.4 650.4 753.2 641.6 793.6 663.6 788.8 672.4 small-vehicle 0
763.4 633.1 770.5 626.2 788.6 644.9 781.5 651.8 small-vehicle 0
725.7 624.1 727.9 614.3 753.3 619.9 751.1 629.7 small-vehicle 0
765.6 589.4 767.3 599.3 718.0 607.6 716.3 597.7 small-vehicle 0
890.5 575.7 899.6 571.7 911.7 599.2 902.5 603.2 small-vehicle 0
957.4 639.5 966.2 606.6 1010.6 618.5 1001.8 651.4 small-vehicle 0
718.6 566.8 767.7 576.3 765.1 590.1 716.0 580.6 small-vehicle 0
767.3 563.5 769.3 553.7 798.7 559.8 796.7 569.6 small-vehicle 0
761.7 533.7 767.1 525.3 802.4 548.2 796.9 556.6 small-vehicle 0
850.6 512.1 862.2 504.3 883.4 535.9 871.8 543.7 small-vehicle 0
975.1 550.1 995.2 527.8 1017.5 547.9 997.3 570.2 small-vehicle 0
716.5 507.3 729.9 476.1 768.5 492.7 755.1 523.9 small-vehicle 0
739.0 464.1 761.9 439.0 787.0 461.9 764.1 487.0 small-vehicle 0
979.0 429.5 1003.5 406.0 1027.0 430.5 1002.5 454.0 small-vehicle 0
983.9 352.4 1015.6 331.5 1032.1 356.6 1000.4 377.5 small-vehicle 0
806.0 221.5 820.9 247.5 788.0 266.5 773.1 240.5 small-vehicle 0
958.2 648.4 964.8 640.9 1014.3 684.6 1007.7 692.1 small-vehicle 0
1000.5 822.7 1021.7 816.8 1031.9 853.4 1010.7 859.3 small-vehicle 0
956.6 677.4 961.1 668.5 1009.4 692.6 1004.9 701.5 small-vehicle 0
985.4 817.5 994.8 814.0 1009.4 853.4 1000.0 856.9 small-vehicle 0
966.8 824.7 970.9 820.4 989.7 838.4 985.5 842.8 small-vehicle 0
942.8 803.7 952.0 807.5 940.5 835.2 931.3 831.4 small-vehicle 0
930.3 790.1 939.3 794.3 919.7 835.9 910.7 831.7 small-vehicle 0
907.6 789.5 916.9 793.3 902.4 828.5 893.1 824.7 small-vehicle 0
783.7 778.2 845.1 718.0 877.3 750.8 815.9 811.0 large-vehicle 0
750.4 734.2 772.5 747.8 752.5 780.1 730.4 766.5 small-vehicle 0
726.4 636.1 729.6 631.0 751.6 644.9 748.4 650.0 small-vehicle 0
812.7 641.2 907.1 667.5 902.3 684.8 807.9 658.5 small-vehicle 0
876.2 690.6 887.5 682.2 907.8 709.5 896.6 717.8 small-vehicle 0
940.3 721.7 942.2 711.9 1022.7 727.3 1020.8 737.1 small-vehicle 0
952.6 687.1 956.2 682.3 1015.3 726.7 1011.7 731.5 small-vehicle 0
