611.9 639.3 619.5 645.8 592.1 677.7 584.5 671.2 ship 0
658.5 770.7 712.9 800.4 689.0 844.2 634.5 814.6 ship 0
549.3 686.5 561.1 694.0 538.7 729.5 526.8 722.1 ship 0
532.0 731.7 565.8 728.4 568.0 750.3 534.2 753.6 ship 0
575.2 746.1 585.7 755.4 557.8 786.9 547.3 777.6 ship 0
581.1 760.2 591.1 759.8 592.9 813.8 582.9 814.2 ship 0
301.8 608.7 323.8 622.5 307.9 647.9 285.9 634.1 ship 0
240.0 602.0 274.0 604.0 272.0 638.0 238.0 636.0 ship 0
171.9 570.2 293.3 604.1 284.1 636.8 162.7 602.9 ship 0
164.3 524.6 266.4 605.1 237.9 641.2 135.8 560.7 ship 0
139.7 568.9 167.6 543.2 193.3 571.1 165.4 596.8 ship 0
76.6 532.6 118.3 527.6 122.4 561.4 80.7 566.4 ship 0
281.5 271.0 295.5 282.3 281.7 299.4 267.7 288.1 ship 0
364.0 481.4 397.3 499.8 377.0 536.6 343.7 518.2 ship 0
346.8 466.2 370.1 485.0 341.2 520.8 317.9 502.0 ship 0
265.1 496.9 308.2 480.9 321.5 516.5 278.4 532.5 ship 0
177.5 468.7 212.9 446.0 235.5 481.4 200.2 504.0 ship 0
145.2 443.2 156.9 429.5 182.7 451.5 171.1 465.2 ship 0
75.1 456.9 82.7 450.4 112.9 485.1 105.3 491.6 ship 0
81.1 431.9 88.5 425.2 116.6 456.4 109.2 463.1 ship 0
91.7 402.6 103.5 389.0 135.3 416.4 123.5 430.0 ship 0
859.1 819.7 914.6 738.9 985.5 787.6 930.0 868.4 harbor 0
645.7 763.2 746.4 626.2 818.9 679.5 718.3 816.5 harbor 0
531.1 563.1 576.9 527.5 683.7 664.9 637.9 700.5 harbor 0
349.8 420.0 431.3 499.7 379.5 552.6 298.0 472.9 harbor 0
215.1 623.0 306.6 577.9 348.2 662.3 256.7 707.3 harbor 0
212.1 548.3 311.8 618.7 262.2 689.0 162.5 618.6 harbor 0
147.3 504.5 271.8 608.2 211.7 680.5 87.2 576.8 harbor 0
620.4 657.6 629.3 662.3 609.6 699.4 600.7 694.7 ship 0
539.4 662.7 548.8 673.1 517.6 701.3 508.2 690.9 ship 0
529.4 634.1 537.6 639.8 511.2 677.5 503.0 671.8 ship 0
939.9 897.6 948.8 886.7 990.7 920.7 981.9 931.5 ship 0
928.9 917.7 939.1 908.1 970.5 941.7 960.3 951.3 ship 0
905.5 938.9 915.5 929.1 944.9 959.2 934.9 968.9 ship 0
810.7 887.1 823.2 893.4 804.3 930.9 791.8 924.6 ship 0
790.3 864.2 803.0 870.1 783.7 911.8 771.0 905.9 ship 0
771.0 855.6 782.1 864.1 759.1 894.3 747.9 885.8 ship 0
909.3 824.4 927.1 826.9 921.3 868.5 903.4 866.0 ship 0
881.2 811.5 906.4 834.4 880.8 862.5 855.6 839.6 ship 0
845.7 795.7 878.0 806.4 864.8 846.3 832.5 835.6 ship 0
832.1 789.8 841.0 794.3 823.9 828.2 815.0 823.7 ship 0
805.3 796.9 815.0 799.5 804.1 840.1 794.4 837.5 ship 0
775.0 798.5 789.0 799.8 785.4 837.6 771.4 836.3 ship 0
734.4 746.2 743.7 749.9 731.2 781.5 721.9 777.9 ship 0
718.6 732.7 727.6 736.9 711.4 771.3 702.4 767.1 ship 0
693.6 720.9 716.9 732.4 698.4 770.1 675.1 758.6 ship 0
985.9 526.0 990.7 539.2 970.0 546.6 965.2 533.4 ship 0
820.6 530.7 834.9 509.0 856.6 523.2 842.4 545.0 ship 0
778.8 506.4 783.8 489.1 808.8 496.3 803.8 513.6 ship 0
767.5 437.6 784.4 431.5 790.5 448.4 773.6 454.5 ship 0
603.8 238.7 623.0 249.4 608.4 275.6 589.2 264.9 ship 0
606.3 216.2 633.7 203.8 647.7 234.8 620.3 247.2 ship 0
395.6 278.0 416.1 294.0 397.6 317.7 377.1 301.7 ship 0
610.6 366.3 615.6 353.3 632.4 359.7 627.4 372.7 ship 0
546.2 561.4 557.5 569.6 532.8 603.6 521.5 595.4 ship 0
569.0 587.5 575.4 595.2 543.3 622.2 536.8 614.5 ship 0
574.7 601.2 583.5 606.0 567.1 635.9 558.4 631.0 ship 0
570.1 648.3 586.0 618.3 601.9 626.7 586.0 656.7 ship 0
27.3 469.8 229.8 602.3 187.1 667.5 -15.4 535.1 harbor 0
