584.4 845.2 602.3 816.3 617.6 825.8 599.7 854.7 ship 0
658.4 964.9 688.4 966.0 687.0 1004.0 657.0 1002.9 ship 0
524.6 882.3 551.1 868.3 561.4 887.7 534.8 901.8 ship 0
535.1 911.1 555.9 904.1 562.9 924.9 542.1 931.9 ship 0
576.4 926.4 584.8 937.5 554.6 960.6 546.2 949.5 ship 0
581.1 943.2 604.8 953.8 590.9 984.8 567.2 974.2 ship 0
304.2 803.9 305.2 805.6 303.5 806.7 302.5 805.0 ship 0
220.7 771.8 296.8 789.0 289.3 822.2 213.2 805.0 ship 0
208.7 783.8 229.3 762.0 245.3 777.2 224.7 799.0 ship 0
160.5 706.6 263.7 778.8 239.7 813.2 136.4 741.0 ship 0
142.4 735.6 168.8 721.4 188.6 758.4 162.2 772.6 ship 0
76.5 718.4 101.4 701.5 120.5 729.6 95.6 746.5 ship 0
279.4 461.5 281.3 461.0 281.8 462.9 279.9 463.4 ship 0
356.7 672.5 378.5 669.7 382.3 699.5 360.5 702.3 ship 0
321.8 667.8 351.2 650.7 364.2 673.2 334.8 690.3 ship 0
268.5 687.0 289.0 659.9 316.1 680.4 295.6 707.5 ship 0
177.9 645.7 214.6 625.2 233.1 658.4 196.5 678.9 ship 0
151.6 623.0 161.5 613.0 174.3 625.7 164.4 635.7 ship 0
72.8 647.0 85.6 629.1 113.2 649.0 100.4 666.9 ship 0
76.8 617.0 96.4 599.8 118.8 625.3 99.3 642.5 ship 0
97.9 580.5 113.0 570.7 127.1 592.5 112.0 602.3 ship 0
854.6 985.4 886.9 923.3 988.0 975.9 955.7 1038.0 harbor 0
641.1 938.8 747.0 800.7 821.6 858.0 715.6 996.0 harbor 0
540.1 793.1 579.5 730.4 672.6 788.9 633.3 851.5 harbor 0
351.3 614.6 413.7 667.8 376.1 711.9 313.6 658.8 harbor 0
278.2 735.8 363.3 834.1 283.1 903.5 198.0 805.2 harbor 0
108.8 692.0 397.7 824.9 363.4 899.4 74.6 766.4 harbor 0
127.7 789.1 204.1 721.5 229.3 749.9 152.9 817.5 harbor 0
605.7 838.1 623.7 838.9 622.3 872.9 604.3 872.1 ship 0
505.7 856.5 540.6 841.4 549.3 861.5 514.4 876.6 ship 0
526.6 812.5 534.9 818.0 512.0 853.1 503.6 847.7 ship 0
862.3 1023.8 878.3 993.8 897.7 1004.2 881.7 1034.2 ship 0
835.4 1001.6 861.9 980.4 873.1 994.4 846.6 1015.7 ship 0
808.6 986.6 826.4 967.6 845.4 985.4 827.6 1004.4 ship 0
786.3 988.9 804.8 976.9 821.1 1002.1 802.6 1014.1 ship 0
774.8 977.0 795.1 985.4 783.6 1013.1 763.3 1004.7 ship 0
734.7 927.0 746.0 940.9 729.0 954.8 717.6 940.9 ship 0
718.7 913.1 723.1 942.8 709.3 944.9 704.9 915.2 ship 0
679.3 908.3 683.9 904.4 710.7 936.7 706.1 940.6 ship 0
977.3 711.9 978.3 713.7 976.6 714.7 975.6 712.9 ship 0
830.8 690.0 851.6 697.1 844.5 718.0 823.7 710.8 ship 0
800.9 663.4 809.0 683.8 784.8 693.4 776.7 672.9 ship 0
776.9 620.9 777.1 618.9 779.1 619.1 778.9 621.1 ship 0
605.1 432.8 606.5 434.2 605.1 435.6 603.7 434.2 ship 0
618.7 388.5 636.5 390.7 633.3 416.5 615.5 414.3 ship 0
398.0 462.0 408.2 471.6 393.1 487.6 383.0 478.0 ship 0
619.1 540.1 620.4 538.6 621.9 539.9 620.6 541.4 ship 0
538.9 743.0 551.4 749.1 538.1 776.0 525.6 769.9 ship 0
567.3 771.7 570.9 781.0 543.0 792.0 539.4 782.7 ship 0
578.2 777.7 585.9 784.1 561.7 813.4 554.0 807.0 ship 0
566.2 818.5 592.2 796.7 603.8 810.5 577.8 832.3 ship 0
32.4 712.6 149.2 677.3 179.9 778.7 63.2 814.1 harbor 0
