802.3 843.7 819.2 857.8 794.9 887.0 778.0 872.9 small-vehicle 0
787.0 837.6 795.3 843.2 769.5 881.3 761.3 875.7 small-vehicle 0
824.8 832.0 841.3 807.0 876.4 830.1 859.9 855.1 small-vehicle 0
676.0 980.2 692.7 955.3 727.6 978.7 710.9 1003.6 small-vehicle 0
769.7 829.0 777.4 835.3 748.3 871.0 740.6 864.7 small-vehicle 0
729.9 93.3 763.1 219.0 734.1 226.7 700.9 101.0 small-vehicle 0
570.8 435.5 583.9 417.8 620.8 445.3 607.7 463.0 small-vehicle 0
588.9 383.5 595.6 376.1 632.5 409.9 625.7 417.3 small-vehicle 0
601.5 375.2 605.7 366.1 643.8 384.0 639.5 393.0 small-vehicle 0
610.1 349.2 615.4 340.7 654.4 365.1 649.1 373.6 small-vehicle 0
610.6 329.1 627.7 309.5 668.4 344.9 651.3 364.5 small-vehicle 0
735.2 386.1 750.3 364.9 781.2 386.9 766.1 408.1 small-vehicle 0
778.2 357.8 778.7 367.8 732.8 370.2 732.3 360.2 small-vehicle 0
809.6 359.6 821.9 399.7 793.3 408.5 780.9 368.4 small-vehicle 0
886.9 451.2 893.9 413.9 927.3 420.2 920.3 457.5 small-vehicle 0
920.0 368.0 929.0 409.0 888.0 418.0 879.0 377.0 small-vehicle 0
877.6 354.1 879.6 336.2 921.3 340.8 919.4 358.6 small-vehicle 0
728.7 275.9 731.8 270.8 767.5 293.0 764.3 298.1 small-vehicle 0
766.7 252.0 769.6 261.6 725.7 275.1 722.7 265.5 small-vehicle 0
762.0 228.1 766.2 237.2 728.0 254.7 723.9 245.6 small-vehicle 0
734.4 298.1 736.9 292.6 771.4 308.4 768.9 313.9 small-vehicle 0
760.4 209.5 763.7 218.9 724.0 232.6 720.7 223.1 small-vehicle 0
773.8 309.0 780.2 283.7 813.2 292.0 806.8 317.3 small-vehicle 0
636.1 479.8 653.1 445.8 683.5 461.0 666.5 495.0 small-vehicle 0
748.5 821.1 756.8 826.7 728.5 867.9 720.2 862.3 small-vehicle 0
904.0 633.6 913.4 601.0 946.0 610.4 936.6 643.0 small-vehicle 0
736.8 815.1 743.2 822.8 707.9 852.3 701.5 844.6 small-vehicle 0
684.2 839.4 709.7 806.1 720.8 814.6 695.3 847.9 small-vehicle 0
703.9 803.8 706.9 813.3 663.1 827.2 660.1 817.7 small-vehicle 0
622.4 785.0 655.2 776.0 665.3 812.6 632.5 821.6 small-vehicle 0
605.4 750.8 628.2 763.3 606.0 803.6 583.2 791.1 small-vehicle 0
680.8 717.3 686.9 709.4 723.5 737.3 717.4 745.2 small-vehicle 0
705.8 760.0 736.5 701.6 777.2 723.0 746.5 781.4 small-vehicle 0
690.9 699.8 695.7 691.1 736.1 713.2 731.3 721.9 small-vehicle 0
838.3 791.0 861.7 766.4 886.3 789.9 862.8 814.4 small-vehicle 0
877.6 727.3 904.2 748.5 880.4 778.2 853.9 757.0 small-vehicle 0
751.2 544.8 781.8 522.3 801.9 549.8 771.3 572.2 small-vehicle 0
742.5 532.5 768.7 485.2 801.9 503.6 775.8 550.8 small-vehicle 0
773.8 435.0 785.1 462.8 764.7 471.1 753.4 443.2 small-vehicle 0
580.0 613.1 587.7 606.7 612.0 635.9 604.3 642.3 small-vehicle 0
889.1 678.9 909.7 647.0 945.0 669.7 924.4 701.7 small-vehicle 0
750.5 153.2 753.4 143.6 797.5 156.8 794.6 166.4 small-vehicle 0
816.1 156.3 819.6 165.6 739.0 195.6 735.5 186.2 small-vehicle 0
528.2 709.7 534.5 701.9 576.4 735.9 570.2 743.7 small-vehicle 0
481.2 650.8 487.7 643.1 519.8 670.2 513.3 677.9 small-vehicle 0
459.8 669.2 464.6 660.4 508.4 684.4 503.6 693.1 small-vehicle 0
458.0 689.7 463.7 681.5 498.2 705.4 492.5 713.7 small-vehicle 0
447.5 708.6 452.8 700.1 488.4 722.4 483.1 730.9 small-vehicle 0
443.1 733.7 448.1 725.1 480.9 744.3 475.9 752.9 small-vehicle 0
88.9 780.6 105.2 795.3 82.4 820.5 66.1 805.8 small-vehicle 0
60.4 826.0 76.7 833.7 58.7 871.7 42.5 864.0 small-vehicle 0
569.4 784.3 591.8 748.8 603.6 756.2 581.3 791.8 small-vehicle 0
525.1 888.5 539.5 862.1 565.9 876.5 551.5 902.9 small-vehicle 0
565.9 905.7 580.5 879.5 606.7 894.1 592.1 920.3 small-vehicle 0
229.8 896.3 270.6 925.2 253.2 949.7 212.4 920.8 small-vehicle 0
57.6 1004.2 70.3 986.2 94.8 1003.5 82.1 1021.5 small-vehicle 0
789.3 181.6 793.0 186.2 766.5 207.5 762.7 202.8 small-vehicle 0
749.0 221.7 781.9 195.5 828.0 253.3 795.1 279.5 large-vehicle 0
780.7 322.4 814.7 322.4 814.6 364.4 780.6 364.4 large-vehicle 0
727.4 118.7 740.8 140.9 718.6 154.3 705.2 132.1 large-vehicle 0
733.9 446.3 745.6 365.1 791.1 371.7 779.4 452.9 large-vehicle 0
733.1 629.2 762.2 348.7 811.9 353.8 782.8 634.3 large-vehicle 0
704.8 631.7 775.8 680.1 758.9 704.9 687.9 656.5 large-vehicle 0
744.0 600.4 747.2 578.6 796.7 585.9 793.5 607.7 large-vehicle 0
543.5 698.0 548.5 689.4 584.7 710.6 579.7 719.2 small-vehicle 0
554.7 675.2 561.1 667.5 590.3 691.8 583.9 699.5 small-vehicle 0
563.9 641.2 567.8 632.0 610.1 649.8 606.2 659.0 small-vehicle 0
617.3 121.9 639.1 107.8 664.1 146.5 642.2 160.6 small-vehicle 0
603.0 128.0 610.7 121.6 640.2 156.9 632.5 163.3 small-vehicle 0
583.7 148.3 589.1 139.9 631.3 166.7 625.9 175.1 small-vehicle 0
657.9 82.5 681.3 101.3 665.1 121.5 641.7 102.7 small-vehicle 0
871.4 -0.1 877.9 21.0 841.6 32.1 835.1 11.0 small-vehicle 0
485.9 632.6 490.9 624.0 527.1 645.4 522.1 654.0 small-vehicle 0
870.7 24.4 875.2 33.3 841.3 50.6 836.8 41.7 small-vehicle 0
912.0 286.3 918.4 323.7 877.0 330.7 870.6 293.3 small-vehicle 0
862.5 279.5 873.8 243.2 910.1 254.5 898.8 290.8 small-vehicle 0
898.0 214.9 902.0 224.0 863.5 240.8 859.5 231.7 small-vehicle 0
862.3 209.1 862.7 195.1 900.7 195.9 900.3 209.9 small-vehicle 0
758.5 293.7 790.8 337.0 763.5 357.3 731.2 314.0 large-vehicle 0
761.5 71.3 807.3 180.1 768.6 196.4 722.8 87.7 large-vehicle 0
844.3 159.9 874.1 136.3 897.7 166.1 867.9 189.7 large-vehicle 0
888.3 114.0 890.1 123.8 844.9 132.1 843.1 122.3 small-vehicle 0
787.8 101.9 789.6 111.7 736.4 121.1 734.7 111.3 small-vehicle 0
885.5 93.2 886.7 103.1 849.0 107.8 847.8 97.9 small-vehicle 0
844.7 82.9 845.4 73.0 883.3 75.7 882.6 85.7 small-vehicle 0
879.7 52.7 880.0 62.7 842.0 63.8 841.7 53.8 small-vehicle 0
794.1 80.3 795.9 90.1 734.8 101.1 733.1 91.3 small-vehicle 0
786.8 59.8 789.1 69.5 748.2 79.2 745.9 69.5 small-vehicle 0
786.8 30.5 792.9 55.8 744.2 67.4 738.2 42.1 small-vehicle 0
619.8 23.3 626.6 16.0 651.4 39.3 644.6 46.6 small-vehicle 0
636.9 4.2 644.6 -2.1 676.1 36.8 668.4 43.1 small-vehicle 0
525.9 184.0 533.4 172.2 579.1 201.0 571.6 212.8 small-vehicle 0
461.1 152.2 476.7 177.8 444.3 197.6 428.7 172.0 small-vehicle 0
463.2 323.9 480.7 310.6 506.1 344.0 488.6 357.3 small-vehicle 0
346.1 361.9 393.0 294.7 430.7 321.0 383.8 388.2 small-vehicle 0
454.6 342.9 461.0 335.1 502.9 369.2 496.6 376.9 small-vehicle 0
446.8 368.0 452.5 359.8 490.2 386.0 484.5 394.2 small-vehicle 0
38.3 464.3 50.4 436.9 92.5 455.5 80.4 482.9 small-vehicle 0
7.1 527.3 33.6 484.9 76.0 511.3 49.5 553.8 small-vehicle 0
376.8 544.0 384.1 532.0 420.0 553.9 412.7 565.9 small-vehicle 0
384.4 517.1 392.0 505.3 427.4 527.8 419.9 539.7 small-vehicle 0
540.4 507.4 547.3 500.2 574.6 526.6 567.7 533.8 small-vehicle 0
532.4 530.7 538.5 522.8 574.6 551.3 568.5 559.2 small-vehicle 0
515.4 553.8 519.9 544.8 564.6 567.2 560.1 576.2 small-vehicle 0
505.2 590.0 512.4 583.0 541.8 613.0 534.6 620.0 small-vehicle 0
491.8 609.3 497.6 601.1 535.2 627.7 529.4 635.9 small-vehicle 0
533.0 218.2 563.2 195.1 581.4 218.9 551.2 242.1 small-vehicle 0
535.8 172.0 553.0 142.7 589.2 164.0 572.0 193.3 small-vehicle 0
464.4 81.0 484.4 58.6 521.6 92.0 501.6 114.4 small-vehicle 0
527.2 37.0 534.5 30.2 560.6 57.7 553.3 64.6 small-vehicle 0
532.7 22.5 551.9 5.1 582.8 39.1 563.6 56.6 small-vehicle 0
353.9 94.4 360.2 86.6 392.9 113.0 386.6 120.7 small-vehicle 0
513.4 47.8 521.2 41.6 544.9 71.3 537.1 77.6 small-vehicle 0
380.2 18.3 391.9 4.7 426.8 34.7 415.1 48.3 small-vehicle 0
368.3 58.7 373.4 50.1 409.7 71.3 404.6 79.9 small-vehicle 0
358.8 76.7 365.0 68.9 401.2 97.3 395.0 105.1 small-vehicle 0
722.6 629.8 751.9 599.6 799.2 645.6 770.0 675.7 large-vehicle 0
