971.9 178.2 993.9 177.8 995.1 255.8 973.1 256.2 ship 0
939.5 170.9 960.7 176.9 940.5 248.1 919.3 242.1 ship 0
860.2 197.9 873.6 185.9 930.8 250.1 917.4 262.1 ship 0
866.5 190.4 877.4 199.2 833.4 253.6 822.5 244.8 ship 0
775.2 194.8 819.4 182.2 841.8 261.1 797.5 273.6 ship 0
701.1 185.7 722.1 179.3 743.9 250.0 722.8 256.5 ship 0
966.9 70.6 984.9 71.9 981.0 125.8 963.0 124.5 ship 0
924.5 74.3 942.0 70.1 954.6 122.6 937.1 126.8 ship 0
869.2 60.5 919.1 62.6 916.8 116.5 866.9 114.4 ship 0
833.2 62.9 855.1 60.5 861.8 122.2 839.9 124.5 ship 0
804.7 49.1 821.7 54.8 798.3 125.0 781.2 119.3 ship 0
750.3 64.8 768.3 65.3 766.7 119.2 748.7 118.7 ship 0
732.1 65.8 742.9 74.7 710.9 113.2 700.1 104.3 ship 0
683.4 176.1 703.7 184.5 672.2 260.2 651.9 251.8 ship 0
599.8 175.0 639.1 160.0 671.2 244.0 631.9 259.0 ship 0
547.0 178.3 564.6 182.2 551.0 242.7 533.4 238.8 ship 0
482.3 196.0 495.9 184.2 533.7 228.3 520.0 240.0 ship 0
443.0 166.9 476.6 162.1 490.0 255.1 456.4 259.9 ship 0
425.0 176.1 444.9 185.6 414.8 248.8 395.0 239.4 ship 0
366.4 175.6 388.3 177.1 383.9 239.0 361.9 237.4 ship 0
636.1 56.8 657.3 62.6 639.9 126.2 618.7 120.4 ship 0
631.1 531.1 648.0 525.1 669.9 587.4 653.0 593.3 ship 0
675.2 532.2 692.7 527.9 709.2 595.9 691.7 600.2 ship 0
731.2 547.9 748.0 554.3 731.8 597.3 714.9 590.9 ship 0
804.2 518.5 834.0 515.8 840.8 593.5 811.0 596.2 ship 0
893.3 553.1 905.6 546.5 923.7 579.9 911.4 586.5 ship 0
685.8 636.7 727.5 656.2 696.2 723.3 654.5 703.8 ship 0
792.6 678.3 802.3 688.4 763.4 725.7 753.7 715.6 ship 0
856.8 671.0 864.5 682.7 789.2 732.0 781.5 720.3 ship 0
876.1 693.1 880.8 701.9 850.9 717.9 846.2 709.1 ship 0
895.8 652.4 925.6 649.2 936.2 746.6 906.4 749.8 ship 0
517.0 638.1 534.7 641.5 517.0 733.9 499.3 730.5 ship 0
457.2 651.1 494.8 645.6 504.8 714.9 467.2 720.4 ship 0
407.1 656.2 444.2 648.0 454.9 696.8 417.8 705.0 ship 0
381.4 636.4 403.4 637.8 398.6 711.6 376.6 710.2 ship 0
327.5 648.4 344.7 643.2 362.5 702.6 345.3 707.8 ship 0
264.7 645.3 282.6 647.0 277.3 704.7 259.4 703.0 ship 0
229.5 641.0 242.5 646.3 220.5 700.0 207.5 694.7 ship 0
188.7 639.2 202.7 638.8 204.3 692.8 190.3 693.2 ship 0
568.4 587.0 602.8 623.3 534.6 688.0 500.2 651.7 harbor 0
715.1 148.7 715.8 150.6 713.9 151.3 713.2 149.4 harbor 0
603.3 533.4 634.3 555.3 600.7 602.6 569.7 580.7 ship 0
496.8 538.7 521.5 530.5 541.0 589.3 516.3 597.5 ship 0
461.0 523.1 494.5 528.4 483.0 601.5 449.5 596.2 ship 0
254.3 65.6 269.0 75.9 235.7 123.4 221.0 113.1 ship 0
570.8 64.1 620.8 67.0 617.1 128.9 567.2 126.0 ship 0
555.4 66.6 571.9 73.7 550.6 123.4 534.1 116.3 ship 0
490.7 58.1 539.0 70.9 524.1 127.0 475.8 114.1 ship 0
461.3 49.7 495.0 67.2 462.7 129.3 429.0 111.8 ship 0
413.9 53.1 450.1 64.7 430.1 127.5 393.9 116.0 ship 0
360.9 57.8 382.9 56.3 387.1 118.2 365.1 119.7 ship 0
324.2 61.9 346.2 63.2 342.8 125.1 320.8 123.8 ship 0
277.9 54.9 324.9 72.2 302.1 134.1 255.1 116.8 ship 0
326.5 167.3 348.0 171.6 333.5 244.2 311.9 239.9 ship 0
283.9 179.1 301.4 183.6 285.0 247.5 267.6 243.0 ship 0
233.4 174.8 251.4 173.4 256.6 239.2 238.6 240.6 ship 0
170.5 177.2 209.6 161.8 239.5 238.2 200.4 253.5 ship 0
113.7 174.7 134.8 180.9 116.3 244.3 95.2 238.1 ship 0
180.7 61.5 209.9 54.6 224.3 114.9 195.1 121.8 ship 0
425.3 540.0 454.5 557.3 431.0 596.9 401.8 579.6 ship 0
138.7 73.3 155.3 66.1 175.2 112.0 158.6 119.2 ship 0
89.1 75.6 124.2 61.0 141.9 103.4 106.8 118.0 ship 0
66.9 156.2 84.7 154.2 92.1 219.8 74.3 221.8 ship 0
34.6 120.9 74.1 135.2 45.0 216.1 5.4 201.9 ship 0
91.0 536.7 123.4 526.5 142.0 585.7 109.6 595.9 ship 0
139.3 528.8 173.3 529.2 172.7 595.2 138.7 594.8 ship 0
176.2 537.6 210.0 541.8 202.8 599.4 169.0 595.2 ship 0
231.2 532.7 244.1 538.3 215.8 602.3 202.9 596.7 ship 0
258.9 535.4 287.1 545.9 268.2 596.5 240.1 586.0 ship 0
293.9 634.5 311.6 631.4 322.1 692.5 304.4 695.6 ship 0
288.5 534.3 326.3 530.9 331.5 588.7 293.7 592.1 ship 0
324.2 540.8 356.9 531.5 373.8 591.2 341.1 600.5 ship 0
377.3 533.5 413.3 545.7 394.7 600.6 358.7 588.4 ship 0
