451.8 698.2 474.0 711.8 454.1 744.2 431.9 730.6 small-vehicle 0
486.7 580.0 509.2 593.0 488.2 629.3 465.7 616.3 small-vehicle 0
500.0 540.7 521.6 555.2 496.0 593.3 474.4 578.8 small-vehicle 0
454.3 503.0 475.3 509.7 457.7 565.0 436.7 558.3 small-vehicle 0
528.3 447.9 551.6 466.9 527.6 496.3 504.3 477.4 small-vehicle 0
463.2 432.2 497.2 432.4 497.0 466.4 463.0 466.2 small-vehicle 0
534.6 416.3 557.9 428.0 546.2 451.2 522.9 439.5 small-vehicle 0
487.8 315.7 500.0 347.4 464.6 361.1 452.4 329.3 small-vehicle 0
561.3 346.1 579.1 359.1 561.3 383.3 543.6 370.2 small-vehicle 0
533.5 236.5 554.9 241.9 543.5 286.5 522.1 281.1 small-vehicle 0
539.5 203.2 561.1 207.3 555.5 236.8 533.9 232.7 small-vehicle 0
591.1 125.5 615.9 133.1 604.9 169.5 580.1 161.9 small-vehicle 0
535.6 99.4 557.6 99.6 557.4 129.6 535.4 129.4 small-vehicle 0
332.7 881.5 358.4 885.8 351.4 927.2 325.7 922.9 small-vehicle 0
400.0 637.2 446.5 655.6 437.0 679.8 390.5 661.4 small-vehicle 0
396.6 670.1 425.7 677.2 415.8 718.0 386.6 710.9 small-vehicle 0
424.3 811.8 426.2 812.4 425.7 814.3 423.7 813.8 small-vehicle 0
395.9 817.9 451.2 846.1 432.1 883.5 376.9 855.4 small-vehicle 0
384.8 746.2 403.6 757.6 384.0 790.1 365.2 778.7 small-vehicle 0
361.7 791.3 395.8 808.0 377.3 845.7 343.2 829.0 small-vehicle 0
375.7 956.1 396.2 972.1 375.3 998.9 354.8 982.9 large-vehicle 0
