988.0 378.6 1002.6 430.6 939.0 448.4 924.4 396.4 storage-tank 0
976.8 687.0 1012.5 664.8 1043.2 714.0 1007.5 736.2 storage-tank 0
969.6 636.6 979.6 612.6 1029.4 633.4 1019.4 657.4 storage-tank 0
948.7 570.1 1009.5 535.4 1030.3 571.9 969.5 606.6 storage-tank 0
756.1 597.6 769.0 585.0 806.9 623.4 794.0 636.0 storage-tank 0
890.5 307.7 962.0 276.5 991.5 344.3 920.0 375.5 storage-tank 0
1004.7 174.2 1047.9 190.0 1018.3 270.8 975.1 255.0 storage-tank 0
936.8 186.3 977.2 248.3 915.2 288.7 874.8 226.7 storage-tank 0
807.4 202.2 817.4 211.9 782.6 247.8 772.6 238.1 storage-tank 0
716.4 237.6 722.6 220.7 754.6 232.4 748.4 249.3 storage-tank 0
730.7 284.1 850.8 224.6 862.3 247.9 742.2 307.4 storage-tank 0
751.3 243.4 759.7 248.8 721.7 307.6 713.3 302.2 storage-tank 0
808.1 157.8 857.3 488.2 803.9 496.2 754.7 165.8 storage-tank 0
760.1 296.8 784.6 344.9 732.9 371.2 708.4 323.1 storage-tank 0
795.5 390.6 816.0 374.5 839.5 404.4 819.0 420.5 storage-tank 0
811.6 450.9 820.0 430.5 877.4 454.1 869.0 474.5 storage-tank 0
697.5 398.4 809.5 377.3 816.5 414.6 704.5 435.7 storage-tank 0
802.8 431.3 818.6 456.8 759.2 493.7 743.4 468.2 storage-tank 0
871.5 565.3 889.2 612.0 842.5 629.7 824.8 583.0 storage-tank 0
906.6 759.3 947.0 788.9 891.4 864.7 851.0 835.1 storage-tank 0
792.1 815.0 808.1 794.4 853.9 830.0 837.9 850.6 storage-tank 0
535.6 633.4 550.1 726.3 445.4 742.6 430.9 649.7 storage-tank 0
98.9 344.3 100.4 343.0 120.1 365.7 118.6 367.0 storage-tank 0
97.1 346.8 98.3 341.0 119.9 345.2 118.7 351.0 storage-tank 0
114.0 328.6 116.8 333.8 101.0 342.4 98.2 337.2 storage-tank 0
114.6 320.4 116.4 326.1 95.4 332.6 93.6 326.9 storage-tank 0
94.3 316.1 100.3 308.1 114.7 318.9 108.7 326.9 storage-tank 0
5.7 346.2 12.6 338.9 66.3 389.8 59.4 397.1 storage-tank 0
39.4 329.5 43.6 342.9 22.6 349.5 18.4 336.1 storage-tank 0
55.4 366.4 59.6 353.0 80.6 359.6 76.4 373.0 storage-tank 0
844.3 747.7 872.7 692.6 920.7 717.3 892.3 772.4 storage-tank 0
897.4 621.3 920.0 670.3 845.6 704.7 823.0 655.7 storage-tank 0
774.8 749.4 784.0 720.8 839.2 738.6 830.0 767.2 storage-tank 0
813.9 633.0 837.8 694.5 780.1 717.0 756.2 655.5 storage-tank 0
554.9 756.4 580.0 653.4 679.1 677.6 654.0 780.6 storage-tank 0
47.0 317.7 86.3 332.4 80.0 349.3 40.7 334.6 storage-tank 0
