409.6 729.9 414.2 733.7 395.4 757.1 390.8 753.3 storage-tank 0
407.8 726.5 410.8 731.7 388.2 744.5 385.2 739.3 storage-tank 0
402.0 720.6 404.4 726.1 388.0 733.4 385.6 727.9 storage-tank 0
389.9 711.1 390.9 712.9 389.1 713.9 388.1 712.1 storage-tank 0
391.5 718.7 392.3 720.5 390.5 721.3 389.7 719.5 storage-tank 0
459.2 690.8 463.3 695.2 426.8 729.2 422.7 724.8 storage-tank 0
458.0 716.8 459.7 722.6 431.0 731.2 429.3 725.4 storage-tank 0
458.2 722.7 462.0 727.3 438.8 746.3 435.0 741.7 storage-tank 0
473.2 730.7 475.7 736.2 433.8 755.3 431.3 749.8 storage-tank 0
472.6 739.6 476.0 744.5 441.4 768.4 438.0 763.5 storage-tank 0
97.4 278.4 103.2 276.9 105.6 286.6 99.8 288.1 storage-tank 0
108.0 286.0 111.8 290.7 104.0 297.0 100.2 292.3 storage-tank 0
113.1 294.4 115.2 300.1 105.9 303.6 103.8 297.9 storage-tank 0
114.6 302.8 117.8 307.8 109.4 313.2 106.2 308.2 storage-tank 0
103.1 299.7 135.3 326.7 128.9 334.3 96.7 307.3 storage-tank 0
343.0 298.1 387.8 371.5 328.0 407.9 283.2 334.5 storage-tank 0
230.5 250.5 243.2 273.2 192.5 301.5 179.8 278.8 storage-tank 0
215.9 227.8 221.4 230.2 193.1 294.2 187.6 291.8 storage-tank 0
110.5 365.4 120.5 259.9 138.5 261.6 128.5 367.1 storage-tank 0
98.8 262.2 151.4 340.2 143.2 345.8 90.6 267.8 storage-tank 0
120.2 289.4 123.3 294.5 114.8 299.6 111.7 294.5 storage-tank 0
94.0 284.0 131.7 279.1 133.0 289.0 95.3 293.9 storage-tank 0
105.2 274.6 110.9 272.8 113.8 282.4 108.1 284.2 storage-tank 0
837.7 928.7 886.7 972.9 877.3 983.3 828.3 939.1 storage-tank 0
973.2 748.3 1011.2 722.4 1016.8 730.7 978.8 756.6 storage-tank 0
1000.7 742.1 1004.3 746.9 996.3 752.9 992.7 748.1 storage-tank 0
1001.0 747.9 1009.8 758.9 1002.0 765.1 993.2 754.1 storage-tank 0
998.7 754.7 1002.1 741.1 1027.3 747.3 1023.9 760.9 storage-tank 0
1015.3 738.7 1015.7 744.7 1005.7 745.3 1005.3 739.3 storage-tank 0
984.1 751.1 1020.1 705.7 1027.9 711.9 991.9 757.3 storage-tank 0
1024.2 713.0 1025.2 719.0 975.8 727.0 974.8 721.0 storage-tank 0
1008.5 691.7 1012.6 696.1 981.5 724.3 977.4 719.9 storage-tank 0
950.9 776.1 967.0 755.7 981.1 766.9 965.0 787.3 storage-tank 0
977.4 745.6 981.1 750.4 944.6 778.4 940.9 773.6 storage-tank 0
945.1 748.9 946.2 743.0 963.9 746.1 962.8 752.0 storage-tank 0
921.5 753.1 960.6 705.0 971.5 713.9 932.4 762.0 storage-tank 0
930.0 714.0 936.7 706.6 947.0 716.0 940.3 723.4 storage-tank 0
921.9 733.5 931.6 731.0 936.1 748.5 926.4 751.0 storage-tank 0
911.9 715.1 921.1 711.3 928.1 727.9 918.9 731.7 storage-tank 0
964.0 390.1 965.4 391.5 964.0 392.9 962.6 391.5 storage-tank 0
969.6 388.7 971.3 387.6 972.4 389.3 970.7 390.4 storage-tank 0
983.1 382.2 983.8 384.1 981.9 384.8 981.2 382.9 storage-tank 0
842.5 512.3 863.6 533.7 856.5 540.7 835.4 519.3 storage-tank 0
804.0 927.8 811.9 921.7 872.0 999.2 864.1 1005.3 storage-tank 0
847.3 510.3 849.1 511.2 842.7 523.7 840.9 522.8 storage-tank 0
837.8 525.9 839.8 525.4 842.2 535.1 840.2 535.6 storage-tank 0
833.2 516.2 835.1 515.5 838.8 524.8 836.9 525.5 storage-tank 0
831.0 528.9 832.8 528.0 837.0 537.1 835.2 538.0 storage-tank 0
1028.6 -1.4 1042.2 10.4 988.4 72.4 974.8 60.6 storage-tank 0
1001.6 14.8 1007.6 15.2 1006.4 33.2 1000.4 32.8 storage-tank 0
1000.0 29.0 1001.3 30.5 991.0 40.0 989.7 38.5 storage-tank 0
988.9 26.7 989.2 24.7 999.1 26.3 998.8 28.3 storage-tank 0
925.2 20.9 932.3 32.9 916.8 42.1 909.7 30.1 storage-tank 0
923.5 14.7 926.7 19.8 911.5 29.3 908.3 24.2 storage-tank 0
913.2 11.6 914.9 12.7 913.8 14.4 912.1 13.3 storage-tank 0
894.1 13.7 895.8 14.6 894.9 16.3 893.2 15.4 storage-tank 0
912.7 66.3 937.0 27.2 952.3 36.7 928.0 75.8 storage-tank 0
517.5 520.1 588.9 560.4 556.5 617.9 485.1 577.6 storage-tank 0
975.2 323.3 995.0 350.9 986.8 356.7 967.0 329.1 storage-tank 0
966.9 334.1 968.5 332.9 981.1 350.9 979.5 352.1 storage-tank 0
933.0 303.4 934.6 302.2 948.0 319.6 946.4 320.8 storage-tank 0
828.4 518.5 830.4 518.5 830.6 528.5 828.6 528.5 storage-tank 0
824.5 532.3 826.2 531.2 831.5 539.7 829.8 540.8 storage-tank 0
820.9 522.5 822.7 521.6 827.1 530.5 825.3 531.4 storage-tank 0
816.8 533.8 818.2 532.4 828.2 542.2 826.8 543.6 storage-tank 0
816.8 523.5 818.8 523.5 819.2 533.5 817.2 533.5 storage-tank 0
816.6 539.6 817.9 541.1 816.4 542.4 815.1 540.9 storage-tank 0
810.2 526.7 812.2 526.4 813.8 536.3 811.8 536.6 storage-tank 0
935.9 300.8 937.3 299.3 956.1 317.2 954.7 318.7 storage-tank 0
943.0 298.5 944.8 299.4 929.0 329.5 927.2 328.6 storage-tank 0
961.8 335.9 963.5 334.9 974.2 354.1 972.5 355.1 storage-tank 0
949.9 375.3 964.5 391.7 960.1 395.7 945.5 379.3 storage-tank 0
961.3 372.0 963.3 372.4 958.7 394.0 956.7 393.6 storage-tank 0
964.1 371.9 966.1 371.5 969.9 389.1 967.9 389.5 storage-tank 0
978.4 368.5 986.0 374.9 979.6 382.5 972.0 376.1 storage-tank 0
933.9 343.0 935.3 341.6 959.1 366.0 957.7 367.4 storage-tank 0
942.0 338.2 943.7 337.1 962.0 365.8 960.3 366.9 storage-tank 0
948.9 339.7 950.5 338.5 966.1 359.3 964.5 360.5 storage-tank 0
956.7 337.9 958.4 336.9 969.3 356.1 967.6 357.1 storage-tank 0
-4.2 685.2 -2.3 684.8 8.2 737.8 6.3 738.2 storage-tank 0
-1.1 705.5 -0.4 703.6 20.1 711.5 19.4 713.4 storage-tank 0
125.2 620.9 126.6 622.3 99.8 649.1 98.4 647.7 storage-tank 0
85.1 620.1 85.8 618.3 132.9 634.9 132.2 636.7 storage-tank 0
122.3 706.7 125.5 701.6 140.7 711.3 137.5 716.4 storage-tank 0
114.7 707.9 119.8 704.8 129.3 720.1 124.2 723.2 storage-tank 0
107.7 712.1 113.5 710.4 117.3 723.9 111.5 725.6 storage-tank 0
93.9 717.0 98.0 712.6 111.1 725.0 107.0 729.4 storage-tank 0
75.1 697.6 119.3 746.7 111.9 753.4 67.7 704.3 storage-tank 0
107.2 656.4 112.3 653.3 121.8 668.6 116.7 671.7 storage-tank 0
100.6 658.4 106.4 657.1 110.4 674.6 104.6 675.9 storage-tank 0
17.0 743.4 20.4 738.5 45.0 755.6 41.6 760.5 storage-tank 0
62.5 643.0 172.9 725.8 164.5 737.0 54.1 654.2 storage-tank 0
92.5 701.0 94.4 695.3 111.5 701.0 109.6 706.7 storage-tank 0
78.8 705.0 82.9 700.6 93.2 710.0 89.1 714.4 storage-tank 0
60.9 721.9 62.7 722.8 56.1 735.1 54.3 734.2 storage-tank 0
58.6 711.2 60.3 712.2 51.4 727.8 49.7 726.8 storage-tank 0
39.8 717.5 45.2 714.9 51.2 727.5 45.8 730.1 storage-tank 0
38.8 740.5 42.8 736.1 53.2 745.5 49.2 749.9 storage-tank 0
28.6 723.3 33.7 720.0 41.4 731.7 36.3 735.0 storage-tank 0
17.6 728.9 22.5 725.5 30.4 737.1 25.5 740.5 storage-tank 0
