93.3 211.3 101.3 205.3 178.7 309.7 170.7 315.7 ship 0
99.5 252.8 107.6 247.0 134.3 284.5 126.2 290.3 ship 0
81.2 264.9 88.3 257.9 120.6 290.7 113.4 297.7 ship 0
54.9 268.1 61.8 260.8 118.7 314.2 111.8 321.5 ship 0
116.0 322.5 135.6 305.3 171.2 346.0 151.6 363.1 ship 0
-9.2 913.8 22.3 892.6 65.9 957.3 34.4 978.5 ship 0
212.8 686.7 221.0 681.0 245.2 715.3 237.0 721.0 ship 0
226.1 677.7 232.0 669.6 262.7 692.0 256.8 700.1 ship 0
221.8 636.2 229.3 629.6 297.2 705.8 289.7 712.4 ship 0
238.1 615.7 246.2 609.8 307.8 696.1 299.7 701.9 ship 0
293.6 658.0 295.0 656.6 296.4 658.0 295.0 659.4 ship 0
261.5 608.3 270.3 597.4 368.1 676.8 359.3 687.6 ship 0
290.2 578.2 298.3 572.3 356.4 651.1 348.4 657.1 ship 0
249.3 738.3 267.1 719.4 297.7 748.1 279.9 767.1 ship 0
727.8 400.8 728.2 402.8 726.2 403.2 725.8 401.2 ship 0
1008.2 1012.1 1009.4 1013.7 1007.8 1014.9 1006.6 1013.3 harbor 0
