646.9 597.4 676.0 656.6 631.1 678.6 602.0 619.4 harbor 0
673.7 476.9 722.2 508.8 681.5 570.6 633.0 538.8 ship 0
742.6 946.4 775.6 972.3 727.4 1033.6 694.4 1007.7 storage-tank 0
636.0 926.2 679.0 893.6 714.0 939.8 671.0 972.4 storage-tank 0
753.2 393.0 783.6 364.0 845.8 429.0 815.4 458.0 ship 0
743.6 383.9 761.2 380.0 778.8 460.1 761.2 464.0 ship 0
681.3 394.3 791.5 513.1 751.9 549.8 641.7 431.0 ship 0
636.6 976.3 643.8 1021.8 594.4 1029.7 587.2 984.2 storage-tank 0
876.3 157.6 954.1 162.3 946.5 288.0 868.7 283.3 ship 0
687.9 530.5 734.8 587.8 696.1 619.5 649.2 562.2 harbor 0
353.2 118.0 360.3 125.1 296.8 189.0 289.7 181.9 ship 0
366.9 127.1 371.4 131.1 308.9 201.3 304.4 197.3 ship 0
378.0 130.4 382.8 134.0 327.0 209.6 322.2 206.0 ship 0
382.2 141.1 396.8 151.6 353.8 211.9 339.2 201.4 ship 0
