449.2 678.1 450.3 668.2 519.8 675.9 518.7 685.8 storage-tank 0
456.8 661.4 543.2 636.2 547.2 649.6 460.8 674.8 storage-tank 0
445.6 653.8 519.4 648.2 520.4 662.2 446.6 667.8 storage-tank 0
491.3 634.7 494.5 629.6 509.7 639.3 506.5 644.4 storage-tank 0
483.1 632.5 488.6 640.8 476.9 648.5 471.4 640.2 storage-tank 0
503.2 612.6 506.5 617.7 494.8 625.4 491.5 620.3 storage-tank 0
453.2 613.1 507.0 617.9 505.8 631.9 452.0 627.1 storage-tank 0
1005.2 520.1 1010.1 516.7 1015.8 524.9 1010.9 528.3 storage-tank 0
1011.1 505.1 1013.8 510.5 1004.9 514.9 1002.2 509.5 storage-tank 0
992.9 522.0 997.2 517.8 1004.1 525.0 999.8 529.2 storage-tank 0
998.1 503.6 1002.2 508.0 991.9 517.4 987.8 513.0 storage-tank 0
987.4 518.6 992.2 522.3 983.6 533.4 978.8 529.7 storage-tank 0
975.4 514.6 976.9 508.8 986.6 511.4 985.1 517.2 storage-tank 0
826.1 559.7 836.4 587.9 796.9 602.3 786.6 574.1 storage-tank 0
823.6 532.2 829.8 540.1 790.4 570.8 784.2 562.9 storage-tank 0
822.3 493.7 830.0 500.1 785.7 554.3 778.0 547.9 storage-tank 0
825.7 469.0 833.3 480.7 771.3 521.0 763.7 509.3 storage-tank 0
26.0 25.1 35.3 21.5 49.0 56.9 39.7 60.5 storage-tank 0
4.2 33.2 15.6 25.0 37.8 55.8 26.4 64.0 storage-tank 0
47.0 618.0 80.7 575.8 126.0 612.0 92.3 654.2 storage-tank 0
371.4 756.5 393.4 770.3 362.6 819.5 340.6 805.7 storage-tank 0
252.0 658.5 263.1 672.6 230.0 698.5 218.9 684.4 storage-tank 0
203.7 670.0 216.0 676.7 182.3 738.0 170.0 731.3 storage-tank 0
161.9 806.3 191.2 756.3 248.1 789.7 218.8 839.7 storage-tank 0
123.0 676.5 141.0 695.3 76.0 757.5 58.0 738.7 storage-tank 0
71.4 817.0 103.9 769.0 158.6 806.0 126.1 854.0 storage-tank 0
16.2 786.2 40.8 820.2 6.8 844.8 -17.8 810.8 storage-tank 0
23.0 844.7 35.3 851.5 15.0 888.3 2.7 881.5 storage-tank 0
351.9 809.7 389.9 809.3 390.1 831.3 352.1 831.7 storage-tank 0
212.6 567.4 220.6 624.9 143.4 635.6 135.4 578.1 storage-tank 0
149.9 197.2 177.8 82.6 199.1 87.8 171.2 202.4 storage-tank 0
155.7 140.6 158.0 158.5 120.3 163.4 118.0 145.5 storage-tank 0
142.2 101.9 151.7 112.2 123.8 138.1 114.3 127.8 storage-tank 0
151.5 105.8 156.8 92.8 184.5 104.2 179.2 117.2 storage-tank 0
181.1 62.7 185.6 71.6 158.9 85.3 154.4 76.4 storage-tank 0
148.1 32.1 191.9 46.2 183.9 70.9 140.1 56.8 storage-tank 0
83.5 75.0 173.5 79.0 172.5 101.0 82.5 97.0 storage-tank 0
98.8 48.0 104.3 39.6 146.2 67.0 140.7 75.4 storage-tank 0
258.0 695.0 269.1 709.2 236.0 735.0 224.9 720.8 storage-tank 0
158.8 320.7 164.2 254.9 182.2 256.3 176.8 322.1 storage-tank 0
155.6 218.3 195.0 285.6 179.4 294.7 140.0 227.4 storage-tank 0
154.3 257.9 159.7 323.6 141.7 325.1 136.3 259.4 storage-tank 0
130.3 292.5 136.8 226.8 154.7 228.5 148.2 294.2 storage-tank 0
99.1 280.1 105.6 272.5 149.9 309.9 143.4 317.5 storage-tank 0
134.7 245.6 138.8 250.0 105.3 281.4 101.2 277.0 storage-tank 0
28.7 348.4 50.5 200.0 68.3 202.6 46.5 351.0 storage-tank 0
27.4 254.4 47.6 270.8 18.6 306.6 -1.6 290.2 storage-tank 0
23.6 327.7 28.8 319.1 78.4 349.3 73.2 357.9 storage-tank 0
-18.8 320.9 -9.5 310.5 51.8 365.1 42.5 375.5 storage-tank 0
143.0 406.8 163.6 391.0 216.0 459.2 195.4 475.0 storage-tank 0
122.6 406.2 156.5 453.3 122.4 477.8 88.5 430.7 storage-tank 0
39.3 442.8 44.7 429.9 105.7 455.2 100.3 468.1 storage-tank 0
-2.6 456.9 13.3 431.5 55.6 458.1 39.7 483.5 storage-tank 0
