236.0 479.2 236.8 481.0 235.0 481.8 234.2 480.0 harbor 0
240.7 506.8 241.2 508.7 239.3 509.2 238.8 507.3 harbor 0
244.6 579.8 245.7 578.1 247.4 579.2 246.3 580.9 harbor 0
348.0 438.0 358.8 429.2 393.0 471.0 382.2 479.8 storage-tank 0
370.6 437.0 376.3 428.8 427.4 464.0 421.7 472.2 storage-tank 0
436.0 460.0 451.4 444.3 507.0 499.0 491.6 514.7 storage-tank 0
417.3 377.3 433.2 362.0 503.7 435.7 487.8 451.0 storage-tank 0
419.3 313.1 436.0 298.8 481.7 351.9 465.0 366.2 storage-tank 0
493.1 301.1 527.9 270.9 586.9 338.9 552.1 369.1 storage-tank 0
572.5 285.9 597.2 268.9 641.5 333.1 616.8 350.1 storage-tank 0
508.1 381.7 546.4 349.6 593.9 406.3 555.6 438.4 storage-tank 0
568.9 363.1 606.9 330.5 668.1 401.9 630.1 434.5 storage-tank 0
518.3 452.3 556.1 419.6 609.7 481.7 571.9 514.4 storage-tank 0
598.7 434.2 623.8 417.8 664.3 479.8 639.2 496.2 storage-tank 0
221.4 412.1 222.4 413.9 220.6 414.9 219.6 413.1 harbor 0
213.5 369.0 214.4 370.8 212.6 371.7 211.7 369.9 harbor 0
202.8 302.6 203.9 304.3 202.2 305.4 201.1 303.7 harbor 0
65.5 941.7 97.8 862.0 140.5 879.3 108.2 959.0 ship 0
193.7 262.5 194.5 260.7 196.3 261.5 195.5 263.3 harbor 0
160.8 782.9 207.8 742.4 256.1 798.4 209.2 838.9 ship 0
183.3 187.1 184.4 188.8 182.7 189.9 181.6 188.2 harbor 0
