495.2 723.9 512.9 704.9 537.8 728.1 520.1 747.1 storage-tank 0
467.0 804.9 504.4 771.7 527.0 797.1 489.6 830.3 storage-tank 0
494.6 795.4 569.2 725.8 592.4 750.6 517.8 820.2 storage-tank 0
494.1 851.2 531.1 817.6 553.9 842.8 516.9 876.4 storage-tank 0
514.6 838.7 605.6 770.0 628.4 800.3 537.4 869.0 storage-tank 0
439.2 761.3 475.9 721.6 500.8 744.7 464.1 784.4 storage-tank 0
467.8 675.7 486.1 657.3 510.2 681.3 491.9 699.7 storage-tank 0
411.0 713.5 448.7 674.8 473.0 698.5 435.3 737.2 storage-tank 0
437.2 626.5 454.6 607.1 482.8 632.5 465.4 651.9 storage-tank 0
141.7 526.8 144.4 521.4 207.3 552.2 204.6 557.6 storage-tank 0
158.5 556.0 162.6 551.6 193.5 580.0 189.4 584.4 storage-tank 0
74.3 769.8 93.3 828.8 26.7 850.2 7.7 791.2 storage-tank 0
38.7 869.0 50.2 850.2 113.3 889.0 101.8 907.8 storage-tank 0
123.9 734.8 177.7 779.6 138.1 827.2 84.3 782.4 storage-tank 0
119.7 817.7 193.7 819.3 192.3 885.3 118.3 883.7 storage-tank 0
60.2 925.3 117.9 902.8 144.8 971.7 87.1 994.2 storage-tank 0
444.5 276.3 481.9 237.3 532.5 285.7 495.1 324.7 storage-tank 0
522.0 242.3 550.5 217.2 581.0 251.7 552.5 276.8 storage-tank 0
567.9 269.8 582.7 280.0 561.1 311.2 546.3 301.0 storage-tank 0
609.2 213.7 612.7 247.6 586.8 250.3 583.3 216.4 storage-tank 0
203.3 755.2 231.7 704.6 292.7 738.8 264.3 789.4 storage-tank 0
274.5 716.8 311.3 671.9 365.5 716.2 328.7 761.1 storage-tank 0
232.6 820.6 268.0 774.7 323.4 817.4 288.0 863.3 storage-tank 0
262.9 898.8 290.5 847.8 352.1 881.2 324.5 932.2 storage-tank 0
300.3 786.1 341.5 739.7 396.7 788.9 355.5 835.3 storage-tank 0
331.8 857.6 373.9 812.1 428.2 862.4 386.1 907.9 storage-tank 0
185.1 533.7 191.1 533.4 193.9 591.3 187.9 591.6 storage-tank 0
373.1 651.5 409.5 617.3 451.9 662.5 415.5 696.7 storage-tank 0
146.1 541.9 153.1 534.8 168.9 550.1 161.9 557.2 storage-tank 0
52.2 467.5 86.2 442.9 96.8 457.5 62.8 482.1 storage-tank 0
-8.6 263.1 -3.7 254.4 22.6 268.9 17.7 277.6 storage-tank 0
-23.5 315.2 41.0 258.3 55.5 274.8 -9.0 331.7 storage-tank 0
7.7 246.6 12.8 238.0 59.3 265.4 54.2 274.0 storage-tank 0
32.4 279.6 43.8 271.5 56.6 289.4 45.2 297.5 storage-tank 0
37.6 318.1 59.5 292.1 79.4 308.9 57.5 334.9 storage-tank 0
65.3 253.0 76.8 245.0 114.7 299.0 103.2 307.0 storage-tank 0
83.3 261.0 86.6 251.6 148.7 274.0 145.4 283.4 storage-tank 0
42.6 409.8 45.9 404.7 74.4 423.2 71.1 428.3 storage-tank 0
48.9 441.5 77.1 422.6 87.1 437.5 58.9 456.4 storage-tank 0
67.1 402.9 92.3 380.0 117.9 408.1 92.7 431.0 storage-tank 0
86.1 435.5 95.4 425.0 120.9 447.5 111.6 458.0 storage-tank 0
108.6 393.4 117.7 382.7 137.4 399.6 128.3 410.3 storage-tank 0
115.3 368.0 120.8 359.7 185.7 403.0 180.2 411.3 storage-tank 0
161.0 399.2 169.1 405.1 156.0 422.8 147.9 416.9 storage-tank 0
120.5 430.8 126.8 418.3 146.5 428.2 140.2 440.7 storage-tank 0
154.2 432.0 156.3 422.3 177.8 427.0 175.7 436.7 storage-tank 0
55.4 564.5 163.3 516.8 178.6 551.5 70.7 599.2 storage-tank 0
71.9 585.2 175.6 563.3 180.1 584.8 76.4 606.7 storage-tank 0
151.8 544.8 173.1 603.0 156.2 609.2 134.9 551.0 storage-tank 0
879.2 593.7 904.5 541.5 963.8 570.3 938.5 622.5 storage-tank 0
897.8 641.1 904.0 710.8 846.2 715.9 840.0 646.2 storage-tank 0
903.2 667.2 923.1 612.7 988.8 636.8 968.9 691.3 storage-tank 0
856.1 723.4 903.5 697.6 938.9 762.6 891.5 788.4 storage-tank 0
939.4 700.8 950.5 686.6 1002.6 727.2 991.5 741.4 storage-tank 0
878.3 584.9 883.2 622.6 817.7 631.1 812.8 593.4 storage-tank 0
835.9 143.4 842.5 135.9 874.1 163.6 867.5 171.1 storage-tank 0
518.2 586.1 558.5 544.5 585.8 570.9 545.5 612.5 storage-tank 0
530.7 648.1 602.3 581.1 628.3 608.9 556.7 675.9 storage-tank 0
315.0 436.0 321.6 428.5 347.0 451.0 340.4 458.5 storage-tank 0
189.1 885.8 213.7 909.3 170.9 954.2 146.3 930.7 storage-tank 0
216.2 948.0 253.0 987.5 198.8 1038.0 162.0 998.5 storage-tank 0
287.0 447.5 288.2 441.6 341.0 452.5 339.8 458.4 storage-tank 0
338.5 465.6 344.6 403.9 370.5 406.4 364.4 468.1 storage-tank 0
817.3 165.1 818.0 159.2 859.7 163.9 859.0 169.8 storage-tank 0
616.3 258.8 624.1 252.6 642.7 276.2 634.9 282.4 storage-tank 0
575.3 680.4 614.9 643.7 640.7 671.6 601.1 708.3 storage-tank 0
603.9 731.1 642.1 692.9 666.1 716.9 627.9 755.1 storage-tank 0
632.4 776.2 667.2 740.2 691.6 763.8 656.8 799.8 storage-tank 0
574.4 546.3 581.1 534.0 628.6 559.7 621.9 572.0 storage-tank 0
582.4 628.4 647.5 549.9 673.6 571.6 608.5 650.1 storage-tank 0
625.3 659.2 659.4 617.3 685.7 638.8 651.6 680.7 storage-tank 0
634.8 724.3 706.0 645.8 731.2 668.7 660.0 747.2 storage-tank 0
653.0 757.0 745.3 697.1 766.0 729.0 673.7 788.9 storage-tank 0
638.9 192.8 651.7 198.6 631.1 244.2 618.3 238.4 storage-tank 0
607.3 258.4 622.9 279.2 611.7 287.6 596.1 266.8 storage-tank 0
689.0 408.8 750.6 354.6 781.0 389.2 719.4 443.4 storage-tank 0
355.8 430.1 362.9 413.6 394.2 426.9 387.1 443.4 storage-tank 0
738.1 363.3 744.1 355.2 812.9 406.7 806.9 414.8 storage-tank 0
697.3 469.7 782.8 388.4 800.7 407.3 715.2 488.6 storage-tank 0
718.7 498.3 790.6 437.8 807.3 457.7 735.4 518.2 storage-tank 0
733.4 536.2 806.1 476.7 822.6 496.8 749.9 556.3 storage-tank 0
746.5 447.6 814.5 382.6 832.5 401.4 764.5 466.4 storage-tank 0
760.5 489.5 828.9 419.4 847.5 437.5 779.1 507.6 storage-tank 0
775.0 524.1 844.4 460.7 862.0 479.9 792.6 543.3 storage-tank 0
798.1 333.8 855.1 286.7 886.9 325.2 829.9 372.3 storage-tank 0
824.6 382.5 873.6 344.6 894.4 371.5 845.4 409.4 storage-tank 0
844.3 427.2 886.9 394.0 907.7 420.8 865.1 454.0 storage-tank 0
862.6 480.1 904.7 440.2 925.4 461.9 883.3 501.8 storage-tank 0
776.6 114.8 807.2 137.3 770.4 187.2 739.8 164.7 storage-tank 0
