847.0 975.9 854.8 992.1 799.0 1019.1 791.2 1002.9 storage-tank 0
782.4 1002.0 786.6 1015.4 746.6 1028.0 742.4 1014.6 storage-tank 0
37.0 828.2 61.2 810.4 88.3 847.6 64.1 865.3 large-vehicle 0
27.1 914.9 29.1 915.1 28.9 917.1 26.9 916.9 large-vehicle 0
49.9 653.2 107.9 652.8 108.1 694.8 50.1 695.2 large-vehicle 0
201.2 210.2 249.8 198.4 260.7 243.1 212.1 254.9 large-vehicle 0
759.7 985.8 783.5 951.2 808.3 968.2 784.5 1002.8 storage-tank 0
575.9 809.6 578.6 791.8 628.1 799.4 625.4 817.2 storage-tank 0
1023.5 594.2 1037.5 620.7 1014.5 632.8 1000.5 606.3 storage-tank 0
1029.4 712.9 1032.4 722.4 1007.6 730.1 1004.6 720.6 storage-tank 0
970.6 731.8 1008.7 677.8 1023.4 688.2 985.3 742.2 storage-tank 0
983.8 722.4 1009.5 636.1 1038.2 644.6 1012.5 730.9 storage-tank 0
772.9 643.9 781.6 623.7 831.1 645.1 822.4 665.3 storage-tank 0
836.1 532.1 876.6 553.8 852.9 597.9 812.4 576.2 storage-tank 0
779.4 510.3 823.7 541.1 806.6 565.7 762.3 534.9 storage-tank 0
765.3 547.7 800.5 588.7 777.7 608.3 742.5 567.3 storage-tank 0
769.5 605.8 772.1 623.6 734.5 629.2 731.9 611.4 storage-tank 0
678.0 538.6 718.4 516.5 750.0 574.4 709.6 596.5 storage-tank 0
686.7 854.6 694.4 834.0 741.3 851.4 733.6 872.0 storage-tank 0
658.6 838.5 666.4 817.9 694.4 828.5 686.6 849.1 storage-tank 0
756.1 802.1 759.8 819.7 706.9 830.9 703.2 813.3 storage-tank 0
712.7 785.5 715.7 803.2 678.3 809.5 675.3 791.8 storage-tank 0
774.3 765.7 778.8 778.9 727.7 796.3 723.2 783.1 storage-tank 0
695.3 764.9 704.3 744.8 731.7 757.1 722.7 777.2 storage-tank 0
763.1 703.3 805.9 763.7 774.9 785.7 732.1 725.3 storage-tank 0
716.2 719.5 730.9 709.2 745.8 730.5 731.1 740.8 storage-tank 0
630.0 618.2 736.6 677.6 722.0 703.8 615.4 644.4 storage-tank 0
711.5 664.5 715.9 673.5 602.5 728.5 598.1 719.5 storage-tank 0
668.2 709.8 673.3 718.3 609.8 756.2 604.7 747.7 storage-tank 0
656.0 755.0 658.7 768.7 586.0 783.0 583.3 769.3 storage-tank 0
825.8 577.1 849.4 611.8 821.2 630.9 797.6 596.2 storage-tank 0
788.7 930.4 845.9 866.3 865.3 883.6 808.1 947.7 storage-tank 0
984.5 688.9 987.9 698.3 963.5 707.1 960.1 697.7 storage-tank 0
816.9 874.3 848.0 840.4 870.1 860.7 839.0 894.6 storage-tank 0
915.6 756.1 1045.9 576.3 1060.4 586.9 930.1 766.7 storage-tank 0
903.2 721.0 968.4 637.4 985.8 651.0 920.6 734.6 storage-tank 0
916.0 689.4 989.7 607.8 1006.0 622.6 932.3 704.2 storage-tank 0
914.2 640.1 924.4 625.2 945.8 639.9 935.6 654.8 storage-tank 0
928.5 659.3 931.6 673.0 898.5 680.7 895.4 667.0 storage-tank 0
936.0 884.6 964.1 774.1 997.0 782.4 968.9 892.9 storage-tank 0
938.8 813.9 1007.1 749.4 1033.2 777.1 964.9 841.6 storage-tank 0
878.6 841.4 967.0 769.4 983.4 789.6 895.0 861.6 storage-tank 0
899.0 809.0 982.6 725.6 1001.0 744.0 917.4 827.4 storage-tank 0
870.8 780.1 939.5 715.9 957.2 734.9 888.5 799.1 storage-tank 0
881.4 722.7 895.4 734.0 876.6 757.3 862.6 746.0 storage-tank 0
822.9 879.3 946.8 699.9 968.1 714.7 844.2 894.1 storage-tank 0
825.3 808.6 865.2 732.5 891.7 746.4 851.8 822.5 storage-tank 0
905.5 914.7 913.6 894.2 941.5 905.3 933.4 925.8 storage-tank 0
881.6 935.3 894.5 922.8 929.4 958.7 916.5 971.2 storage-tank 0
866.0 887.6 880.7 871.3 903.0 891.4 888.3 907.7 storage-tank 0
884.2 917.8 885.5 927.7 843.8 933.2 842.5 923.3 storage-tank 0
176.9 322.3 214.9 323.8 213.1 369.7 175.1 368.2 large-vehicle 0
