939.8 611.9 945.6 599.2 969.2 610.1 963.4 622.8 storage-tank 0
951.4 709.7 981.0 669.4 1024.6 701.3 995.0 741.6 storage-tank 0
991.7 656.9 1023.1 643.9 1042.3 690.1 1010.9 703.1 storage-tank 0
907.9 654.0 911.7 644.8 932.1 653.0 928.3 662.2 storage-tank 0
871.6 618.4 877.3 610.2 918.4 638.6 912.7 646.8 storage-tank 0
924.1 635.7 927.9 626.4 951.9 636.3 948.1 645.6 storage-tank 0
881.8 538.6 953.2 675.1 937.2 683.4 865.8 546.9 storage-tank 0
357.7 827.7 460.2 931.7 447.3 944.3 344.8 840.3 storage-tank 0
320.2 939.9 331.5 925.8 351.8 942.1 340.5 956.2 storage-tank 0
346.2 980.6 360.7 945.5 384.8 955.4 370.3 990.5 storage-tank 0
347.2 912.0 357.2 902.2 386.8 932.0 376.8 941.8 storage-tank 0
408.4 930.9 411.6 944.5 374.6 953.1 371.4 939.5 storage-tank 0
418.6 895.0 419.5 900.9 350.4 912.0 349.5 906.1 storage-tank 0
403.3 920.4 406.4 906.8 431.7 912.6 428.6 926.2 storage-tank 0
407.0 867.5 411.9 858.8 431.0 869.5 426.1 878.2 storage-tank 0
389.8 966.0 476.8 801.7 496.2 812.0 409.2 976.3 storage-tank 0
402.4 929.3 522.7 782.3 536.6 793.7 416.3 940.7 storage-tank 0
444.4 791.9 457.5 913.2 439.6 915.1 426.5 793.8 storage-tank 0
917.8 579.0 930.7 573.7 939.2 594.0 926.3 599.3 storage-tank 0
937.8 559.1 949.8 545.6 969.2 562.9 957.2 576.4 storage-tank 0
907.3 685.1 1030.2 471.9 1052.7 484.9 929.8 698.1 storage-tank 0
963.2 533.7 972.8 518.5 994.8 532.3 985.2 547.5 storage-tank 0
990.4 555.8 1003.0 543.0 1021.6 561.2 1009.0 574.0 storage-tank 0
968.5 489.9 979.7 475.9 1037.5 522.1 1026.3 536.1 storage-tank 0
308.5 919.2 345.2 1001.3 310.5 1016.8 273.8 934.7 storage-tank 0
