-2.4 794.0 44.6 776.8 60.4 820.0 13.4 837.2 storage-tank 0
45.4 818.1 66.9 832.9 47.6 860.9 26.1 846.1 storage-tank 0
120.0 792.9 136.1 836.0 93.0 852.1 76.9 809.0 storage-tank 0
94.8 862.3 104.2 846.9 133.2 864.7 123.8 880.1 storage-tank 0
669.7 990.9 679.1 994.4 661.3 1041.1 651.9 1037.6 storage-tank 0
546.8 480.2 595.9 524.4 581.2 540.8 532.1 496.6 storage-tank 0
577.6 523.8 598.7 539.1 583.4 560.2 562.3 544.9 storage-tank 0
570.5 493.8 572.5 484.0 617.5 493.2 615.5 503.0 storage-tank 0
620.4 505.4 624.5 543.2 602.6 545.6 598.5 507.8 storage-tank 0
627.0 980.5 630.9 971.3 688.0 995.5 684.1 1004.7 storage-tank 0
621.6 965.8 654.1 1018.6 635.4 1030.2 602.9 977.4 storage-tank 0
176.2 762.1 206.3 785.3 175.8 824.9 145.7 801.7 storage-tank 0
211.3 817.3 215.1 839.0 177.7 845.7 173.9 824.0 storage-tank 0
357.1 643.0 398.8 581.9 426.9 601.0 385.2 662.1 storage-tank 0
449.0 586.1 450.9 620.1 401.0 622.9 399.1 588.9 storage-tank 0
416.9 640.1 421.3 657.6 396.1 663.9 391.7 646.4 storage-tank 0
419.3 639.8 420.9 625.9 450.7 629.2 449.1 643.1 storage-tank 0
549.8 291.3 550.2 289.3 552.2 289.7 551.8 291.7 ship 0
