199.5 646.4 242.1 696.9 185.5 744.6 142.9 694.1 storage-tank 0
169.8 538.2 224.2 582.2 175.2 642.8 120.8 598.8 storage-tank 0
240.5 526.8 282.1 532.7 274.5 586.2 232.9 580.3 storage-tank 0
247.7 589.9 289.7 591.1 288.3 645.1 246.3 643.9 storage-tank 0
251.4 658.4 290.9 644.1 310.6 698.6 271.1 712.9 storage-tank 0
200.5 751.1 261.6 785.2 225.5 849.9 164.4 815.8 storage-tank 0
263.6 721.2 303.1 707.0 321.4 757.8 281.9 772.0 storage-tank 0
273.9 783.0 316.9 766.6 336.1 817.0 293.1 833.4 storage-tank 0
417.6 90.5 419.0 89.1 420.4 90.5 419.0 91.9 large-vehicle 0
42.7 787.2 98.2 823.0 60.3 881.8 4.8 846.0 storage-tank 0
25.3 681.8 78.2 714.0 39.7 777.2 -13.2 745.0 storage-tank 0
441.5 83.8 443.0 82.5 444.4 83.9 442.9 85.3 large-vehicle 0
453.6 77.0 455.1 75.6 456.4 77.1 454.9 78.5 large-vehicle 0
566.6 99.7 567.3 101.6 565.4 102.3 564.7 100.4 large-vehicle 0
765.1 378.4 767.1 378.6 766.9 380.6 764.9 380.4 large-vehicle 0
741.6 448.5 742.9 447.0 744.4 448.4 743.1 449.8 large-vehicle 0
808.6 280.3 810.3 281.3 809.2 283.0 807.5 282.0 large-vehicle 0
704.2 287.0 706.0 286.2 706.8 288.0 705.0 288.8 large-vehicle 0
861.4 179.8 862.5 181.5 860.8 182.6 859.7 180.9 large-vehicle 0
796.9 231.6 798.4 232.9 797.1 234.4 795.6 233.1 large-vehicle 0
850.5 598.5 852.5 598.5 852.5 600.5 850.5 600.5 large-vehicle 0
770.4 627.7 772.3 628.4 771.6 630.3 769.7 629.6 large-vehicle 0
789.1 720.6 790.4 722.1 788.9 723.4 787.6 721.9 large-vehicle 0
871.3 912.2 873.0 913.2 872.1 915.0 870.3 914.0 large-vehicle 0
795.2 879.4 796.9 880.4 795.9 882.1 794.2 881.1 large-vehicle 0
772.1 945.1 773.9 946.1 772.9 947.8 771.2 946.9 large-vehicle 0
735.2 989.1 743.4 994.9 730.8 1012.9 722.6 1007.1 large-vehicle 0
521.9 991.1 523.2 1009.0 497.2 1010.8 496.0 992.9 large-vehicle 0
491.1 983.9 520.1 976.0 523.8 989.5 494.8 997.4 large-vehicle 0
539.9 957.6 541.4 958.9 540.1 960.4 538.6 959.1 large-vehicle 0
582.7 927.0 594.3 934.8 582.0 953.1 570.4 945.2 large-vehicle 0
614.1 945.2 615.8 946.1 614.9 947.8 613.2 946.9 large-vehicle 0
