20.0 31.5 31.2 39.9 18.0 57.5 6.8 49.1 storage-tank 0
12.8 83.5 13.7 73.6 115.2 83.5 114.3 93.4 storage-tank 0
31.0 -10.3 106.8 80.2 90.0 94.3 14.2 3.8 storage-tank 0
88.6 47.6 97.4 58.4 80.4 72.4 71.6 61.6 storage-tank 0
164.1 -10.4 187.9 33.6 143.9 57.4 120.1 13.4 storage-tank 0
307.5 135.9 366.6 173.5 320.5 246.1 261.4 208.5 storage-tank 0
214.3 244.4 288.0 252.1 278.7 341.6 205.0 333.9 storage-tank 0
139.1 222.7 183.3 305.7 110.9 344.3 66.7 261.3 storage-tank 0
160.9 336.0 230.3 361.6 199.1 446.0 129.7 420.4 storage-tank 0
191.4 127.6 251.4 183.4 195.6 243.4 135.6 187.6 storage-tank 0
246.4 46.6 290.5 84.2 247.6 134.4 203.5 96.8 storage-tank 0
42.0 8.9 51.4 19.3 35.0 34.1 25.6 23.7 storage-tank 0
8.1 15.1 89.3 95.2 73.9 110.9 -7.3 30.8 storage-tank 0
19.1 155.9 20.8 146.0 77.9 156.1 76.2 166.0 storage-tank 0
-6.7 177.4 24.8 156.2 52.7 197.6 21.2 218.8 storage-tank 0
43.9 118.9 46.3 132.7 -6.9 142.1 -9.3 128.3 storage-tank 0
