924.4 736.1 926.0 735.0 927.2 736.6 925.5 737.7 ship 0
32.4 643.6 61.0 662.1 31.6 707.4 3.0 688.9 storage-tank 0
104.9 738.3 150.7 742.9 146.1 788.7 100.3 784.1 storage-tank 0
144.1 776.2 172.6 766.6 189.9 817.8 161.4 827.4 storage-tank 0
370.5 145.3 371.5 143.6 373.2 144.6 372.2 146.3 ship 0
313.5 169.4 314.3 167.6 316.1 168.4 315.3 170.2 ship 0
781.7 653.6 783.4 654.7 782.3 656.4 780.6 655.3 ship 0
785.6 628.6 786.9 630.1 785.4 631.4 784.1 629.9 ship 0
780.5 601.0 780.5 603.0 778.5 603.0 778.5 601.0 ship 0
762.5 577.0 770.5 565.5 811.5 594.0 803.5 605.5 ship 0
782.7 561.9 783.6 560.2 785.3 561.1 784.4 562.8 ship 0
814.7 532.9 815.9 546.9 766.0 550.9 764.9 537.0 ship 0
551.4 578.1 553.3 577.7 553.8 579.6 551.8 580.1 harbor 0
934.1 603.7 935.3 602.1 936.9 603.3 935.7 604.9 ship 0
947.0 699.2 948.3 697.6 949.9 698.9 948.6 700.4 ship 0
936.1 720.4 937.6 719.1 938.9 720.6 937.4 721.9 ship 0
70.9 609.7 88.3 623.2 65.1 653.3 47.7 639.8 storage-tank 0
45.2 573.8 59.9 590.1 19.8 626.2 5.1 609.9 storage-tank 0
122.3 553.4 137.5 563.0 108.7 608.6 93.5 599.0 storage-tank 0
211.7 114.1 213.1 112.7 214.6 114.0 213.2 115.5 ship 0
100.0 526.3 114.8 536.6 77.0 590.7 62.2 580.4 storage-tank 0
