326.2 198.9 370.6 229.7 339.8 274.1 295.4 243.3 ground-track-field 0
316.5 -116.2 652.1 82.5 351.5 590.2 15.9 391.5 soccer-ball-field 0
751.2 312.5 753.0 311.8 753.8 313.7 751.9 314.4 bridge 0
728.9 -11.7 773.4 11.0 747.1 62.7 702.6 40.0 ground-track-field 0
637.4 -215.3 989.3 -38.2 835.6 267.3 483.7 90.2 soccer-ball-field 0
42.1 424.6 43.9 423.6 44.9 425.4 43.1 426.4 bridge 0
41.3 435.2 41.8 433.3 43.7 433.8 43.2 435.7 bridge 0
39.9 448.9 40.1 446.9 42.1 447.1 41.9 449.1 bridge 0
40.8 441.3 41.1 439.4 43.1 439.7 42.8 441.6 bridge 0
68.5 142.5 69.9 143.9 68.5 145.4 67.1 144.0 bridge 0
