887.7 570.5 889.2 571.8 887.8 573.3 886.3 572.0 bridge 0
146.3 353.5 176.4 407.7 104.7 447.5 74.6 393.3 storage-tank 0
88.9 193.7 119.8 247.5 52.1 286.3 21.2 232.5 storage-tank 0
192.1 273.3 233.6 324.7 172.9 373.7 131.4 322.3 storage-tank 0
392.6 45.0 400.0 110.6 334.4 118.0 327.0 52.4 storage-tank 0
257.0 202.0 288.5 250.7 223.0 293.0 191.5 244.3 storage-tank 0
77.1 62.7 91.3 127.2 22.9 142.3 8.7 77.8 storage-tank 0
87.9 190.8 102.4 118.2 167.1 131.2 152.6 203.8 storage-tank 0
224.2 940.0 244.0 967.6 209.8 992.0 190.0 964.4 large-vehicle 0
8.9 873.9 9.1 875.9 7.1 876.1 6.9 874.1 large-vehicle 0
628.4 399.0 636.0 392.4 642.6 400.0 635.0 406.6 large-vehicle 0
610.0 256.3 612.2 238.4 638.0 241.7 635.8 259.6 large-vehicle 0
228.6 859.9 230.1 858.6 231.4 860.1 229.9 861.4 large-vehicle 0
173.3 827.2 176.0 821.9 195.7 831.8 193.0 837.1 large-vehicle 0
171.4 844.4 175.9 827.0 189.4 830.5 185.0 847.9 large-vehicle 0
235.0 515.0 244.9 524.9 204.0 566.0 194.1 556.1 large-vehicle 0
54.9 888.8 59.6 851.1 125.1 859.2 120.4 896.9 large-vehicle 0
145.8 620.1 147.4 621.3 146.2 622.9 144.6 621.7 large-vehicle 0
330.1 270.5 338.3 254.5 390.0 280.8 381.8 296.9 large-vehicle 0
333.6 310.7 335.3 309.7 336.3 311.4 334.6 312.4 large-vehicle 0
267.2 402.0 269.0 401.2 269.8 403.0 268.0 403.8 large-vehicle 0
21.5 760.0 23.1 758.7 24.3 760.3 22.8 761.5 large-vehicle 0
126.1 564.3 153.1 551.3 166.2 578.3 139.2 591.3 large-vehicle 0
163.6 522.8 176.2 516.8 187.4 540.2 174.8 546.2 large-vehicle 0
