578.8 879.5 627.6 856.4 654.2 912.5 605.4 935.6 storage-tank 0
528.4 895.0 569.5 866.4 602.6 914.0 561.5 942.6 storage-tank 0
568.4 676.9 595.9 713.8 552.6 746.1 525.1 709.2 storage-tank 0
634.8 819.0 672.2 792.3 701.2 833.0 663.8 859.7 storage-tank 0
573.7 822.1 612.5 790.5 659.3 847.9 620.5 879.5 storage-tank 0
532.5 828.1 573.7 807.5 601.5 862.9 560.3 883.5 storage-tank 0
741.6 692.3 751.6 664.0 787.4 676.7 777.4 705.0 storage-tank 0
635.5 690.1 725.4 626.7 756.5 670.9 666.6 734.3 storage-tank 0
577.3 672.8 662.6 603.3 696.7 645.2 611.4 714.7 storage-tank 0
635.8 617.7 727.0 594.7 738.2 639.3 647.0 662.3 storage-tank 0
598.3 583.8 647.5 575.1 657.7 632.2 608.5 640.9 storage-tank 0
620.5 700.2 665.1 688.9 673.5 721.8 628.9 733.1 storage-tank 0
476.4 705.9 486.7 696.4 528.6 742.1 518.3 751.6 storage-tank 0
461.9 641.8 472.4 632.6 529.1 697.2 518.6 706.4 storage-tank 0
455.6 613.5 464.5 597.8 518.4 628.5 509.5 644.2 storage-tank 0
