124.6 772.7 170.2 778.5 167.4 800.3 121.8 794.5 storage-tank 0
120.0 753.4 134.0 718.1 173.0 733.6 159.0 768.9 storage-tank 0
126.9 684.2 171.5 695.6 165.1 720.8 120.5 709.4 storage-tank 0
72.7 792.1 250.5 879.3 244.3 891.9 66.5 804.7 storage-tank 0
147.8 830.6 153.7 805.3 171.2 809.4 165.3 834.7 storage-tank 0
138.8 808.7 143.3 812.6 126.2 832.3 121.7 828.4 storage-tank 0
48.8 800.5 225.4 870.5 220.2 883.5 43.6 813.5 storage-tank 0
67.4 871.0 86.0 946.7 68.6 951.0 50.0 875.3 storage-tank 0
51.7 918.9 61.4 921.3 52.3 958.1 42.6 955.7 storage-tank 0
83.3 918.3 87.8 922.3 54.7 959.7 50.2 955.7 storage-tank 0
81.8 905.6 91.3 902.4 97.2 919.4 87.7 922.6 storage-tank 0
81.5 930.9 91.1 927.9 96.5 945.1 86.9 948.1 storage-tank 0
106.4 903.5 116.4 904.5 114.6 922.5 104.6 921.5 storage-tank 0
107.9 927.5 117.6 930.0 113.1 947.5 103.4 945.0 storage-tank 0
128.3 902.9 138.2 904.3 135.7 922.1 125.8 920.7 storage-tank 0
76.2 776.2 241.6 1038.4 229.8 1045.8 64.4 783.6 storage-tank 0
125.5 929.5 135.4 927.8 138.5 945.5 128.6 947.2 storage-tank 0
107.5 794.0 209.7 1078.2 196.5 1083.0 94.3 798.8 storage-tank 0
143.9 858.8 144.1 868.8 126.1 869.2 125.9 859.2 storage-tank 0
149.7 856.7 154.6 853.3 167.3 871.3 162.4 874.7 storage-tank 0
39.4 837.5 53.2 839.8 49.6 861.5 35.8 859.2 storage-tank 0
9.7 310.0 10.2 308.1 12.1 308.5 11.7 310.5 ship 0
620.1 375.1 621.4 376.6 619.9 377.9 618.6 376.4 ship 0
505.2 162.8 506.7 161.5 508.0 163.0 506.5 164.3 ship 0
415.6 710.4 553.0 660.9 560.4 681.6 423.0 731.1 storage-tank 0
492.5 680.9 499.2 673.4 542.5 712.1 535.8 719.6 storage-tank 0
535.7 682.4 540.3 678.6 554.3 695.6 549.7 699.4 storage-tank 0
574.9 674.4 579.0 678.8 551.1 704.6 547.0 700.2 storage-tank 0
214.8 713.9 234.3 672.2 283.2 695.1 263.7 736.8 storage-tank 0
350.0 671.8 365.1 719.5 306.0 738.2 290.9 690.5 storage-tank 0
237.5 732.2 287.1 753.4 259.5 817.8 209.9 796.6 storage-tank 0
238.8 809.6 289.8 837.4 258.2 895.4 207.2 867.6 storage-tank 0
323.2 808.4 372.2 846.4 331.8 898.6 282.8 860.6 storage-tank 0
60.8 838.6 69.0 832.9 86.2 857.4 78.0 863.1 storage-tank 0
81.4 805.0 88.3 812.3 66.6 833.0 59.7 825.7 storage-tank 0
-13.4 810.6 100.6 806.5 101.4 828.4 -12.6 832.5 storage-tank 0
30.1 691.9 37.0 684.6 58.9 705.1 52.0 712.4 storage-tank 0
44.8 674.2 52.0 667.3 103.2 720.8 96.0 727.7 storage-tank 0
-11.6 736.7 92.3 700.5 99.6 721.3 -4.3 757.5 storage-tank 0
60.6 720.6 68.3 714.2 87.4 737.4 79.7 743.8 storage-tank 0
-4.5 739.2 96.1 756.1 92.5 777.8 -8.1 760.9 storage-tank 0
81.8 745.0 88.2 752.7 65.2 772.0 58.8 764.3 storage-tank 0
40.5 776.8 54.2 779.8 49.5 801.2 35.8 798.2 storage-tank 0
59.4 781.3 66.5 774.3 87.6 795.7 80.5 802.7 storage-tank 0
427.4 711.8 549.4 716.2 548.6 738.2 426.6 733.8 storage-tank 0
527.6 701.7 532.8 704.7 508.4 748.3 503.2 745.3 storage-tank 0
560.7 710.6 566.4 718.8 548.3 731.4 542.6 723.2 storage-tank 0
483.8 766.9 489.9 824.6 428.2 831.1 422.1 773.4 storage-tank 0
967.7 392.1 968.9 393.7 967.3 394.9 966.1 393.3 ship 0
479.9 171.5 480.3 173.4 478.3 173.8 477.9 171.8 ship 0
635.1 459.2 636.9 460.1 636.1 461.9 634.3 461.0 harbor 0
609.2 972.6 652.9 928.7 696.8 972.4 653.1 1016.3 storage-tank 0
733.4 929.6 778.3 966.3 736.6 1017.4 691.7 980.7 storage-tank 0
790.1 945.8 851.7 938.6 858.9 1000.2 797.3 1007.4 storage-tank 0
862.7 974.7 903.9 928.4 953.3 972.3 912.1 1018.6 storage-tank 0
816.6 851.0 865.5 882.1 834.4 931.0 785.5 899.9 storage-tank 0
922.9 854.0 946.0 898.3 891.1 927.0 868.0 882.7 storage-tank 0
834.3 761.3 854.3 777.9 814.7 825.7 794.7 809.1 storage-tank 0
751.0 850.9 775.1 908.0 718.0 932.1 693.9 875.0 storage-tank 0
672.1 850.8 693.2 909.1 634.9 930.2 613.8 871.9 storage-tank 0
699.2 821.8 709.5 756.6 770.8 766.2 760.5 831.4 storage-tank 0
665.7 756.1 692.9 802.7 639.3 833.9 612.1 787.3 storage-tank 0
495.1 800.3 539.5 757.1 579.9 798.7 535.5 841.9 storage-tank 0
440.0 838.2 499.8 866.0 472.0 925.8 412.2 898.0 storage-tank 0
497.2 861.4 560.6 843.1 577.8 902.6 514.4 920.9 storage-tank 0
427.5 952.2 436.5 947.7 444.5 963.8 435.5 968.3 storage-tank 0
458.7 945.4 472.0 949.6 465.3 970.6 452.0 966.4 storage-tank 0
487.7 947.7 496.8 951.9 489.3 968.3 480.2 964.1 storage-tank 0
447.8 966.4 455.4 972.9 425.2 1007.6 417.6 1001.1 storage-tank 0
451.0 968.1 464.7 965.0 474.0 1005.9 460.3 1009.0 storage-tank 0
475.7 968.9 489.1 964.9 501.3 1005.1 487.9 1009.1 storage-tank 0
523.6 948.7 526.7 953.9 504.4 967.3 501.3 962.1 storage-tank 0
518.4 940.8 527.5 1030.4 509.6 1032.2 500.5 942.6 storage-tank 0
550.1 949.3 553.2 954.4 530.9 967.7 527.8 962.6 storage-tank 0
530.8 966.5 540.6 964.4 549.2 1005.5 539.4 1007.6 storage-tank 0
571.0 946.7 577.6 954.2 558.0 971.3 551.4 963.8 storage-tank 0
561.4 975.5 571.1 978.0 566.6 995.5 556.9 993.0 storage-tank 0
612.0 713.0 652.0 671.0 694.0 711.0 654.0 753.0 storage-tank 0
750.6 670.5 775.4 723.0 719.4 749.5 694.6 697.0 storage-tank 0
780.9 718.0 824.6 668.6 868.1 707.0 824.4 756.4 storage-tank 0
864.4 724.1 899.4 668.1 948.6 698.9 913.6 754.9 storage-tank 0
865.2 795.4 907.4 750.1 949.8 789.6 907.6 834.9 storage-tank 0
