526.1 795.1 566.2 824.9 526.9 877.9 486.8 848.1 storage-tank 0
463.6 827.7 481.4 840.6 440.4 897.3 422.6 884.4 storage-tank 0
851.5 872.7 880.8 866.3 886.3 891.7 857.0 898.1 large-vehicle 0
961.9 796.8 963.0 795.1 964.7 796.2 963.6 797.9 bridge 0
598.2 588.9 607.6 599.2 573.6 630.2 564.2 619.9 large-vehicle 0
574.6 638.7 575.9 620.8 621.8 624.0 620.5 641.9 large-vehicle 0
958.1 774.2 959.3 772.6 960.9 773.9 959.6 775.4 large-vehicle 0
335.0 347.7 368.6 384.8 302.0 445.3 268.4 408.2 storage-tank 0
368.3 416.3 410.4 467.1 328.7 534.7 286.6 483.9 storage-tank 0
401.7 513.7 424.1 558.4 354.3 593.3 331.9 548.6 storage-tank 0
436.9 578.6 464.7 624.9 384.1 673.4 356.3 627.1 storage-tank 0
485.3 686.1 538.8 748.3 485.7 793.9 432.2 731.7 storage-tank 0
403.1 719.2 455.3 782.5 419.9 811.8 367.7 748.5 storage-tank 0
400.1 355.1 417.9 342.0 435.6 366.2 417.9 379.2 large-vehicle 0
415.1 322.4 416.6 321.1 417.9 322.6 416.4 323.9 large-vehicle 0
473.1 441.2 482.1 436.6 493.9 459.8 484.9 464.4 large-vehicle 0
438.5 422.0 442.7 413.0 466.2 424.1 462.0 433.1 large-vehicle 0
454.4 440.3 464.1 437.9 469.4 459.3 459.7 461.7 large-vehicle 0
385.3 262.6 394.8 259.7 398.9 273.1 389.3 276.0 large-vehicle 0
383.0 266.7 384.7 265.7 385.7 267.4 384.0 268.4 large-vehicle 0
377.7 272.8 379.2 271.5 380.5 273.0 379.0 274.3 large-vehicle 0
362.4 267.5 370.6 261.8 380.8 276.6 372.6 282.3 large-vehicle 0
405.4 272.0 423.3 270.5 426.6 308.4 408.6 309.9 large-vehicle 0
346.5 15.4 354.7 9.8 371.5 34.6 363.3 40.2 large-vehicle 0
