694.8 719.4 696.0 721.1 694.4 722.2 693.2 720.6 ship 0
931.6 499.9 952.4 507.0 904.4 649.1 883.6 642.0 ship 0
959.2 230.1 978.9 247.1 956.8 272.9 937.1 255.9 ship 0
746.0 80.0 778.5 69.9 795.6 125.3 763.2 135.4 ship 0
422.4 110.6 442.5 127.1 395.6 184.4 375.5 167.9 ship 0
401.3 105.0 410.9 115.2 365.9 157.8 356.2 147.6 ship 0
318.2 222.5 325.2 229.6 272.8 281.8 265.7 274.7 ship 0
336.1 241.3 352.7 255.7 314.9 299.7 298.3 285.3 ship 0
333.9 233.2 338.3 237.3 283.1 297.9 278.6 293.8 ship 0
164.8 336.2 181.4 350.7 95.6 448.4 79.1 433.9 ship 0
185.2 370.5 204.8 387.6 129.8 473.5 110.2 456.4 ship 0
