352.5 430.0 354.0 428.8 355.3 430.4 353.7 431.6 large-vehicle 0
324.2 251.3 325.5 252.8 324.0 254.1 322.7 252.7 large-vehicle 0
498.0 82.2 498.8 84.0 497.0 84.8 496.2 83.0 large-vehicle 0
457.9 104.4 458.1 106.4 456.1 106.6 455.9 104.6 large-vehicle 0
557.2 190.1 557.9 188.2 559.8 188.9 559.1 190.8 large-vehicle 0
303.4 299.4 305.3 298.6 306.0 300.5 304.2 301.2 large-vehicle 0
334.6 381.8 336.2 380.6 337.4 382.2 335.8 383.4 large-vehicle 0
398.1 457.4 399.7 456.1 400.9 457.7 399.4 458.9 large-vehicle 0
598.4 324.2 600.3 323.9 600.6 325.8 598.7 326.1 large-vehicle 0
676.0 534.5 677.6 535.7 676.4 537.3 674.8 536.1 large-vehicle 0
423.0 569.3 437.1 558.2 458.1 585.0 444.0 596.1 large-vehicle 0
765.8 719.3 767.3 720.6 766.0 722.1 764.5 720.8 large-vehicle 0
471.4 694.2 491.4 685.0 510.6 726.8 490.6 736.0 large-vehicle 0
700.2 798.0 702.0 797.2 702.8 799.0 701.0 799.8 large-vehicle 0
432.5 854.8 434.4 854.2 435.0 856.1 433.1 856.7 large-vehicle 0
551.1 958.1 552.7 957.0 553.8 958.7 552.2 959.8 large-vehicle 0
511.3 872.5 512.9 871.3 514.1 872.9 512.5 874.1 large-vehicle 0
709.0 366.9 710.9 366.5 711.3 368.5 709.3 368.8 ship 0
593.1 997.3 594.2 995.6 595.9 996.7 594.8 998.4 large-vehicle 0
624.5 887.2 625.8 888.7 624.4 890.1 623.0 888.6 large-vehicle 0
194.6 703.7 196.3 702.6 197.4 704.3 195.7 705.4 large-vehicle 0
216.7 34.9 218.6 34.2 219.3 36.1 217.4 36.8 large-vehicle 0
210.3 747.1 211.6 745.6 213.1 747.0 211.7 748.4 large-vehicle 0
227.2 794.6 228.1 792.8 229.9 793.7 229.0 795.5 large-vehicle 0
249.8 851.1 250.9 852.8 249.2 853.9 248.1 852.2 large-vehicle 0
91.7 697.3 114.3 684.3 131.3 713.7 108.7 726.7 large-vehicle 0
16.7 705.4 39.1 692.3 56.3 721.6 33.9 734.7 large-vehicle 0
73.2 385.0 75.0 384.2 75.8 386.0 74.0 386.8 large-vehicle 0
34.1 301.9 35.9 301.0 36.8 302.8 35.0 303.7 large-vehicle 0
160.3 164.8 161.1 166.6 159.2 167.4 158.4 165.5 large-vehicle 0
