101.9 258.0 109.4 264.6 92.1 284.0 84.6 277.4 storage-tank 0
68.4 249.8 93.8 244.5 96.6 258.2 71.2 263.5 storage-tank 0
49.7 238.4 64.8 217.2 89.3 234.6 74.2 255.8 storage-tank 0
287.7 261.8 314.7 299.0 303.3 307.2 276.3 270.0 storage-tank 0
64.1 370.3 186.7 449.6 176.9 464.7 54.3 385.4 storage-tank 0
8.9 449.0 86.2 354.6 100.1 366.0 22.8 460.4 storage-tank 0
50.3 330.9 108.8 447.0 92.7 455.1 34.2 339.0 storage-tank 0
25.1 366.0 121.1 346.3 123.9 360.0 27.9 379.7 storage-tank 0
100.3 331.3 107.9 337.8 85.7 363.7 78.1 357.2 storage-tank 0
108.4 354.6 115.4 361.8 102.6 374.4 95.6 367.2 storage-tank 0
26.4 339.4 155.2 408.2 148.6 420.6 19.8 351.8 storage-tank 0
76.4 439.8 85.3 435.2 93.6 451.2 84.7 455.8 storage-tank 0
93.5 426.5 102.0 421.2 111.5 436.5 103.0 441.8 storage-tank 0
91.6 351.4 201.6 427.9 184.4 452.6 74.4 376.1 storage-tank 0
286.8 284.1 288.7 284.7 283.2 301.9 281.3 301.3 storage-tank 0
143.4 415.6 152.6 411.8 159.6 428.4 150.4 432.2 storage-tank 0
127.2 429.0 136.2 424.7 143.8 441.0 134.8 445.3 storage-tank 0
106.9 452.5 107.1 446.5 129.1 447.5 128.9 453.5 storage-tank 0
53.8 493.1 132.1 421.6 144.2 434.9 65.9 506.4 storage-tank 0
264.4 312.3 264.6 318.3 250.6 318.7 250.4 312.7 storage-tank 0
270.4 321.2 271.4 327.1 261.6 328.8 260.6 322.9 storage-tank 0
268.4 301.7 273.6 304.6 268.6 313.3 263.4 310.4 storage-tank 0
280.9 310.5 284.4 315.4 273.1 323.5 269.6 318.6 storage-tank 0
586.2 695.2 590.4 690.9 645.8 745.8 641.6 750.1 storage-tank 0
579.6 697.4 580.3 695.5 664.4 727.6 663.7 729.5 storage-tank 0
596.8 687.0 598.0 685.4 652.2 723.0 651.0 724.6 storage-tank 0
646.1 690.5 646.7 692.5 613.9 701.5 613.3 699.5 storage-tank 0
61.6 367.0 67.7 375.0 53.4 386.0 47.3 378.0 storage-tank 0
-10.9 422.7 79.3 346.6 90.9 360.3 0.7 436.4 storage-tank 0
187.0 446.0 217.2 500.1 205.0 507.0 174.8 452.9 storage-tank 0
164.0 461.6 207.9 505.5 198.0 515.4 154.1 471.5 storage-tank 0
-9.3 266.2 47.4 319.8 32.3 335.8 -24.4 282.2 storage-tank 0
18.5 249.7 68.8 298.5 53.5 314.3 3.2 265.5 storage-tank 0
30.6 279.1 90.7 315.0 79.4 333.9 19.3 298.0 storage-tank 0
8.9 297.1 66.6 336.8 54.1 354.9 -3.6 315.2 storage-tank 0
11.5 326.4 28.3 346.2 5.5 365.6 -11.3 345.8 storage-tank 0
155.7 542.9 164.0 537.4 178.3 559.1 170.0 564.6 storage-tank 0
22.4 577.2 82.1 540.6 116.6 596.8 56.9 633.4 storage-tank 0
273.6 514.5 291.7 485.8 310.4 497.5 292.3 526.2 storage-tank 0
315.4 496.2 323.8 501.6 303.6 533.8 295.2 528.4 storage-tank 0
309.5 527.9 329.6 511.3 338.5 522.1 318.4 538.7 storage-tank 0
150.5 494.5 215.1 568.2 204.5 577.5 139.9 503.8 storage-tank 0
110.2 503.4 111.8 497.6 140.8 505.6 139.2 511.4 storage-tank 0
135.3 511.1 141.2 510.2 144.7 531.9 138.8 532.8 storage-tank 0
119.1 479.2 195.9 533.4 187.9 544.8 111.1 490.6 storage-tank 0
136.3 483.2 142.3 482.8 143.7 504.8 137.7 505.2 storage-tank 0
149.5 472.8 155.4 472.3 157.5 494.2 151.6 494.7 storage-tank 0
162.8 440.4 183.4 498.9 170.2 503.6 149.6 445.1 storage-tank 0
161.5 445.8 204.5 462.1 199.5 475.2 156.5 458.9 storage-tank 0
135.3 470.7 207.4 517.6 199.7 529.3 127.6 482.4 storage-tank 0
7.5 743.7 16.6 739.6 22.5 752.3 13.4 756.4 storage-tank 0
20.2 739.4 20.9 733.4 38.8 735.6 38.1 741.6 storage-tank 0
27.6 704.1 67.0 734.9 58.4 745.9 19.0 715.1 storage-tank 0
41.1 715.5 76.5 756.3 65.9 765.5 30.5 724.7 storage-tank 0
40.8 741.9 48.4 748.4 39.2 759.1 31.6 752.6 storage-tank 0
27.2 730.2 39.5 791.0 25.8 793.8 13.5 733.0 storage-tank 0
-2.9 763.0 4.2 756.0 30.9 783.0 23.8 790.0 storage-tank 0
12.6 960.6 62.1 939.2 80.4 981.4 30.9 1002.8 storage-tank 0
