150.1 487.5 151.4 486.0 152.9 487.3 151.6 488.9 ship 0
366.5 10.5 366.5 8.5 368.5 8.5 368.5 10.5 large-vehicle 0
381.5 34.5 383.5 34.5 383.5 36.5 381.5 36.5 large-vehicle 0
160.3 218.8 162.2 218.3 162.7 220.2 160.8 220.7 large-vehicle 0
192.1 259.1 193.4 257.6 194.9 258.9 193.6 260.4 large-vehicle 0
231.1 328.2 232.3 326.6 233.9 327.8 232.7 329.4 large-vehicle 0
265.9 370.9 267.1 372.5 265.5 373.7 264.3 372.1 large-vehicle 0
578.5 350.3 580.5 350.1 582.7 384.1 580.7 384.2 large-vehicle 0
593.8 359.1 595.4 360.3 577.0 384.0 575.4 382.8 large-vehicle 0
589.2 366.3 597.3 372.1 586.8 386.7 578.7 380.9 large-vehicle 0
593.6 390.2 596.8 403.8 575.4 408.8 572.2 395.2 large-vehicle 0
598.2 366.6 599.9 367.7 598.8 369.4 597.1 368.3 large-vehicle 0
503.2 324.5 529.1 322.6 529.8 332.5 503.9 334.4 large-vehicle 0
582.2 161.4 584.1 160.7 584.8 162.6 582.9 163.3 large-vehicle 0
661.6 152.0 662.6 153.6 661.0 154.7 659.9 153.0 large-vehicle 0
664.2 161.4 665.6 160.1 667.0 161.5 665.5 162.9 large-vehicle 0
613.9 39.9 614.1 37.9 616.1 38.1 615.9 40.1 large-vehicle 0
615.3 44.9 615.8 43.0 617.7 43.5 617.2 45.4 large-vehicle 0
640.8 99.1 641.5 101.0 639.6 101.7 638.9 99.8 large-vehicle 0
642.0 106.7 643.0 105.0 644.7 106.0 643.8 107.7 large-vehicle 0
585.9 31.6 587.1 30.0 588.7 31.2 587.4 32.8 large-vehicle 0
602.9 24.1 604.2 25.6 602.7 26.9 601.4 25.4 large-vehicle 0
646.3 38.6 647.9 39.8 646.7 41.4 645.1 40.2 large-vehicle 0
614.8 149.2 615.8 147.5 617.5 148.4 616.5 150.2 large-vehicle 0
871.4 743.6 884.7 770.4 868.6 778.4 855.3 751.6 ship 0
880.0 730.3 916.4 764.6 904.0 777.7 867.6 743.4 ship 0
914.4 731.6 927.4 749.4 912.8 759.9 899.9 742.2 ship 0
961.9 671.4 970.6 687.2 937.4 705.6 928.6 689.9 ship 0
960.9 693.7 962.8 699.4 941.9 706.4 940.0 700.7 ship 0
593.5 157.9 595.1 156.8 596.2 158.4 594.6 159.5 large-vehicle 0
588.6 162.2 590.3 161.1 591.4 162.8 589.7 163.9 large-vehicle 0
530.2 325.4 534.4 329.7 512.8 350.6 508.6 346.3 large-vehicle 0
541.5 399.1 543.2 398.1 558.5 423.9 556.8 424.9 large-vehicle 0
536.3 342.4 537.0 344.3 516.3 351.7 515.6 349.8 large-vehicle 0
539.5 343.7 540.5 345.4 514.5 360.3 513.5 358.6 large-vehicle 0
542.6 350.4 543.6 352.2 517.1 366.3 516.2 364.6 large-vehicle 0
540.8 364.3 544.1 369.3 525.8 381.5 522.5 376.5 large-vehicle 0
514.4 377.1 527.1 389.9 514.3 402.6 501.6 389.8 large-vehicle 0
503.6 330.9 509.5 343.7 493.1 351.2 487.3 338.4 large-vehicle 0
522.7 396.3 528.9 408.9 512.7 416.8 506.5 404.3 large-vehicle 0
505.8 415.0 507.3 413.7 524.1 433.6 522.5 434.9 large-vehicle 0
514.6 410.9 516.5 410.1 526.4 434.1 524.5 434.9 large-vehicle 0
520.2 410.6 524.9 406.9 540.8 427.4 536.1 431.1 large-vehicle 0
530.9 403.3 532.6 402.2 548.7 427.6 547.0 428.6 large-vehicle 0
537.3 400.4 539.0 399.4 553.7 425.6 552.0 426.6 large-vehicle 0
548.7 398.0 550.6 397.2 560.9 421.1 559.1 421.9 large-vehicle 0
570.4 162.0 579.2 157.3 584.0 166.0 575.2 170.8 large-vehicle 0
546.6 406.1 551.1 397.2 574.4 408.9 569.9 417.8 large-vehicle 0
498.0 266.5 500.4 252.7 522.0 256.5 519.6 270.3 large-vehicle 0
528.1 242.6 540.5 255.6 530.4 265.2 518.0 252.2 large-vehicle 0
536.7 107.9 538.6 108.5 538.0 110.4 536.1 109.8 large-vehicle 0
541.9 102.7 543.8 102.2 547.3 115.8 545.3 116.3 large-vehicle 0
551.2 96.8 552.7 95.5 561.8 106.2 560.3 107.5 large-vehicle 0
560.7 96.2 561.8 94.6 563.5 95.7 562.3 97.4 large-vehicle 0
571.2 48.3 571.3 50.3 569.3 50.5 569.2 48.5 large-vehicle 0
573.0 55.3 573.9 57.1 572.1 58.0 571.2 56.2 large-vehicle 0
571.3 168.0 573.1 167.1 574.0 168.8 572.3 169.8 large-vehicle 0
690.2 594.4 695.4 597.4 680.8 623.6 675.6 620.6 storage-tank 0
739.0 655.7 748.6 658.5 740.0 687.3 730.4 684.5 storage-tank 0
754.7 690.9 758.7 695.4 742.3 710.1 738.3 705.6 storage-tank 0
766.0 695.8 767.5 689.9 785.0 694.2 783.5 700.1 storage-tank 0
807.3 679.0 810.8 688.4 782.7 699.0 779.2 689.6 storage-tank 0
772.0 665.8 779.8 672.1 766.0 689.2 758.2 682.9 storage-tank 0
748.4 710.8 816.6 624.5 827.6 633.2 759.4 719.5 storage-tank 0
751.3 656.4 753.9 651.0 773.7 660.6 771.1 666.0 storage-tank 0
771.8 647.6 779.3 640.9 791.2 654.4 783.7 661.1 storage-tank 0
631.3 646.8 645.2 648.4 642.7 670.2 628.8 668.6 storage-tank 0
651.1 643.4 655.5 634.4 685.9 649.6 681.5 658.6 storage-tank 0
612.2 618.2 623.4 609.9 638.8 630.8 627.6 639.1 storage-tank 0
597.8 646.9 704.7 573.0 717.2 591.1 610.3 665.0 storage-tank 0
619.3 673.8 756.5 580.3 766.7 595.2 629.5 688.7 storage-tank 0
717.6 673.6 720.1 687.4 698.4 691.4 695.9 677.6 storage-tank 0
629.0 612.0 785.3 569.5 789.0 583.0 632.7 625.5 storage-tank 0
719.1 590.1 720.6 584.3 741.9 589.9 740.4 595.7 storage-tank 0
732.3 580.4 755.5 568.6 763.7 584.6 740.5 596.4 storage-tank 0
734.6 526.8 756.3 687.3 742.4 689.2 720.7 528.7 storage-tank 0
721.9 607.3 726.8 616.0 711.1 624.7 706.2 616.0 storage-tank 0
716.3 638.3 717.9 628.5 731.7 630.7 730.1 640.5 storage-tank 0
736.5 625.1 743.5 618.0 753.5 627.9 746.5 635.0 storage-tank 0
762.5 592.2 767.5 600.8 748.5 611.8 743.5 603.2 storage-tank 0
660.3 620.0 861.5 602.0 862.7 616.0 661.5 634.0 storage-tank 0
573.2 507.2 587.2 506.8 587.8 528.8 573.8 529.2 storage-tank 0
598.7 534.8 610.2 548.5 590.3 565.2 578.8 551.5 storage-tank 0
547.7 576.7 655.0 552.3 664.3 593.3 557.0 617.7 storage-tank 0
718.0 686.7 739.6 701.1 714.0 739.3 692.4 724.9 storage-tank 0
695.1 704.6 700.1 707.9 674.9 746.4 669.9 743.1 storage-tank 0
630.8 525.5 639.2 531.0 627.2 549.5 618.8 544.0 storage-tank 0
435.5 468.3 446.5 477.0 385.5 553.7 374.5 545.0 storage-tank 0
433.7 500.1 444.6 491.4 463.3 514.9 452.4 523.6 storage-tank 0
680.3 683.9 684.7 688.0 669.7 704.1 665.3 700.0 storage-tank 0
431.0 474.0 557.0 478.0 556.0 508.0 430.0 504.0 storage-tank 0
427.5 512.7 436.7 516.6 415.5 566.3 406.3 562.4 storage-tank 0
473.1 495.3 489.6 600.0 459.9 604.7 443.4 500.0 storage-tank 0
461.8 546.9 534.5 493.9 552.2 518.1 479.5 571.1 storage-tank 0
455.2 578.4 472.0 564.3 506.8 605.6 490.0 619.7 storage-tank 0
496.3 559.9 513.9 546.7 548.7 593.1 531.1 606.3 storage-tank 0
544.1 701.7 545.9 743.7 507.9 745.3 506.1 703.3 storage-tank 0
523.7 744.5 537.7 733.3 571.3 775.5 557.3 786.7 storage-tank 0
548.6 732.3 581.0 705.6 625.4 759.7 593.0 786.4 storage-tank 0
651.6 741.7 652.4 731.8 670.4 733.3 669.6 743.2 storage-tank 0
638.9 701.2 641.8 691.6 659.1 696.8 656.2 706.4 storage-tank 0
560.9 751.0 742.5 672.1 748.1 685.0 566.5 763.9 storage-tank 0
628.9 562.5 641.4 556.2 653.1 579.5 640.6 585.8 storage-tank 0
602.7 494.2 616.6 496.0 613.3 521.8 599.4 520.0 storage-tank 0
558.4 610.4 702.3 391.5 720.6 403.6 576.7 622.5 storage-tank 0
601.1 398.5 639.4 442.0 622.9 456.5 584.6 413.0 storage-tank 0
674.6 485.1 680.4 497.8 660.4 506.9 654.6 494.2 storage-tank 0
676.9 473.9 710.9 475.1 710.1 497.1 676.1 495.9 storage-tank 0
694.1 414.3 750.5 595.8 721.9 604.7 665.5 423.2 storage-tank 0
665.0 515.9 672.0 528.0 653.0 539.1 646.0 527.0 storage-tank 0
659.0 468.9 723.3 553.2 709.0 564.1 644.7 479.8 storage-tank 0
674.8 542.1 679.8 555.2 659.2 562.9 654.2 549.8 storage-tank 0
701.5 449.3 706.5 635.2 688.5 635.7 683.5 449.8 storage-tank 0
704.1 556.6 712.2 511.3 729.9 514.4 721.8 559.7 storage-tank 0
477.3 300.0 655.0 587.5 639.7 597.0 462.0 309.5 storage-tank 0
556.3 478.2 566.2 468.3 581.7 483.8 571.8 493.7 storage-tank 0
536.6 357.7 645.0 508.8 630.4 519.3 522.0 368.2 storage-tank 0
598.9 454.6 607.5 459.7 592.1 485.4 583.5 480.3 storage-tank 0
627.7 443.4 636.2 448.7 618.3 477.6 609.8 472.3 storage-tank 0
648.9 400.2 666.7 397.2 671.1 422.8 653.3 425.8 storage-tank 0
655.9 441.0 666.3 431.6 681.1 448.0 670.7 457.4 storage-tank 0
696.8 383.8 705.0 389.6 685.2 417.2 677.0 411.4 storage-tank 0
675.5 430.1 679.9 421.2 717.5 439.9 713.1 448.8 storage-tank 0
713.5 377.1 727.5 376.0 729.5 401.9 715.5 403.0 storage-tank 0
703.1 403.2 740.1 394.2 751.9 442.8 714.9 451.8 storage-tank 0
