153.4 60.6 155.3 60.0 156.0 61.9 154.1 62.5 tennis-court 0
102.3 43.9 104.3 44.1 104.0 46.1 102.0 45.9 tennis-court 0
205.1 76.3 206.2 74.6 207.9 75.7 206.8 77.4 tennis-court 0
257.1 90.2 258.8 89.1 259.9 90.8 258.2 91.9 tennis-court 0
109.7 100.7 127.5 103.5 122.1 137.1 104.3 134.3 large-vehicle 0
124.8 101.8 130.8 101.2 134.2 135.0 128.3 135.6 large-vehicle 0
183.6 100.2 199.0 109.6 185.4 131.8 170.0 122.4 large-vehicle 0
320.8 793.6 322.4 794.8 321.2 796.4 319.6 795.2 large-vehicle 0
308.8 781.4 320.9 788.5 309.6 807.5 297.6 800.3 large-vehicle 0
82.6 516.1 94.7 523.2 71.4 562.9 59.3 555.8 storage-tank 0
93.2 525.5 98.5 528.3 82.8 558.5 77.5 555.7 storage-tank 0
99.6 529.3 105.3 531.3 95.4 559.7 89.7 557.7 storage-tank 0
98.7 534.6 103.7 531.4 124.3 563.4 119.3 566.6 storage-tank 0
