104.2 463.4 121.0 477.6 93.8 509.6 77.0 495.4 ship 0
135.1 492.8 141.7 505.1 90.6 532.5 84.0 520.2 ship 0
170.7 507.0 198.7 532.7 164.8 569.5 136.8 543.8 ship 0
221.7 544.2 222.3 546.2 220.3 546.8 219.7 544.8 ship 0
232.8 581.9 240.9 575.9 261.2 603.1 253.1 609.1 ship 0
292.6 561.5 296.7 565.9 245.6 613.7 241.5 609.3 ship 0
299.3 602.1 314.9 581.3 351.7 608.9 336.1 629.7 ship 0
440.4 706.8 468.1 675.3 565.6 761.2 537.9 792.7 ship 0
801.5 464.2 803.2 465.3 802.1 466.9 800.4 465.8 ship 0
754.5 389.7 892.8 466.1 882.2 485.4 743.9 409.0 ship 0
584.7 791.8 606.8 765.9 723.9 866.0 701.8 891.8 ship 0
774.1 214.3 776.0 215.1 775.2 217.0 773.4 216.2 harbor 0
