961.5 257.7 987.7 272.3 967.1 309.0 941.0 294.3 large-vehicle 0
1001.0 293.6 1002.0 291.9 1003.7 292.9 1002.7 294.6 large-vehicle 0
1017.4 268.1 1019.4 267.9 1019.6 269.9 1017.6 270.1 large-vehicle 0
666.0 334.5 666.0 332.5 668.0 332.5 668.0 334.5 large-vehicle 0
354.8 288.6 366.7 275.1 386.2 292.4 374.3 305.9 large-vehicle 0
252.8 486.3 254.5 487.4 253.4 489.1 251.7 487.9 large-vehicle 0
157.0 574.8 158.4 573.4 159.8 574.8 158.4 576.2 large-vehicle 0
404.4 345.3 416.3 322.2 446.6 337.7 434.7 360.8 large-vehicle 0
656.1 407.8 669.6 390.4 702.8 416.2 689.3 433.6 large-vehicle 0
700.9 385.2 717.4 365.1 756.1 396.8 739.6 416.9 large-vehicle 0
810.6 700.3 878.7 635.5 888.4 645.7 820.3 710.5 storage-tank 0
871.3 671.0 874.8 675.9 853.7 691.0 850.2 686.1 storage-tank 0
879.2 678.4 883.6 682.4 868.8 698.6 864.4 694.6 storage-tank 0
881.1 617.2 926.8 675.3 896.9 698.8 851.2 640.7 storage-tank 0
