755.0 457.6 756.7 458.7 749.0 470.4 747.3 469.3 storage-tank 0
735.0 465.1 739.6 461.2 746.0 468.9 741.4 472.8 storage-tank 0
674.1 262.9 678.9 259.3 715.9 309.1 711.1 312.7 storage-tank 0
592.5 313.6 595.9 308.6 607.5 316.4 604.1 321.4 storage-tank 0
601.3 296.2 603.8 301.7 594.7 305.8 592.2 300.3 storage-tank 0
578.4 291.7 604.9 277.5 609.6 286.3 583.1 300.5 storage-tank 0
588.0 181.9 651.0 246.3 641.0 256.1 578.0 191.7 storage-tank 0
608.1 167.2 656.2 233.6 644.9 241.8 596.8 175.4 storage-tank 0
604.3 195.0 608.8 203.9 592.7 212.0 588.2 203.1 storage-tank 0
587.7 271.3 589.4 272.3 572.3 301.7 570.6 300.7 storage-tank 0
682.9 280.9 690.8 264.8 732.1 285.1 724.2 301.2 storage-tank 0
575.7 298.0 576.5 292.1 590.3 294.0 589.5 299.9 storage-tank 0
719.9 468.0 723.8 472.5 716.1 479.0 712.2 474.5 storage-tank 0
768.4 459.4 776.8 464.8 762.6 486.6 754.2 481.2 storage-tank 0
757.2 454.6 761.7 496.4 751.8 497.4 747.3 455.6 storage-tank 0
731.4 457.1 765.0 494.2 757.6 500.9 724.0 463.8 storage-tank 0
738.2 476.0 739.8 477.3 730.8 488.0 729.2 486.7 storage-tank 0
715.8 480.5 717.1 478.9 728.2 487.5 726.9 489.1 storage-tank 0
704.3 485.7 705.8 484.5 714.7 495.3 713.2 496.5 storage-tank 0
722.9 470.9 725.7 465.6 738.1 472.1 735.3 477.4 storage-tank 0
702.5 476.5 707.2 472.7 713.5 480.5 708.8 484.3 storage-tank 0
578.9 303.0 579.8 301.3 592.1 308.0 591.2 309.7 storage-tank 0
724.0 449.5 736.3 462.6 729.0 469.5 716.7 456.4 storage-tank 0
717.7 454.6 719.2 472.6 709.3 473.4 707.8 455.4 storage-tank 0
699.3 458.3 705.3 457.7 706.7 471.7 700.7 472.3 storage-tank 0
713.2 501.0 713.7 507.0 687.8 509.0 687.3 503.0 storage-tank 0
687.9 520.3 697.2 463.1 707.1 464.7 697.8 521.9 storage-tank 0
696.8 475.4 699.8 480.6 691.2 485.6 688.2 480.4 storage-tank 0
681.8 464.3 683.0 462.7 697.2 473.7 696.0 475.3 storage-tank 0
