773.5 225.1 778.1 221.2 805.5 253.0 801.0 256.9 ship 0
790.3 216.7 795.9 214.5 812.7 257.3 807.1 259.5 ship 0
794.7 212.4 799.4 208.6 830.5 247.8 825.8 251.6 ship 0
804.2 209.7 808.6 205.6 839.7 239.5 835.3 243.6 ship 0
811.0 198.0 815.8 194.3 848.9 237.0 844.1 240.7 ship 0
820.9 194.2 825.5 190.3 860.1 231.8 855.5 235.7 ship 0
828.1 298.4 829.6 297.1 830.9 298.6 829.4 299.9 ship 0
996.6 350.9 997.8 352.6 996.1 353.7 995.0 352.1 ship 0
982.8 240.7 986.5 236.0 1028.7 269.7 1025.0 274.3 ship 0
974.1 257.1 984.9 242.8 1024.9 272.8 1014.0 287.2 ship 0
914.3 334.1 916.2 333.4 933.7 375.9 931.8 376.6 ship 0
986.3 335.4 989.9 330.6 1007.4 343.8 1003.8 348.6 ship 0
993.9 314.3 1011.3 309.7 1020.0 342.6 1002.6 347.2 ship 0
929.8 354.7 930.3 352.8 932.2 353.3 931.7 355.2 ship 0
807.5 118.5 809.1 119.7 793.5 140.5 791.9 139.3 ship 0
929.1 1001.6 930.5 1000.1 931.9 1001.5 930.5 1003.0 large-vehicle 0
811.5 114.8 813.4 115.4 806.0 140.3 804.1 139.8 ship 0
832.4 270.2 838.3 269.3 845.6 318.8 839.7 319.7 ship 0
904.2 166.8 908.8 163.0 927.9 186.1 923.3 190.0 ship 0
840.3 271.5 846.1 269.9 858.4 314.3 852.6 315.9 ship 0
857.1 290.2 858.3 288.6 859.9 289.8 858.7 291.4 ship 0
845.9 336.6 850.8 333.1 875.1 367.4 870.2 370.9 ship 0
851.0 339.1 864.3 326.9 890.0 354.9 876.7 367.1 ship 0
841.8 95.6 935.6 102.8 927.2 212.4 833.4 205.2 harbor 0
877.1 133.6 881.8 129.9 897.9 150.4 893.2 154.1 ship 0
873.6 115.8 877.9 111.6 918.4 153.2 914.1 157.3 ship 0
890.6 118.6 894.5 114.1 917.0 134.0 913.0 138.5 ship 0
892.8 104.5 897.2 100.5 928.2 134.5 923.8 138.5 ship 0
912.8 160.4 917.2 156.3 937.7 178.2 933.3 182.3 ship 0
917.1 47.0 926.4 66.9 913.6 72.8 904.4 52.8 ship 0
912.8 146.0 916.9 141.6 953.2 176.0 949.1 180.4 ship 0
952.1 116.5 990.3 84.3 1019.9 119.5 981.7 151.7 ship 0
832.9 118.1 846.1 105.8 871.9 133.7 858.7 146.0 ship 0
883.5 177.4 887.5 173.0 924.5 206.6 920.5 211.0 ship 0
877.5 185.4 881.9 181.2 913.5 214.6 909.1 218.8 ship 0
928.0 54.9 928.3 52.9 950.0 56.1 949.7 58.1 ship 0
922.9 50.9 924.4 49.6 944.6 71.8 943.1 73.1 ship 0
871.8 99.4 872.1 101.3 870.2 101.6 869.9 99.7 ship 0
890.4 71.4 905.1 81.9 894.6 96.6 879.9 86.1 ship 0
951.3 54.3 977.8 27.1 990.7 39.7 964.2 66.9 storage-tank 0
965.3 69.9 993.7 44.6 1005.7 58.1 977.3 83.4 storage-tank 0
979.9 92.7 1004.9 59.0 1016.1 67.3 991.1 101.0 storage-tank 0
994.6 93.8 996.9 88.3 1028.4 101.2 1026.1 106.7 storage-tank 0
