1001.9 261.1 1004.1 319.1 982.1 319.9 979.9 261.9 storage-tank 0
673.8 525.2 677.7 529.7 658.2 546.8 654.3 542.3 storage-tank 0
653.1 502.8 665.5 496.3 673.9 512.2 661.5 518.7 storage-tank 0
666.5 481.1 670.6 485.5 607.5 543.9 603.4 539.5 storage-tank 0
497.6 549.8 502.5 553.3 480.4 584.2 475.5 580.7 storage-tank 0
462.9 533.4 466.8 528.8 508.1 563.6 504.2 568.2 storage-tank 0
461.6 512.5 465.5 508.0 503.4 540.5 499.5 545.0 storage-tank 0
983.6 263.0 991.0 269.8 935.4 330.0 928.0 323.2 storage-tank 0
898.0 277.2 910.9 271.6 934.0 324.8 921.1 330.4 storage-tank 0
861.4 282.9 869.2 276.7 910.6 328.1 902.8 334.3 storage-tank 0
850.4 278.9 864.3 276.8 873.6 338.1 859.7 340.2 storage-tank 0
487.8 385.0 499.7 377.7 534.2 434.0 522.3 441.3 storage-tank 0
466.0 441.4 471.0 383.7 493.0 385.6 488.0 443.3 storage-tank 0
640.2 268.3 662.4 299.2 647.8 309.7 625.6 278.8 storage-tank 0
623.1 268.6 632.1 273.1 607.9 321.4 598.9 316.9 storage-tank 0
990.6 160.4 999.4 193.2 916.4 215.6 907.6 182.8 storage-tank 0
879.4 193.5 914.5 249.4 858.6 284.5 823.5 228.6 storage-tank 0
865.2 111.4 907.6 162.0 850.8 209.6 808.4 159.0 storage-tank 0
774.3 208.4 803.6 238.4 770.7 270.6 741.4 240.6 storage-tank 0
767.7 159.9 792.2 194.0 761.3 216.1 736.8 182.0 storage-tank 0
556.1 213.4 588.7 175.4 644.9 223.6 612.3 261.6 storage-tank 0
556.2 148.8 592.8 121.0 627.8 167.2 591.2 195.0 storage-tank 0
773.8 114.0 782.5 138.5 739.2 154.0 730.5 129.5 storage-tank 0
914.2 106.8 948.8 83.1 983.8 134.2 949.2 157.9 storage-tank 0
776.8 3.5 794.5 58.8 739.2 76.5 721.5 21.2 storage-tank 0
646.7 525.9 654.3 532.4 637.3 552.1 629.7 545.6 storage-tank 0
637.0 557.7 650.3 553.4 657.0 574.3 643.7 578.6 storage-tank 0
592.5 608.1 701.7 563.3 708.5 579.9 599.3 624.7 storage-tank 0
986.7 557.5 1004.6 586.4 972.3 606.5 954.4 577.6 storage-tank 0
905.6 570.8 922.2 556.4 944.4 582.2 927.8 596.6 storage-tank 0
969.1 946.0 1014.0 976.1 983.9 1021.0 939.0 990.9 storage-tank 0
887.0 967.8 907.7 994.8 868.0 1025.2 847.3 998.2 storage-tank 0
939.8 723.5 958.5 765.5 909.2 787.5 890.5 745.5 storage-tank 0
813.9 759.2 828.8 737.9 873.1 768.8 858.2 790.1 storage-tank 0
697.7 819.0 702.6 810.3 725.3 823.0 720.4 831.7 storage-tank 0
653.8 807.5 722.6 820.8 719.2 838.5 650.4 825.2 storage-tank 0
684.6 848.5 709.9 741.4 727.4 745.5 702.1 852.6 storage-tank 0
641.5 794.1 723.4 789.0 724.5 806.9 642.6 812.0 storage-tank 0
664.1 764.4 736.9 750.9 740.9 772.6 668.1 786.1 storage-tank 0
725.5 715.3 731.1 723.6 669.5 764.7 663.9 756.4 storage-tank 0
669.2 709.0 719.0 704.1 720.8 722.0 671.0 726.9 storage-tank 0
694.2 677.2 699.7 679.7 686.8 706.8 681.3 704.3 storage-tank 0
607.0 772.5 611.3 768.2 644.0 800.5 639.7 804.8 storage-tank 0
591.4 756.3 601.0 753.5 620.6 820.7 611.0 823.5 storage-tank 0
884.8 674.6 909.4 651.1 941.2 684.4 916.6 707.9 storage-tank 0
805.1 693.1 830.8 665.0 855.9 687.9 830.2 716.0 storage-tank 0
859.6 617.6 861.5 583.7 927.4 587.4 925.5 621.3 storage-tank 0
823.9 590.2 841.2 624.0 818.1 635.8 800.8 602.0 storage-tank 0
673.2 639.9 678.2 631.2 700.8 644.1 695.8 652.8 storage-tank 0
652.2 640.3 665.0 634.6 673.8 654.7 661.0 660.4 storage-tank 0
691.7 604.5 695.5 609.2 675.3 625.5 671.5 620.8 storage-tank 0
659.1 604.7 667.9 609.3 655.9 632.3 647.1 627.7 storage-tank 0
681.3 579.0 688.3 591.1 672.7 600.0 665.7 587.9 storage-tank 0
669.9 552.4 679.4 555.4 674.1 572.6 664.6 569.6 storage-tank 0
154.8 382.8 157.4 396.6 112.2 405.2 109.6 391.4 storage-tank 0
68.3 374.2 71.8 379.0 47.7 396.8 44.2 392.0 storage-tank 0
64.2 355.2 68.4 359.4 10.8 417.8 6.6 413.6 storage-tank 0
242.3 344.7 299.3 333.9 305.7 367.3 248.7 378.1 storage-tank 0
279.4 286.3 293.9 275.7 318.6 309.7 304.1 320.3 storage-tank 0
246.6 270.4 288.0 277.6 277.4 338.6 236.0 331.4 storage-tank 0
353.5 66.9 358.9 69.5 330.5 129.1 325.1 126.5 storage-tank 0
302.9 73.2 307.8 69.7 351.1 129.8 346.2 133.3 storage-tank 0
82.9 147.3 131.6 135.7 157.1 242.7 108.4 254.3 storage-tank 0
46.9 184.1 58.6 176.4 77.1 204.9 65.4 212.6 storage-tank 0
32.9 182.1 45.7 187.7 32.1 218.9 19.3 213.3 storage-tank 0
53.4 142.1 78.9 147.4 73.6 172.9 48.1 167.6 storage-tank 0
48.4 398.8 53.9 396.5 60.6 413.2 55.1 415.5 storage-tank 0
80.1 369.2 96.8 349.3 125.9 373.8 109.2 393.7 storage-tank 0
120.2 360.2 134.2 358.9 135.8 376.8 121.8 378.1 storage-tank 0
110.2 689.2 123.2 694.5 93.8 766.8 80.8 761.5 storage-tank 0
65.0 710.3 78.0 705.2 86.0 725.7 73.0 730.8 storage-tank 0
37.8 714.7 45.0 707.7 63.2 726.3 56.0 733.3 storage-tank 0
60.3 677.9 69.6 681.5 61.7 702.1 52.4 698.5 storage-tank 0
32.0 667.8 45.5 679.7 7.0 723.2 -6.5 711.3 storage-tank 0
371.5 671.8 404.1 662.4 412.5 691.2 379.9 700.6 storage-tank 0
433.3 668.4 435.4 682.2 413.7 685.6 411.6 671.8 storage-tank 0
410.3 647.8 414.8 643.8 426.7 657.2 422.2 661.2 storage-tank 0
361.4 634.6 464.0 608.0 468.6 625.4 366.0 652.0 storage-tank 0
377.3 631.9 389.7 625.5 399.7 645.1 387.3 651.5 storage-tank 0
407.5 563.9 418.3 572.9 355.5 648.1 344.7 639.1 storage-tank 0
164.7 659.7 211.0 632.0 224.3 654.3 178.0 682.0 storage-tank 0
171.3 597.9 214.6 613.6 205.7 638.1 162.4 622.4 storage-tank 0
332.2 544.9 340.5 550.5 296.8 615.1 288.5 609.5 storage-tank 0
326.4 532.2 333.3 539.4 291.6 579.8 284.7 572.6 storage-tank 0
180.8 522.3 203.0 542.5 180.2 567.7 158.0 547.5 storage-tank 0
