318.2 203.9 336.8 192.1 350.8 214.1 332.2 225.9 large-vehicle 0
525.1 346.7 525.8 348.6 523.9 349.3 523.2 347.4 large-vehicle 0
542.7 345.4 543.9 343.8 545.5 345.0 544.3 346.6 large-vehicle 0
568.1 314.8 569.7 313.6 570.9 315.2 569.3 316.4 large-vehicle 0
500.6 363.4 502.1 362.1 503.4 363.6 501.9 364.9 large-vehicle 0
524.1 332.7 524.8 334.6 522.9 335.3 522.2 333.4 large-vehicle 0
547.2 328.2 547.9 330.0 546.0 330.7 545.3 328.9 large-vehicle 0
352.5 366.4 353.1 368.3 351.2 368.9 350.6 366.9 large-vehicle 0
414.7 331.5 415.5 329.7 417.3 330.5 416.5 332.3 large-vehicle 0
601.1 309.7 602.3 308.1 603.9 309.3 602.7 310.9 large-vehicle 0
600.2 601.8 601.4 600.2 603.0 601.4 601.7 603.0 large-vehicle 0
617.6 600.1 618.9 598.6 620.4 599.9 619.1 601.4 large-vehicle 0
440.0 369.0 440.0 371.0 438.0 371.0 438.0 369.0 large-vehicle 0
540.1 195.8 541.7 194.6 542.9 196.2 541.3 197.4 large-vehicle 0
567.4 232.6 568.9 231.4 570.2 232.9 568.7 234.2 large-vehicle 0
353.2 107.5 354.8 106.3 355.9 108.0 354.3 109.1 large-vehicle 0
354.4 144.1 356.3 144.8 355.6 146.7 353.7 146.0 large-vehicle 0
448.2 222.9 449.6 224.3 448.2 225.7 446.8 224.3 large-vehicle 0
946.6 1010.4 948.1 1009.1 949.4 1010.6 947.9 1011.9 large-vehicle 0
880.0 34.5 895.2 18.6 914.0 36.5 898.8 52.4 ship 0
374.0 195.9 375.6 197.2 374.3 198.7 372.7 197.5 large-vehicle 0
100.9 305.9 102.1 304.3 103.7 305.5 102.5 307.1 large-vehicle 0
283.1 173.1 284.4 171.6 285.9 172.9 284.6 174.4 large-vehicle 0
222.0 396.0 223.5 394.6 224.8 396.1 223.4 397.5 large-vehicle 0
261.1 440.9 262.6 439.6 263.9 441.1 262.4 442.4 large-vehicle 0
323.1 405.7 324.3 404.1 325.9 405.3 324.7 406.9 large-vehicle 0
314.7 431.4 316.1 430.0 317.5 431.4 316.1 432.8 large-vehicle 0
98.2 164.9 112.0 162.6 116.9 192.2 103.0 194.5 large-vehicle 0
