801.1 739.5 809.3 755.5 771.9 774.5 763.7 758.5 storage-tank 0
277.5 250.1 297.3 233.2 347.9 292.5 328.2 309.4 ship 0
224.8 384.2 247.5 364.7 348.0 481.3 325.3 500.9 ship 0
213.0 153.5 214.7 152.5 215.7 154.2 214.0 155.2 ship 0
763.6 715.8 772.6 700.2 812.4 723.2 803.4 738.8 storage-tank 0
161.9 118.2 166.6 114.5 240.1 206.8 235.4 210.5 ship 0
404.7 353.6 418.7 354.4 416.3 396.4 402.3 395.6 ship 0
370.8 355.9 375.3 351.9 427.2 410.1 422.7 414.1 ship 0
674.8 -18.9 738.3 71.0 707.2 92.9 643.7 3.0 roundabout 0
882.1 707.6 898.9 763.1 854.9 776.4 838.1 720.9 storage-tank 0
