836.1 745.1 846.9 736.2 883.9 780.9 873.1 789.8 storage-tank 0
842.3 707.7 852.9 698.5 885.7 736.3 875.1 745.5 storage-tank 0
861.0 697.5 868.3 685.5 911.0 711.5 903.7 723.5 storage-tank 0
896.2 672.5 901.3 675.7 893.8 687.5 888.7 684.3 storage-tank 0
890.9 741.6 912.3 625.6 922.1 627.4 900.7 743.4 storage-tank 0
866.0 639.6 937.8 679.2 931.0 691.4 859.2 651.8 storage-tank 0
810.0 770.9 818.5 759.7 868.0 797.1 859.5 808.3 storage-tank 0
781.9 822.5 796.9 801.3 841.1 832.5 826.1 853.7 storage-tank 0
834.7 989.1 867.4 941.2 915.3 973.9 882.6 1021.8 storage-tank 0
959.3 840.8 975.4 810.9 1068.7 861.2 1052.6 891.1 storage-tank 0
1007.9 417.1 1027.9 454.1 1019.1 458.9 999.1 421.9 storage-tank 0
999.5 429.8 1022.5 460.1 1014.5 466.2 991.5 435.9 storage-tank 0
998.3 446.2 1018.0 463.2 1003.7 479.8 984.0 462.8 storage-tank 0
921.6 592.0 926.7 588.9 940.4 611.0 935.3 614.1 storage-tank 0
959.2 597.8 965.4 605.6 941.8 624.2 935.6 616.4 storage-tank 0
977.0 612.3 979.9 617.5 950.0 633.7 947.1 628.5 storage-tank 0
966.9 632.3 967.8 638.3 946.1 641.7 945.2 635.7 storage-tank 0
914.1 630.6 927.7 627.2 941.9 683.4 928.3 686.8 storage-tank 0
958.4 779.7 971.6 731.5 996.6 738.3 983.4 786.5 storage-tank 0
982.2 797.4 992.0 740.2 1005.8 742.6 996.0 799.8 storage-tank 0
1007.6 758.4 1017.4 760.3 1009.4 801.6 999.6 799.7 storage-tank 0
