497.6 1017.4 498.1 1015.4 500.1 1015.9 499.6 1017.8 large-vehicle 0
677.1 829.5 678.5 828.1 679.9 829.5 678.5 830.9 large-vehicle 0
530.4 645.3 530.7 643.4 532.6 643.7 532.3 645.6 large-vehicle 0
595.6 720.9 609.4 709.4 618.4 720.1 604.6 731.6 large-vehicle 0
544.6 534.2 546.2 535.4 545.1 537.0 543.4 535.8 large-vehicle 0
619.7 478.7 621.2 480.0 619.9 481.5 618.4 480.2 large-vehicle 0
605.7 494.8 607.1 496.3 605.6 497.7 604.3 496.2 large-vehicle 0
668.0 456.8 669.6 457.9 668.5 459.6 666.9 458.5 large-vehicle 0
703.9 415.1 717.5 418.6 712.1 439.9 698.5 436.4 large-vehicle 0
719.0 415.0 725.0 415.0 725.0 433.0 719.0 433.0 large-vehicle 0
721.8 841.5 723.5 840.5 724.5 842.2 722.8 843.2 large-vehicle 0
435.5 630.9 436.5 632.6 434.8 633.6 433.8 631.9 large-vehicle 0
456.6 542.5 458.5 542.0 459.0 544.0 457.1 544.5 large-vehicle 0
435.5 515.4 436.8 514.0 438.3 515.3 436.9 516.8 large-vehicle 0
489.4 558.5 490.7 560.1 489.1 561.3 487.9 559.8 large-vehicle 0
429.4 519.8 430.7 518.3 432.2 519.6 430.9 521.1 large-vehicle 0
446.0 214.0 447.4 212.5 448.9 213.8 447.5 215.3 large-vehicle 0
351.8 599.2 351.8 597.2 353.8 597.2 353.8 599.2 large-vehicle 0
41.2 731.6 42.9 713.7 72.8 716.4 71.1 734.3 large-vehicle 0
50.3 33.6 51.9 34.8 50.7 36.4 49.1 35.2 large-vehicle 0
107.5 91.6 108.9 93.0 107.5 94.4 106.1 93.0 large-vehicle 0
67.7 44.4 69.0 45.9 67.5 47.3 66.2 45.7 large-vehicle 0
72.6 63.8 74.2 62.6 75.4 64.2 73.8 65.4 large-vehicle 0
366.8 433.8 375.5 428.8 384.5 444.4 375.9 449.4 large-vehicle 0
171.2 187.1 171.9 185.2 173.8 185.9 173.1 187.8 large-vehicle 0
201.3 232.3 203.3 232.2 203.3 234.2 201.3 234.3 large-vehicle 0
216.4 253.8 217.8 252.4 219.2 253.8 217.8 255.2 large-vehicle 0
232.9 273.8 233.3 271.9 235.2 272.3 234.8 274.3 large-vehicle 0
249.8 292.7 251.7 292.8 251.6 294.8 249.6 294.7 large-vehicle 0
264.9 300.7 266.9 300.9 266.7 302.9 264.7 302.7 large-vehicle 0
179.5 203.0 180.8 204.5 179.4 205.8 178.0 204.4 large-vehicle 0
201.6 225.5 215.0 221.4 221.4 242.5 208.0 246.6 large-vehicle 0
225.4 243.2 226.8 241.7 228.2 243.1 226.8 244.6 large-vehicle 0
316.8 367.1 318.3 365.8 319.6 367.3 318.1 368.6 large-vehicle 0
299.1 356.8 300.7 355.6 301.9 357.2 300.3 358.4 large-vehicle 0
89.9 84.2 91.9 84.6 91.4 86.6 89.5 86.1 large-vehicle 0
109.7 110.1 110.2 108.1 112.1 108.7 111.6 110.6 large-vehicle 0
144.0 153.2 145.4 151.7 146.8 153.1 145.5 154.6 large-vehicle 0
