625.2 226.3 646.4 194.8 684.6 220.4 663.4 252.0 small-vehicle 0
902.6 612.0 925.9 587.2 956.4 616.0 933.1 640.8 small-vehicle 0
966.2 588.5 984.7 570.3 1036.6 623.0 1018.1 641.3 small-vehicle 0
216.3 439.1 238.4 418.9 336.7 526.9 314.6 547.1 large-vehicle 0
230.1 280.7 257.5 268.5 272.9 303.3 245.5 315.5 small-vehicle 0
897.8 25.3 961.3 -20.1 1027.6 72.7 964.2 118.0 large-vehicle 0
879.6 637.0 896.0 611.9 944.5 643.8 928.0 668.8 small-vehicle 0
902.6 603.1 952.0 624.7 893.6 758.5 844.1 736.9 large-vehicle 0
783.5 684.7 808.3 655.9 846.2 688.5 821.4 717.3 small-vehicle 0
699.0 726.8 714.8 747.4 678.3 775.4 662.5 754.8 small-vehicle 0
649.3 626.0 736.6 757.7 664.9 805.2 577.6 673.5 large-vehicle 0
221.6 61.3 246.3 90.2 205.2 125.2 180.5 96.3 small-vehicle 0
702.1 128.8 797.2 52.3 866.2 138.0 771.1 214.5 large-vehicle 0
747.1 393.9 756.0 404.7 643.2 497.5 634.3 486.7 large-vehicle 0
713.4 380.8 722.9 391.1 645.0 463.0 635.5 452.7 large-vehicle 0
908.3 600.6 971.2 554.4 1043.4 652.6 980.6 698.9 large-vehicle 0
798.7 459.0 830.4 497.7 708.3 598.0 676.6 559.3 large-vehicle 0
607.8 174.8 712.0 84.3 805.1 191.6 700.9 282.0 large-vehicle 0
479.3 48.4 505.8 34.3 540.7 99.6 514.2 113.7 large-vehicle 0
379.9 516.6 384.5 529.8 348.6 542.4 344.0 529.2 small-vehicle 0
759.8 166.3 784.3 157.5 798.5 197.1 774.0 205.9 small-vehicle 0
827.1 134.5 863.0 112.6 884.9 148.5 849.0 170.4 small-vehicle 0
927.8 91.8 949.0 76.7 971.0 107.7 949.8 122.8 small-vehicle 0
714.3 675.8 748.9 732.0 709.7 756.2 675.1 700.0 small-vehicle 0
652.2 759.8 662.9 774.3 638.8 792.2 628.1 777.7 small-vehicle 0
614.3 776.7 633.1 794.7 609.7 819.3 590.9 801.3 small-vehicle 0
347.4 770.1 382.7 747.4 403.3 779.3 367.9 802.0 small-vehicle 0
312.1 706.7 337.2 683.7 362.9 711.7 337.8 734.6 small-vehicle 0
449.7 705.3 453.9 679.6 503.3 687.7 499.1 713.4 small-vehicle 0
401.3 645.6 406.3 624.2 462.7 637.4 457.7 658.8 small-vehicle 0
396.0 612.6 398.9 603.0 439.0 615.4 436.1 625.0 small-vehicle 0
374.4 596.4 382.7 563.4 431.2 575.7 422.8 608.6 small-vehicle 0
410.4 539.7 416.4 565.0 371.6 575.6 365.6 550.3 small-vehicle 0
321.3 508.5 321.6 494.5 371.6 495.4 371.3 509.4 small-vehicle 0
309.3 479.5 337.6 454.1 349.7 467.5 321.4 492.9 small-vehicle 0
302.8 443.8 307.6 435.0 344.4 455.2 339.6 464.0 small-vehicle 0
658.4 374.7 673.2 384.9 633.4 442.5 618.6 432.2 large-vehicle 0
650.3 360.2 659.3 375.8 584.7 418.8 575.7 403.2 large-vehicle 0
625.9 328.9 635.1 339.5 573.1 393.2 564.0 382.6 large-vehicle 0
600.0 300.0 621.4 326.3 564.0 373.0 542.6 346.7 large-vehicle 0
468.1 432.3 498.5 403.3 579.9 488.7 549.5 517.7 large-vehicle 0
397.7 494.2 451.5 449.5 542.3 558.7 488.5 603.4 large-vehicle 0
419.5 62.1 440.8 56.9 465.1 155.9 443.8 161.2 large-vehicle 0
