707.9 533.3 739.7 500.1 752.7 512.5 720.9 545.8 small-vehicle 0
35.8 750.0 58.4 730.3 107.2 786.0 84.6 805.7 large-vehicle 0
744.5 696.7 758.4 713.8 719.5 745.2 705.7 728.1 small-vehicle 0
748.7 669.4 755.6 676.6 713.9 716.9 706.9 709.7 small-vehicle 0
686.0 603.9 717.0 617.8 695.0 667.1 664.0 653.2 small-vehicle 0
730.4 657.1 736.6 665.0 703.6 690.9 697.4 683.0 small-vehicle 0
670.3 658.0 682.6 676.1 657.9 693.0 645.5 674.8 small-vehicle 0
624.5 657.8 625.2 651.9 670.9 657.4 670.2 663.4 small-vehicle 0
632.8 596.3 648.4 617.1 608.4 647.1 592.8 626.3 small-vehicle 0
625.4 579.9 632.0 587.4 591.3 623.0 584.8 615.4 small-vehicle 0
643.3 452.5 651.7 447.2 672.0 479.3 663.6 484.6 small-vehicle 0
621.9 469.2 633.3 461.1 655.4 492.0 644.0 500.2 small-vehicle 0
238.5 491.4 258.5 474.8 308.2 535.0 288.1 551.5 large-vehicle 0
29.0 780.1 39.0 770.3 76.7 809.1 66.6 818.8 large-vehicle 0
89.7 663.8 117.9 638.3 170.3 696.2 142.1 721.7 large-vehicle 0
63.9 678.7 81.3 698.1 41.0 734.1 23.7 714.7 large-vehicle 0
37.0 680.5 38.1 682.2 36.4 683.3 35.3 681.7 large-vehicle 0
24.7 384.6 36.4 377.0 96.6 469.1 84.9 476.7 large-vehicle 0
20.7 451.3 40.0 433.9 92.3 491.7 73.0 509.1 large-vehicle 0
5.3 476.7 18.8 464.8 78.3 532.3 64.8 544.2 large-vehicle 0
708.0 957.4 720.4 980.3 585.0 1053.6 572.6 1030.7 large-vehicle 0
44.8 371.5 58.4 359.7 112.2 421.5 98.6 433.3 large-vehicle 0
576.2 789.3 597.1 816.1 551.3 851.7 530.5 824.9 small-vehicle 0
760.0 776.8 794.7 761.2 813.5 803.2 778.8 818.7 small-vehicle 0
191.7 407.7 219.5 388.2 243.7 422.5 215.9 442.1 large-vehicle 0
702.5 545.7 707.8 524.4 783.5 543.3 778.2 564.6 small-vehicle 0
729.8 581.7 777.1 541.6 786.2 552.3 738.9 592.4 small-vehicle 0
367.9 369.5 374.2 394.8 286.9 416.5 280.6 391.3 large-vehicle 0
562.7 340.4 583.6 324.9 639.3 400.6 618.4 416.1 large-vehicle 0
362.9 517.7 433.0 461.3 446.8 478.4 376.7 534.9 large-vehicle 0
416.7 432.9 426.3 443.1 354.7 510.1 345.1 499.8 large-vehicle 0
388.7 422.3 397.1 433.4 341.3 475.7 332.9 464.6 large-vehicle 0
371.3 392.0 382.0 406.4 322.7 450.7 312.0 436.2 large-vehicle 0
330.2 339.1 338.9 350.1 287.3 391.2 278.6 380.3 large-vehicle 0
304.5 309.2 322.9 327.6 276.0 374.1 257.7 355.7 large-vehicle 0
295.7 258.6 308.2 265.0 256.3 366.4 243.8 360.0 large-vehicle 0
279.3 251.4 289.9 260.5 239.0 319.7 228.4 310.5 large-vehicle 0
294.8 210.7 303.1 221.9 195.7 302.1 187.4 290.8 large-vehicle 0
264.5 181.9 274.3 191.8 187.6 277.6 177.7 267.7 large-vehicle 0
159.1 241.1 248.4 152.3 263.9 167.9 174.6 256.7 large-vehicle 0
243.6 126.8 254.5 141.1 151.4 220.2 140.5 205.9 large-vehicle 0
215.1 102.5 224.4 112.9 139.3 188.7 129.9 178.3 large-vehicle 0
121.3 148.7 221.0 59.1 235.7 75.5 136.0 165.0 large-vehicle 0
100.7 120.4 191.2 44.7 205.3 61.6 114.8 137.3 large-vehicle 0
95.0 67.9 161.6 35.7 173.0 59.1 106.4 91.3 large-vehicle 0
140.9 -3.7 160.2 13.7 116.1 62.7 96.8 45.3 large-vehicle 0
782.3 563.8 789.1 571.2 746.2 610.2 739.4 602.8 small-vehicle 0
552.7 507.2 582.9 491.5 602.3 528.8 572.1 544.5 small-vehicle 0
845.3 246.8 868.8 281.6 814.1 318.6 790.6 283.7 large-vehicle 0
816.1 196.9 830.0 213.9 775.9 258.3 762.0 241.3 large-vehicle 0
781.6 154.6 789.4 175.2 753.9 188.7 746.1 168.1 large-vehicle 0
778.3 199.9 779.5 201.5 777.9 202.6 776.7 201.0 large-vehicle 0
753.7 125.5 766.4 143.5 735.3 165.5 722.6 147.5 large-vehicle 0
726.1 119.6 727.2 117.9 728.9 119.0 727.9 120.7 large-vehicle 0
697.8 101.0 699.4 99.8 700.6 101.4 699.0 102.6 large-vehicle 0
696.1 54.3 704.1 70.5 670.1 87.4 662.1 71.3 large-vehicle 0
664.4 27.4 682.9 39.4 666.6 64.6 648.1 52.6 large-vehicle 0
650.2 15.1 651.4 16.7 649.8 17.9 648.6 16.3 large-vehicle 0
