30.0 767.2 45.1 757.3 77.0 805.8 61.9 815.7 ship 0
70.9 880.1 103.0 859.9 155.1 942.9 123.0 963.1 ship 0
44.6 735.3 57.8 723.1 102.4 771.7 89.2 783.9 ship 0
2.8 591.7 19.2 571.6 64.2 608.3 47.8 628.4 ship 0
436.6 514.9 445.0 509.3 466.0 541.0 457.7 546.5 small-vehicle 0
73.5 386.6 93.1 369.6 128.5 410.4 108.9 427.4 small-vehicle 0
147.2 404.4 166.2 376.1 201.1 399.5 182.1 427.8 small-vehicle 0
200.7 446.9 231.4 424.5 263.3 468.1 232.6 490.5 small-vehicle 0
237.3 489.4 247.8 504.0 213.7 528.6 203.2 514.0 small-vehicle 0
209.1 514.4 236.4 534.7 220.9 555.6 193.6 535.3 small-vehicle 0
199.9 569.5 212.3 563.1 231.7 600.3 219.3 606.8 small-vehicle 0
224.0 565.5 231.7 559.0 253.5 585.1 245.9 591.5 small-vehicle 0
244.8 561.5 252.3 554.9 282.3 589.8 274.8 596.4 small-vehicle 0
262.0 566.9 277.2 545.8 314.5 572.7 299.3 593.8 small-vehicle 0
296.4 553.4 304.0 546.9 328.9 575.6 321.3 582.1 small-vehicle 0
318.8 548.4 327.2 542.9 348.2 574.6 339.8 580.1 small-vehicle 0
419.0 525.9 423.0 530.4 397.3 552.7 393.4 548.2 small-vehicle 0
343.1 551.0 349.0 542.9 373.2 560.7 367.2 568.8 small-vehicle 0
418.4 519.5 427.8 516.2 440.2 552.1 430.8 555.4 small-vehicle 0
213.3 674.0 218.9 665.8 273.4 703.0 267.8 711.3 small-vehicle 0
157.9 292.8 165.8 313.3 119.1 331.3 111.2 310.7 small-vehicle 0
196.8 680.1 207.7 671.3 241.5 713.5 230.5 722.2 small-vehicle 0
241.2 659.6 249.3 653.6 288.8 706.4 280.7 712.4 small-vehicle 0
262.0 656.5 271.1 645.9 318.1 686.3 309.0 696.9 small-vehicle 0
313.8 643.0 321.8 636.8 362.2 689.0 354.2 695.2 small-vehicle 0
338.1 633.2 346.9 628.5 377.9 686.8 369.1 691.5 small-vehicle 0
364.8 638.2 373.7 633.7 398.2 681.8 389.3 686.3 small-vehicle 0
405.4 625.7 412.5 618.6 459.3 665.1 452.2 672.2 small-vehicle 0
433.2 629.4 439.4 621.5 475.6 649.8 469.5 657.7 small-vehicle 0
481.1 581.0 518.3 573.1 532.1 637.6 494.9 645.6 small-vehicle 0
233.5 798.2 236.8 811.8 180.5 825.6 177.2 812.0 small-vehicle 0
239.5 822.7 245.0 831.1 206.5 856.3 201.0 847.9 small-vehicle 0
254.0 845.5 257.8 854.7 208.0 875.5 204.2 866.3 small-vehicle 0
255.4 872.1 257.0 881.9 215.6 888.9 214.0 879.1 small-vehicle 0
109.2 358.6 132.6 333.9 166.0 365.6 142.5 390.3 small-vehicle 0
299.0 159.1 336.3 186.0 314.0 216.9 276.7 190.0 small-vehicle 0
