41.3 736.2 75.1 739.4 66.7 829.0 32.8 825.8 harbor 0
142.1 800.2 166.7 817.3 126.9 874.8 102.3 857.8 harbor 0
190.6 833.2 246.6 848.1 221.4 942.8 165.4 927.9 harbor 0
365.6 878.1 384.2 859.9 410.8 887.0 392.3 905.2 harbor 0
426.8 854.4 455.9 830.0 498.2 880.6 469.1 905.0 harbor 0
866.1 562.9 867.3 561.3 868.9 562.6 867.6 564.2 harbor 0
509.3 811.6 510.7 810.1 512.1 811.5 510.8 812.9 harbor 0
873.2 499.9 874.5 498.4 876.0 499.7 874.7 501.2 harbor 0
831.5 403.9 832.6 402.3 834.3 403.4 833.2 405.0 harbor 0
849.9 305.7 871.4 326.6 831.1 368.3 809.6 347.4 harbor 0
827.7 245.4 834.2 257.8 775.7 288.4 769.2 276.0 harbor 0
779.8 143.7 785.0 156.7 734.8 176.6 729.6 163.6 harbor 0
674.9 39.9 693.1 58.5 614.6 135.5 596.4 116.9 harbor 0
597.1 19.1 607.8 28.1 588.5 51.1 577.8 42.1 harbor 0
496.0 32.5 526.9 10.4 542.0 31.5 511.1 53.6 harbor 0
