773.7 348.1 792.3 359.9 778.3 381.9 759.7 370.1 small-vehicle 0
183.7 692.6 205.2 666.3 278.0 725.9 256.4 752.2 ship 0
415.3 381.6 423.9 370.6 475.7 411.4 467.1 422.4 ship 0
377.2 377.7 391.6 361.1 498.8 454.3 484.4 470.9 ship 0
376.7 410.6 401.7 387.6 457.2 448.0 432.1 471.0 ship 0
355.7 424.9 365.2 414.6 487.3 527.1 477.8 537.4 ship 0
260.6 591.1 275.0 574.5 334.0 625.5 319.6 642.2 ship 0
242.4 613.8 257.1 597.5 315.2 649.6 300.5 666.0 ship 0
218.9 637.0 236.8 618.1 304.9 682.9 287.0 701.8 ship 0
205.1 649.5 211.6 641.8 292.8 709.9 286.4 717.6 ship 0
175.0 757.3 179.6 731.7 213.1 737.7 208.4 763.3 ship 0
976.3 270.1 991.0 291.6 956.2 315.2 941.6 293.7 small-vehicle 0
366.5 807.0 387.7 822.1 321.5 915.0 300.3 899.9 ship 0
392.0 844.8 412.9 860.3 364.0 926.2 343.1 910.7 ship 0
441.2 865.6 460.0 883.5 389.8 957.4 371.0 939.5 ship 0
320.6 833.6 327.5 840.8 280.0 886.6 273.0 879.4 ship 0
310.0 803.8 325.5 819.4 273.2 871.7 257.6 856.1 ship 0
467.8 912.8 476.5 923.8 431.2 960.0 422.5 949.0 ship 0
504.7 905.2 524.7 921.9 469.7 988.0 449.7 971.3 ship 0
518.6 937.8 538.2 954.8 492.4 1007.7 472.7 990.7 ship 0
672.2 349.4 691.9 366.3 651.4 413.3 631.7 396.3 ship 0
586.5 292.8 609.5 304.9 576.8 366.8 553.8 354.6 ship 0
613.4 304.6 622.1 309.5 572.0 398.4 563.3 393.5 ship 0
738.8 390.1 757.9 407.8 694.2 476.9 675.1 459.2 ship 0
702.7 358.4 710.1 365.2 657.3 422.6 649.9 415.8 ship 0
709.4 370.2 728.7 387.6 684.6 436.7 665.3 419.3 ship 0
797.4 423.1 814.2 437.3 766.6 494.0 749.8 479.8 ship 0
818.8 434.2 826.9 439.9 782.2 503.8 774.1 498.1 ship 0
823.0 463.5 855.8 472.5 834.0 551.5 801.2 542.5 ship 0
882.9 494.7 895.9 507.1 853.3 552.1 840.2 539.7 ship 0
904.0 503.0 911.9 509.1 867.1 568.0 859.2 561.9 ship 0
934.4 519.0 952.7 537.5 848.9 640.1 830.6 621.6 ship 0
946.6 533.1 967.2 549.0 902.4 632.9 881.8 617.0 ship 0
960.2 565.7 976.5 573.3 953.8 622.3 937.5 614.7 ship 0
1017.9 610.1 1026.0 615.9 992.1 662.9 984.0 657.1 ship 0
547.0 984.1 548.4 985.5 547.0 986.9 545.6 985.5 ship 0
953.7 463.9 976.1 433.1 1013.3 460.1 990.9 490.9 small-vehicle 0
240.9 290.0 255.4 273.4 287.1 301.0 272.6 317.6 small-vehicle 0
696.8 8.1 722.6 5.1 726.2 34.9 700.4 37.9 small-vehicle 0
777.7 137.3 791.3 149.2 758.3 186.7 744.7 174.8 small-vehicle 0
886.0 92.6 905.6 102.6 892.0 129.4 872.4 119.4 small-vehicle 0
785.5 246.3 807.9 259.6 786.5 295.7 764.1 282.4 small-vehicle 0
616.5 213.9 644.7 233.0 609.9 284.3 581.8 265.3 small-vehicle 0
931.4 247.6 947.2 262.9 923.6 287.4 907.8 272.1 small-vehicle 0
959.0 271.3 961.3 281.0 932.2 288.1 929.8 278.4 small-vehicle 0
643.8 310.3 658.1 321.3 571.3 433.7 557.1 422.7 ship 0
