255.2 672.8 256.8 671.6 258.0 673.2 256.4 674.4 baseball-diamond 0
508.1 503.2 509.8 502.1 510.9 503.8 509.2 504.9 baseball-diamond 0
647.7 1005.3 649.1 1003.9 650.6 1005.3 649.2 1006.7 small-vehicle 0
651.8 995.7 665.7 994.0 667.4 1007.9 653.5 1009.6 small-vehicle 0
659.4 993.0 662.6 987.9 681.2 999.7 678.0 1004.7 small-vehicle 0
679.8 980.6 681.8 980.7 680.8 998.6 678.8 998.5 small-vehicle 0
690.8 978.8 692.5 979.8 683.2 995.2 681.5 994.2 small-vehicle 0
708.2 1019.3 708.7 1021.2 706.8 1021.7 706.3 1019.8 small-vehicle 0
584.4 989.5 595.9 997.5 590.2 1005.7 578.7 997.7 small-vehicle 0
581.9 970.3 583.8 969.5 598.1 1004.7 596.2 1005.5 small-vehicle 0
575.4 970.4 578.2 920.5 632.1 923.5 629.3 973.5 large-vehicle 0
