500.8 395.2 511.5 358.7 640.0 396.5 629.3 433.0 plane 0
606.8 132.1 629.8 83.2 693.2 112.9 670.2 161.8 plane 0
637.5 149.9 667.8 203.9 613.7 234.3 583.4 180.2 plane 0
502.1 420.6 612.8 192.0 693.8 231.2 583.1 459.8 plane 0
521.8 488.9 528.2 463.7 592.2 480.1 585.8 505.3 plane 0
507.7 526.6 525.4 507.5 567.9 546.9 550.2 566.0 plane 0
778.1 453.0 783.9 440.3 832.9 463.0 827.1 475.7 helicopter 0
822.5 217.3 824.7 199.4 886.2 206.9 884.0 224.8 helicopter 0
780.3 232.6 786.5 215.7 897.3 256.1 891.2 273.0 helicopter 0
882.2 273.1 907.6 316.2 771.5 396.4 746.1 353.3 helicopter 0
779.3 373.1 789.5 358.3 867.2 411.2 857.0 426.1 helicopter 0
790.9 431.7 793.4 417.9 834.7 425.5 832.2 439.2 helicopter 0
760.1 488.3 774.8 457.7 827.1 482.8 812.3 513.5 helicopter 0
584.9 198.5 598.2 186.3 702.0 300.1 688.7 312.2 helicopter 0
580.1 277.5 589.0 257.3 663.9 290.5 655.0 310.7 helicopter 0
884.8 224.3 928.2 268.6 843.8 351.1 800.5 306.8 plane 0
876.4 61.2 971.6 107.8 928.5 195.8 833.3 149.1 plane 0
1000.7 14.7 1007.6 52.1 887.6 74.2 880.8 36.8 plane 0
