910.8 373.3 951.0 337.4 1011.0 404.5 970.7 440.5 plane 0
829.0 455.1 863.3 413.3 936.0 472.9 901.7 514.7 plane 0
753.1 523.8 790.9 485.3 857.9 551.2 820.1 589.7 plane 0
559.3 708.0 629.2 764.7 587.7 816.0 517.8 759.3 plane 0
483.1 778.1 550.7 843.4 504.9 890.9 437.3 825.6 plane 0
405.9 852.7 475.4 909.9 433.5 960.9 364.0 903.7 plane 0
351.7 908.1 414.8 977.8 327.3 1056.9 264.2 987.2 plane 0
389.9 6.5 402.1 107.7 304.9 119.5 292.6 18.3 plane 0
957.3 791.8 976.8 774.6 1046.9 854.0 1027.4 871.3 plane 0
863.7 928.9 882.5 910.9 953.1 984.6 934.3 1002.6 plane 0
873.3 866.9 890.9 847.8 974.7 925.1 957.1 944.2 plane 0
925.4 853.4 944.2 830.0 1051.6 916.6 1032.8 940.0 plane 0
