144.1 955.6 144.8 965.6 94.9 969.4 94.2 959.4 small-vehicle 0
144.9 872.5 148.3 881.8 97.6 900.5 94.2 891.1 small-vehicle 0
143.9 858.0 144.0 868.0 94.0 868.9 93.9 858.9 small-vehicle 0
90.9 833.3 93.7 828.0 148.1 857.7 145.3 863.0 small-vehicle 0
142.0 736.6 144.5 746.3 96.0 758.4 93.5 748.7 small-vehicle 0
136.6 488.6 137.4 510.6 91.4 512.4 90.6 490.4 small-vehicle 0
48.1 78.0 58.1 78.0 57.9 120.0 47.9 120.0 small-vehicle 0
60.0 82.1 81.3 76.5 93.0 120.9 71.7 126.5 small-vehicle 0
228.7 77.2 246.7 77.8 245.3 119.8 227.3 119.2 small-vehicle 0
177.7 78.3 185.2 71.7 228.3 121.7 220.8 128.3 small-vehicle 0
168.5 81.8 178.0 78.4 193.4 121.7 184.0 125.1 small-vehicle 0
804.5 347.4 850.7 294.8 999.4 425.6 953.2 478.2 tennis-court 0
674.6 278.3 720.3 249.6 872.5 491.7 826.8 520.4 tennis-court 0
999.3 573.1 1021.1 604.2 806.7 754.8 784.9 723.7 tennis-court 0
852.6 539.6 887.0 570.2 694.3 786.9 660.0 756.4 tennis-court 0
947.2 813.1 993.1 841.5 850.8 1071.0 804.9 1042.5 tennis-court 0
815.3 850.1 853.4 882.5 727.7 1030.3 689.6 997.9 tennis-court 0
654.5 859.7 705.0 888.1 631.5 1018.8 581.0 990.4 tennis-court 0
397.2 884.3 442.1 854.3 547.8 1012.1 502.9 1042.2 tennis-court 0
358.0 869.4 404.7 896.6 328.9 1026.1 282.3 998.9 tennis-court 0
146.8 880.2 288.7 884.9 284.4 1014.8 142.4 1010.1 tennis-court 0
609.7 518.0 745.3 774.3 683.4 807.0 547.8 550.7 tennis-court 0
470.7 585.1 529.6 604.3 479.3 758.3 420.4 739.1 tennis-court 0
397.1 608.1 420.0 638.4 296.9 730.9 274.0 700.6 tennis-court 0
120.8 552.7 364.0 625.9 316.2 784.8 73.0 711.7 tennis-court 0
749.8 253.9 781.4 287.4 541.2 513.6 509.6 480.1 tennis-court 0
505.4 266.8 557.7 291.9 449.6 517.3 397.3 492.2 tennis-court 0
97.1 930.9 102.9 922.8 146.9 954.1 141.1 962.2 small-vehicle 0
54.6 978.1 63.8 967.6 89.4 989.9 80.2 1000.4 small-vehicle 0
50.5 953.0 51.5 975.0 9.5 977.0 8.5 955.0 small-vehicle 0
31.7 1007.6 32.6 1009.4 30.8 1010.3 29.9 1008.5 small-vehicle 0
96.9 1003.5 99.2 993.8 140.1 1003.5 137.8 1013.2 small-vehicle 0
29.8 877.6 31.4 878.8 30.2 880.4 28.6 879.2 small-vehicle 0
104.8 903.9 137.8 895.6 141.2 909.1 108.2 917.4 small-vehicle 0
28.6 778.4 49.5 793.9 36.4 811.6 15.5 796.1 small-vehicle 0
148.4 779.7 150.0 789.6 100.6 797.3 99.0 787.4 small-vehicle 0
149.1 755.2 151.3 764.9 90.9 778.8 88.7 769.1 small-vehicle 0
12.8 754.9 21.7 739.3 51.2 756.1 42.3 771.7 small-vehicle 0
12.9 295.4 13.1 293.4 15.1 293.6 14.9 295.6 small-vehicle 0
252.7 97.2 270.7 73.2 307.5 100.7 289.6 124.8 small-vehicle 0
134.6 96.5 136.2 95.4 137.4 97.0 135.7 98.1 small-vehicle 0
144.9 977.3 145.9 987.2 100.1 991.7 99.1 981.8 small-vehicle 0
376.9 262.5 429.8 286.2 324.1 521.5 271.2 497.8 tennis-court 0
