320.9 125.8 321.1 103.8 363.1 104.2 362.9 126.2 small-vehicle 0
710.6 811.0 764.5 813.6 758.4 943.4 704.4 940.9 tennis-court 0
606.5 793.9 660.4 796.9 651.5 958.6 597.6 955.7 tennis-court 0
682.9 558.1 723.1 535.8 792.0 659.9 751.8 682.2 tennis-court 0
582.6 512.5 631.0 500.0 682.4 699.5 633.9 712.0 tennis-court 0
715.2 248.5 780.7 256.8 760.9 413.5 695.4 405.2 tennis-court 0
547.2 239.0 602.1 220.3 669.8 419.0 614.9 437.7 tennis-court 0
443.5 248.2 500.6 237.6 531.5 404.8 474.4 415.4 tennis-court 0
350.7 202.5 463.6 248.6 381.3 450.5 268.4 404.4 tennis-court 0
219.5 240.4 281.4 245.0 269.4 406.6 207.5 402.0 tennis-court 0
28.9 227.1 75.3 199.5 203.2 414.3 156.8 442.0 tennis-court 0
