639.1 23.0 640.8 22.0 641.9 23.7 640.2 24.7 small-vehicle 0
317.5 68.5 327.2 66.0 337.8 106.6 328.2 109.2 small-vehicle 0
342.8 242.7 400.8 241.3 404.0 379.3 346.1 380.6 tennis-court 0
474.0 174.7 531.5 181.7 503.1 414.0 445.6 406.9 tennis-court 0
555.3 180.9 615.8 167.5 661.0 372.6 600.4 385.9 tennis-court 0
509.2 456.6 563.5 436.2 683.8 756.4 629.5 776.8 tennis-court 0
437.3 566.9 493.7 553.0 525.8 683.1 469.5 697.0 tennis-court 0
372.1 519.5 424.4 532.8 365.7 763.4 313.3 750.1 tennis-court 0
156.4 577.6 265.6 532.9 349.6 738.4 240.4 783.1 tennis-court 0
339.3 64.9 349.2 63.5 355.7 109.1 345.8 110.5 small-vehicle 0
477.2 38.7 486.6 35.2 502.8 78.3 493.4 81.8 small-vehicle 0
375.8 59.2 385.4 56.3 402.2 111.8 392.6 114.7 small-vehicle 0
459.7 41.6 469.5 39.7 480.1 92.7 470.2 94.6 small-vehicle 0
268.5 84.6 284.2 75.8 300.8 105.5 285.1 114.3 small-vehicle 0
367.6 67.3 377.3 69.9 368.4 102.7 358.7 100.1 small-vehicle 0
386.2 51.9 394.9 47.0 427.8 104.1 419.1 109.1 small-vehicle 0
416.8 60.5 425.7 56.0 441.0 86.3 432.1 90.9 small-vehicle 0
437.5 49.7 447.1 47.0 459.5 91.3 449.9 94.0 small-vehicle 0
237.6 184.6 298.3 197.4 240.4 473.4 179.7 460.6 tennis-court 0
