511.5 230.3 1011.5 186.1 1021.5 299.7 521.5 343.9 harbor 0
570.8 118.9 752.4 -53.0 844.5 44.3 662.9 216.2 harbor 0
863.6 314.3 910.2 371.8 750.3 501.7 703.7 444.2 harbor 0
846.2 435.8 940.4 513.3 835.0 641.5 740.8 564.0 harbor 0
783.2 703.7 906.3 575.1 977.1 642.9 854.0 771.5 harbor 0
500.9 581.6 672.3 830.2 585.1 890.4 413.7 641.8 harbor 0
77.9 568.7 79.3 542.8 241.1 551.3 239.7 577.2 harbor 0
224.3 363.0 227.6 392.8 118.3 405.0 115.0 375.2 harbor 0
256.4 834.4 270.0 713.2 327.6 719.6 314.0 840.8 harbor 0
370.2 672.9 502.4 825.6 434.3 884.5 302.1 731.8 harbor 0
587.7 256.2 596.4 251.3 628.4 309.1 619.7 313.9 ship 0
567.8 261.5 576.5 256.6 611.2 317.3 602.5 322.3 ship 0
545.0 272.1 552.6 265.6 595.1 316.1 587.5 322.6 ship 0
527.9 277.9 536.1 272.1 574.1 326.1 565.9 331.9 ship 0
555.4 337.1 569.1 334.4 576.3 371.7 562.6 374.4 ship 0
510.7 303.0 519.6 298.4 564.5 385.5 555.6 390.1 ship 0
681.3 595.0 694.9 583.2 719.7 612.0 706.1 623.8 ship 0
633.1 703.2 642.1 698.6 682.9 778.8 673.9 783.4 ship 0
780.2 562.0 788.3 556.1 812.9 590.2 804.8 596.0 ship 0
765.6 566.0 774.7 561.9 788.4 593.0 779.3 597.1 ship 0
648.4 607.1 663.6 597.5 679.6 622.9 664.4 632.5 ship 0
742.6 579.3 750.4 573.1 771.7 599.6 763.9 605.9 ship 0
709.0 524.0 727.3 511.7 761.8 563.3 743.5 575.5 ship 0
683.4 529.3 705.4 530.0 703.7 583.9 681.7 583.3 ship 0
632.2 546.5 640.9 541.6 669.6 592.0 661.0 596.9 ship 0
613.2 549.6 621.7 544.4 653.8 597.4 645.3 602.6 ship 0
586.5 571.0 598.2 563.3 645.5 635.1 633.8 642.8 ship 0
560.0 451.4 568.5 446.1 603.5 502.0 595.0 507.3 ship 0
578.6 445.5 586.8 439.8 617.6 484.2 609.4 489.9 ship 0
591.9 328.0 600.5 322.9 619.9 355.6 611.4 360.7 ship 0
608.8 324.4 616.9 318.4 637.2 345.6 629.1 351.6 ship 0
623.9 243.5 632.6 238.6 667.1 299.5 658.4 304.4 ship 0
787.1 709.0 795.4 703.5 813.9 732.0 805.6 737.5 ship 0
965.9 596.9 974.3 591.4 1006.3 639.8 998.0 645.3 ship 0
949.7 600.0 958.6 595.5 985.0 647.1 976.1 651.6 ship 0
927.8 667.9 957.5 638.2 998.5 679.1 968.9 708.9 ship 0
892.1 615.6 897.3 612.5 926.9 662.4 921.7 665.5 ship 0
870.5 612.3 875.5 609.0 919.6 678.2 914.6 681.4 ship 0
855.5 629.4 863.7 623.8 896.5 671.6 888.3 677.2 ship 0
810.6 630.3 826.5 621.8 863.1 690.7 847.2 699.2 ship 0
796.7 694.9 804.7 689.0 839.4 735.5 831.4 741.4 ship 0
709.2 733.0 724.2 723.0 740.8 748.0 725.8 758.0 ship 0
812.5 688.5 820.6 682.7 854.6 729.7 846.5 735.6 ship 0
817.9 740.9 941.6 624.3 962.1 646.1 838.5 762.7 ship 0
912.2 760.2 922.3 750.6 956.8 786.8 946.7 796.4 ship 0
880.7 766.7 896.2 757.7 919.4 797.4 903.8 806.5 ship 0
844.3 777.7 860.2 769.2 883.7 813.3 867.8 821.8 ship 0
750.0 805.0 765.9 796.7 789.0 841.0 773.1 849.3 ship 0
713.2 815.1 725.2 807.9 750.8 850.9 738.8 858.1 ship 0
985.1 591.1 993.6 585.9 1021.9 631.9 1013.4 637.1 ship 0
990.0 655.6 1025.7 633.5 1041.5 659.0 1005.8 681.1 ship 0
695.9 566.4 908.2 419.9 941.1 467.6 728.8 614.1 ship 0
735.8 619.3 914.4 480.9 935.2 507.7 756.6 646.1 ship 0
857.1 540.7 864.8 534.2 891.8 566.4 884.1 572.8 ship 0
875.8 527.9 884.0 522.1 915.2 566.1 907.0 571.9 ship 0
913.3 512.8 921.4 506.9 955.6 553.8 947.5 559.6 ship 0
1003.1 452.0 1009.5 444.3 1035.6 466.1 1029.2 473.8 ship 0
981.7 442.6 990.5 438.0 1017.5 489.3 1008.6 494.0 ship 0
928.3 455.4 941.9 443.5 988.1 496.0 974.6 507.9 ship 0
935.0 509.5 942.9 503.4 978.0 549.5 970.1 555.6 ship 0
975.8 505.7 983.6 499.5 1007.2 529.3 999.4 535.5 ship 0
994.6 501.6 1017.7 489.7 1031.4 516.4 1008.3 528.3 ship 0
677.3 741.7 685.7 736.3 701.8 761.6 693.4 767.0 ship 0
744.5 722.5 760.4 714.0 774.5 740.5 758.6 749.0 ship 0
646.7 236.3 655.5 231.4 689.3 292.7 680.5 297.6 ship 0
536.5 595.8 640.8 814.2 588.5 839.2 484.2 620.8 ship 0
499.4 620.5 503.1 629.7 471.6 642.5 467.9 633.3 ship 0
506.3 638.4 510.1 647.6 478.7 660.6 474.9 651.4 ship 0
510.0 656.9 514.8 665.7 485.0 682.1 480.2 673.3 ship 0
497.9 625.4 556.8 780.6 525.0 792.7 466.1 637.4 ship 0
476.9 635.8 595.3 846.8 562.2 865.4 443.7 654.4 ship 0
588.1 832.3 593.4 853.7 513.9 873.7 508.6 852.3 ship 0
539.2 691.8 678.7 869.6 633.1 905.4 493.6 727.6 ship 0
568.1 651.4 578.2 671.0 530.2 695.8 520.1 676.2 ship 0
731.6 669.0 748.6 663.0 766.4 714.0 749.4 720.0 ship 0
557.6 614.6 563.2 622.9 518.6 653.3 513.0 645.1 ship 0
552.0 600.3 556.9 609.0 510.0 635.7 505.1 627.0 ship 0
552.1 584.6 555.5 594.0 500.9 613.4 497.5 604.0 ship 0
629.7 315.5 638.6 310.9 656.3 344.5 647.4 349.2 ship 0
651.6 311.4 660.8 307.3 674.6 338.4 665.4 342.5 ship 0
674.3 306.4 682.7 300.9 703.5 332.7 695.1 338.2 ship 0
690.9 298.8 699.7 294.0 718.1 327.2 709.3 332.0 ship 0
320.7 551.6 403.4 651.9 383.3 668.4 300.6 568.1 ship 0
282.2 570.9 398.9 689.0 380.4 707.2 263.7 589.2 ship 0
281.3 640.4 289.7 651.6 249.6 681.6 241.2 670.4 ship 0
283.8 660.2 292.7 664.6 263.5 723.8 254.5 719.3 ship 0
695.3 682.1 703.4 676.3 732.7 716.9 724.6 722.7 ship 0
673.2 683.5 681.5 678.0 713.7 726.2 705.4 731.7 ship 0
656.5 691.0 665.0 685.7 693.6 731.5 685.1 736.8 ship 0
685.7 825.2 697.8 818.1 723.1 861.2 711.0 868.3 ship 0
476.9 812.6 484.4 829.0 406.1 864.6 398.7 848.3 ship 0
346.3 856.5 396.6 767.8 429.7 786.5 379.4 875.2 ship 0
292.6 853.2 300.9 837.2 352.4 863.8 344.1 879.8 ship 0
280.1 803.8 320.4 781.5 336.9 811.2 296.6 833.5 ship 0
332.1 792.8 398.4 731.9 413.3 748.1 347.0 809.0 ship 0
381.2 840.1 416.5 702.5 468.8 715.9 433.5 853.5 ship 0
427.2 715.8 437.4 730.7 392.8 761.2 382.6 746.3 ship 0
441.4 680.5 445.3 702.2 360.6 717.5 356.7 695.8 ship 0
339.0 729.9 344.1 721.4 387.0 747.1 381.9 755.6 ship 0
279.6 603.0 343.5 902.2 302.4 911.0 238.5 611.8 ship 0
256.7 720.0 261.3 711.1 309.4 735.6 304.8 744.5 ship 0
711.2 396.9 720.2 392.5 750.6 455.5 741.6 459.9 ship 0
688.6 397.2 697.7 393.1 731.4 467.8 722.3 471.9 ship 0
628.5 429.1 647.6 418.1 678.5 471.9 659.4 482.9 ship 0
632.3 473.2 650.0 502.3 624.3 517.9 606.7 488.8 ship 0
927.9 228.9 940.3 222.4 958.1 255.9 945.7 262.5 ship 0
907.7 351.3 921.0 339.1 960.3 381.7 947.0 393.9 ship 0
952.9 328.7 960.8 322.5 996.7 368.0 988.9 374.2 ship 0
980.9 325.4 989.9 321.1 1012.9 370.0 1003.8 374.3 ship 0
966.9 225.4 981.7 215.2 1003.2 246.6 988.3 256.8 ship 0
926.1 161.0 968.0 133.6 1006.4 192.1 964.5 219.5 ship 0
879.2 171.6 887.1 165.4 927.8 217.4 919.9 223.6 ship 0
903.1 160.3 911.7 155.3 947.1 215.6 938.5 220.7 ship 0
903.1 235.9 915.3 229.0 933.9 262.1 921.7 269.0 ship 0
800.8 67.2 820.7 57.6 837.2 91.8 817.3 101.4 ship 0
858.8 246.7 879.2 238.5 893.4 273.8 873.0 282.0 ship 0
840.3 54.9 858.8 42.9 881.7 78.1 863.2 90.1 ship 0
875.4 15.4 883.8 10.0 939.3 95.6 930.9 101.0 ship 0
917.1 14.1 926.9 12.2 942.9 96.7 933.0 98.6 ship 0
782.1 4.6 821.7 -25.9 862.0 26.3 822.4 56.9 ship 0
876.5 354.9 885.5 350.5 911.3 402.5 902.3 406.9 ship 0
819.4 184.4 840.2 177.5 862.4 243.9 841.6 250.8 ship 0
858.3 177.3 866.2 171.1 911.9 229.3 904.0 235.5 ship 0
781.4 193.0 791.0 190.2 810.4 257.5 800.8 260.3 ship 0
755.3 391.6 764.3 387.3 787.9 435.8 778.9 440.2 ship 0
687.3 432.3 863.5 325.7 895.6 378.7 719.4 485.4 ship 0
731.0 419.4 856.9 330.7 895.0 384.6 769.1 473.3 ship 0
813.0 375.4 820.9 369.2 857.0 414.6 849.1 420.8 ship 0
838.0 366.9 847.1 362.8 869.0 412.1 859.9 416.2 ship 0
852.3 365.7 860.1 359.3 896.7 404.3 888.9 410.7 ship 0
666.3 229.2 674.8 223.8 712.2 283.0 703.8 288.3 ship 0
691.9 219.9 701.0 215.7 732.2 282.8 723.2 287.0 ship 0
710.1 217.5 719.1 213.1 747.9 272.5 738.9 276.9 ship 0
713.4 291.4 725.9 285.2 742.8 319.2 730.2 325.4 ship 0
735.5 211.2 744.4 206.6 774.4 265.4 765.5 270.0 ship 0
756.3 202.3 765.3 197.9 795.8 260.9 786.8 265.3 ship 0
630.0 372.4 890.9 183.7 910.9 211.2 650.0 399.9 ship 0
804.3 262.2 814.0 259.8 823.0 296.7 813.3 299.1 ship 0
820.6 257.4 829.4 252.7 849.3 289.6 840.5 294.4 ship 0
753.7 0.6 766.0 -6.1 803.3 62.4 791.0 69.1 ship 0
729.3 9.6 741.7 3.2 773.7 65.4 761.3 71.8 ship 0
611.9 156.3 864.3 5.7 885.8 41.8 633.4 192.4 ship 0
533.5 104.0 850.6 -78.6 889.5 -11.0 572.4 171.6 ship 0
634.3 40.8 652.2 28.1 692.7 85.2 674.8 97.9 ship 0
595.8 40.3 608.4 34.1 644.7 107.6 632.2 113.8 ship 0
558.7 181.1 783.2 31.3 804.3 62.9 579.8 212.7 ship 0
429.0 223.3 780.6 28.4 799.0 61.7 447.4 256.6 ship 0
574.8 56.9 587.4 50.7 620.2 117.0 607.6 123.2 ship 0
513.5 72.1 548.1 48.3 594.5 115.9 559.9 139.7 ship 0
470.4 88.7 478.6 83.1 520.1 144.4 511.8 150.0 ship 0
488.9 77.4 497.2 71.8 538.3 133.4 529.9 138.9 ship 0
515.7 151.8 523.9 146.0 548.3 180.2 540.1 186.0 ship 0
499.7 167.3 507.5 161.1 523.6 181.6 515.7 187.8 ship 0
469.0 141.9 481.5 135.7 493.0 159.1 480.5 165.3 ship 0
