409.6 954.8 423.9 965.8 408.0 986.3 393.8 975.4 small-vehicle 0
689.4 942.7 717.0 954.4 711.6 967.3 684.0 955.6 small-vehicle 0
995.2 896.8 1006.7 904.7 946.9 992.2 935.3 984.3 large-vehicle 0
975.4 882.3 986.6 890.7 920.6 978.7 909.4 970.3 large-vehicle 0
867.0 457.7 955.6 563.5 908.0 603.3 819.4 497.5 large-vehicle 0
911.2 855.4 949.0 881.6 881.8 978.6 844.0 952.4 large-vehicle 0
205.4 686.7 249.4 655.5 287.6 709.3 243.6 740.5 large-vehicle 0
434.8 636.4 451.0 611.1 503.2 644.6 487.0 669.9 large-vehicle 0
618.5 577.2 691.1 630.3 680.5 644.8 607.9 591.7 large-vehicle 0
614.6 561.8 620.2 553.6 704.4 611.2 698.8 619.4 large-vehicle 0
624.2 540.6 629.9 532.4 713.8 590.4 708.1 598.6 large-vehicle 0
643.9 527.9 651.6 516.3 730.1 568.1 722.4 579.7 large-vehicle 0
734.5 586.8 761.3 549.4 808.5 583.2 781.7 620.6 large-vehicle 0
523.4 64.4 536.8 52.4 559.6 77.6 546.2 89.6 large-vehicle 0
695.5 927.4 735.9 939.0 732.0 952.4 691.6 940.8 small-vehicle 0
530.1 841.6 546.9 847.9 532.0 887.2 515.2 880.8 small-vehicle 0
563.8 881.1 583.4 891.0 566.2 924.9 546.6 915.0 small-vehicle 0
546.6 874.1 560.5 874.9 559.5 892.8 545.5 892.0 small-vehicle 0
624.5 810.4 644.9 818.4 623.7 872.4 603.2 864.3 small-vehicle 0
740.6 786.8 760.6 795.9 739.8 841.4 719.8 832.3 small-vehicle 0
964.1 312.9 966.1 313.1 965.9 315.1 963.9 314.9 small-vehicle 0
691.6 434.4 698.6 471.8 657.3 479.6 650.3 442.2 small-vehicle 0
666.2 349.4 682.8 356.2 669.9 387.7 653.3 380.8 small-vehicle 0
701.8 631.8 707.7 623.7 777.2 674.2 771.3 682.3 large-vehicle 0
232.3 235.4 233.7 234.0 235.1 235.4 233.7 236.8 small-vehicle 0
326.4 552.5 329.7 594.4 260.0 599.9 256.6 558.1 large-vehicle 0
356.5 600.9 386.6 585.1 406.1 622.4 375.9 638.1 large-vehicle 0
343.3 925.8 358.3 935.7 339.7 964.2 324.7 954.3 ship 0
172.1 966.5 189.8 953.4 207.6 977.5 190.0 990.6 small-vehicle 0
458.7 964.8 481.5 977.4 457.3 1021.2 434.5 1008.6 small-vehicle 0
434.7 953.4 453.7 964.3 430.9 1004.2 411.8 993.3 small-vehicle 0
390.8 934.4 402.8 941.6 377.2 984.6 365.2 977.4 small-vehicle 0
476.1 851.9 498.3 865.5 478.5 897.9 456.3 884.3 small-vehicle 0
320.6 700.3 342.1 695.6 350.4 732.7 328.9 737.4 small-vehicle 0
146.7 368.5 163.0 376.1 133.3 439.5 117.0 431.9 small-vehicle 0
718.7 606.2 726.2 599.5 783.3 663.8 775.8 670.5 large-vehicle 0
