940.7 412.8 973.9 405.5 982.0 442.6 948.8 449.9 ship 0
684.0 436.4 704.2 420.0 756.0 483.6 735.8 500.0 harbor 0
521.6 39.2 522.8 37.6 524.4 38.8 523.2 40.4 harbor 0
952.8 432.9 974.1 418.0 1014.3 475.3 993.0 490.2 harbor 0
816.1 427.8 839.2 415.7 869.9 474.2 846.8 486.3 harbor 0
648.5 785.7 653.6 811.3 604.6 821.0 599.5 795.5 harbor 0
607.4 785.6 625.9 803.9 607.6 822.4 589.1 804.1 ship 0
318.3 709.2 333.7 735.0 218.7 803.8 203.3 778.0 small-vehicle 0
287.4 772.5 321.0 766.8 324.6 788.5 291.0 794.2 small-vehicle 0
300.6 809.6 301.9 808.1 303.4 809.4 302.1 810.9 small-vehicle 0
98.1 970.6 113.4 961.2 126.9 983.4 111.6 992.8 small-vehicle 0
258.7 741.2 279.3 763.0 237.2 802.9 216.6 781.1 ship 0
