803.0 -198.9 1147.5 65.0 866.6 431.8 522.1 167.9 soccer-ball-field 0
428.2 308.8 479.0 326.9 405.8 532.2 355.0 514.1 tennis-court 0
831.6 606.0 889.2 612.8 874.3 737.9 816.7 731.1 tennis-court 0
718.0 594.9 771.9 597.9 764.8 727.7 710.9 724.7 tennis-court 0
615.4 578.5 671.8 592.1 639.5 726.2 583.1 712.7 tennis-court 0
290.0 602.3 340.8 620.6 267.0 825.7 216.2 807.4 tennis-court 0
154.8 595.8 208.3 603.1 180.2 811.2 126.7 803.9 tennis-court 0
44.8 601.1 98.0 610.7 66.4 785.9 13.2 776.3 tennis-court 0
392.1 297.0 421.6 326.9 220.9 525.0 191.4 495.1 tennis-court 0
180.1 331.2 233.4 340.0 212.1 468.3 158.9 459.5 tennis-court 0
