660.8 759.6 662.5 760.6 661.6 762.3 659.8 761.4 small-vehicle 0
611.8 582.0 630.9 558.8 694.2 611.0 675.1 634.2 large-vehicle 0
654.3 642.6 668.3 625.7 734.7 680.4 720.7 697.3 large-vehicle 0
42.9 228.0 62.1 245.6 9.2 303.0 -9.9 285.4 large-vehicle 0
73.5 244.1 81.0 250.7 21.3 318.2 13.8 311.5 large-vehicle 0
111.1 277.2 121.6 286.4 69.9 344.8 59.4 335.6 large-vehicle 0
225.0 356.3 235.6 365.4 174.0 436.4 163.4 427.2 large-vehicle 0
245.2 359.3 253.6 364.7 202.8 443.7 194.4 438.3 large-vehicle 0
270.0 379.4 280.4 388.7 207.4 470.9 196.9 461.6 large-vehicle 0
340.5 445.5 350.8 454.9 295.2 515.3 284.9 505.8 large-vehicle 0
361.6 457.1 372.0 466.4 309.7 536.8 299.3 527.5 large-vehicle 0
388.2 465.6 395.5 472.3 331.8 541.4 324.5 534.7 large-vehicle 0
398.9 489.3 409.0 498.9 352.3 558.2 342.2 548.5 large-vehicle 0
417.1 501.8 427.8 510.9 371.9 576.2 361.2 567.1 large-vehicle 0
440.0 518.1 450.6 527.2 394.6 592.5 384.0 583.4 large-vehicle 0
460.1 539.7 467.5 546.5 409.9 610.3 402.5 603.5 large-vehicle 0
479.8 551.4 487.1 558.2 425.7 624.0 418.4 617.2 large-vehicle 0
494.5 576.4 504.6 586.1 459.0 633.8 448.9 624.2 large-vehicle 0
231.5 51.1 247.8 65.9 211.5 105.9 195.2 91.1 large-vehicle 0
272.5 50.3 279.9 57.0 211.5 132.7 204.1 126.0 large-vehicle 0
92.2 260.6 99.4 267.5 42.4 326.5 35.2 319.6 large-vehicle 0
134.5 288.9 145.4 297.6 93.9 361.5 83.0 352.7 large-vehicle 0
179.1 322.7 200.7 343.5 140.9 405.3 119.3 384.5 large-vehicle 0
672.5 561.4 688.8 541.2 721.5 567.6 705.2 587.8 large-vehicle 0
695.3 451.8 708.6 464.0 639.7 539.2 626.4 527.0 large-vehicle 0
654.6 429.0 679.4 452.3 617.9 518.0 593.1 494.7 large-vehicle 0
507.1 255.9 514.2 262.9 479.0 298.5 471.9 291.5 large-vehicle 0
194.5 -6.2 205.0 3.1 134.5 82.2 124.0 72.9 large-vehicle 0
211.7 12.1 222.1 21.4 156.9 94.5 146.4 85.2 large-vehicle 0
293.4 90.9 309.8 111.1 261.6 150.1 245.2 129.9 large-vehicle 0
303.4 117.0 314.3 125.8 280.6 168.0 269.7 159.2 large-vehicle 0
366.8 162.3 374.2 169.1 340.2 205.7 332.8 198.9 large-vehicle 0
406.9 188.9 414.3 195.6 383.3 229.6 375.9 222.9 large-vehicle 0
459.7 200.5 466.9 207.4 407.4 269.5 400.2 262.6 large-vehicle 0
479.8 213.3 487.0 220.3 424.2 284.7 417.0 277.7 large-vehicle 0
488.4 242.3 495.7 249.1 461.6 285.7 454.3 278.9 large-vehicle 0
546.8 347.7 553.9 354.8 481.2 426.3 474.1 419.2 large-vehicle 0
92.3 40.4 110.4 59.1 45.8 121.7 27.7 103.1 large-vehicle 0
119.7 51.2 130.2 60.5 65.4 134.0 54.9 124.8 large-vehicle 0
182.6 105.4 210.0 131.6 156.1 188.0 128.7 161.7 large-vehicle 0
252.5 156.1 260.1 162.6 201.5 230.9 193.9 224.4 large-vehicle 0
327.7 201.2 351.6 225.4 290.3 285.8 266.4 261.6 large-vehicle 0
370.1 227.2 388.7 245.4 331.6 304.2 312.9 286.1 large-vehicle 0
394.8 282.9 404.9 292.6 348.5 352.0 338.3 342.4 large-vehicle 0
488.0 322.6 498.7 331.6 446.0 394.4 435.3 385.4 large-vehicle 0
203.2 346.0 213.6 355.4 155.8 419.0 145.4 409.6 large-vehicle 0
294.1 411.7 313.5 429.0 258.9 490.3 239.5 473.0 large-vehicle 0
322.5 427.8 332.8 437.4 271.4 503.2 261.2 493.7 large-vehicle 0
498.0 777.8 513.7 762.3 540.3 789.5 524.6 804.9 small-vehicle 0
157.2 935.7 173.7 921.2 209.2 961.9 192.6 976.4 small-vehicle 0
177.2 920.2 184.2 913.1 222.8 950.8 215.8 957.9 small-vehicle 0
230.1 889.6 231.4 888.1 232.9 889.4 231.6 890.9 small-vehicle 0
277.9 860.8 292.3 871.6 286.3 879.6 271.9 868.8 small-vehicle 0
321.1 806.2 338.6 819.5 308.4 859.3 290.9 846.0 small-vehicle 0
398.0 843.1 404.4 835.5 439.7 864.9 433.3 872.6 small-vehicle 0
372.3 977.9 373.9 976.8 375.0 978.5 373.4 979.6 small-vehicle 0
393.0 886.1 394.4 884.7 395.8 886.1 394.4 887.6 small-vehicle 0
426.5 833.0 428.0 831.7 429.3 833.2 427.8 834.5 small-vehicle 0
441.1 813.5 442.5 812.1 443.9 813.5 442.5 814.9 small-vehicle 0
480.1 813.4 490.1 803.6 508.4 822.1 498.4 831.9 small-vehicle 0
462.3 741.7 477.9 726.3 504.7 753.3 489.1 768.7 small-vehicle 0
457.0 788.1 458.4 786.7 459.8 788.1 458.4 789.5 small-vehicle 0
527.3 716.0 528.7 714.6 530.1 716.0 528.7 717.4 small-vehicle 0
536.0 739.4 554.3 720.9 592.6 759.0 574.3 777.5 small-vehicle 0
616.7 702.9 630.8 714.0 602.3 750.1 588.2 739.0 small-vehicle 0
586.7 709.9 588.2 711.2 586.9 712.7 585.4 711.4 small-vehicle 0
570.5 674.7 583.7 687.0 557.8 714.8 544.6 702.6 small-vehicle 0
547.8 660.4 558.8 669.1 540.2 692.6 529.2 683.9 small-vehicle 0
424.4 682.6 426.2 683.4 425.4 685.2 423.6 684.4 small-vehicle 0
392.4 717.0 400.5 722.9 390.0 737.5 381.9 731.6 small-vehicle 0
304.3 576.6 305.9 577.8 304.7 579.4 303.1 578.2 large-vehicle 0
530.3 630.7 540.2 650.3 502.7 669.2 492.8 649.6 large-vehicle 0
496.5 364.8 505.4 375.6 451.5 420.2 442.6 409.4 large-vehicle 0
559.7 363.5 567.0 370.3 494.3 447.5 487.0 440.7 large-vehicle 0
223.6 142.7 243.4 159.5 185.2 228.2 165.4 211.4 large-vehicle 0
341.5 118.0 348.8 124.8 290.4 187.9 283.1 181.1 large-vehicle 0
364.1 128.6 371.4 135.4 312.9 198.4 305.6 191.6 large-vehicle 0
528.8 267.4 539.0 277.0 502.3 316.5 492.0 307.0 large-vehicle 0
537.2 298.5 546.8 308.7 513.0 340.0 503.5 329.8 large-vehicle 0
385.5 255.9 395.5 265.7 332.4 329.9 322.4 320.1 large-vehicle 0
426.8 281.0 437.0 290.6 375.2 356.0 365.0 346.4 large-vehicle 0
452.2 296.0 459.4 303.0 399.8 365.0 392.6 358.0 large-vehicle 0
472.3 308.9 479.5 315.9 424.6 371.4 417.5 364.4 large-vehicle 0
577.8 375.4 588.3 384.7 520.2 460.6 509.7 451.3 large-vehicle 0
593.7 413.5 609.7 428.5 575.5 465.0 559.5 449.9 large-vehicle 0
161.6 -3.4 171.6 6.5 130.9 47.8 120.9 38.0 large-vehicle 0
401.6 156.4 409.1 163.1 348.8 230.0 341.4 223.3 large-vehicle 0
426.8 200.4 434.3 207.0 401.2 244.6 393.7 238.0 large-vehicle 0
