775.4 599.7 800.2 607.5 780.5 670.5 755.6 662.7 small-vehicle 0
760.5 886.3 784.6 896.0 767.5 938.7 743.4 929.0 small-vehicle 0
136.9 694.0 150.6 696.8 125.2 820.2 111.5 817.4 large-vehicle 0
177.6 690.8 190.6 696.0 136.5 831.6 123.5 826.4 large-vehicle 0
163.7 694.4 177.5 691.9 202.5 831.7 188.7 834.2 large-vehicle 0
415.7 712.2 433.7 711.8 436.3 837.8 418.3 838.2 large-vehicle 0
410.8 839.4 492.8 704.3 508.2 713.6 426.2 848.7 large-vehicle 0
504.0 714.4 517.0 719.8 463.9 847.2 451.0 841.8 large-vehicle 0
623.5 712.4 636.2 718.3 569.5 861.6 556.8 855.7 large-vehicle 0
664.8 742.9 674.1 746.6 637.1 841.6 627.7 838.0 large-vehicle 0
672.3 775.4 686.0 778.4 679.7 807.7 666.0 804.8 large-vehicle 0
731.0 316.2 780.7 337.4 758.0 390.8 708.3 369.6 large-vehicle 0
892.3 318.9 936.3 342.6 907.0 397.2 862.9 373.5 large-vehicle 0
677.8 583.8 759.9 558.2 812.8 728.2 730.7 753.7 large-vehicle 0
639.4 768.5 647.2 774.9 615.5 813.6 607.8 807.2 large-vehicle 0
527.7 712.0 541.2 715.9 500.3 856.0 486.8 852.1 large-vehicle 0
535.5 706.8 549.5 707.2 545.5 861.2 531.5 860.8 large-vehicle 0
642.8 666.6 796.0 816.1 772.2 840.4 619.0 690.9 large-vehicle 0
512.5 303.0 550.4 389.1 493.6 414.1 455.7 328.1 large-vehicle 0
598.9 296.1 654.5 312.5 620.1 429.5 564.4 413.1 large-vehicle 0
787.3 882.0 812.7 887.5 798.7 952.0 773.3 946.5 small-vehicle 0
195.8 453.8 211.9 385.7 318.9 410.9 302.9 479.0 large-vehicle 0
