112.0 76.5 116.9 73.1 145.0 114.5 140.1 117.9 ship 0
97.5 96.8 110.9 84.8 133.5 110.2 120.1 122.2 ship 0
389.0 897.0 398.0 892.8 425.7 952.7 416.6 956.9 ship 0
360.5 852.5 375.5 842.5 405.5 887.5 390.5 897.5 ship 0
397.2 839.1 412.3 829.4 434.9 864.8 419.8 874.5 ship 0
326.2 868.9 341.2 859.0 368.8 900.7 353.8 910.6 ship 0
370.4 911.5 378.8 906.0 410.3 954.7 401.9 960.1 ship 0
263.0 858.9 298.8 962.9 278.0 970.1 242.2 866.1 ship 0
317.7 871.3 319.5 929.3 293.5 930.1 291.7 872.2 ship 0
340.1 925.0 348.9 920.2 372.9 964.0 364.1 968.8 ship 0
315.8 934.2 324.0 928.6 356.8 976.5 348.5 982.1 ship 0
289.2 949.6 298.5 945.9 316.8 992.4 307.5 996.1 ship 0
269.8 957.4 278.3 952.2 302.0 991.7 293.5 996.8 ship 0
256.2 957.3 265.7 954.3 282.8 1009.7 273.3 1012.7 ship 0
229.8 972.8 237.5 966.3 272.3 1007.6 264.7 1014.0 ship 0
227.3 914.7 239.4 907.7 258.4 940.6 246.3 947.6 ship 0
160.9 946.8 218.0 893.7 257.5 936.1 200.4 989.3 ship 0
158.0 949.9 172.3 938.9 195.4 969.1 181.1 980.0 ship 0
192.7 981.7 200.4 975.3 242.3 1026.3 234.6 1032.7 ship 0
177.6 997.5 184.8 990.5 222.3 1029.4 215.1 1036.3 ship 0
97.7 970.2 125.3 950.2 152.3 987.4 124.8 1007.4 ship 0
34.5 991.0 41.9 984.2 78.5 1024.0 71.1 1030.8 ship 0
66.7 987.2 87.1 971.0 113.3 1003.8 92.9 1020.0 ship 0
20.1 1000.4 45.3 993.8 54.9 1030.6 29.7 1037.2 ship 0
402.8 896.8 410.8 890.8 448.2 940.2 440.2 946.2 ship 0
425.1 890.4 433.6 885.1 459.9 927.6 451.4 932.9 ship 0
439.2 881.7 447.5 876.1 482.1 927.6 473.8 933.1 ship 0
597.9 70.1 628.5 47.6 658.1 87.9 627.5 110.4 ship 0
9.6 571.1 48.3 527.9 97.4 571.9 58.7 615.1 ship 0
485.5 66.4 620.1 123.0 563.5 257.6 428.9 201.0 harbor 0
502.9 351.4 624.4 244.2 705.1 335.7 583.6 442.9 harbor 0
601.4 503.2 724.4 432.3 765.3 503.4 642.3 574.2 harbor 0
632.6 683.0 827.3 546.1 881.4 623.0 686.7 759.9 harbor 0
740.2 792.7 829.5 709.6 871.7 755.0 782.4 838.1 harbor 0
875.3 831.6 930.2 875.1 846.9 980.1 792.1 936.7 harbor 0
159.7 966.9 202.5 901.7 301.1 966.5 258.3 1031.7 harbor 0
156.1 800.9 156.7 799.0 158.6 799.7 158.0 801.6 harbor 0
155.8 500.6 164.3 495.5 192.0 541.8 183.5 547.0 ship 0
-11.8 650.5 8.1 641.2 26.0 679.2 6.1 688.5 ship 0
8.4 636.3 16.8 630.9 52.5 686.4 44.1 691.8 ship 0
67.2 620.8 88.7 599.9 120.7 632.9 99.2 653.8 ship 0
99.3 594.2 110.3 585.6 148.5 634.4 137.5 643.0 ship 0
136.5 580.1 144.4 573.9 177.7 616.5 169.8 622.6 ship 0
82.7 528.5 104.4 514.1 138.6 565.8 116.9 580.2 ship 0
106.4 514.1 114.0 507.7 156.4 558.3 148.7 564.7 ship 0
134.5 508.3 142.5 502.3 179.3 552.3 171.2 558.2 ship 0
173.2 490.4 184.2 481.8 219.8 527.6 208.8 536.2 ship 0
156.7 565.2 164.9 559.5 202.6 613.7 194.4 619.4 ship 0
185.6 556.4 195.0 552.8 215.7 607.0 206.4 610.6 ship 0
201.2 552.4 209.1 546.3 246.8 595.6 238.9 601.7 ship 0
225.5 544.2 234.0 538.9 262.5 584.8 254.0 590.1 ship 0
242.0 530.9 250.0 524.9 287.5 574.2 279.5 580.3 ship 0
266.6 521.6 275.2 516.5 311.4 576.4 302.8 581.5 ship 0
211.7 483.3 242.8 461.5 267.0 495.8 235.9 517.7 ship 0
243.6 458.6 276.7 432.8 317.3 484.9 284.2 510.7 ship 0
797.1 724.7 802.9 723.3 812.9 764.1 807.0 765.5 ship 0
960.1 858.0 986.0 857.0 987.9 907.0 962.0 908.0 ship 0
976.1 858.0 985.0 853.5 1003.9 891.0 995.0 895.5 ship 0
921.7 830.1 929.1 823.4 959.7 857.8 952.2 864.4 ship 0
945.9 820.0 951.3 817.4 966.1 848.0 960.7 850.6 ship 0
959.5 815.1 964.6 812.0 982.2 841.1 977.0 844.2 ship 0
985.2 804.7 996.9 797.1 1019.8 832.3 1008.1 839.9 ship 0
888.1 738.9 918.4 716.0 943.7 749.5 913.4 772.4 ship 0
937.4 717.9 972.7 695.2 995.4 730.5 960.1 753.2 ship 0
881.6 700.4 885.6 695.9 913.8 721.4 909.8 725.9 ship 0
869.9 700.9 875.0 697.7 896.9 733.6 891.8 736.7 ship 0
841.0 710.5 848.8 704.2 875.2 736.8 867.4 743.1 ship 0
821.0 728.3 826.0 724.9 843.0 749.7 838.0 753.1 ship 0
808.2 730.2 813.4 727.1 832.8 759.8 827.6 762.9 ship 0
737.2 764.1 747.2 754.4 770.8 778.9 760.8 788.6 ship 0
881.5 895.9 912.5 873.9 943.7 918.0 912.7 940.0 ship 0
712.5 780.0 721.6 769.3 744.4 788.8 735.3 799.5 ship 0
733.0 800.1 770.1 780.4 788.0 813.9 750.9 833.6 ship 0
701.1 814.3 709.3 808.5 731.2 839.6 723.0 845.3 ship 0
680.9 824.5 704.8 814.2 724.7 860.0 700.9 870.4 ship 0
664.2 793.2 669.1 789.7 689.0 817.2 684.2 820.8 ship 0
655.1 792.7 660.8 790.9 672.4 827.1 666.7 828.9 ship 0
619.2 714.8 625.1 715.9 617.8 757.2 611.9 756.1 ship 0
637.9 712.5 643.5 714.6 626.1 761.5 620.5 759.4 ship 0
606.3 663.5 631.8 647.6 660.3 693.5 634.8 709.3 ship 0
634.6 709.8 644.9 700.4 681.4 740.2 671.1 749.6 ship 0
674.4 698.7 699.7 682.5 722.4 717.8 697.1 734.0 ship 0
720.4 673.3 726.4 673.8 723.6 711.7 717.6 711.2 ship 0
724.0 674.5 729.5 672.2 745.3 711.1 739.7 713.4 ship 0
888.9 842.5 899.4 833.2 929.8 867.8 919.2 877.1 ship 0
861.6 864.3 875.4 852.7 897.2 878.9 883.3 890.4 ship 0
750.4 653.7 756.1 651.9 772.6 703.3 766.9 705.1 ship 0
831.0 937.9 902.7 871.1 931.4 901.8 859.6 968.6 ship 0
692.9 922.1 701.9 917.6 722.4 958.8 713.4 963.3 ship 0
708.6 915.9 717.6 911.4 738.1 952.5 729.2 957.0 ship 0
716.6 976.9 748.1 955.6 769.4 987.1 737.9 1008.4 ship 0
734.6 911.2 741.8 904.3 773.4 937.8 766.2 944.6 ship 0
757.7 948.5 769.8 941.4 791.1 977.6 779.1 984.7 ship 0
756.0 905.9 760.3 901.7 784.0 926.1 779.7 930.3 ship 0
766.4 890.9 774.6 885.2 803.0 926.4 794.7 932.1 ship 0
777.6 944.5 802.3 927.4 830.8 968.5 806.1 985.6 ship 0
798.5 882.5 813.2 872.2 837.5 906.5 822.8 916.8 ship 0
798.9 947.3 875.6 886.2 904.3 922.1 827.6 983.2 ship 0
736.5 664.4 741.9 661.8 760.4 699.5 755.0 702.1 ship 0
752.6 649.2 757.2 645.4 793.4 690.8 788.7 694.5 ship 0
158.8 291.4 172.6 313.5 133.6 337.8 119.8 315.8 ship 0
404.6 132.2 413.2 127.1 449.1 187.1 440.5 192.3 ship 0
605.4 288.9 613.7 283.4 634.7 315.0 626.4 320.6 ship 0
620.3 279.4 628.2 273.2 661.7 315.6 653.8 321.8 ship 0
623.6 334.4 631.9 328.8 666.7 380.2 658.4 385.8 ship 0
647.9 330.3 656.5 325.2 681.9 368.3 673.3 373.4 ship 0
644.6 268.2 654.1 264.9 670.6 312.2 661.1 315.5 ship 0
660.4 266.3 669.0 261.2 688.6 293.7 680.0 298.8 ship 0
663.8 318.7 694.4 296.1 733.6 349.2 703.0 371.8 ship 0
706.2 305.6 727.2 290.3 763.8 340.4 742.8 355.7 ship 0
732.4 291.9 741.1 286.9 768.2 333.6 759.5 338.6 ship 0
681.3 248.9 702.3 233.7 734.0 277.4 712.9 292.7 ship 0
707.6 234.9 716.1 229.7 746.4 279.1 737.9 284.3 ship 0
356.9 154.3 368.6 146.7 409.1 208.7 397.4 216.3 ship 0
386.5 150.2 394.6 144.3 421.4 181.7 413.3 187.5 ship 0
421.6 129.9 429.3 123.4 471.8 173.9 464.1 180.4 ship 0
550.9 302.7 559.3 297.3 590.9 345.9 582.6 351.4 ship 0
517.0 96.0 525.8 91.3 551.0 139.0 542.2 143.7 ship 0
489.0 95.8 497.6 90.6 532.2 146.8 523.7 152.0 ship 0
462.1 118.1 482.8 102.5 517.7 148.8 496.9 164.4 ship 0
592.3 135.9 620.8 117.3 659.0 176.0 630.5 194.6 ship 0
561.1 143.6 569.9 138.8 605.9 203.4 597.1 208.3 ship 0
539.9 155.2 548.2 149.6 583.1 200.8 574.8 206.4 ship 0
497.2 173.0 505.5 167.4 539.8 219.0 531.5 224.6 ship 0
477.1 187.6 484.9 181.4 518.5 223.7 510.6 229.9 ship 0
454.3 196.9 462.4 191.1 493.7 235.1 485.6 240.9 ship 0
424.4 206.1 445.8 191.3 485.6 248.9 464.2 263.7 ship 0
414.5 203.5 428.0 200.0 444.6 263.8 431.1 267.4 ship 0
367.0 225.8 402.2 211.5 430.0 280.1 394.8 294.4 ship 0
172.8 327.4 198.4 311.7 216.2 340.6 190.6 356.3 ship 0
573.4 304.8 581.8 299.4 602.6 331.1 594.2 336.6 ship 0
612.2 343.5 620.8 338.5 646.1 381.7 637.4 386.7 ship 0
713.7 633.7 756.0 607.1 772.0 632.5 729.7 659.1 ship 0
750.3 417.6 758.8 412.2 785.7 454.4 777.2 459.8 ship 0
776.6 645.0 782.3 643.1 795.4 683.0 789.7 684.9 ship 0
817.0 640.2 821.5 644.2 807.0 660.8 802.5 656.8 ship 0
784.7 596.4 820.1 573.9 838.3 602.6 802.9 625.1 ship 0
811.2 632.9 816.2 629.5 844.6 670.7 839.6 674.1 ship 0
838.9 618.2 844.4 615.7 862.1 653.8 856.6 656.3 ship 0
853.5 609.6 859.2 607.8 874.5 655.4 868.8 657.2 ship 0
857.7 607.8 862.1 603.7 898.8 643.3 894.4 647.3 ship 0
878.0 600.0 883.4 597.4 903.0 639.0 897.6 641.6 ship 0
897.0 599.4 902.8 598.0 911.4 635.0 905.5 636.4 ship 0
828.3 574.4 843.8 565.2 861.1 594.5 845.6 603.6 ship 0
867.4 562.7 905.5 536.9 924.5 565.1 886.4 590.9 ship 0
782.5 410.9 798.5 402.6 817.8 439.9 801.8 448.1 ship 0
764.5 482.4 788.3 458.1 815.4 484.6 791.7 509.0 ship 0
728.0 428.4 751.2 416.5 768.5 450.3 745.4 462.2 ship 0
589.8 350.6 597.8 344.6 632.9 390.7 624.9 396.8 ship 0
636.7 527.1 699.3 487.6 730.2 536.7 667.6 576.2 ship 0
628.8 529.8 643.3 519.1 673.2 559.2 658.7 569.9 ship 0
585.4 491.5 610.5 475.0 635.6 513.5 610.5 530.0 ship 0
476.9 351.5 508.0 329.7 529.8 360.9 498.6 382.6 ship 0
444.1 363.6 471.6 343.6 493.9 374.4 466.4 394.4 ship 0
468.8 404.0 476.5 397.6 511.2 439.0 503.5 445.4 ship 0
488.6 388.5 497.6 384.1 526.4 443.5 517.4 447.9 ship 0
504.0 388.6 512.1 382.7 550.8 436.1 542.7 442.0 ship 0
518.6 384.7 525.4 377.4 564.9 414.2 558.1 421.5 ship 0
520.3 323.2 528.8 318.0 554.7 360.8 546.2 366.0 ship 0
533.7 315.4 541.7 309.4 571.7 349.3 563.7 355.4 ship 0
552.1 372.1 574.7 359.3 599.4 402.7 576.8 415.6 ship 0
576.4 359.4 585.0 354.2 612.6 400.6 604.0 405.8 ship 0
