979.9 879.7 981.7 869.8 1023.1 877.3 1021.3 887.2 ship 0
740.1 149.4 743.3 154.4 711.5 175.1 708.2 170.0 ship 0
799.0 207.8 803.1 212.3 778.0 235.2 773.9 230.7 ship 0
791.9 200.0 795.6 204.8 771.9 223.1 768.2 218.4 ship 0
786.6 192.9 789.9 197.9 764.9 214.5 761.6 209.5 ship 0
765.4 176.2 770.3 179.7 753.1 204.3 748.2 200.8 ship 0
760.0 169.2 763.9 173.8 741.3 193.5 737.4 189.0 ship 0
757.7 160.1 761.1 165.0 733.1 184.3 729.7 179.4 ship 0
811.8 123.4 816.1 127.7 797.7 146.1 793.5 141.8 ship 0
807.4 112.2 811.5 116.6 786.6 139.8 782.5 135.4 ship 0
800.6 102.9 804.9 107.1 783.9 128.6 779.6 124.4 ship 0
790.9 96.6 795.4 100.6 775.5 123.0 771.0 119.1 ship 0
782.1 88.7 786.2 93.0 767.4 110.9 763.2 106.6 ship 0
778.1 79.1 782.3 83.4 760.6 104.1 756.4 99.8 ship 0
761.1 69.8 774.1 82.3 756.1 101.0 743.1 88.6 ship 0
752.8 149.6 756.4 154.4 726.2 177.4 722.6 172.6 ship 0
732.8 137.3 737.0 141.6 712.8 165.4 708.6 161.2 ship 0
768.9 243.6 773.4 247.5 751.3 273.3 746.7 269.3 ship 0
724.7 130.1 728.9 134.4 704.9 158.4 700.6 154.1 ship 0
304.1 438.1 308.3 442.3 275.9 474.9 271.7 470.7 ship 0
311.5 450.5 315.6 454.9 288.0 481.0 283.9 476.6 ship 0
316.5 457.5 327.9 471.4 298.5 495.5 287.1 481.6 ship 0
331.1 471.5 335.2 475.8 301.9 507.5 297.8 503.2 ship 0
341.9 481.3 346.1 485.6 313.1 517.7 308.9 513.4 ship 0
349.2 490.7 353.6 494.8 324.8 525.3 320.4 521.2 ship 0
360.5 497.8 365.0 501.7 334.5 536.2 330.0 532.3 ship 0
376.2 508.0 380.0 512.6 341.7 544.7 337.8 540.1 ship 0
377.3 522.1 381.5 526.3 351.7 555.9 347.5 551.7 ship 0
389.6 530.8 393.9 535.0 367.4 562.2 363.1 558.0 ship 0
387.5 554.1 388.9 555.5 387.5 556.9 386.1 555.5 ship 0
409.0 550.1 413.0 554.5 382.0 582.9 378.0 578.5 ship 0
417.9 560.6 422.1 565.0 394.4 591.0 390.3 586.7 ship 0
805.7 218.5 809.7 222.9 787.7 243.2 783.6 238.8 ship 0
782.2 251.3 785.9 256.0 759.3 277.2 755.6 272.5 ship 0
891.5 999.9 906.8 984.0 934.2 1010.4 918.9 1026.2 ship 0
853.3 259.3 857.8 263.2 832.7 291.7 828.2 287.8 ship 0
868.3 173.7 872.1 178.4 848.7 197.3 844.9 192.6 ship 0
830.5 171.8 842.7 153.5 861.0 165.6 848.8 184.0 ship 0
923.7 342.9 929.6 341.7 936.3 375.1 930.4 376.3 ship 0
929.2 337.0 933.7 340.9 911.3 366.5 906.8 362.6 ship 0
920.6 330.1 924.9 334.3 900.9 358.4 896.6 354.2 ship 0
892.7 371.6 897.1 375.8 876.3 397.4 871.9 393.2 ship 0
887.0 360.8 890.9 365.3 859.3 392.9 855.3 388.4 ship 0
904.9 319.1 908.6 323.9 888.1 339.9 884.4 335.1 ship 0
901.1 305.7 905.4 310.0 881.2 333.9 877.0 329.7 ship 0
891.5 298.2 896.2 301.9 872.6 331.7 867.9 328.0 ship 0
884.3 294.9 888.0 299.7 861.2 320.6 857.5 315.8 ship 0
880.3 281.7 884.2 286.3 858.0 308.0 854.1 303.4 ship 0
866.7 274.3 871.4 278.0 850.3 304.7 845.6 301.0 ship 0
863.0 265.8 867.3 270.0 840.9 297.3 836.6 293.2 ship 0
846.1 250.6 850.6 254.5 825.4 282.9 820.9 279.0 ship 0
788.4 261.8 792.2 266.4 762.6 290.2 758.8 285.6 ship 0
840.5 246.4 844.3 251.0 815.0 275.1 811.2 270.5 ship 0
831.9 234.2 836.6 238.0 812.7 267.5 808.1 263.8 ship 0
819.3 231.8 823.8 235.9 803.7 258.2 799.2 254.1 ship 0
814.5 223.8 818.6 228.2 794.0 251.7 789.9 247.3 ship 0
878.4 353.0 882.5 357.4 854.8 383.4 850.7 379.0 ship 0
867.6 343.7 872.0 347.8 848.9 372.8 844.5 368.7 ship 0
859.7 336.9 863.8 341.3 839.0 364.5 834.9 360.1 ship 0
854.3 327.0 858.2 331.5 832.7 354.0 828.8 349.5 ship 0
834.0 310.7 843.0 321.4 817.0 343.3 808.0 332.6 ship 0
828.5 303.2 832.8 307.4 806.0 334.3 801.7 330.1 ship 0
820.9 293.8 825.2 298.0 796.1 328.2 791.8 324.0 ship 0
816.0 284.0 820.0 288.4 792.0 314.0 788.0 309.6 ship 0
801.7 279.1 806.3 283.0 784.3 308.9 779.7 305.0 ship 0
793.5 269.9 797.9 273.9 772.5 302.1 768.1 298.1 ship 0
426.5 570.5 430.9 574.6 402.5 605.5 398.1 601.4 ship 0
435.6 578.0 445.5 588.0 421.4 612.0 411.5 602.0 ship 0
454.9 599.3 459.2 603.4 430.2 633.8 425.9 629.7 ship 0
169.4 299.9 173.8 304.0 145.1 334.6 140.7 330.5 ship 0
234.2 524.2 238.9 527.9 212.8 560.8 208.1 557.1 ship 0
223.2 518.5 227.6 522.6 201.8 550.5 197.4 546.4 ship 0
213.4 507.0 217.9 511.0 189.6 542.0 185.1 538.0 ship 0
204.2 498.9 208.3 503.3 177.8 532.1 173.7 527.7 ship 0
187.8 490.9 192.4 494.7 168.2 524.1 163.6 520.3 ship 0
187.4 478.0 191.3 482.5 159.6 510.0 155.7 505.5 ship 0
175.1 466.1 179.5 470.2 150.9 500.9 146.5 496.8 ship 0
166.1 458.5 170.1 463.0 139.1 491.3 135.1 486.8 ship 0
158.8 445.9 162.9 450.3 132.2 479.1 128.1 474.7 ship 0
135.5 445.7 140.3 449.3 120.0 476.6 115.2 473.0 ship 0
136.0 433.0 139.5 437.8 105.6 462.6 102.1 457.8 ship 0
129.6 420.6 133.4 425.3 100.9 451.9 97.1 447.2 ship 0
116.8 407.4 121.3 411.4 93.2 442.6 88.7 438.6 ship 0
142.4 290.1 160.1 303.1 140.0 330.5 122.3 317.5 ship 0
175.6 313.5 179.8 317.8 155.4 341.5 151.2 337.2 ship 0
469.9 607.7 474.0 612.1 440.6 643.8 436.5 639.4 ship 0
187.1 320.8 191.3 325.2 160.9 354.2 156.7 349.8 ship 0
196.8 329.4 201.2 333.5 169.7 367.1 165.3 363.0 ship 0
214.9 353.3 219.1 357.6 186.1 389.7 181.9 385.4 ship 0
190.7 345.0 195.2 341.0 209.8 357.5 205.3 361.5 ship 0
224.3 359.6 229.0 363.3 205.7 393.4 201.0 389.7 ship 0
236.9 370.6 255.8 388.4 221.6 424.9 202.7 407.1 ship 0
256.1 387.7 260.6 391.7 232.4 422.8 227.9 418.8 ship 0
269.4 398.8 273.1 403.5 234.1 434.8 230.3 430.1 ship 0
272.6 412.4 276.8 416.7 246.9 446.1 242.7 441.8 ship 0
281.0 422.6 285.3 426.7 262.0 451.4 257.7 447.3 ship 0
604.2 667.4 608.8 671.3 584.1 700.2 579.6 696.4 ship 0
593.5 659.8 597.8 664.0 568.5 694.2 564.2 690.0 ship 0
585.6 651.1 589.5 655.6 560.8 680.5 556.8 676.0 ship 0
576.5 640.2 580.6 644.6 552.8 670.5 548.7 666.1 ship 0
212.3 562.7 222.3 547.8 237.2 557.8 227.2 572.7 ship 0
264.4 544.2 271.5 551.2 233.6 589.8 226.5 582.8 ship 0
270.7 566.6 278.1 573.4 252.3 601.4 244.9 594.6 ship 0
284.3 584.9 297.3 597.3 273.9 621.9 260.9 609.5 ship 0
475.2 621.3 479.7 625.3 451.8 656.7 447.3 652.7 ship 0
487.2 628.5 491.4 632.8 461.2 662.0 457.1 657.7 ship 0
496.0 639.8 500.0 644.3 468.3 671.9 464.4 667.4 ship 0
502.7 649.1 507.0 653.2 478.3 683.9 474.0 679.8 ship 0
515.2 656.2 519.7 660.2 491.9 691.6 487.4 687.7 ship 0
525.8 667.9 529.8 672.4 498.2 700.2 494.3 695.7 ship 0
536.2 677.5 540.3 681.9 506.8 713.5 502.7 709.1 ship 0
546.0 688.3 550.2 692.6 520.0 721.7 515.8 717.4 ship 0
557.7 695.5 562.1 699.6 527.8 736.0 523.4 731.9 ship 0
564.6 717.1 568.6 730.5 536.0 740.2 532.0 726.8 ship 0
489.9 782.4 494.0 786.8 463.3 815.4 459.2 811.1 ship 0
478.2 769.4 482.8 773.2 450.8 811.6 446.2 807.8 ship 0
462.0 768.1 466.3 772.3 440.2 799.8 435.8 795.7 ship 0
454.8 756.8 458.9 761.2 431.2 787.2 427.1 782.8 ship 0
443.4 747.2 447.8 751.3 422.1 779.3 417.6 775.2 ship 0
435.3 734.9 439.5 739.2 409.9 768.9 405.6 764.6 ship 0
424.6 729.9 428.6 734.3 400.6 760.0 396.5 755.5 ship 0
417.6 717.0 421.8 721.3 397.9 745.5 393.7 741.2 ship 0
407.4 706.4 411.7 710.6 382.4 740.7 378.1 736.5 ship 0
395.5 697.2 399.9 701.3 374.1 729.1 369.7 725.0 ship 0
388.8 687.2 393.0 691.5 359.8 723.4 355.6 719.0 ship 0
374.9 676.3 379.4 680.3 354.1 708.7 349.6 704.7 ship 0
366.4 669.9 370.5 674.3 342.8 700.2 338.7 695.9 ship 0
363.9 653.1 367.8 657.7 333.1 687.9 329.2 683.3 ship 0
346.1 639.3 359.5 651.3 328.9 685.7 315.5 673.7 ship 0
327.5 626.0 332.2 629.7 308.8 659.6 304.1 655.9 ship 0
320.3 615.2 324.7 619.4 292.8 652.6 288.5 648.4 ship 0
310.4 607.2 314.6 611.4 284.6 640.8 280.4 636.6 ship 0
298.9 599.2 303.3 603.3 277.1 630.8 272.7 626.7 ship 0
874.1 181.2 878.7 185.0 862.1 205.0 857.5 201.2 ship 0
889.1 194.8 896.4 201.7 873.0 226.3 865.7 219.4 ship 0
883.3 222.7 907.2 212.4 912.7 225.3 888.8 235.6 ship 0
254.4 6.0 261.1 -1.5 286.6 21.0 279.9 28.5 ship 0
251.4 665.1 252.9 666.4 251.6 667.9 250.1 666.6 ship 0
51.6 304.9 69.8 323.5 36.9 355.6 18.7 337.0 ship 0
77.1 376.9 90.4 389.0 64.9 417.1 51.6 405.0 ship 0
102.6 383.1 106.7 387.5 70.4 421.8 66.3 417.5 ship 0
106.5 401.0 110.5 405.5 79.1 433.4 75.2 428.9 ship 0
176.3 558.3 180.8 562.3 147.7 599.7 143.2 595.7 ship 0
191.3 564.7 195.8 568.7 159.9 609.0 155.4 605.0 ship 0
202.6 579.7 208.9 587.5 169.9 618.8 163.6 611.0 ship 0
213.0 589.2 217.5 593.1 181.8 633.7 177.3 629.7 ship 0
226.2 599.3 230.4 603.6 194.8 638.7 190.6 634.4 ship 0
229.7 616.4 236.5 623.8 211.3 646.7 204.6 639.3 ship 0
247.1 625.1 251.2 629.5 211.5 666.2 207.5 661.8 ship 0
239.3 11.5 246.5 4.6 278.2 38.0 271.0 44.9 ship 0
229.2 24.5 233.5 20.3 262.8 50.5 258.5 54.7 ship 0
218.0 33.6 222.4 29.5 251.0 60.4 246.6 64.5 ship 0
207.1 40.5 212.1 37.2 230.9 65.5 225.9 68.8 ship 0
614.4 209.7 656.3 243.8 597.0 316.7 555.1 282.6 harbor 0
464.1 324.3 537.2 389.5 504.0 426.8 430.8 361.6 harbor 0
375.7 423.3 436.7 494.7 356.2 563.6 295.1 492.1 harbor 0
197.1 444.8 347.6 751.9 291.9 779.2 141.4 472.1 harbor 0
48.2 428.0 64.7 442.6 36.8 474.0 20.3 459.4 ship 0
17.1 431.6 18.4 433.1 16.9 434.4 15.6 432.9 ship 0
66.5 452.8 84.1 466.0 59.0 499.7 41.4 486.5 ship 0
89.5 465.2 96.6 472.3 61.5 507.8 54.4 500.7 ship 0
98.9 477.8 103.5 481.6 69.1 523.2 64.5 519.4 ship 0
115.1 493.0 118.7 497.8 78.9 528.0 75.3 523.2 ship 0
123.0 504.1 127.0 508.6 87.0 544.9 83.0 540.4 ship 0
132.0 512.4 139.2 519.4 110.0 549.6 102.8 542.6 ship 0
146.1 525.3 150.4 529.5 114.9 564.7 110.6 560.5 ship 0
158.0 532.6 162.6 536.4 133.3 571.8 128.7 568.0 ship 0
173.5 544.6 177.2 549.3 134.5 582.4 130.8 577.7 ship 0
27.0 224.9 39.1 211.6 64.3 234.4 52.2 247.7 ship 0
39.0 206.8 45.7 199.4 73.8 225.0 67.1 232.4 ship 0
46.5 194.6 55.8 184.0 90.4 214.4 81.1 224.9 ship 0
61.3 179.7 65.7 175.6 91.7 203.3 87.3 207.4 ship 0
75.3 172.4 83.1 166.1 109.7 198.6 101.9 204.9 ship 0
85.1 164.5 90.9 156.3 134.9 187.5 129.1 195.7 ship 0
101.3 135.3 109.5 129.6 140.7 173.7 132.5 179.4 ship 0
115.1 132.2 122.0 125.0 157.9 159.8 151.0 167.0 ship 0
127.9 122.2 140.0 108.9 165.1 131.8 153.0 145.1 ship 0
140.7 100.7 148.2 94.1 176.3 125.3 168.8 131.9 ship 0
164.2 86.1 174.6 76.7 194.8 98.9 184.4 108.3 ship 0
197.3 79.8 201.9 83.6 192.9 94.4 188.3 90.6 ship 0
185.7 59.5 190.0 55.4 213.6 79.8 209.3 84.0 ship 0
194.9 50.4 199.3 46.4 222.1 71.6 217.7 75.6 ship 0
258.5 634.2 262.6 638.5 223.5 675.8 219.4 671.5 ship 0
278.8 657.4 283.0 661.7 247.2 696.6 243.0 692.3 ship 0
917.3 228.1 924.0 235.5 904.7 252.9 898.0 245.5 ship 0
860.7 739.4 867.7 732.2 909.3 772.6 902.3 779.8 ship 0
674.1 850.4 686.3 837.1 699.5 849.3 687.4 862.6 ship 0
682.7 828.7 689.5 821.4 717.3 847.3 710.5 854.6 ship 0
686.1 902.2 704.0 883.3 731.6 909.5 713.7 928.3 ship 0
707.5 926.7 718.6 912.5 745.5 933.3 734.4 947.5 ship 0
718.7 945.0 728.6 935.2 747.0 953.6 737.0 963.5 ship 0
743.8 833.4 764.4 811.6 815.2 859.6 794.6 881.4 ship 0
755.0 875.4 775.3 866.7 795.0 912.6 774.7 921.3 ship 0
737.0 862.5 748.2 907.2 723.0 913.5 711.8 868.8 ship 0
802.6 915.3 804.2 914.1 805.3 915.8 803.7 916.9 ship 0
797.6 804.5 810.7 792.2 825.7 808.3 812.6 820.6 ship 0
803.3 776.4 807.7 772.2 850.3 817.2 846.0 821.4 ship 0
823.7 773.7 828.3 769.8 852.8 798.9 848.2 802.8 ship 0
834.5 759.8 842.6 753.9 869.5 791.2 861.4 797.1 ship 0
843.1 745.4 850.4 738.5 892.9 783.6 885.6 790.5 ship 0
892.1 738.4 893.1 736.6 894.9 737.6 893.9 739.4 ship 0
289.3 667.6 293.7 671.7 259.7 708.4 255.3 704.3 ship 0
873.8 707.1 892.7 689.2 932.6 731.3 913.7 749.2 ship 0
893.1 690.4 900.3 683.5 942.8 728.6 935.6 735.5 ship 0
925.3 680.8 931.0 679.1 942.1 715.4 936.4 717.2 ship 0
926.9 669.8 935.0 663.9 954.8 691.6 946.7 697.4 ship 0
938.0 658.8 945.2 651.9 977.0 685.2 969.8 692.1 ship 0
948.5 645.9 955.4 638.6 991.5 673.1 984.6 680.4 ship 0
956.0 629.7 963.2 622.7 995.3 655.6 988.1 662.6 ship 0
967.2 620.6 973.7 613.0 1011.8 645.4 1005.3 653.0 ship 0
981.8 601.6 1018.6 621.8 1011.9 634.1 975.1 613.9 ship 0
983.0 294.5 990.8 300.8 969.3 327.2 961.6 320.9 ship 0
933.8 300.6 937.9 274.9 991.2 283.4 987.1 309.1 ship 0
952.0 255.1 956.9 258.7 934.5 289.4 929.6 285.8 ship 0
942.4 250.5 947.0 254.4 922.6 283.5 918.0 279.6 ship 0
941.5 243.0 944.5 248.2 911.5 267.0 908.5 261.8 ship 0
717.3 781.9 734.8 768.6 753.0 792.4 735.5 805.8 ship 0
736.8 768.4 743.7 761.1 759.7 776.1 752.8 783.4 ship 0
729.3 744.6 736.4 751.7 706.7 781.4 699.6 774.3 ship 0
666.2 725.5 675.9 710.4 697.8 724.5 688.1 739.6 ship 0
300.1 678.0 304.5 682.0 270.9 719.0 266.5 715.0 ship 0
309.4 691.8 313.7 696.0 284.6 726.2 280.3 722.0 ship 0
321.6 700.8 325.9 705.0 290.9 740.7 286.6 736.5 ship 0
335.0 711.4 338.9 715.9 301.0 748.6 297.1 744.1 ship 0
345.8 725.1 350.0 729.4 311.2 766.9 307.0 762.6 ship 0
353.9 737.9 358.2 742.1 325.6 774.6 321.3 770.4 ship 0
366.5 746.6 370.7 750.9 337.9 783.0 333.7 778.8 ship 0
378.2 757.5 382.7 761.6 343.4 804.3 339.0 800.2 ship 0
390.3 770.3 394.4 774.7 357.7 808.7 353.6 804.3 ship 0
401.2 779.8 405.5 783.9 365.8 826.2 361.5 822.1 ship 0
400.8 795.3 411.5 804.4 389.6 830.4 378.9 821.3 ship 0
432.5 814.6 436.7 818.9 401.0 853.9 396.8 849.6 ship 0
420.4 805.8 424.6 810.1 392.1 842.7 387.9 838.4 ship 0
436.8 818.8 455.2 837.2 419.8 872.5 401.5 854.1 ship 0
400.9 884.9 416.9 869.7 459.5 914.8 443.5 929.9 ship 0
246.8 900.2 259.6 912.8 230.2 942.8 217.4 930.2 ship 0
277.8 899.4 284.8 906.6 232.2 958.6 225.2 951.4 ship 0
201.5 899.2 203.1 898.0 204.3 899.6 202.7 900.8 ship 0
170.1 942.7 182.4 960.9 157.5 977.7 145.2 959.5 ship 0
277.2 935.1 281.8 944.0 240.8 964.9 236.2 956.0 ship 0
301.5 958.3 307.5 966.3 261.0 1001.0 255.0 993.0 ship 0
288.3 994.6 289.4 996.2 287.8 997.4 286.7 995.7 ship 0
295.2 1011.9 296.7 1013.2 295.4 1014.7 293.9 1013.4 ship 0
599.1 898.4 599.2 896.4 601.2 896.4 601.1 898.4 ship 0
560.5 829.8 573.8 817.6 580.6 825.0 567.3 837.2 ship 0
564.5 806.9 581.6 787.3 613.3 814.9 596.2 834.5 ship 0
588.9 790.7 601.8 772.8 626.1 790.3 613.2 808.2 ship 0
715.4 730.8 722.3 738.1 694.6 764.2 687.7 756.9 ship 0
670.6 698.3 675.0 694.2 709.2 730.6 704.9 734.7 ship 0
566.0 630.9 569.9 635.4 541.0 660.1 537.1 655.6 ship 0
557.3 616.6 561.6 620.8 532.2 650.9 527.9 646.7 ship 0
545.4 608.8 549.9 612.8 524.6 641.2 520.1 637.2 ship 0
546.0 139.1 550.3 143.2 527.0 167.9 522.7 163.8 ship 0
707.6 304.8 711.8 309.1 687.6 333.0 683.4 328.7 ship 0
697.5 295.6 702.1 299.5 677.5 328.4 672.9 324.5 ship 0
689.8 291.3 694.1 295.5 670.2 319.7 665.9 315.5 ship 0
683.1 284.1 686.9 288.7 663.9 307.9 660.1 303.3 ship 0
674.0 274.6 678.0 279.1 655.5 298.9 651.5 294.4 ship 0
657.8 258.1 662.2 262.2 641.8 284.2 637.4 280.1 ship 0
649.8 249.5 654.0 253.8 632.7 275.0 628.5 270.7 ship 0
643.2 239.1 647.3 243.5 622.3 266.5 618.2 262.1 ship 0
638.5 228.4 642.2 233.1 612.2 256.5 608.5 251.7 ship 0
609.9 200.6 622.0 213.9 591.1 242.3 578.9 229.0 ship 0
591.3 187.4 596.2 190.8 576.7 218.6 571.8 215.2 ship 0
578.5 181.6 583.8 184.5 567.5 214.4 562.2 211.5 ship 0
578.1 173.8 581.9 178.4 555.9 200.2 552.1 195.6 ship 0
552.1 148.2 556.6 152.2 536.9 174.8 532.4 170.8 ship 0
537.6 130.8 541.9 134.9 515.4 162.2 511.1 158.1 ship 0
528.3 124.8 532.4 129.2 507.5 152.4 503.4 148.0 ship 0
525.0 112.9 528.6 117.6 498.5 140.7 494.8 136.0 ship 0
514.7 102.0 519.4 105.7 495.8 135.5 491.1 131.8 ship 0
548.0 20.9 552.2 25.2 528.0 49.1 523.8 44.8 ship 0
558.7 28.4 563.0 32.6 536.9 60.2 532.6 56.1 ship 0
568.9 38.5 572.9 43.0 544.5 68.2 540.5 63.7 ship 0
579.8 53.5 584.2 57.5 561.2 82.5 556.8 78.5 ship 0
588.1 61.1 592.6 65.1 570.2 90.6 565.7 86.6 ship 0
596.9 73.1 616.7 89.9 592.1 118.9 572.3 102.1 ship 0
617.6 92.6 628.2 101.8 608.4 124.4 597.8 115.2 ship 0
630.8 103.7 634.9 108.0 610.2 131.3 606.1 127.0 ship 0
719.3 312.5 723.4 316.9 692.7 345.5 688.6 341.1 ship 0
723.3 321.1 728.2 324.6 710.7 348.9 705.8 345.4 ship 0
736.8 342.0 740.9 346.3 719.2 367.0 715.1 362.7 ship 0
748.1 346.4 752.6 350.3 730.3 376.0 725.8 372.0 ship 0
579.9 246.6 584.1 250.9 554.1 280.4 549.9 276.1 ship 0
596.4 267.3 600.7 271.4 574.4 298.8 570.1 294.7 ship 0
610.7 273.3 615.0 277.4 583.3 310.7 579.0 306.6 ship 0
619.9 287.5 624.0 291.8 587.8 326.3 583.7 321.9 ship 0
626.7 297.6 630.9 301.9 606.8 325.9 602.6 321.6 ship 0
634.9 310.1 639.0 314.5 608.2 343.1 604.1 338.7 ship 0
648.0 315.1 652.5 319.1 624.5 350.4 620.0 346.4 ship 0
658.0 326.7 661.9 331.2 630.4 359.0 626.4 354.5 ship 0
667.8 334.7 672.0 339.0 639.2 371.3 635.0 367.0 ship 0
674.5 343.4 679.0 347.3 653.8 375.8 649.3 371.8 ship 0
686.2 357.5 690.5 361.7 666.5 385.8 662.2 381.6 ship 0
700.3 364.6 704.2 369.2 669.2 398.9 665.3 394.3 ship 0
707.0 374.9 711.1 379.2 678.0 411.1 673.9 406.8 ship 0
714.1 385.9 718.5 390.0 689.5 420.4 685.1 416.3 ship 0
729.8 393.1 733.9 397.5 700.2 428.9 696.1 424.5 ship 0
738.2 405.4 741.9 410.1 705.8 438.6 702.1 433.9 ship 0
743.3 417.4 747.2 422.0 715.1 449.1 711.3 444.6 ship 0
757.7 422.1 762.0 426.2 733.3 456.9 729.0 452.8 ship 0
761.3 434.8 770.4 445.4 741.7 470.2 732.6 459.6 ship 0
781.2 456.7 785.5 460.9 759.0 488.1 754.7 484.0 ship 0
788.5 468.5 792.9 472.6 772.5 494.5 768.1 490.4 ship 0
826.1 426.1 840.4 442.8 817.7 462.4 803.3 445.7 ship 0
801.2 384.0 810.4 373.4 827.0 387.7 817.9 398.3 ship 0
805.2 406.5 809.8 410.3 790.7 433.4 786.0 429.6 ship 0
800.2 392.2 804.7 396.2 776.9 427.6 772.4 423.7 ship 0
790.5 390.4 794.2 395.1 764.5 418.7 760.7 414.0 ship 0
782.4 381.6 786.3 386.1 760.6 408.4 756.7 403.9 ship 0
765.0 370.4 768.1 375.6 742.5 391.1 739.4 385.9 ship 0
758.0 356.4 762.1 360.7 737.2 384.0 733.1 379.6 ship 0
560.0 226.2 564.2 230.5 534.0 259.8 529.8 255.5 ship 0
148.7 756.4 152.8 760.8 122.3 789.6 118.2 785.2 ship 0
26.7 636.4 32.5 644.5 1.5 666.5 -4.3 658.4 ship 0
35.6 646.4 40.1 650.4 9.4 684.6 4.9 680.6 ship 0
51.9 656.3 58.1 664.1 22.1 692.7 15.9 684.9 ship 0
31.1 688.6 40.3 684.5 46.0 697.2 36.9 701.3 ship 0
73.8 682.6 89.4 698.2 56.9 730.7 41.3 715.2 ship 0
90.2 701.3 96.5 709.0 64.0 735.6 57.6 727.8 ship 0
101.1 714.9 105.1 719.4 70.9 750.1 66.9 745.6 ship 0
107.6 724.9 112.2 728.8 82.6 764.0 78.0 760.1 ship 0
124.3 729.2 131.6 736.0 97.7 772.8 90.4 766.0 ship 0
137.9 742.7 142.3 746.8 108.1 783.3 103.7 779.2 ship 0
158.7 768.9 162.6 773.5 127.3 803.1 123.4 798.5 ship 0
583.2 12.5 584.0 10.7 585.8 11.5 585.0 13.3 ship 0
154.2 781.6 163.1 786.3 143.6 823.5 134.7 818.9 ship 0
178.5 786.1 185.9 792.7 152.5 829.9 145.1 823.3 ship 0
191.8 801.2 198.4 808.7 166.7 836.3 160.1 828.8 ship 0
201.7 817.8 207.5 825.9 173.3 850.2 167.5 842.1 ship 0
212.9 832.1 231.0 850.8 198.1 882.9 180.0 864.2 ship 0
971.7 884.4 977.2 876.0 1022.3 905.6 1016.8 914.0 ship 0
972.6 911.4 983.2 896.9 1007.4 914.6 996.8 929.1 ship 0
950.8 908.1 957.3 900.4 1004.6 940.6 998.1 948.2 ship 0
945.1 922.3 952.3 915.3 992.9 956.7 985.7 963.7 ship 0
928.4 933.3 935.0 925.8 981.6 966.7 975.0 974.2 ship 0
914.9 951.5 920.6 943.2 974.9 980.9 969.2 989.1 ship 0
917.9 987.4 923.1 970.2 967.1 983.6 961.9 1000.8 ship 0
914.1 987.1 921.6 980.5 938.9 999.9 931.4 1006.5 ship 0
891.4 1013.5 892.9 1012.2 894.2 1013.7 892.7 1015.1 ship 0
598.1 11.4 601.9 16.1 581.9 32.6 578.1 27.9 ship 0
616.2 19.5 620.9 23.2 600.2 50.1 595.4 46.4 ship 0
622.5 30.3 627.1 34.1 608.0 57.2 603.4 53.4 ship 0
639.8 43.4 644.1 47.5 620.7 72.1 616.4 68.0 ship 0
648.2 51.3 652.8 55.2 630.6 80.9 626.0 77.0 ship 0
655.6 59.5 660.3 63.2 641.4 86.5 636.7 82.8 ship 0
673.4 78.1 676.6 83.2 651.3 99.2 648.1 94.1 ship 0
679.4 84.8 683.1 89.4 659.6 108.1 655.9 103.4 ship 0
687.7 91.4 691.6 95.9 665.8 118.1 661.9 113.6 ship 0
691.1 96.9 695.9 100.5 675.4 127.6 670.6 124.0 ship 0
702.2 104.7 706.4 109.0 682.2 132.9 678.0 128.7 ship 0
709.2 114.6 713.3 118.9 688.9 142.5 684.7 138.2 ship 0
716.5 124.1 720.6 128.5 698.5 148.9 694.4 144.5 ship 0
640.1 109.3 644.4 113.4 618.4 141.2 614.1 137.1 ship 0
650.0 115.7 654.3 120.0 624.6 149.7 620.4 145.4 ship 0
656.5 126.8 660.7 131.1 636.5 155.0 632.3 150.7 ship 0
665.2 137.0 669.0 141.6 646.0 160.8 642.1 156.2 ship 0
669.4 142.3 679.2 152.2 655.1 176.2 645.3 166.3 ship 0
695.3 169.7 699.4 174.1 674.7 197.3 670.6 192.9 ship 0
708.2 175.5 712.5 179.8 682.8 209.5 678.5 205.2 ship 0
712.5 186.9 716.7 191.2 692.5 215.1 688.3 210.8 ship 0
724.4 192.6 728.5 197.0 697.6 225.4 693.5 221.0 ship 0
729.2 203.0 733.3 207.3 708.9 230.9 704.7 226.6 ship 0
738.2 209.5 742.6 213.6 716.8 241.5 712.4 237.4 ship 0
745.7 218.0 750.1 222.0 724.9 250.4 720.4 246.4 ship 0
760.8 233.6 764.9 238.0 740.2 261.4 736.1 257.0 ship 0
683.6 22.3 701.0 3.0 708.5 9.7 691.1 29.0 ship 0
670.4 19.4 694.5 -4.5 701.6 2.6 677.5 26.5 ship 0
566.9 238.5 571.1 242.7 544.1 269.5 539.9 265.3 ship 0
549.0 217.0 553.2 221.2 521.0 254.0 516.8 249.8 ship 0
536.1 599.7 540.5 603.8 517.4 628.8 513.0 624.7 ship 0
490.5 392.5 494.6 396.9 466.5 422.5 462.4 418.1 ship 0
334.4 235.1 338.0 239.8 304.9 265.6 301.2 260.8 ship 0
345.0 241.8 349.2 246.1 310.5 283.8 306.3 279.5 ship 0
354.8 254.8 359.0 259.1 326.2 291.2 322.0 286.9 ship 0
356.6 267.4 366.3 277.4 341.9 301.1 332.2 291.1 ship 0
362.3 288.6 363.9 289.8 362.7 291.4 361.1 290.2 ship 0
385.8 288.4 402.4 302.9 372.2 337.6 355.6 323.1 ship 0
400.7 300.6 415.6 316.8 381.8 347.9 366.9 331.7 ship 0
417.9 319.1 430.7 331.8 404.1 358.9 391.3 346.2 ship 0
430.5 334.4 434.9 338.4 409.5 366.6 405.1 362.6 ship 0
442.1 343.0 446.5 347.2 420.2 374.7 415.9 370.5 ship 0
454.2 351.8 458.3 356.2 421.8 390.2 417.7 385.8 ship 0
462.3 363.7 466.5 368.0 433.7 400.3 429.5 396.0 ship 0
469.2 375.0 473.7 379.0 448.5 407.4 444.0 403.4 ship 0
480.4 383.1 484.9 387.1 459.2 415.2 454.8 411.1 ship 0
501.0 401.5 505.3 405.7 473.0 438.5 468.7 434.3 ship 0
665.6 568.6 669.9 572.8 635.2 608.7 630.8 604.5 ship 0
513.9 408.4 518.3 412.5 481.6 452.1 477.2 448.0 ship 0
521.2 420.8 525.5 424.9 493.8 458.2 489.5 454.1 ship 0
535.0 428.1 539.2 432.3 515.3 456.5 511.1 452.3 ship 0
540.8 443.6 544.3 448.4 513.7 470.9 510.2 466.1 ship 0
550.5 451.7 554.6 456.1 523.5 484.3 519.4 479.9 ship 0
560.1 459.9 564.4 464.1 534.9 494.1 530.6 489.9 ship 0
566.4 471.5 570.6 475.8 543.6 502.5 539.4 498.2 ship 0
575.3 477.0 580.1 480.6 555.2 514.4 550.4 510.8 ship 0
592.5 488.9 596.3 493.6 557.9 525.5 554.0 520.9 ship 0
598.6 502.3 602.7 506.7 575.2 532.9 571.0 528.5 ship 0
599.9 512.8 611.9 526.3 586.4 548.9 574.5 535.4 ship 0
627.0 530.4 631.2 534.8 603.6 560.9 599.5 556.6 ship 0
637.1 541.9 641.3 546.1 611.4 575.6 607.2 571.4 ship 0
648.1 550.2 652.5 554.3 620.9 587.8 616.5 583.7 ship 0
327.3 222.0 331.3 226.5 300.1 254.6 296.1 250.2 ship 0
312.7 215.4 317.1 219.4 294.3 244.6 289.9 240.6 ship 0
304.6 204.4 309.0 208.5 282.9 236.1 278.5 232.0 ship 0
294.9 195.8 299.0 200.2 268.4 228.9 264.3 224.6 ship 0
527.6 589.2 532.0 593.3 506.1 621.1 501.7 617.1 ship 0
519.9 578.6 524.2 582.8 491.9 615.6 487.6 611.4 ship 0
504.9 571.0 509.2 575.2 482.7 602.4 478.4 598.3 ship 0
507.3 558.5 510.2 563.7 473.7 584.5 470.8 579.3 ship 0
479.2 540.0 483.6 544.1 457.3 571.5 452.9 567.4 ship 0
471.7 531.4 475.6 535.9 444.2 563.7 440.2 559.2 ship 0
463.3 518.9 467.2 523.4 435.7 551.1 431.8 546.6 ship 0
456.0 505.3 460.0 509.7 426.0 540.7 422.0 536.3 ship 0
438.5 494.5 443.7 497.5 422.3 533.7 417.1 530.6 ship 0
429.4 490.4 433.5 494.8 405.6 520.6 401.5 516.2 ship 0
407.4 470.2 412.2 473.8 391.6 500.8 386.8 497.2 ship 0
400.0 463.1 404.2 467.4 377.5 494.3 373.2 490.1 ship 0
393.4 449.8 397.3 454.4 365.2 481.5 361.3 476.9 ship 0
386.3 435.7 390.5 440.0 357.7 472.3 353.5 468.0 ship 0
364.1 426.5 378.3 437.6 354.9 467.5 340.7 456.4 ship 0
343.0 415.0 353.1 429.9 331.5 444.5 321.4 429.6 ship 0
347.2 401.6 351.1 406.2 321.8 430.4 317.9 425.8 ship 0
336.9 390.8 341.0 395.2 307.1 426.2 303.0 421.8 ship 0
328.4 374.8 332.8 378.8 302.0 412.9 297.5 408.9 ship 0
312.6 368.2 317.4 371.9 291.7 405.1 286.9 401.4 ship 0
294.2 351.7 298.8 355.6 273.8 384.3 269.3 380.3 ship 0
285.3 342.0 289.4 346.4 258.7 375.0 254.6 370.6 ship 0
271.3 316.2 275.5 320.5 239.9 355.6 235.7 351.3 ship 0
254.9 311.3 259.4 315.3 234.1 343.7 229.6 339.7 ship 0
248.7 302.2 252.6 306.8 220.8 334.3 216.9 329.7 ship 0
227.1 283.4 245.6 301.8 221.6 325.9 203.1 307.6 ship 0
208.5 265.6 228.2 282.5 203.5 311.4 183.8 294.5 ship 0
282.7 171.6 286.5 176.2 257.3 200.4 253.5 195.8 ship 0
289.8 182.5 293.6 187.1 258.2 216.5 254.4 211.9 ship 0
659.7 559.2 663.7 563.7 626.3 596.8 622.3 592.3 ship 0
672.9 579.0 677.1 583.3 650.1 610.0 645.9 605.7 ship 0
531.1 197.9 535.1 202.4 500.4 232.6 496.4 228.1 ship 0
480.7 69.9 484.9 74.2 454.9 103.6 450.7 99.3 ship 0
382.9 204.4 386.9 208.9 358.9 234.5 354.9 230.1 ship 0
377.1 191.0 381.1 195.5 352.4 220.5 348.5 216.0 ship 0
362.3 184.8 366.8 188.7 342.2 217.7 337.7 213.8 ship 0
356.1 175.2 360.3 179.5 332.9 205.8 328.7 201.5 ship 0
345.6 167.0 349.5 171.5 323.7 193.7 319.8 189.2 ship 0
341.3 151.2 345.4 155.5 312.2 187.3 308.1 183.0 ship 0
328.0 141.5 332.4 145.7 303.7 176.3 299.3 172.2 ship 0
315.1 136.4 319.1 140.9 293.9 163.6 289.9 159.1 ship 0
384.7 57.9 397.8 70.2 377.3 92.1 364.2 79.8 ship 0
426.2 16.9 439.3 29.2 416.0 54.0 402.9 41.6 ship 0
441.7 27.2 445.8 31.6 418.0 57.5 413.9 53.1 ship 0
448.0 40.2 451.1 45.3 422.0 62.8 418.9 57.7 ship 0
448.4 52.6 452.5 57.0 430.5 77.4 426.4 73.1 ship 0
454.4 53.9 460.1 55.5 453.1 80.6 447.4 79.0 ship 0
489.2 78.6 493.2 83.0 468.2 106.0 464.1 101.6 ship 0
679.9 586.1 691.7 599.6 657.1 629.9 645.3 616.4 ship 0
420.2 92.2 424.1 96.8 401.3 116.3 397.4 111.7 ship 0
431.3 96.7 435.8 100.6 408.5 132.5 404.0 128.6 ship 0
444.2 106.9 448.4 111.2 415.5 143.4 411.3 139.1 ship 0
452.3 118.6 456.6 122.9 426.7 152.4 422.4 148.1 ship 0
461.4 128.8 465.7 133.0 436.6 163.2 432.3 159.0 ship 0
463.1 137.6 475.6 150.6 453.9 171.4 441.4 158.4 ship 0
496.7 90.3 500.4 95.0 473.8 116.2 470.1 111.5 ship 0
502.1 99.3 506.5 103.3 483.4 128.2 479.0 124.2 ship 0
467.8 156.7 475.4 163.1 463.7 176.8 456.1 170.4 ship 0
487.0 152.0 500.3 164.0 472.1 195.2 458.8 183.1 ship 0
501.7 165.7 505.9 169.9 473.7 202.7 469.5 198.5 ship 0
511.0 172.8 515.5 176.8 485.0 211.2 480.5 207.2 ship 0
521.1 186.6 525.2 191.0 497.2 216.7 493.1 212.3 ship 0
538.4 208.2 542.6 212.5 512.6 241.8 508.4 237.5 ship 0
393.0 217.2 397.3 221.4 370.5 248.3 366.2 244.1 ship 0
406.1 223.4 410.3 227.6 380.9 257.6 376.7 253.4 ship 0
409.3 237.6 413.5 241.9 389.3 265.7 385.1 261.4 ship 0
422.9 243.3 427.4 247.3 402.1 275.7 397.6 271.7 ship 0
728.6 549.0 732.4 553.6 700.0 580.4 696.2 575.8 ship 0
718.1 535.9 722.4 540.0 687.9 576.1 683.6 572.0 ship 0
705.6 529.5 709.9 533.7 680.9 564.0 676.6 559.9 ship 0
697.0 519.5 701.0 524.0 669.6 551.9 665.7 547.4 ship 0
689.8 505.1 693.8 509.5 659.8 540.4 655.7 536.0 ship 0
679.0 496.6 683.4 500.7 652.0 534.4 647.6 530.3 ship 0
669.0 487.2 673.4 491.2 644.8 522.0 640.4 517.9 ship 0
652.8 481.6 657.5 485.3 634.2 515.4 629.5 511.7 ship 0
644.8 475.9 648.9 480.3 623.9 503.4 619.8 499.0 ship 0
627.3 449.0 632.2 452.5 610.2 483.5 605.3 480.0 ship 0
621.4 439.4 625.7 443.6 590.3 478.9 586.0 474.7 ship 0
610.6 429.8 614.7 434.1 584.4 463.2 580.3 458.9 ship 0
598.7 420.3 603.2 424.2 575.3 455.7 570.8 451.8 ship 0
588.0 412.4 592.0 416.9 564.0 442.6 560.0 438.1 ship 0
581.7 398.2 585.9 402.4 553.3 434.8 549.1 430.6 ship 0
567.4 392.3 571.9 396.3 546.6 424.7 542.1 420.7 ship 0
559.2 383.5 563.6 387.6 534.9 418.3 530.6 414.2 ship 0
552.3 362.3 558.9 369.7 521.5 402.9 514.9 395.4 ship 0
532.3 350.7 536.8 354.7 511.7 383.3 507.2 379.3 ship 0
520.8 345.1 524.8 349.5 496.4 374.8 492.4 370.3 ship 0
514.2 329.0 518.4 333.3 485.9 365.8 481.7 361.6 ship 0
500.2 320.7 504.9 324.4 478.8 357.3 474.1 353.6 ship 0
493.3 310.2 497.6 314.4 465.3 347.1 461.0 342.9 ship 0
481.8 303.0 485.9 307.4 455.2 336.1 451.1 331.7 ship 0
478.1 291.9 482.0 296.4 446.9 326.1 443.0 321.6 ship 0
466.0 280.1 470.2 284.4 437.9 317.1 433.7 312.9 ship 0
450.7 278.3 454.8 282.6 430.1 305.9 426.0 301.6 ship 0
444.9 261.8 448.9 266.2 417.9 294.5 413.8 290.0 ship 0
434.4 250.0 438.9 254.0 410.6 285.0 406.1 281.0 ship 0
702.5 163.6 703.9 165.0 702.5 166.4 701.1 165.0 harbor 0
