231.0 311.0 232.6 309.8 233.8 311.4 232.3 312.6 small-vehicle 0
683.0 542.1 710.8 516.2 744.9 552.8 717.1 578.7 harbor 0
797.2 407.4 874.0 486.1 846.8 512.6 770.0 433.9 harbor 0
814.7 365.9 837.8 341.0 956.6 451.2 933.4 476.1 harbor 0
917.2 348.8 965.2 303.4 1024.3 365.9 976.3 411.3 harbor 0
926.5 710.6 951.8 716.4 933.5 796.4 908.2 790.6 harbor 0
954.9 762.5 1014.1 813.2 976.4 857.3 917.2 806.5 harbor 0
779.0 462.1 807.3 503.4 776.0 524.9 747.7 483.6 harbor 0
603.7 590.8 674.1 522.6 717.3 567.2 646.9 635.4 harbor 0
277.3 1010.2 279.3 1009.8 279.7 1011.8 277.7 1012.2 ship 0
577.1 606.9 603.0 584.8 650.9 641.1 625.0 663.2 harbor 0
35.8 519.1 82.5 553.4 29.2 625.9 -17.5 591.6 harbor 0
142.5 738.2 200.0 745.5 192.7 803.1 135.2 795.7 harbor 0
354.9 766.4 391.3 806.3 360.3 834.6 323.9 794.7 harbor 0
377.8 741.6 408.6 707.5 469.5 762.4 438.7 796.6 harbor 0
362.8 994.5 364.2 993.1 365.6 994.6 364.2 996.0 harbor 0
421.4 922.2 458.8 955.4 433.6 983.8 396.2 950.6 harbor 0
421.1 923.8 489.7 865.4 529.9 912.7 461.3 971.0 harbor 0
495.4 866.9 511.9 846.7 563.0 888.6 546.5 908.7 harbor 0
500.7 656.6 531.9 617.5 599.1 671.1 567.9 710.2 harbor 0
425.4 924.1 443.1 911.0 458.6 931.9 440.9 945.0 ship 0
466.1 367.6 467.4 369.1 465.9 370.4 464.6 368.9 small-vehicle 0
-5.6 995.5 7.9 992.0 13.5 1013.2 -0.1 1016.8 small-vehicle 0
902.2 126.2 921.0 108.3 950.0 138.6 931.2 156.6 small-vehicle 0
179.7 263.6 204.0 246.1 233.2 286.7 208.9 304.2 small-vehicle 0
192.5 351.9 209.2 337.6 241.8 375.4 225.1 389.8 small-vehicle 0
347.6 494.8 361.2 483.0 383.4 508.7 369.8 520.5 small-vehicle 0
398.3 565.9 413.3 556.0 434.1 587.9 419.1 597.7 small-vehicle 0
425.9 608.5 442.4 593.9 464.9 619.4 448.4 634.0 small-vehicle 0
203.2 432.0 216.6 420.0 239.3 445.3 225.9 457.3 small-vehicle 0
620.8 953.4 648.8 927.7 685.2 967.6 657.2 993.3 large-vehicle 0
666.1 864.3 667.7 863.1 668.9 864.7 667.3 865.9 small-vehicle 0
653.8 216.6 670.4 255.2 628.2 273.4 611.6 234.8 large-vehicle 0
581.5 273.0 597.2 281.8 586.5 301.0 570.8 292.2 small-vehicle 0
757.6 652.1 792.1 682.5 703.6 783.1 669.0 752.7 harbor 0
786.7 695.1 788.4 696.2 787.3 697.9 785.6 696.8 ship 0
761.9 668.9 762.9 670.7 761.1 671.7 760.1 669.9 ship 0
950.7 687.3 969.8 710.5 900.3 767.7 881.2 744.5 ship 0
991.0 768.0 992.2 790.0 950.3 792.4 949.1 770.4 ship 0
1005.9 812.8 1017.0 836.3 968.1 859.2 957.0 835.7 ship 0
931.3 444.8 936.5 466.2 903.5 474.3 898.2 453.0 ship 0
801.0 420.4 820.1 402.8 894.7 483.6 875.6 501.3 ship 0
810.4 481.7 819.1 476.7 844.2 519.9 835.6 524.9 ship 0
730.8 515.4 774.9 477.7 810.0 518.7 766.0 556.4 ship 0
688.0 585.2 709.3 621.4 683.4 636.6 662.1 600.5 ship 0
574.7 691.0 576.0 692.6 574.5 693.8 573.2 692.3 ship 0
437.6 785.9 439.1 784.6 440.4 786.1 438.9 787.4 ship 0
9.9 559.2 11.8 558.8 12.2 560.7 10.3 561.2 ship 0
