852.3 584.6 858.5 592.5 816.0 625.8 809.8 617.9 ship 0
811.4 441.6 819.2 435.3 855.6 480.4 847.8 486.7 ship 0
841.3 442.7 857.5 434.8 868.9 458.2 852.7 466.1 ship 0
907.9 562.6 921.2 584.9 874.8 612.5 861.5 590.2 ship 0
900.0 548.1 907.6 564.4 866.0 583.9 858.4 567.6 ship 0
889.9 532.1 894.2 541.1 852.7 561.0 848.4 552.0 ship 0
879.9 508.7 885.1 517.2 839.1 545.3 833.9 536.8 ship 0
859.6 486.5 872.9 504.1 839.4 529.5 826.1 511.9 ship 0
814.5 513.7 823.7 533.7 785.5 551.3 776.3 531.3 ship 0
832.3 547.9 845.3 565.6 808.3 592.9 795.2 575.2 ship 0
843.7 569.9 849.3 578.2 811.3 604.1 805.7 595.8 ship 0
862.3 603.5 867.7 612.0 835.7 632.5 830.3 624.0 ship 0
771.4 480.4 779.0 473.9 798.6 496.6 791.0 503.1 ship 0
869.5 626.7 872.3 636.3 824.3 650.3 821.5 640.7 ship 0
871.9 641.9 877.0 650.5 834.1 676.1 829.0 667.5 ship 0
716.0 761.6 724.1 755.7 755.6 799.6 747.5 805.4 ship 0
733.3 744.1 741.7 738.5 773.7 786.9 765.3 792.5 ship 0
739.9 684.0 748.5 695.1 692.9 737.6 684.3 726.5 ship 0
730.2 661.8 738.2 673.2 684.1 711.1 676.1 699.6 ship 0
725.1 629.5 741.3 649.8 692.9 688.5 676.7 668.2 ship 0
707.4 602.3 726.9 625.1 670.6 673.2 651.2 650.4 ship 0
704.8 591.2 714.1 606.6 654.2 642.8 644.9 627.4 ship 0
695.0 567.5 702.6 579.2 643.9 617.3 636.3 605.6 ship 0
783.4 453.1 805.7 439.7 837.6 492.9 815.3 506.3 ship 0
750.1 489.2 757.9 483.1 778.9 509.8 771.1 515.9 ship 0
670.2 513.5 684.8 535.0 620.2 578.8 605.7 557.3 ship 0
963.2 398.2 968.7 406.6 927.0 434.2 921.5 425.8 ship 0
977.0 417.5 982.8 425.6 926.0 466.5 920.2 458.4 ship 0
980.5 435.4 993.7 453.0 944.1 490.2 930.9 472.6 ship 0
991.0 456.1 1005.0 473.1 954.0 514.9 940.0 497.9 ship 0
993.9 482.3 1010.9 502.0 973.1 534.7 956.1 515.0 ship 0
1004.4 507.3 1019.8 528.3 989.2 550.8 973.8 529.9 ship 0
1019.8 529.5 1025.8 537.5 995.4 560.3 989.4 552.3 ship 0
710.0 496.3 733.3 477.3 780.0 534.7 756.7 553.7 ship 0
1030.1 419.3 1036.7 426.8 1005.4 454.7 998.7 447.2 ship 0
1015.5 400.5 1029.8 417.3 1003.9 439.3 989.6 422.5 ship 0
1012.6 386.8 1018.1 395.2 986.4 416.2 980.9 407.8 ship 0
1005.9 370.0 1011.2 378.5 975.9 401.1 970.5 392.7 ship 0
995.3 350.7 1001.2 358.7 970.7 381.3 964.8 373.3 ship 0
952.0 368.3 966.9 389.6 916.2 425.2 901.2 403.9 ship 0
670.5 544.8 677.5 551.9 630.5 598.2 623.5 591.1 ship 0
397.9 659.7 425.0 639.1 472.1 701.3 445.0 721.9 ship 0
874.2 70.0 922.4 94.2 883.8 171.0 835.6 146.8 harbor 0
113.8 306.9 114.2 292.9 184.2 295.1 183.8 309.1 ship 0
97.5 274.4 99.3 260.5 192.5 272.6 190.7 286.5 ship 0
99.9 257.1 103.7 223.3 189.1 232.9 185.3 266.7 ship 0
178.1 171.1 184.4 192.2 105.9 215.9 99.6 194.8 ship 0
106.3 158.7 110.2 149.5 185.8 181.3 181.9 190.5 ship 0
187.2 93.3 187.8 179.3 113.8 179.8 113.2 93.8 ship 0
87.0 374.5 108.5 369.8 126.0 449.9 104.6 454.6 harbor 0
273.8 398.9 285.0 412.9 236.5 451.6 225.3 437.5 harbor 0
548.4 278.0 611.9 208.8 654.6 248.0 591.1 317.2 harbor 0
91.7 340.7 116.2 349.5 103.3 385.3 78.8 376.5 ship 0
1003.5 472.3 1004.4 474.0 1002.7 475.0 1001.7 473.3 harbor 0
840.6 553.6 842.1 554.9 840.9 556.4 839.3 555.2 harbor 0
687.3 627.8 688.8 626.5 690.1 628.0 688.6 629.3 harbor 0
505.2 721.3 506.8 722.6 505.5 724.2 504.0 722.9 harbor 0
334.8 780.7 352.9 752.0 412.2 789.3 394.1 818.0 harbor 0
283.8 838.7 297.1 803.2 351.4 823.6 338.1 859.2 harbor 0
193.4 898.9 194.3 900.6 192.6 901.6 191.6 899.8 harbor 0
108.8 347.6 121.1 341.0 139.2 374.4 126.9 381.0 ship 0
88.4 387.1 109.1 394.5 93.8 437.8 73.0 430.5 ship 0
437.1 638.7 449.0 631.4 487.9 694.3 476.0 701.6 ship 0
539.8 773.3 545.7 781.4 489.2 822.7 483.3 814.6 ship 0
463.5 636.7 474.1 627.5 501.5 659.3 490.9 668.5 ship 0
491.0 625.8 502.4 617.8 524.3 648.8 512.9 656.9 ship 0
509.8 602.2 521.0 593.8 567.6 656.4 556.3 664.7 ship 0
542.0 664.4 556.4 686.1 518.0 711.6 503.6 689.9 ship 0
554.7 689.2 567.3 707.2 526.3 735.8 513.7 717.8 ship 0
500.1 720.5 505.8 728.7 464.9 757.5 459.2 749.3 ship 0
504.2 739.5 512.8 750.5 479.8 776.5 471.2 765.5 ship 0
577.2 706.7 583.0 714.9 525.8 755.3 520.0 747.1 ship 0
576.6 725.8 593.3 745.7 548.9 783.0 532.2 763.1 ship 0
516.1 754.3 528.8 772.2 484.9 803.6 472.1 785.7 ship 0
544.5 796.2 550.7 804.1 505.1 839.9 498.9 832.1 ship 0
81.3 622.4 102.2 637.9 79.6 668.4 58.7 652.9 ship 0
597.4 751.9 606.0 763.0 557.2 801.1 548.5 790.1 ship 0
360.4 777.3 403.7 752.3 454.6 840.7 411.3 865.7 ship 0
333.3 701.8 354.8 687.2 380.7 725.2 359.2 739.8 ship 0
279.9 715.8 294.2 732.5 250.1 770.2 235.8 753.5 ship 0
296.5 741.4 302.2 749.6 254.5 782.6 248.8 774.4 ship 0
305.4 760.8 311.2 769.0 267.2 800.3 261.4 792.1 ship 0
313.8 772.2 327.5 789.5 278.9 827.9 265.2 810.7 ship 0
286.3 777.4 356.3 857.0 315.7 892.6 245.7 813.0 ship 0
338.4 837.3 343.5 845.9 297.0 873.5 291.9 864.9 ship 0
346.2 848.1 352.2 856.1 302.4 893.1 296.4 885.1 ship 0
658.9 905.1 684.7 889.8 718.4 946.5 692.7 961.9 ship 0
753.6 867.4 783.5 844.0 816.8 886.5 786.8 909.9 ship 0
717.7 875.3 738.7 859.9 806.3 951.7 785.3 967.1 ship 0
673.2 874.8 697.7 857.5 770.7 960.1 746.3 977.5 ship 0
627.4 925.9 652.5 909.4 686.6 961.1 661.5 977.6 ship 0
594.6 947.3 621.9 927.1 656.4 973.7 629.1 993.9 ship 0
566.1 967.5 588.7 947.9 624.1 988.7 601.4 1008.4 ship 0
579.1 846.8 600.2 840.6 609.9 873.2 588.8 879.4 ship 0
522.7 864.8 551.8 847.3 581.7 897.0 552.6 914.5 ship 0
818.8 133.1 824.7 125.0 865.0 154.5 859.1 162.6 ship 0
821.7 147.1 894.0 69.5 933.5 106.3 861.2 183.9 ship 0
835.3 119.1 842.7 112.3 876.7 148.9 869.3 155.7 ship 0
744.5 183.2 766.1 162.4 792.5 189.8 770.9 210.6 ship 0
787.1 146.5 793.9 139.1 830.6 173.1 823.8 180.4 ship 0
766.0 152.0 772.7 144.6 818.9 185.8 812.3 193.3 ship 0
146.5 73.8 202.4 108.8 154.6 185.1 98.7 150.0 harbor 0
