1003.8 15.6 1021.4 34.8 1002.2 52.4 984.6 33.2 small-vehicle 0
103.1 221.5 165.6 200.2 265.9 493.5 203.4 514.8 tennis-court 0
285.1 224.4 355.0 221.0 368.9 502.6 299.0 506.0 tennis-court 0
422.3 326.1 485.4 306.8 518.7 415.9 455.6 435.2 tennis-court 0
581.6 446.8 651.6 446.9 651.3 588.9 581.3 588.8 tennis-court 0
711.9 417.5 781.5 410.1 805.2 630.8 735.6 638.3 tennis-court 0
-0.9 767.8 12.0 750.0 36.3 767.6 23.4 785.5 small-vehicle 0
74.9 651.2 82.5 671.9 58.1 680.8 50.5 660.1 small-vehicle 0
83.5 674.7 86.2 696.5 48.5 701.3 45.8 679.5 small-vehicle 0
44.1 718.3 46.1 700.5 83.9 704.7 81.9 722.5 small-vehicle 0
26.4 82.1 36.6 62.6 66.7 78.4 56.5 97.9 small-vehicle 0
84.2 88.6 93.7 68.8 124.3 83.5 114.8 103.3 small-vehicle 0
-24.7 207.7 43.7 192.6 110.7 495.3 42.3 510.4 tennis-court 0
