115.8 549.2 145.0 556.0 136.3 593.0 107.1 586.2 small-vehicle 0
294.3 247.6 363.9 240.5 386.7 465.4 317.1 472.5 tennis-court 0
406.4 305.4 453.6 271.6 559.6 419.6 512.4 453.4 tennis-court 0
599.5 299.4 669.0 307.5 653.5 440.6 584.0 432.5 tennis-court 0
765.5 414.0 832.8 433.2 779.4 619.7 712.1 600.4 tennis-court 0
808.2 433.2 937.8 385.8 1020.8 613.2 891.2 660.5 tennis-court 0
103.3 184.8 108.2 193.5 85.6 206.3 80.7 197.6 small-vehicle 0
81.0 225.1 85.4 216.1 116.0 230.9 111.6 239.9 small-vehicle 0
105.1 259.9 111.5 276.7 75.9 290.1 69.5 273.3 small-vehicle 0
111.4 295.4 111.7 305.4 73.7 306.6 73.4 296.6 small-vehicle 0
109.1 317.0 110.7 326.9 77.0 332.0 75.5 322.1 small-vehicle 0
112.4 331.7 116.7 340.8 71.6 362.3 67.3 353.2 small-vehicle 0
70.9 401.3 75.3 379.8 108.6 386.6 104.2 408.2 small-vehicle 0
101.0 454.3 102.0 480.2 60.0 481.7 59.0 455.8 small-vehicle 0
67.8 554.1 89.8 552.1 93.2 589.9 71.2 591.9 small-vehicle 0
144.8 751.6 169.4 734.4 202.6 781.9 178.0 799.1 small-vehicle 0
198.0 667.8 209.0 644.3 247.0 662.2 236.0 685.7 small-vehicle 0
244.3 674.6 245.6 696.6 199.7 699.4 198.4 677.4 small-vehicle 0
197.0 708.9 213.2 688.5 243.0 712.1 226.8 732.5 small-vehicle 0
39.9 792.2 51.7 805.8 23.1 830.8 11.3 817.2 small-vehicle 0
33.9 769.3 42.7 780.2 10.1 806.7 1.3 795.8 small-vehicle 0
182.3 78.3 195.1 60.4 222.8 80.1 210.0 98.1 small-vehicle 0
180.1 61.4 180.7 83.4 134.7 84.7 134.1 62.7 small-vehicle 0
238.7 89.2 245.9 68.4 281.8 80.9 274.6 101.7 small-vehicle 0
126.0 10.9 130.4 36.6 93.0 43.1 88.6 17.4 small-vehicle 0
74.0 248.6 77.7 239.3 113.0 253.4 109.3 262.7 small-vehicle 0
110.0 362.8 110.8 372.8 69.0 376.2 68.2 366.2 small-vehicle 0
52.9 549.0 70.2 553.9 60.1 590.5 42.7 585.7 small-vehicle 0
142.2 552.7 156.2 551.4 159.8 589.3 145.8 590.6 small-vehicle 0
-80.9 201.7 231.5 35.2 478.9 499.3 166.5 665.8 tennis-court 0
