1004.1 417.1 1018.5 438.8 986.9 459.9 972.5 438.2 harbor 0
18.0 738.7 19.0 712.7 57.0 714.3 56.0 740.3 harbor 0
71.2 741.8 94.7 771.7 64.8 795.2 41.3 765.3 harbor 0
685.2 51.0 686.0 49.2 687.8 50.0 687.0 51.8 harbor 0
94.7 782.9 111.8 796.7 90.3 823.1 73.2 809.3 harbor 0
1014.3 681.0 1015.5 682.6 1014.0 683.8 1012.7 682.3 harbor 0
719.2 757.1 722.1 735.3 747.9 738.7 744.9 760.5 harbor 0
630.0 738.0 650.7 722.2 681.0 762.0 660.3 777.7 harbor 0
580.3 735.9 601.1 720.3 640.7 773.1 619.9 788.7 harbor 0
532.3 746.4 551.9 729.3 608.2 794.3 588.6 811.4 harbor 0
535.3 812.8 563.7 787.6 607.5 837.0 579.0 862.2 harbor 0
530.5 863.9 545.4 842.5 606.1 884.9 591.2 906.2 harbor 0
409.4 933.0 448.0 916.4 464.6 955.0 426.0 971.6 harbor 0
363.8 903.8 392.4 934.5 361.7 963.1 333.0 932.4 harbor 0
256.2 923.9 294.0 897.7 324.8 942.1 287.0 968.3 harbor 0
179.6 875.4 203.8 865.9 229.4 931.0 205.2 940.5 harbor 0
148.4 822.4 169.8 848.9 130.8 880.3 109.5 853.8 harbor 0
