682.4 629.5 690.2 623.3 726.6 668.5 718.8 674.7 ship 0
686.4 676.5 686.9 666.6 728.8 668.5 728.4 678.5 ship 0
657.9 705.1 679.9 679.1 721.1 713.9 699.1 739.9 ship 0
580.3 969.1 616.5 997.5 575.7 1049.4 539.5 1021.0 ship 0
552.8 905.3 586.7 903.7 590.3 981.6 556.3 983.2 ship 0
180.8 684.3 196.9 704.7 170.2 725.7 154.1 705.3 ship 0
835.7 425.5 887.2 494.3 728.6 612.9 677.1 544.0 harbor 0
734.0 676.1 739.0 667.4 793.0 697.9 788.0 706.6 ship 0
742.5 660.8 745.4 651.2 789.4 664.8 786.5 674.3 ship 0
693.6 633.0 696.6 623.4 736.6 636.3 733.5 645.8 ship 0
1028.9 529.5 1029.1 539.5 999.1 540.1 998.9 530.1 ship 0
1004.8 492.0 1010.2 489.5 1031.0 535.0 1025.6 537.5 ship 0
843.9 270.5 854.4 246.7 911.1 271.8 900.6 295.5 ship 0
849.3 228.8 868.2 205.5 925.7 252.2 906.8 275.5 ship 0
988.0 546.7 992.1 537.5 1034.0 556.3 1029.9 565.5 ship 0
985.4 566.6 989.6 557.6 1027.7 575.1 1023.6 584.2 ship 0
954.4 714.7 959.6 706.2 988.5 724.2 983.2 732.7 ship 0
960.1 687.2 963.7 682.4 997.3 707.6 993.7 712.4 ship 0
967.4 672.7 971.0 668.0 1001.1 691.2 997.4 696.0 ship 0
968.7 653.0 972.2 648.1 1003.3 670.0 999.8 674.9 ship 0
970.8 642.1 973.1 636.5 1008.2 650.9 1005.9 656.5 ship 0
1016.8 618.8 1017.6 628.8 979.7 631.9 978.9 621.9 ship 0
979.5 609.5 980.9 599.6 1022.5 605.3 1021.1 615.2 ship 0
976.5 582.9 980.4 573.7 1026.4 593.1 1022.6 602.3 ship 0
745.2 637.1 749.8 628.2 804.8 656.9 800.2 665.8 ship 0
730.8 245.5 742.7 213.6 838.2 249.5 826.3 281.4 ship 0
816.3 318.8 829.6 291.9 888.7 321.2 875.4 348.1 ship 0
740.7 327.1 751.1 307.7 809.3 338.9 798.9 358.2 ship 0
811.4 351.9 821.6 323.7 891.2 349.0 880.9 377.2 ship 0
733.0 340.8 737.9 332.1 806.0 370.2 801.1 378.9 ship 0
812.7 368.3 818.5 355.6 871.3 379.7 865.5 392.4 ship 0
734.6 390.7 739.4 365.1 792.5 375.1 787.7 400.6 ship 0
731.0 393.2 736.1 384.6 793.1 417.8 788.0 426.5 ship 0
794.6 424.9 803.2 396.1 866.4 415.1 857.8 443.9 ship 0
798.5 432.3 804.1 424.0 855.5 458.7 849.9 467.0 ship 0
722.2 428.6 725.8 415.1 789.6 432.1 786.0 445.7 ship 0
787.5 458.5 791.9 449.6 851.1 478.7 846.7 487.7 ship 0
721.1 469.3 725.6 460.4 773.9 484.7 769.4 493.6 ship 0
781.9 482.7 786.1 473.6 838.6 498.2 834.4 507.2 ship 0
718.8 497.2 719.7 487.3 769.5 492.0 768.6 502.0 ship 0
823.6 503.7 824.3 513.7 786.4 516.3 785.7 506.3 ship 0
717.6 507.6 722.9 499.1 765.4 525.4 760.1 533.9 ship 0
709.3 522.9 715.0 514.6 756.2 543.0 750.5 551.2 ship 0
766.3 552.7 774.2 527.9 825.7 544.3 817.8 569.1 ship 0
706.0 556.1 707.9 546.3 753.1 554.6 751.3 564.5 ship 0
763.7 558.7 768.3 549.8 823.3 578.3 818.7 587.2 ship 0
760.5 586.4 762.7 576.7 811.5 587.6 809.3 597.3 ship 0
698.3 562.7 703.8 554.4 748.9 584.1 743.4 592.4 ship 0
694.0 597.6 694.1 587.6 748.1 588.0 748.0 598.0 ship 0
686.2 602.6 690.7 593.7 749.7 623.4 745.2 632.3 ship 0
747.1 624.3 756.2 604.3 816.3 631.5 807.3 651.5 ship 0
