920.9 424.0 955.7 439.1 931.1 496.0 896.3 480.9 ship 0
645.4 370.9 700.8 446.8 634.6 495.1 579.2 419.2 harbor 0
100.9 611.2 126.3 546.0 236.2 588.8 210.8 654.1 harbor 0
230.1 589.6 313.8 524.6 393.5 627.2 309.8 692.3 harbor 0
434.2 557.4 502.3 616.2 435.6 693.4 367.5 634.6 harbor 0
608.7 563.4 661.9 572.7 636.7 716.5 583.5 707.2 harbor 0
803.0 608.6 820.1 664.0 737.9 689.3 720.8 633.9 harbor 0
881.6 606.0 980.0 645.5 951.0 717.9 852.6 678.5 harbor 0
962.2 449.6 963.9 450.7 962.8 452.4 961.1 451.3 harbor 0
746.3 437.1 776.1 407.5 822.7 454.2 793.0 483.9 harbor 0
457.4 385.1 529.4 401.8 513.6 470.0 441.5 453.3 harbor 0
343.9 420.6 345.5 421.7 344.3 423.4 342.7 422.2 harbor 0
220.8 313.9 299.2 412.6 194.2 495.9 115.9 397.2 harbor 0
32.2 384.8 33.9 385.8 32.9 387.6 31.2 386.6 harbor 0
841.6 614.2 879.6 613.7 880.5 679.7 842.5 680.2 ship 0
748.0 417.9 793.9 420.0 791.1 481.9 745.1 479.8 ship 0
437.6 376.1 502.6 411.4 465.4 479.9 400.4 444.6 ship 0
147.8 379.4 200.2 392.5 184.2 456.6 131.8 443.5 ship 0
237.2 373.8 287.4 393.6 258.8 466.2 208.6 446.4 ship 0
374.5 392.2 424.6 412.3 401.5 469.8 351.4 449.7 ship 0
553.6 665.0 579.5 667.1 575.4 717.0 549.5 714.9 ship 0
460.2 592.8 494.1 590.2 498.8 652.1 464.9 654.6 ship 0
240.0 555.2 335.9 575.7 318.0 659.8 222.1 639.3 ship 0
177.1 557.5 262.5 568.0 253.0 645.4 167.6 635.0 ship 0
25.2 560.9 95.2 563.4 92.9 625.4 22.9 622.8 ship 0
