263.9 618.4 281.4 631.7 217.3 716.2 199.8 702.9 harbor 0
304.3 652.8 316.8 659.2 270.7 750.2 258.2 743.8 harbor 0
358.7 646.4 386.0 658.8 325.3 791.6 298.0 779.2 harbor 0
14.8 366.4 15.1 368.3 13.2 368.6 12.9 366.7 harbor 0
111.9 355.8 113.9 355.6 114.1 357.6 112.1 357.8 harbor 0
174.8 319.5 207.3 339.2 173.1 395.6 140.6 376.0 harbor 0
297.3 327.4 322.3 356.0 290.7 383.6 265.7 355.0 harbor 0
334.4 348.6 371.6 329.1 398.6 380.4 361.4 399.9 harbor 0
426.7 321.5 459.9 314.3 482.3 417.9 449.1 425.1 harbor 0
517.2 315.0 547.2 315.1 546.6 413.1 516.6 413.0 harbor 0
610.9 344.4 629.6 332.9 662.1 385.6 643.4 397.2 harbor 0
734.1 339.6 765.3 361.2 720.9 425.4 689.7 403.8 harbor 0
810.0 359.2 833.0 378.5 800.9 416.8 777.9 397.6 harbor 0
918.6 348.4 927.6 352.8 900.4 408.6 891.4 404.2 harbor 0
668.5 765.1 683.0 781.6 648.5 811.9 634.0 795.4 harbor 0
613.4 704.6 643.0 721.4 551.6 883.4 522.0 866.6 harbor 0
520.8 758.5 547.0 780.2 507.5 828.0 481.3 806.3 harbor 0
493.7 729.2 515.5 755.2 455.7 805.3 433.9 779.3 harbor 0
439.8 717.1 464.2 734.4 412.2 807.9 387.8 790.6 harbor 0
387.8 699.3 409.3 704.1 393.9 772.4 372.4 767.5 harbor 0
