480.7 321.8 482.7 322.2 482.3 324.2 480.3 323.8 harbor 0
597.7 316.4 599.6 315.7 600.3 317.6 598.4 318.3 harbor 0
660.8 301.6 681.5 309.0 672.8 333.5 652.1 326.1 harbor 0
717.6 312.2 719.3 311.1 720.4 312.8 718.7 313.9 harbor 0
789.4 264.0 791.4 264.0 791.4 266.0 789.4 266.0 harbor 0
888.9 248.2 890.8 247.9 891.1 249.8 889.2 250.1 harbor 0
199.6 289.7 201.6 289.8 201.4 291.8 199.4 291.7 harbor 0
151.5 284.2 153.5 284.3 153.4 286.3 151.4 286.2 harbor 0
94.7 258.4 96.6 257.7 97.3 259.6 95.4 260.3 harbor 0
35.7 273.8 36.2 271.9 38.1 272.4 37.6 274.3 harbor 0
