963.7 552.7 965.7 553.1 965.4 555.0 963.4 554.7 harbor 0
847.5 372.1 856.1 361.1 917.7 408.9 909.1 420.0 harbor 0
744.2 552.0 745.1 553.9 743.2 554.7 742.4 552.8 harbor 0
596.8 661.9 638.4 681.5 617.1 726.7 575.5 707.1 harbor 0
583.8 596.1 584.9 597.8 583.2 598.9 582.1 597.2 harbor 0
604.6 504.9 606.1 506.2 604.8 507.7 603.3 506.4 harbor 0
434.1 648.8 435.7 647.6 436.9 649.2 435.3 650.4 harbor 0
415.5 848.4 437.5 848.7 437.0 882.7 415.0 882.4 small-vehicle 0
943.2 818.8 971.6 809.2 983.8 845.2 955.4 854.8 small-vehicle 0
980.6 811.0 994.3 808.2 1004.1 857.2 990.4 860.0 small-vehicle 0
557.7 442.6 559.4 443.7 558.3 445.4 556.6 444.3 harbor 0
