-12.3 396.0 9.9 375.9 62.4 433.6 40.2 453.7 harbor 0
78.9 259.2 105.9 246.2 226.1 496.8 199.1 509.8 harbor 0
153.3 309.8 177.2 291.7 255.6 395.3 231.7 413.4 harbor 0
167.9 219.9 193.1 191.4 227.5 221.9 202.3 250.4 harbor 0
239.7 134.3 269.9 118.5 287.5 152.2 257.3 168.0 harbor 0
437.5 261.2 438.7 262.8 437.2 264.0 435.9 262.4 harbor 0
360.8 64.1 380.3 41.3 418.2 73.9 398.7 96.7 harbor 0
418.7 44.1 448.7 28.1 476.0 79.2 446.0 95.2 harbor 0
560.1 95.7 617.4 170.2 593.6 188.5 536.3 114.0 harbor 0
737.4 113.9 738.7 115.5 737.2 116.8 735.9 115.2 harbor 0
