927.8 131.6 941.4 162.8 910.2 176.4 896.6 145.2 ship 0
810.9 172.9 835.6 155.8 857.1 187.1 832.4 204.2 ship 0
952.3 46.6 953.9 45.3 955.2 46.9 953.6 48.1 harbor 0
819.8 109.2 830.0 94.3 871.2 122.5 861.1 137.4 harbor 0
639.5 64.8 640.6 63.1 642.3 64.2 641.2 65.9 harbor 0
774.6 174.7 775.8 173.1 777.4 174.3 776.2 175.9 harbor 0
598.1 176.0 598.2 174.0 600.2 174.1 600.1 176.1 harbor 0
554.2 267.0 554.3 265.0 556.3 265.1 556.2 267.1 harbor 0
551.2 564.8 561.9 550.4 627.8 599.2 617.1 613.6 harbor 0
550.2 654.0 562.1 640.5 587.6 662.9 575.8 676.4 harbor 0
526.1 895.5 531.9 882.8 544.7 888.6 538.8 901.3 harbor 0
