85.1 779.1 86.1 777.4 87.9 778.3 86.9 780.1 harbor 0
12.1 787.7 13.8 786.6 14.9 788.3 13.2 789.4 harbor 0
220.7 826.7 222.4 827.8 221.3 829.5 219.6 828.4 harbor 0
837.1 283.6 853.7 276.5 873.5 322.4 856.9 329.5 ship 0
307.2 668.5 309.0 667.7 309.8 669.5 308.0 670.3 harbor 0
943.5 277.0 967.2 266.3 989.6 315.4 965.9 326.2 ship 0
368.2 658.5 381.8 655.3 388.8 684.5 375.2 687.7 harbor 0
445.2 651.6 446.9 652.7 445.8 654.4 444.1 653.3 harbor 0
558.1 612.9 559.6 611.6 560.9 613.1 559.4 614.4 harbor 0
946.4 246.2 996.6 300.5 951.1 342.6 900.9 288.3 harbor 0
