553.5 824.1 562.3 799.6 624.4 821.7 615.7 846.2 harbor 0
193.2 22.8 230.2 2.9 255.8 50.5 218.8 70.4 harbor 0
166.7 41.8 168.7 42.2 168.3 44.2 166.3 43.8 harbor 0
134.9 162.5 179.9 152.6 189.7 197.6 144.8 207.4 harbor 0
194.8 107.7 225.8 79.3 254.2 110.3 223.2 138.7 harbor 0
136.3 216.4 176.8 205.5 188.8 249.9 148.2 260.8 harbor 0
596.7 787.0 617.6 771.5 640.3 802.0 619.4 817.5 harbor 0
912.1 161.8 928.7 136.7 967.0 162.1 950.4 187.2 harbor 0
1017.5 111.8 1027.0 131.7 978.4 155.1 968.8 135.3 harbor 0
902.9 105.1 912.8 81.1 970.1 104.9 960.2 128.9 harbor 0
994.5 77.6 1003.2 61.8 1022.5 72.4 1013.8 88.2 harbor 0
907.2 52.6 912.4 35.4 948.8 46.4 943.6 63.6 harbor 0
998.2 16.6 999.4 18.2 997.8 19.4 996.6 17.8 harbor 0
909.3 236.3 918.4 203.5 962.7 215.7 953.6 248.5 harbor 0
1013.2 184.3 1013.7 186.2 1011.8 186.7 1011.3 184.8 harbor 0
1011.9 242.4 1012.1 244.4 1010.1 244.6 1009.9 242.6 harbor 0
953.0 772.6 967.5 803.3 944.0 814.4 929.5 783.7 harbor 0
532.4 699.1 553.2 706.4 544.6 730.9 523.8 723.6 harbor 0
573.5 761.2 595.9 774.3 564.5 827.8 542.1 814.7 harbor 0
618.2 662.2 637.1 680.0 613.8 704.8 594.9 687.0 harbor 0
524.9 608.1 528.7 586.4 558.3 591.5 554.5 613.2 harbor 0
625.7 598.1 645.6 625.7 605.0 654.9 585.1 627.4 harbor 0
628.1 481.1 650.9 506.3 613.9 539.9 591.1 514.7 harbor 0
636.4 430.8 650.1 457.5 605.6 480.2 591.9 453.5 harbor 0
631.9 378.4 639.0 407.6 602.1 416.6 595.0 387.4 harbor 0
594.4 49.2 614.0 32.1 641.6 63.8 622.0 80.9 harbor 0
963.8 786.3 992.2 767.6 1015.2 802.7 986.8 821.4 harbor 0
915.9 271.6 935.3 254.2 966.1 288.4 946.7 305.8 harbor 0
944.1 725.4 956.9 743.3 912.9 774.6 900.1 756.7 harbor 0
985.7 686.5 997.4 663.3 1031.3 680.5 1019.6 703.7 harbor 0
913.7 691.8 925.8 664.3 964.3 681.2 952.2 708.7 harbor 0
948.9 610.3 957.8 634.7 922.1 647.7 913.2 623.3 harbor 0
979.6 593.3 1009.8 558.7 1038.4 583.7 1008.2 618.3 harbor 0
980.2 533.5 988.0 508.7 1031.8 522.5 1024.0 547.3 harbor 0
905.3 511.2 907.0 497.3 952.7 502.8 951.0 516.7 harbor 0
915.3 435.6 952.4 427.2 960.7 464.3 923.6 472.6 harbor 0
1026.1 403.2 1026.8 421.2 984.9 422.8 984.2 404.8 harbor 0
908.8 386.8 932.9 362.8 968.2 398.2 944.1 422.2 harbor 0
917.5 334.1 945.8 324.1 958.5 359.9 930.2 369.9 harbor 0
200.1 313.9 224.4 284.6 265.9 319.1 241.6 348.4 harbor 0
147.1 817.4 154.0 796.5 193.9 809.6 187.0 830.5 harbor 0
151.1 845.7 155.5 841.6 178.9 866.3 174.5 870.4 harbor 0
168.3 849.6 191.9 838.8 207.7 873.4 184.1 884.2 harbor 0
204.6 880.5 223.2 862.3 241.4 880.9 222.8 899.1 harbor 0
268.0 820.4 270.2 842.3 228.4 846.6 226.2 824.7 harbor 0
270.1 758.7 274.0 784.4 208.8 794.4 204.8 768.7 harbor 0
216.0 710.5 227.7 691.9 270.0 718.5 258.3 737.1 harbor 0
161.7 679.2 195.1 685.5 187.3 726.8 153.9 720.5 harbor 0
216.5 648.7 227.3 639.7 259.3 678.1 248.5 687.1 harbor 0
252.3 595.9 261.5 615.9 219.7 635.1 210.5 615.1 harbor 0
168.6 558.5 195.6 579.2 172.4 609.4 145.5 588.6 harbor 0
208.8 546.0 219.5 536.9 249.2 572.0 238.5 581.1 harbor 0
129.1 528.0 181.3 494.6 203.9 530.0 151.7 563.4 harbor 0
237.9 467.0 252.1 483.8 220.1 511.0 205.9 494.2 harbor 0
260.6 413.4 266.5 455.0 213.1 462.6 207.2 421.0 harbor 0
144.5 407.4 166.8 387.3 189.5 412.6 167.2 432.7 harbor 0
217.7 390.6 218.3 372.6 244.3 373.4 243.7 391.4 harbor 0
549.8 59.8 573.9 77.7 551.2 108.2 527.1 90.3 harbor 0
599.9 353.8 600.1 327.8 654.1 328.2 653.9 354.2 harbor 0
596.7 271.2 620.5 246.9 656.3 281.8 632.5 306.1 harbor 0
646.4 190.6 666.6 222.8 600.6 264.4 580.4 232.2 harbor 0
545.5 186.1 568.9 197.4 552.5 231.6 529.0 220.3 harbor 0
628.0 143.1 646.9 176.0 614.0 194.9 595.1 162.0 harbor 0
564.8 135.0 568.7 156.6 539.2 162.0 535.3 140.4 harbor 0
632.9 97.2 644.1 111.3 608.1 139.8 596.9 125.7 harbor 0
527.4 42.6 542.2 16.6 568.3 31.4 553.5 57.5 harbor 0
