225.0 548.5 225.0 550.5 223.0 550.5 223.0 548.5 harbor 0
196.3 929.6 223.8 903.4 252.8 933.8 225.3 960.0 harbor 0
166.3 937.2 168.3 936.8 168.7 938.8 166.7 939.2 harbor 0
151.7 820.3 173.6 818.8 175.4 844.7 153.5 846.2 harbor 0
222.5 823.5 222.5 821.5 224.5 821.5 224.5 823.5 harbor 0
139.3 787.8 166.5 775.3 180.7 806.1 153.5 818.7 harbor 0
231.0 751.9 238.2 768.5 218.0 777.2 210.9 760.7 harbor 0
224.8 709.8 225.2 707.8 227.2 708.2 226.8 710.2 harbor 0
140.2 675.5 160.3 659.1 181.8 685.5 161.7 701.9 harbor 0
235.7 622.5 241.0 639.7 212.3 648.5 207.0 631.3 harbor 0
120.2 639.6 122.9 601.7 188.8 606.4 186.1 644.3 harbor 0
140.4 572.3 149.7 552.4 180.6 566.7 171.3 586.6 harbor 0
130.1 512.6 150.9 485.7 184.1 511.4 163.3 538.3 harbor 0
222.9 477.4 223.1 475.4 225.1 475.6 224.9 477.6 harbor 0
216.1 431.4 217.1 429.6 218.9 430.6 217.9 432.4 harbor 0
37.8 219.7 82.8 210.3 92.2 255.3 47.2 264.7 harbor 0
223.1 1003.8 224.7 1002.6 225.9 1004.2 224.3 1005.4 harbor 0
1000.4 745.9 1000.6 747.9 998.6 748.1 998.4 746.1 harbor 0
920.1 1004.5 929.3 984.5 952.9 995.5 943.7 1015.5 harbor 0
1007.2 970.6 1007.9 968.7 1009.8 969.4 1009.1 971.3 harbor 0
916.2 950.0 918.0 936.1 939.8 939.0 938.0 952.9 harbor 0
998.1 911.6 999.4 913.1 997.9 914.4 996.6 912.9 harbor 0
926.1 892.7 926.8 894.6 924.9 895.3 924.2 893.4 harbor 0
923.0 829.2 923.8 831.0 922.0 831.8 921.2 830.0 harbor 0
1008.6 838.3 1014.7 850.9 998.4 858.7 992.3 846.1 harbor 0
1000.6 792.8 1001.7 791.1 1003.4 792.2 1002.3 793.9 harbor 0
919.0 780.3 926.2 768.3 945.0 779.7 937.8 791.7 harbor 0
942.9 696.8 953.2 725.0 925.0 735.2 914.7 707.0 harbor 0
1014.8 668.8 1016.0 678.8 986.2 682.2 985.0 672.2 harbor 0
1003.3 621.1 1003.6 623.1 1001.7 623.4 1001.3 621.4 harbor 0
915.2 605.7 934.4 588.2 962.8 619.3 943.6 636.8 harbor 0
996.3 570.8 996.7 572.8 994.7 573.2 994.3 571.2 harbor 0
930.4 540.4 944.3 538.7 946.6 556.6 932.7 558.3 harbor 0
996.7 505.2 1014.1 518.6 998.3 539.2 980.9 525.8 harbor 0
916.3 433.9 924.0 417.6 954.7 432.1 947.0 448.4 harbor 0
1000.7 400.8 1001.2 402.7 999.3 403.2 998.8 401.3 harbor 0
941.2 354.3 958.1 383.9 925.0 402.7 908.2 373.1 harbor 0
996.3 334.3 1000.5 343.3 980.6 352.7 976.4 343.6 harbor 0
940.0 303.1 950.7 322.2 928.0 334.9 917.3 315.8 harbor 0
920.3 269.7 933.1 247.0 955.7 259.8 942.9 282.5 harbor 0
619.2 895.1 620.4 896.7 618.8 897.9 617.6 896.3 harbor 0
616.6 951.7 617.8 950.1 619.4 951.3 618.2 952.9 harbor 0
995.7 285.6 996.4 283.7 998.3 284.4 997.6 286.3 harbor 0
992.2 185.7 992.8 183.8 994.7 184.3 994.1 186.3 harbor 0
550.5 264.2 568.2 277.3 545.5 307.8 527.8 294.7 harbor 0
727.1 135.4 752.8 138.8 748.9 168.6 723.2 165.2 harbor 0
629.6 168.6 631.0 167.2 632.4 168.6 631.0 170.0 harbor 0
499.7 153.5 543.2 168.5 528.2 212.0 484.7 197.0 harbor 0
474.3 180.3 479.3 197.6 431.4 211.6 426.3 194.4 harbor 0
409.7 192.1 410.9 193.7 409.3 194.9 408.1 193.3 harbor 0
280.6 195.0 298.3 224.1 262.4 246.0 244.7 216.9 harbor 0
574.3 396.4 579.1 362.8 612.7 367.6 607.9 401.2 harbor 0
602.8 307.2 614.5 330.5 584.2 345.8 572.5 322.5 harbor 0
602.7 430.2 603.9 431.8 602.3 433.0 601.1 431.4 harbor 0
991.2 121.1 1005.2 132.4 978.9 165.1 964.9 153.8 harbor 0
550.0 958.8 568.7 970.2 551.0 999.2 532.3 987.8 harbor 0
949.5 107.2 958.9 110.5 949.2 138.8 939.7 135.6 harbor 0
901.9 105.3 923.0 111.5 911.1 151.7 890.0 145.5 harbor 0
842.7 116.2 868.6 118.6 865.5 152.5 839.6 150.1 harbor 0
785.1 121.1 812.0 134.4 796.9 164.9 770.0 151.6 harbor 0
613.8 996.2 639.1 1012.3 627.2 1030.8 601.9 1014.7 harbor 0
532.9 936.3 543.5 917.1 562.8 927.7 552.2 946.9 harbor 0
512.3 451.9 532.1 435.1 556.7 464.1 536.9 480.9 harbor 0
617.6 839.7 618.3 841.6 616.4 842.3 615.7 840.4 harbor 0
543.9 783.3 568.8 790.9 554.1 838.7 529.2 831.1 harbor 0
625.2 768.8 629.7 777.8 602.8 791.2 598.3 782.2 harbor 0
532.0 726.5 562.0 726.5 562.0 768.5 532.0 768.5 harbor 0
522.8 707.1 533.7 688.0 563.2 704.9 552.3 724.0 harbor 0
611.4 724.9 611.6 722.9 613.6 723.1 613.4 725.1 harbor 0
592.9 671.6 597.0 654.0 626.2 660.9 622.1 678.4 harbor 0
540.5 586.0 540.5 588.0 538.5 588.0 538.5 586.0 harbor 0
604.6 549.0 606.0 547.6 607.4 549.0 606.0 550.4 harbor 0
524.2 537.9 527.0 512.1 564.8 516.1 562.0 541.9 harbor 0
612.8 476.3 625.4 489.2 598.2 515.7 585.6 502.8 harbor 0
