966.7 250.6 981.6 211.3 1035.8 231.9 1020.9 271.2 harbor 0
914.8 274.2 947.2 231.0 1012.8 280.2 980.4 323.4 harbor 0
797.7 365.1 826.7 329.3 899.8 388.5 870.8 424.2 harbor 0
722.5 359.7 754.8 327.0 887.1 457.8 854.8 490.5 harbor 0
660.5 466.8 684.8 437.6 775.5 513.2 751.2 542.4 harbor 0
620.5 505.2 649.2 474.6 729.5 549.8 700.8 580.4 harbor 0
542.0 585.0 563.7 558.8 651.5 631.5 629.9 657.7 harbor 0
486.3 592.5 507.6 571.4 635.8 700.6 614.5 721.7 harbor 0
417.6 701.7 441.9 672.6 532.4 748.3 508.1 777.4 harbor 0
370.8 738.1 398.5 701.4 499.1 777.3 471.3 814.0 harbor 0
353.0 810.6 383.4 766.0 428.0 796.4 397.6 841.0 harbor 0
299.8 844.6 321.0 799.3 417.0 844.2 395.8 889.5 harbor 0
302.5 898.4 321.4 865.5 354.4 884.4 335.4 917.4 harbor 0
224.0 955.8 260.6 910.8 346.0 980.2 309.4 1025.2 harbor 0
1011.3 652.5 1011.6 650.5 1013.5 650.8 1013.2 652.7 swimming-pool 0
