777.0 862.8 793.5 848.3 815.9 873.9 799.4 888.4 small-vehicle 0
725.1 547.8 799.8 505.1 882.2 649.2 807.5 691.9 tennis-court 0
217.3 74.2 269.9 62.2 308.7 231.8 256.1 243.8 tennis-court 0
298.8 64.9 341.2 38.4 431.3 182.6 388.9 209.1 tennis-court 0
140.1 358.5 181.9 331.0 332.7 559.7 290.9 587.3 tennis-court 0
300.5 301.6 354.3 296.9 377.1 557.9 323.3 562.6 tennis-court 0
352.1 292.3 395.9 268.2 529.9 511.7 486.1 535.8 tennis-court 0
250.7 720.2 293.2 694.0 336.3 763.8 293.8 790.0 tennis-court 0
335.8 761.6 358.1 645.7 454.4 664.2 432.1 780.1 tennis-court 0
588.9 649.7 594.1 666.9 508.0 693.1 502.8 675.9 tennis-court 0
689.2 556.5 765.5 661.8 715.3 698.2 639.0 593.0 tennis-court 0
559.0 63.1 560.4 64.5 559.0 65.9 557.6 64.5 small-vehicle 0
587.3 90.1 606.9 112.8 575.1 140.2 555.5 117.5 small-vehicle 0
576.3 67.8 591.8 83.4 565.0 110.3 549.4 94.7 small-vehicle 0
647.7 13.7 660.8 1.4 673.2 14.5 660.0 26.8 small-vehicle 0
647.6 67.3 670.0 54.0 689.4 86.7 667.0 100.0 small-vehicle 0
94.3 122.1 136.7 95.7 226.7 239.9 184.3 266.3 tennis-court 0
