122.3 575.5 155.7 550.0 183.7 586.5 150.3 612.0 small-vehicle 0
249.0 253.3 267.4 241.3 286.0 269.7 267.6 281.7 small-vehicle 0
243.7 401.7 267.4 383.2 293.3 416.3 269.6 434.8 small-vehicle 0
154.6 307.5 179.0 290.1 196.4 314.5 172.0 331.9 small-vehicle 0
607.2 325.1 608.0 323.2 609.8 323.9 609.1 325.8 swimming-pool 0
824.9 310.0 952.6 333.9 922.1 497.1 794.4 473.2 tennis-court 0
889.7 682.6 1023.3 671.4 1034.2 801.0 900.6 812.2 tennis-court 0
931.4 614.4 951.4 646.7 721.6 788.6 701.6 756.3 tennis-court 0
622.9 598.9 681.3 578.0 756.1 787.1 697.7 808.0 tennis-court 0
478.0 801.8 550.5 596.2 624.0 622.2 551.5 827.8 tennis-court 0
389.8 634.6 458.8 646.2 437.2 774.4 368.2 762.8 tennis-court 0
280.7 778.8 327.2 813.4 254.3 911.2 207.8 876.6 tennis-court 0
139.0 722.0 201.0 744.7 124.7 953.1 62.7 930.5 tennis-court 0
