682.9 646.6 718.3 633.0 740.6 690.8 705.1 704.5 harbor 0
686.5 328.9 687.9 327.5 689.3 329.0 687.8 330.3 harbor 0
907.1 47.4 935.8 22.6 981.6 75.6 952.8 100.4 harbor 0
200.1 377.6 212.4 350.3 403.9 436.4 391.6 463.7 harbor 0
221.5 543.5 242.5 516.8 310.1 570.0 289.0 596.7 harbor 0
194.6 664.5 214.2 641.7 273.4 692.5 253.8 715.3 harbor 0
175.7 771.0 177.5 771.9 176.5 773.7 174.8 772.7 harbor 0
86.3 852.0 118.1 840.0 137.2 890.5 105.4 902.5 harbor 0
71.2 932.8 72.5 934.3 71.0 935.6 69.7 934.1 harbor 0
973.5 968.0 973.5 970.0 971.5 970.0 971.5 968.0 harbor 0
994.3 853.7 1008.8 875.3 967.4 903.3 952.8 881.7 harbor 0
