96.2 24.7 138.2 22.4 142.4 100.3 100.5 102.6 harbor 0
427.3 235.5 451.4 211.6 531.7 292.5 507.6 316.4 harbor 0
147.6 968.6 148.9 970.1 147.4 971.4 146.1 969.9 harbor 0
108.3 866.4 202.2 862.6 203.4 892.6 109.5 896.4 harbor 0
573.3 692.1 574.9 693.3 573.7 694.9 572.1 693.7 roundabout 0
126.6 762.3 133.9 729.1 268.7 758.8 261.4 792.0 harbor 0
183.5 500.4 203.8 473.2 394.5 615.6 374.2 642.8 harbor 0
321.1 329.4 349.6 304.2 448.9 416.6 420.4 441.8 harbor 0
375.8 305.8 395.3 259.7 500.2 304.2 480.7 350.3 harbor 0
555.1 107.9 599.9 118.7 561.9 276.1 517.1 265.3 harbor 0
711.2 163.5 732.2 195.2 693.8 220.5 672.8 188.8 harbor 0
853.6 69.1 878.3 52.2 969.9 185.8 945.1 202.7 harbor 0
1011.6 29.3 1043.5 41.1 1016.3 114.2 984.5 102.4 harbor 0
