541.4 602.2 582.0 623.7 461.3 851.8 420.7 830.3 tennis-court 0
303.4 623.8 337.7 599.5 493.6 819.9 459.3 844.2 tennis-court 0
512.4 384.3 538.9 357.1 732.2 545.7 705.6 572.9 tennis-court 0
590.0 344.4 621.2 372.5 438.4 576.5 407.1 548.5 tennis-court 0
385.4 389.5 439.3 392.7 431.6 522.5 377.7 519.3 tennis-court 0
287.9 366.1 341.1 375.1 314.1 534.9 260.9 525.9 tennis-court 0
393.2 80.8 446.7 88.1 418.2 296.2 364.7 288.8 tennis-court 0
297.4 73.1 349.7 86.5 296.6 293.9 244.3 280.5 tennis-court 0
167.7 94.1 221.6 97.2 212.3 262.9 158.4 259.8 tennis-court 0
109.5 64.0 153.6 87.4 51.5 280.0 7.4 256.6 tennis-court 0
