976.6 654.8 1006.7 731.1 930.4 761.2 900.3 684.9 harbor 0
290.2 13.6 302.7 45.2 196.8 87.4 184.3 55.8 harbor 0
297.9 130.0 309.4 153.3 200.0 207.3 188.5 184.0 harbor 0
287.8 355.7 308.3 272.2 345.2 281.3 324.7 364.8 harbor 0
396.4 354.6 397.5 352.9 399.1 354.1 398.0 355.7 harbor 0
506.9 368.1 521.5 378.7 473.1 444.9 458.5 434.3 harbor 0
570.2 443.3 582.2 466.3 530.8 493.2 518.8 470.1 harbor 0
555.3 529.8 620.0 440.8 650.7 463.2 586.0 552.2 harbor 0
632.4 482.4 668.2 469.5 713.6 595.6 677.8 608.5 harbor 0
800.8 570.1 822.6 640.8 744.2 664.9 722.4 594.2 harbor 0
878.2 628.7 902.2 663.2 844.8 703.3 820.8 668.8 harbor 0
