15.3 944.5 67.2 891.8 119.9 943.7 68.0 996.4 harbor 0
103.7 756.1 175.6 716.5 236.3 826.9 164.4 866.5 harbor 0
420.7 844.5 460.3 955.7 341.5 997.9 302.0 886.7 harbor 0
91.9 627.8 170.1 550.5 312.1 694.2 233.9 771.5 harbor 0
122.7 516.7 304.1 447.9 340.3 543.3 158.9 612.1 harbor 0
153.9 334.4 370.0 362.9 360.8 432.3 144.7 403.8 harbor 0
222.6 149.7 372.3 253.2 316.6 333.8 166.9 230.3 harbor 0
254.4 14.4 414.5 71.7 376.1 179.0 216.0 121.7 harbor 0
378.7 931.9 418.4 984.6 375.3 1017.1 335.6 964.4 harbor 0
366.5 875.1 385.0 841.9 442.7 874.0 424.2 907.2 harbor 0
429.4 828.5 430.5 826.8 432.2 827.9 431.1 829.5 harbor 0
678.2 91.6 680.0 90.8 680.8 92.7 678.9 93.4 harbor 0
623.6 139.6 635.1 116.3 694.4 145.4 682.9 168.7 harbor 0
629.5 155.3 664.5 196.5 632.5 223.7 597.5 182.5 harbor 0
572.6 205.4 627.7 323.1 564.3 352.8 509.2 235.0 harbor 0
485.7 352.7 501.2 327.0 619.3 398.3 603.8 424.0 harbor 0
463.1 399.2 566.0 424.7 558.8 453.8 455.9 428.4 harbor 0
482.5 473.6 502.6 441.3 565.5 480.4 545.4 512.7 harbor 0
462.0 531.9 476.4 505.6 580.0 562.1 565.6 588.4 harbor 0
430.8 657.3 464.6 596.1 525.9 629.9 492.1 691.2 harbor 0
429.2 710.1 466.3 729.8 442.8 773.9 405.7 754.2 harbor 0
494.2 297.4 549.1 226.1 588.8 256.6 533.9 327.9 ship 0
579.2 249.0 579.8 223.0 617.8 224.0 617.2 250.0 ship 0
535.7 242.3 544.4 231.4 577.4 257.4 568.7 268.4 ship 0
398.1 690.7 413.3 664.9 470.2 698.4 455.0 724.2 ship 0
241.0 756.5 256.2 772.5 219.9 806.9 204.7 790.9 ship 0
322.6 950.6 342.0 933.3 375.3 970.7 355.8 988.0 ship 0
356.2 960.3 375.4 977.9 338.9 1017.7 319.7 1000.1 ship 0
431.7 -9.1 470.2 7.6 458.3 35.1 419.8 18.4 ship 0
285.3 87.2 294.0 92.1 269.7 135.8 261.0 130.9 ship 0
296.6 242.1 326.9 265.1 294.2 308.1 263.9 285.1 ship 0
321.0 218.1 330.9 219.0 328.0 248.9 318.1 248.0 ship 0
323.0 274.4 339.6 281.3 331.0 301.6 314.4 294.7 ship 0
324.8 232.7 400.5 273.5 388.2 296.3 312.5 255.5 ship 0
324.8 51.0 351.3 65.0 335.5 95.1 308.9 81.1 ship 0
371.3 56.0 380.2 60.6 353.4 112.0 344.5 107.4 ship 0
390.6 60.9 399.2 66.0 367.6 119.3 359.0 114.2 ship 0
394.6 74.4 417.8 86.3 402.4 116.6 379.2 104.7 ship 0
394.9 114.1 413.3 126.2 379.1 177.9 360.7 165.8 ship 0
320.8 97.4 330.0 101.4 308.3 150.9 299.2 146.9 ship 0
305.2 91.4 313.8 96.5 281.8 149.6 273.2 144.5 ship 0
83.1 57.8 84.7 56.6 85.9 58.2 84.3 59.4 swimming-pool 0
305.3 214.9 315.1 216.8 309.4 246.3 299.6 244.4 ship 0
265.7 238.6 275.2 241.6 261.3 285.4 251.8 282.4 ship 0
266.5 234.5 270.6 238.9 225.5 281.5 221.4 277.1 ship 0
217.1 186.2 276.1 205.3 266.9 233.8 207.9 214.7 ship 0
126.2 997.0 150.8 1014.1 133.7 1038.7 109.1 1021.6 ship 0
23.9 906.7 64.2 948.4 31.1 980.3 -9.2 938.6 ship 0
136.9 726.4 163.6 747.5 135.1 783.6 108.4 762.5 ship 0
173.7 744.0 202.6 761.9 178.5 801.0 149.5 783.2 ship 0
139.1 630.0 172.4 604.4 200.4 640.9 167.1 666.5 ship 0
139.0 669.2 189.7 641.0 215.9 688.2 165.3 716.4 ship 0
252.3 668.5 262.1 670.4 252.7 719.5 242.9 717.6 ship 0
228.0 668.6 237.9 669.9 231.4 719.5 221.5 718.2 ship 0
282.6 626.8 303.6 633.4 279.0 711.6 258.0 705.0 ship 0
166.5 517.9 176.3 519.7 167.3 568.9 157.5 567.1 ship 0
187.8 522.1 197.1 525.6 181.1 568.7 171.7 565.2 ship 0
213.6 527.5 221.8 533.1 200.4 564.5 192.2 558.9 ship 0
242.3 536.0 252.2 537.6 245.4 579.0 235.6 577.4 ship 0
265.7 541.3 275.3 544.2 264.3 580.6 254.7 577.7 ship 0
245.7 501.0 286.2 489.8 298.4 534.2 257.9 545.4 ship 0
327.8 352.5 347.2 362.9 306.2 438.5 286.8 428.1 ship 0
276.6 352.7 294.5 376.8 241.5 416.1 223.6 392.0 ship 0
207.0 330.8 269.2 370.8 240.0 416.2 177.8 376.2 ship 0
207.2 219.3 239.0 231.4 219.8 281.8 188.0 269.8 ship 0
