800.1 532.7 801.3 531.1 802.9 532.3 801.7 533.9 swimming-pool 0
882.6 525.5 883.6 527.2 881.9 528.3 880.9 526.6 swimming-pool 0
268.7 79.2 293.1 55.5 333.5 97.1 309.1 120.8 harbor 0
142.2 9.6 162.8 25.5 151.7 39.8 131.2 23.8 harbor 0
168.0 82.3 169.7 83.4 168.6 85.1 166.9 84.0 harbor 0
253.2 32.1 272.2 55.2 239.8 81.9 220.8 58.8 harbor 0
359.2 231.4 371.5 224.7 387.8 254.6 375.5 261.3 harbor 0
427.1 244.5 469.0 248.4 464.3 298.2 422.5 294.3 harbor 0
540.4 274.0 580.0 326.9 533.5 361.6 494.0 308.8 harbor 0
599.2 345.1 600.9 346.2 599.8 347.9 598.1 346.8 harbor 0
652.5 384.6 654.0 386.0 652.7 387.5 651.2 386.1 harbor 0
770.0 351.2 817.0 377.8 749.0 497.8 702.0 471.2 harbor 0
854.9 435.6 856.9 435.4 857.1 437.4 855.1 437.6 harbor 0
939.5 409.5 949.9 474.7 900.5 482.5 890.1 417.3 harbor 0
1026.2 427.5 1047.6 472.7 969.8 509.4 948.5 464.2 harbor 0
296.9 729.9 298.3 728.5 299.7 729.9 298.3 731.3 swimming-pool 0
145.3 650.7 146.9 649.5 148.1 651.1 146.5 652.3 swimming-pool 0
576.4 408.7 577.6 407.1 579.2 408.4 577.9 409.9 swimming-pool 0
719.3 480.6 720.9 481.8 719.7 483.4 718.1 482.2 swimming-pool 0
661.7 944.7 662.9 946.2 661.3 947.5 660.1 945.9 swimming-pool 0
1007.1 949.4 1008.4 947.9 1010.0 949.2 1008.7 950.7 swimming-pool 0
