907.7 1018.5 920.7 987.1 948.4 998.6 935.4 1030.0 plane 0
906.4 702.4 943.4 675.0 973.2 715.2 936.2 742.6 plane 0
1005.2 720.7 1018.6 743.0 999.7 754.4 986.4 732.1 plane 0
969.7 887.2 988.0 868.6 1015.1 895.3 996.8 913.8 plane 0
1000.7 833.9 1026.6 831.4 1030.3 869.2 1004.4 871.7 plane 0
855.2 867.3 868.7 879.3 848.8 901.7 835.3 889.7 plane 0
852.0 868.9 862.1 854.0 877.0 864.1 866.9 879.0 plane 0
895.8 795.1 911.7 810.3 888.3 834.9 872.3 819.7 plane 0
893.2 801.9 904.3 769.7 932.6 779.5 921.5 811.7 plane 0
924.6 745.6 936.7 758.9 917.4 776.4 905.3 763.1 plane 0
