594.8 283.1 595.9 284.8 594.2 285.9 593.1 284.2 bridge 0
971.7 989.1 973.4 990.2 972.3 991.9 970.6 990.8 storage-tank 0
942.8 987.8 944.7 987.3 945.2 989.2 943.3 989.7 storage-tank 0
920.3 981.6 921.9 982.8 920.7 984.4 919.1 983.2 storage-tank 0
913.7 960.7 921.9 972.1 881.3 1001.3 873.1 989.9 storage-tank 0
872.1 975.6 873.4 974.1 874.9 975.4 873.6 976.9 storage-tank 0
858.2 951.3 865.8 957.8 835.8 992.7 828.2 986.2 storage-tank 0
589.8 743.8 590.2 741.8 592.2 742.2 591.8 744.2 ship 0
436.3 685.9 436.7 687.9 434.7 688.2 434.4 686.3 ship 0
858.7 105.1 863.8 113.7 848.3 122.9 843.2 114.3 ship 0
860.4 101.4 861.4 103.1 842.5 114.4 841.5 112.6 ship 0
847.8 80.2 853.8 92.8 841.2 98.8 835.2 86.2 ship 0
995.5 994.2 997.3 995.0 996.5 996.8 994.7 996.0 storage-tank 0
