42.1 643.3 43.7 642.1 44.9 643.7 43.3 644.9 bridge 0
134.1 953.5 140.1 953.6 139.9 967.5 133.9 967.4 storage-tank 0
120.7 954.0 126.3 951.9 131.3 965.0 125.7 967.1 storage-tank 0
116.5 949.4 121.8 952.1 115.5 964.6 110.2 961.9 storage-tank 0
96.6 952.4 101.0 948.3 110.4 958.6 106.0 962.7 storage-tank 0
458.0 108.7 462.8 105.2 478.0 126.3 473.2 129.8 storage-tank 0
462.6 105.3 477.2 94.7 492.4 115.7 477.8 126.3 storage-tank 0
357.6 224.1 362.2 220.2 384.4 245.9 379.8 249.8 storage-tank 0
367.0 214.3 371.6 210.5 396.0 239.7 391.4 243.5 storage-tank 0
377.5 209.7 382.0 205.8 404.5 231.3 400.0 235.2 storage-tank 0
386.1 196.4 390.8 192.7 416.9 225.6 412.2 229.3 storage-tank 0
397.2 188.8 401.8 185.0 428.8 217.2 424.2 221.0 storage-tank 0
413.3 179.1 417.8 175.2 442.7 203.9 438.2 207.8 storage-tank 0
423.4 168.4 431.1 162.0 457.6 194.6 449.9 201.0 storage-tank 0
432.2 91.0 433.5 85.2 458.8 91.0 457.5 96.8 storage-tank 0
449.4 72.0 449.6 78.0 415.6 79.0 415.4 73.0 storage-tank 0
148.5 955.9 154.0 958.3 148.5 971.1 143.0 968.7 storage-tank 0
155.5 959.0 161.5 959.0 161.5 973.0 155.5 973.0 storage-tank 0
145.4 994.6 187.4 933.7 195.6 939.4 153.6 1000.3 storage-tank 0
103.0 981.3 108.3 978.4 115.0 990.7 109.7 993.6 storage-tank 0
711.0 856.4 711.0 866.4 661.0 866.6 661.0 856.6 storage-tank 0
159.1 991.9 160.7 990.7 168.9 1002.1 167.3 1003.3 storage-tank 0
148.1 988.7 153.6 986.4 158.9 999.3 153.4 1001.6 storage-tank 0
138.3 985.4 144.2 984.7 145.7 998.6 139.8 999.3 storage-tank 0
129.9 983.1 135.8 984.2 133.1 997.9 127.2 996.8 storage-tank 0
119.8 980.4 125.5 982.2 121.2 995.6 115.5 993.8 storage-tank 0
103.4 980.6 104.2 982.4 91.6 988.4 90.8 986.6 storage-tank 0
78.5 988.6 114.7 943.2 122.5 949.4 86.3 994.8 storage-tank 0
161.7 977.0 167.1 974.4 173.3 987.0 167.9 989.6 storage-tank 0
156.3 974.7 161.5 977.5 156.7 986.3 151.5 983.5 storage-tank 0
141.2 972.6 147.1 971.5 148.8 981.4 142.9 982.5 storage-tank 0
129.7 968.7 135.6 967.6 138.3 981.3 132.4 982.4 storage-tank 0
122.7 965.9 128.5 967.7 124.3 981.1 118.5 979.3 storage-tank 0
111.1 963.9 116.9 965.6 112.9 979.1 107.1 977.4 storage-tank 0
286.5 74.8 291.9 77.3 282.5 97.2 277.1 94.7 storage-tank 0
252.4 69.3 256.7 65.2 285.6 95.7 281.3 99.8 storage-tank 0
265.0 62.9 268.7 58.1 283.0 69.1 279.3 73.9 storage-tank 0
268.2 48.3 271.6 43.3 289.8 55.7 286.4 60.7 storage-tank 0
279.1 78.9 300.6 33.8 334.9 50.1 313.4 95.2 storage-tank 0
660.5 871.9 666.5 863.8 703.5 891.1 697.5 899.2 storage-tank 0
658.5 885.5 666.4 879.5 696.5 919.5 688.6 925.5 storage-tank 0
797.5 822.5 808.9 794.7 825.5 801.5 814.1 829.3 storage-tank 0
819.7 826.4 827.1 801.5 844.3 806.6 836.9 831.5 storage-tank 0
863.9 918.2 898.0 866.5 953.1 902.8 919.0 954.5 storage-tank 0
938.1 949.9 994.6 962.8 979.9 1027.1 923.4 1014.2 storage-tank 0
850.2 983.1 880.4 933.6 936.8 967.9 906.6 1017.4 storage-tank 0
935.8 952.3 940.4 890.5 1010.2 895.7 1005.6 957.5 storage-tank 0
786.5 915.2 844.4 954.6 809.5 1005.8 751.6 966.4 storage-tank 0
717.8 907.3 743.7 910.2 735.2 983.7 709.3 980.8 storage-tank 0
796.8 845.5 859.2 877.1 831.2 932.5 768.8 900.9 storage-tank 0
726.9 839.3 756.9 838.7 758.1 908.7 728.1 909.3 storage-tank 0
933.6 792.6 937.8 788.3 973.4 823.4 969.2 827.7 storage-tank 0
906.3 814.0 921.6 779.2 941.7 788.0 926.4 822.8 storage-tank 0
836.1 830.8 842.7 805.6 867.9 812.2 861.3 837.4 storage-tank 0
824.7 116.0 825.5 114.2 827.3 115.0 826.5 116.8 storage-tank 0
922.3 48.8 922.7 50.8 920.7 51.2 920.3 49.2 storage-tank 0
839.7 37.0 840.5 35.2 842.3 36.0 841.5 37.8 storage-tank 0
904.1 128.8 905.2 127.1 906.9 128.2 905.8 129.9 storage-tank 0
