280.2 11.4 350.6 -22.1 373.8 26.6 303.4 60.1 plane 0
332.1 71.2 380.4 103.3 335.0 171.6 286.7 139.5 plane 0
43.4 380.4 104.4 338.5 178.0 445.6 117.1 487.5 plane 0
146.7 320.8 183.6 311.7 210.9 422.4 174.0 431.5 plane 0
188.4 292.2 262.7 241.4 333.8 345.4 259.5 396.2 plane 0
281.7 230.1 310.8 199.9 410.3 295.5 381.2 325.8 plane 0
380.4 194.2 415.3 170.9 458.7 235.7 423.7 259.0 plane 0
445.3 128.9 483.5 103.2 556.1 211.1 517.9 236.8 plane 0
530.2 65.5 560.6 50.3 626.0 180.8 595.6 196.0 plane 0
387.9 407.0 425.9 381.1 485.6 468.7 447.6 494.6 plane 0
308.8 456.1 346.6 429.9 407.2 516.9 369.4 543.1 plane 0
718.6 609.7 754.7 638.1 704.0 702.5 667.9 674.1 plane 0
540.2 742.9 569.6 772.9 491.1 849.9 461.7 819.9 plane 0
234.6 500.0 270.7 478.5 327.1 573.0 291.0 594.5 plane 0
974.9 278.5 998.4 318.0 890.2 382.5 866.6 343.0 plane 0
586.2 28.5 619.4 10.0 682.8 123.5 649.6 142.0 plane 0
795.7 225.9 883.3 246.6 860.8 342.0 773.2 321.3 plane 0
720.4 229.7 750.9 264.1 680.5 326.5 650.0 292.1 plane 0
639.7 410.8 695.8 425.5 682.1 477.8 626.0 463.1 plane 0
627.2 587.8 635.0 558.9 691.0 574.1 683.1 603.0 plane 0
340.2 728.5 382.5 701.7 417.8 757.5 375.5 784.3 plane 0
309.2 824.8 340.7 757.8 443.8 806.4 412.3 873.3 plane 0
129.0 844.1 140.5 896.9 76.0 910.9 64.5 858.1 plane 0
70.8 793.9 93.9 740.7 180.2 778.1 157.1 831.3 plane 0
84.9 715.0 101.7 642.9 201.1 666.0 184.3 738.1 plane 0
155.1 579.3 157.7 557.5 247.1 568.1 244.5 589.9 plane 0
