802.6 351.9 876.9 386.5 838.9 468.1 764.6 433.5 plane 0
503.4 158.9 510.8 208.3 445.6 218.1 438.2 168.7 plane 0
696.0 315.7 784.6 366.3 732.0 458.3 643.4 407.7 plane 0
874.0 389.4 940.8 349.2 993.5 436.6 926.6 476.8 plane 0
962.2 361.1 1012.3 332.0 1041.4 382.1 991.3 411.3 plane 0
498.1 274.7 553.8 310.1 512.0 375.9 456.3 340.5 plane 0
391.4 246.5 453.4 286.8 402.3 365.7 340.2 325.4 plane 0
593.2 512.1 668.7 531.9 644.8 622.9 569.3 603.1 plane 0
98.4 417.0 151.7 344.5 243.6 412.0 190.3 484.5 plane 0
515.3 493.3 574.4 512.2 545.7 601.7 486.6 582.8 plane 0
434.8 468.8 497.1 500.7 456.1 580.8 393.8 549.0 plane 0
358.3 453.8 404.2 482.3 354.7 562.2 308.8 533.7 plane 0
274.7 436.8 322.8 469.2 272.5 543.8 224.4 511.4 plane 0
207.6 632.3 217.0 550.9 310.4 561.7 301.0 643.1 plane 0
236.2 672.2 285.3 662.7 294.8 711.8 245.7 721.3 plane 0
506.5 777.6 509.6 727.7 567.5 731.4 564.4 781.3 plane 0
566.8 863.1 644.2 872.6 632.2 969.9 554.8 960.4 plane 0
513.7 934.3 516.1 972.3 462.3 975.7 459.9 937.7 plane 0
735.9 851.7 755.9 910.4 701.0 929.1 681.0 870.4 plane 0
891.6 897.1 893.4 855.1 959.4 857.9 957.6 899.9 plane 0
904.2 795.5 918.8 751.8 992.8 776.5 978.2 820.2 plane 0
932.1 709.0 938.5 663.4 999.9 672.0 993.5 717.6 plane 0
