45.5 173.2 65.0 190.4 34.5 224.8 15.0 207.6 ship 0
91.5 182.6 109.3 195.5 84.5 229.4 66.7 216.5 ship 0
171.5 49.7 197.2 21.8 237.0 58.4 211.2 86.3 ship 0
116.5 129.6 134.1 105.3 171.4 132.3 153.8 156.6 ship 0
91.3 212.1 109.1 214.1 105.7 243.9 87.9 241.9 ship 0
112.1 215.2 117.4 218.1 100.9 247.8 95.6 244.9 ship 0
123.5 222.0 125.0 223.3 105.5 246.0 104.0 244.7 ship 0
129.7 232.4 132.4 237.7 109.3 249.6 106.6 244.3 ship 0
534.6 863.9 535.6 862.1 537.4 863.1 536.4 864.9 ship 0
466.1 855.5 474.7 844.4 488.9 855.5 480.3 866.6 ship 0
