345.0 259.1 388.2 303.5 335.1 355.1 291.9 310.7 plane 0
346.9 471.2 369.4 458.2 404.4 518.8 381.9 531.8 plane 0
281.2 504.4 325.1 472.9 372.8 539.6 328.9 571.1 plane 0
294.3 617.4 348.7 587.6 372.7 631.4 318.4 661.2 plane 0
56.8 910.6 102.0 862.5 164.7 921.4 119.5 969.5 plane 0
133.8 862.0 196.8 831.5 223.8 887.2 160.9 917.8 plane 0
208.6 806.7 256.5 767.4 313.6 836.9 265.7 876.3 plane 0
263.8 756.5 308.0 692.3 428.3 775.1 384.0 839.3 plane 0
342.1 701.8 407.4 639.8 496.9 734.1 431.7 796.1 plane 0
497.1 603.6 569.8 680.7 504.3 742.4 431.6 665.3 plane 0
545.1 561.3 643.4 658.2 611.0 691.0 512.8 594.1 plane 0
377.0 922.8 446.5 879.3 496.4 958.9 427.0 1002.5 plane 0
308.3 961.6 372.8 934.4 407.7 1017.4 343.2 1044.6 plane 0
500.6 179.9 597.2 163.7 614.1 264.3 517.5 280.5 plane 0
670.4 291.5 725.1 335.2 631.6 452.5 576.9 408.8 plane 0
244.9 447.3 298.5 498.4 252.9 546.1 199.3 495.0 plane 0
944.4 770.4 996.5 828.4 920.6 896.6 868.5 838.6 plane 0
594.6 567.3 620.8 539.7 674.4 590.7 648.2 618.3 plane 0
783.2 739.8 869.2 736.2 873.3 834.1 787.3 837.7 plane 0
654.1 745.9 726.1 728.8 746.9 816.3 674.9 833.4 plane 0
660.8 910.3 696.9 938.8 661.0 984.3 624.9 955.8 plane 0
