666.9 120.5 698.7 141.3 684.5 163.1 652.7 142.3 harbor 0
769.0 203.7 770.8 204.5 770.0 206.3 768.2 205.5 harbor 0
612.4 88.2 616.3 105.8 590.8 111.3 587.0 93.7 harbor 0
532.6 68.7 544.5 50.2 566.4 64.3 554.5 82.8 harbor 0
512.1 30.6 515.6 52.3 486.0 57.1 482.5 35.4 harbor 0
435.7 23.6 448.7 41.3 434.2 52.0 421.2 34.3 harbor 0
361.4 29.7 374.8 25.7 377.6 35.3 364.2 39.3 harbor 0
283.8 59.4 287.3 37.7 313.0 41.8 309.5 63.5 harbor 0
200.6 64.8 230.4 35.1 254.4 59.2 224.6 88.9 harbor 0
94.0 67.0 105.0 86.0 79.0 101.0 68.0 82.0 harbor 0
