926.8 409.3 928.7 408.8 929.2 410.7 927.3 411.2 ship 0
103.9 639.3 104.9 641.0 103.2 642.1 102.2 640.4 bridge 0
164.9 840.6 165.2 842.6 163.2 842.9 162.9 840.9 bridge 0
749.1 63.9 750.3 65.5 748.6 66.7 747.5 65.1 bridge 0
753.7 73.5 754.8 75.2 753.1 76.3 752.0 74.6 bridge 0
912.2 208.9 914.1 208.2 914.8 210.1 912.9 210.8 ship 0
900.0 209.4 902.0 209.5 901.9 211.5 899.9 211.4 ship 0
927.6 266.2 929.3 265.1 930.4 266.8 928.7 267.9 ship 0
914.3 268.8 916.2 268.3 916.7 270.2 914.8 270.7 ship 0
947.0 340.0 948.8 339.1 949.7 340.8 947.9 341.7 ship 0
960.2 473.1 961.4 474.7 959.8 475.9 958.6 474.3 ship 0
949.5 898.6 950.9 900.0 949.5 901.4 948.1 900.0 ship 0
823.4 444.4 823.6 446.4 821.6 446.6 821.4 444.6 ship 0
826.5 436.0 826.5 438.0 824.5 438.0 824.5 436.0 ship 0
824.1 425.8 824.8 427.7 822.9 428.3 822.3 426.4 ship 0
820.7 416.8 821.4 418.7 819.5 419.3 818.8 417.4 ship 0
821.8 396.4 823.0 398.0 821.5 399.2 820.2 397.7 ship 0
814.5 386.7 815.6 388.4 814.0 389.5 812.8 387.9 ship 0
811.3 377.5 812.3 379.2 810.5 380.2 809.5 378.4 ship 0
806.4 369.6 807.5 371.3 805.8 372.3 804.7 370.6 ship 0
803.6 361.2 804.3 363.1 802.4 363.8 801.7 361.9 ship 0
801.4 352.1 802.4 353.9 800.6 354.9 799.6 353.1 ship 0
798.9 343.6 799.9 345.4 798.1 346.4 797.1 344.6 ship 0
795.4 335.9 795.6 337.9 793.6 338.1 793.4 336.1 ship 0
799.7 322.7 800.0 324.7 798.0 325.0 797.7 323.1 ship 0
795.6 314.7 796.3 316.6 794.4 317.3 793.7 315.4 ship 0
796.3 295.4 802.6 312.3 785.7 318.6 779.4 301.7 ship 0
788.9 296.6 790.4 297.9 789.1 299.4 787.6 298.1 ship 0
783.1 289.1 784.4 290.6 782.9 291.9 781.6 290.4 ship 0
780.7 281.6 781.5 283.4 779.7 284.2 778.9 282.4 ship 0
829.6 353.2 831.3 352.1 832.4 353.8 830.7 354.9 ship 0
941.0 841.0 941.0 839.0 943.0 839.0 943.0 841.0 ship 0
942.5 827.2 943.3 829.0 941.5 829.8 940.7 828.0 ship 0
937.2 817.6 938.5 819.2 936.9 820.4 935.7 818.8 ship 0
932.9 806.6 933.9 808.4 932.1 809.4 931.1 807.6 ship 0
951.1 923.7 951.8 925.6 949.9 926.3 949.2 924.4 ship 0
952.2 917.0 953.0 915.2 954.8 916.0 954.0 917.8 ship 0
955.5 910.2 956.3 912.0 954.4 912.8 953.7 911.0 ship 0
951.6 905.2 952.3 907.1 950.4 907.8 949.7 905.9 ship 0
833.2 456.1 834.4 457.7 832.8 458.9 831.6 457.3 ship 0
831.5 468.1 832.2 470.0 830.3 470.6 829.6 468.7 ship 0
836.1 475.1 837.4 476.6 835.9 477.9 834.6 476.4 ship 0
943.3 770.4 943.5 768.4 945.5 768.7 945.2 770.7 ship 0
904.4 695.6 905.4 697.4 903.6 698.4 902.6 696.6 ship 0
900.3 685.1 901.4 686.8 899.7 687.9 898.6 686.2 ship 0
891.5 675.9 893.1 677.1 891.9 678.7 890.3 677.5 ship 0
857.5 517.7 858.3 519.5 856.5 520.3 855.7 518.5 ship 0
777.0 273.2 778.1 274.9 776.4 276.0 775.3 274.3 ship 0
840.5 483.2 841.7 484.8 840.1 486.0 838.9 484.4 ship 0
871.7 564.5 872.8 566.2 871.1 567.3 870.0 565.7 ship 0
864.7 556.4 866.1 557.9 864.6 559.3 863.2 557.8 ship 0
859.3 547.1 860.4 548.8 858.7 549.9 857.6 548.2 ship 0
856.4 539.9 856.6 537.9 858.6 538.1 858.4 540.1 ship 0
858.8 527.3 859.2 529.3 857.2 529.7 856.8 527.7 ship 0
