782.2 528.4 784.1 527.7 784.8 529.6 782.9 530.3 ship 0
814.5 631.9 815.4 633.7 813.6 634.6 812.7 632.8 ship 0
865.2 895.0 867.0 894.2 867.8 896.0 866.0 896.8 ship 0
847.7 832.6 849.4 831.7 850.3 833.4 848.6 834.3 ship 0
848.4 771.6 850.4 771.4 850.6 773.4 848.6 773.6 ship 0
838.8 771.9 840.8 772.0 840.6 774.0 838.7 773.9 ship 0
829.7 770.3 831.6 770.8 831.1 772.8 829.2 772.3 ship 0
796.5 572.7 797.8 574.2 796.2 575.5 795.0 573.9 ship 0
666.1 125.6 666.8 127.5 664.9 128.2 664.2 126.3 bridge 0
133.3 546.6 135.0 547.7 133.9 549.4 132.2 548.3 bridge 0
298.6 55.3 299.7 53.6 301.4 54.7 300.3 56.4 bridge 0
