421.6 408.7 423.3 407.6 424.4 409.3 422.7 410.4 ship 0
244.2 62.9 245.2 64.6 243.5 65.7 242.5 64.0 bridge 0
248.6 72.5 249.8 74.1 248.2 75.3 247.0 73.7 bridge 0
407.2 207.9 409.1 207.2 409.8 209.1 407.9 209.8 ship 0
394.7 208.8 396.7 208.2 397.2 210.1 395.3 210.7 ship 0
422.6 265.3 424.2 264.1 425.4 265.7 423.8 266.9 ship 0
409.2 268.0 411.0 267.2 411.8 269.0 410.0 269.8 ship 0
442.0 338.9 443.8 338.1 444.7 339.9 442.9 340.7 ship 0
453.6 473.7 454.8 472.1 456.4 473.3 455.2 474.9 ship 0
443.2 898.4 445.1 897.7 445.8 899.6 443.9 900.3 ship 0
316.1 444.9 317.1 443.1 318.9 444.1 317.9 445.9 ship 0
321.5 435.0 321.5 437.0 319.5 437.0 319.5 435.0 ship 0
319.2 424.8 319.8 426.7 317.9 427.3 317.3 425.4 ship 0
315.6 415.7 316.4 417.5 314.6 418.4 313.8 416.6 ship 0
316.8 395.4 318.0 397.0 316.4 398.2 315.2 396.6 ship 0
309.5 385.7 310.6 387.4 308.9 388.5 307.8 386.8 ship 0
306.2 376.5 307.3 378.1 305.6 379.2 304.5 377.6 ship 0
301.2 368.6 302.5 370.1 301.0 371.4 299.7 369.8 ship 0
298.3 360.1 299.4 361.8 297.7 362.9 296.6 361.2 ship 0
296.4 351.1 297.4 352.9 295.6 353.9 294.6 352.1 ship 0
293.9 342.7 294.8 344.4 293.1 345.3 292.2 343.6 ship 0
290.0 334.7 290.8 336.5 289.0 337.3 288.2 335.5 ship 0
294.8 321.9 294.9 323.9 292.9 323.9 292.8 321.9 ship 0
290.5 313.7 291.3 315.5 289.5 316.3 288.7 314.5 ship 0
288.2 296.3 295.7 308.2 283.8 315.7 276.3 303.8 ship 0
284.1 295.6 285.4 297.1 283.9 298.4 282.6 296.9 ship 0
278.0 288.1 279.4 289.5 278.0 290.9 276.6 289.5 ship 0
275.6 280.6 276.6 282.3 274.8 283.3 273.8 281.5 ship 0
324.7 352.1 326.4 351.2 327.3 352.9 325.6 353.8 ship 0
436.0 840.0 436.0 838.0 438.0 838.0 438.0 840.0 ship 0
437.6 826.2 438.3 828.1 436.4 828.8 435.7 826.9 ship 0
432.2 816.6 433.5 818.1 431.9 819.4 430.6 817.9 ship 0
428.2 805.8 428.7 807.7 426.8 808.2 426.3 806.3 ship 0
444.3 924.7 444.8 922.8 446.7 923.3 446.2 925.2 ship 0
447.2 916.0 448.0 914.2 449.8 915.0 449.0 916.8 ship 0
443.0 915.5 443.0 905.5 457.0 905.5 457.0 915.5 ship 0
446.4 904.1 447.4 905.9 445.6 906.9 444.6 905.1 ship 0
328.4 455.1 329.4 456.9 327.6 457.9 326.6 456.1 ship 0
326.8 467.2 327.0 469.2 325.1 469.4 324.8 467.5 ship 0
331.2 474.1 332.4 475.7 330.8 476.9 329.6 475.3 ship 0
438.0 768.9 439.0 767.2 440.7 768.2 439.8 769.9 ship 0
399.7 694.8 400.2 696.7 398.3 697.2 397.8 695.3 ship 0
395.2 684.1 396.4 685.7 394.8 686.9 393.6 685.3 ship 0
386.8 674.9 388.1 676.4 386.6 677.7 385.3 676.2 ship 0
962.6 397.7 963.8 396.1 965.4 397.3 964.2 398.9 bridge 0
352.9 516.9 353.1 518.9 351.1 519.1 350.9 517.1 ship 0
272.0 272.2 273.1 273.9 271.4 275.0 270.3 273.3 ship 0
335.6 482.2 336.7 483.9 335.0 485.0 333.9 483.3 ship 0
366.5 563.5 367.8 565.1 366.2 566.3 365.0 564.8 ship 0
359.9 555.5 361.0 557.1 359.4 558.2 358.2 556.6 ship 0
354.4 546.1 355.4 547.9 353.6 548.9 352.6 547.1 ship 0
353.4 536.9 353.6 538.9 351.6 539.1 351.4 537.1 ship 0
351.8 528.3 352.2 526.3 354.2 526.7 353.8 528.7 ship 0
