631.8 612.2 633.1 613.7 631.6 615.0 630.3 613.4 ship 0
635.2 621.9 636.2 623.6 634.5 624.6 633.5 622.9 ship 0
162.2 360.4 163.1 358.7 164.8 359.6 163.9 361.3 bridge 0
339.7 385.2 341.3 386.4 340.1 388.0 338.5 386.8 ship 0
308.3 417.8 309.7 419.3 308.2 420.6 306.8 419.2 ship 0
284.7 496.0 298.1 483.9 326.3 515.0 312.9 527.1 ship 0
341.1 532.0 342.5 530.6 343.9 532.0 342.5 533.4 ship 0
369.9 565.3 371.5 564.0 372.8 565.6 371.2 566.8 ship 0
272.2 444.6 273.8 445.7 272.6 447.4 271.0 446.2 ship 0
277.7 451.0 278.5 449.2 280.3 450.0 279.5 451.8 ship 0
624.4 605.5 625.9 606.7 624.7 608.3 623.1 607.0 ship 0
612.9 598.6 614.4 599.9 613.1 601.4 611.6 600.1 ship 0
773.8 677.2 775.2 675.8 776.6 677.2 775.2 678.6 bridge 0
993.0 579.8 994.2 578.2 995.8 579.5 994.5 581.0 ship 0
503.5 943.5 504.7 941.9 506.3 943.1 505.1 944.7 ship 0
423.3 892.7 425.1 891.8 426.0 893.6 424.2 894.5 ship 0
