216.3 212.7 217.8 211.5 219.1 213.1 217.5 214.3 bridge 0
434.2 32.9 436.1 33.7 435.3 35.5 433.5 34.7 bridge 0
698.6 745.0 700.0 743.6 701.4 745.0 700.0 746.4 bridge 0
922.4 575.0 923.5 573.4 925.1 574.5 924.0 576.1 bridge 0
588.2 835.8 590.2 836.2 589.8 838.2 587.8 837.8 bridge 0
624.6 792.2 626.6 791.7 627.1 793.7 625.1 794.2 bridge 0
236.6 198.3 238.2 197.1 239.4 198.7 237.8 199.9 bridge 0
889.9 367.1 891.2 368.6 889.6 369.9 888.4 368.4 bridge 0
830.5 523.8 831.7 525.4 830.2 526.6 828.9 525.0 bridge 0
916.6 67.8 917.4 69.7 915.5 70.4 914.8 68.6 bridge 0
