715.1 937.8 716.7 939.1 715.4 940.7 713.8 939.4 bridge 0
698.7 993.5 700.6 992.7 701.4 994.6 699.5 995.3 bridge 0
266.6 494.0 268.5 493.2 269.3 495.1 267.4 495.9 bridge 0
207.6 508.6 209.4 507.6 210.4 509.4 208.6 510.4 bridge 0
225.2 502.9 227.1 502.2 227.8 504.1 225.9 504.8 bridge 0
245.1 503.2 246.8 502.1 247.9 503.8 246.2 504.9 bridge 0
295.6 486.6 297.4 485.8 298.2 487.6 296.4 488.5 bridge 0
366.5 155.6 367.9 157.0 366.5 158.4 365.1 157.0 bridge 0
304.9 795.1 306.9 794.9 307.1 796.9 305.1 797.1 bridge 0
322.6 789.2 324.3 788.1 325.4 789.8 323.7 790.9 bridge 0
336.2 784.1 337.9 783.2 338.8 784.9 337.1 785.8 bridge 0
524.4 747.6 525.4 749.4 523.6 750.4 522.6 748.6 bridge 0
831.7 431.9 833.6 431.2 834.3 433.1 832.4 433.8 bridge 0
1013.0 104.2 1013.5 106.2 1011.6 106.7 1011.0 104.8 bridge 0
