518.7 961.7 524.5 953.5 555.6 975.3 549.9 983.5 ship 0
508.5 975.9 515.9 969.1 552.3 1009.0 545.0 1015.8 ship 0
463.6 825.5 467.2 820.7 497.6 843.5 494.0 848.3 ship 0
458.2 836.6 461.6 831.7 492.8 853.4 489.4 858.3 ship 0
449.5 852.5 452.3 847.2 493.0 868.5 490.2 873.8 ship 0
445.9 867.8 452.5 860.3 490.1 893.2 483.5 900.7 ship 0
438.1 880.2 442.1 875.7 476.6 906.1 472.7 910.6 ship 0
430.6 893.4 434.1 888.6 471.4 915.6 467.9 920.4 ship 0
422.6 905.2 426.4 900.6 465.2 932.1 461.5 936.7 ship 0
409.7 918.5 416.4 911.1 456.3 947.5 449.6 954.9 ship 0
409.7 951.3 412.7 946.0 449.2 966.7 446.3 971.9 ship 0
450.7 962.5 453.3 967.9 408.3 989.5 405.7 984.1 ship 0
438.8 977.6 442.3 982.4 414.6 1002.2 411.1 997.4 ship 0
402.8 1028.1 405.2 982.2 419.2 982.9 416.8 1028.8 ship 0
375.4 1002.3 378.4 997.1 414.7 1018.1 411.7 1023.3 ship 0
496.6 995.7 503.0 988.0 544.7 1022.4 538.3 1030.1 ship 0
563.7 983.9 570.4 976.5 607.6 1009.9 600.9 1017.3 ship 0
552.4 1001.0 558.8 993.4 600.4 1027.9 594.0 1035.6 ship 0
598.7 825.2 606.5 831.5 580.1 864.2 572.3 857.9 ship 0
614.6 835.8 622.9 841.4 601.5 872.9 593.3 867.3 ship 0
0.8 831.1 22.1 799.6 100.0 852.3 78.7 883.8 ship 0
