123.3 655.7 131.0 614.4 184.1 624.3 176.4 665.6 plane 0
67.4 703.8 99.3 724.5 89.5 739.6 57.6 718.9 plane 0
71.4 679.5 101.6 695.1 93.4 711.1 63.1 695.5 plane 0
86.6 776.7 88.6 754.8 126.4 758.3 124.4 780.2 plane 0
150.7 803.4 160.4 783.7 205.3 805.6 195.6 825.3 plane 0
216.1 828.9 220.6 874.7 150.9 881.4 146.5 835.6 plane 0
261.9 800.9 262.1 842.9 224.1 843.1 223.9 801.1 plane 0
246.5 737.1 268.5 763.1 239.5 787.6 217.5 761.7 plane 0
278.2 796.3 300.7 816.2 280.8 838.7 258.3 818.8 plane 0
178.5 206.0 191.6 228.5 165.7 243.6 152.6 221.1 plane 0
263.9 349.1 274.4 377.2 246.3 387.7 235.8 359.6 plane 0
295.9 525.9 303.3 550.8 224.7 574.0 217.3 549.1 plane 0
277.8 580.2 285.4 617.4 244.2 625.8 236.6 588.6 plane 0
278.2 623.9 291.2 659.6 251.8 674.1 238.8 638.4 plane 0
151.5 499.0 200.8 507.1 193.4 552.5 144.1 544.4 plane 0
96.1 501.7 137.1 510.8 122.9 575.2 81.9 566.2 plane 0
88.1 482.0 94.8 489.4 54.8 525.7 48.1 518.3 plane 0
12.6 490.1 34.7 525.9 2.4 545.9 -19.7 510.1 plane 0
46.6 545.6 80.6 562.6 70.8 582.3 36.8 565.3 plane 0
51.5 520.2 84.2 529.6 78.1 550.7 45.4 541.3 plane 0
