196.8 65.8 197.2 67.8 195.2 68.2 194.8 66.2 ship 0
323.0 382.7 345.2 402.8 306.3 445.8 284.0 425.7 ship 0
307.7 365.4 320.7 377.9 302.6 396.6 289.7 384.1 ship 0
327.1 346.6 334.3 363.1 317.8 370.3 310.6 353.8 ship 0
355.2 321.8 365.2 345.8 344.8 354.2 334.8 330.2 ship 0
374.8 300.9 386.2 319.7 367.4 331.1 356.0 312.3 ship 0
404.0 291.5 420.0 306.6 404.9 322.6 388.9 307.5 ship 0
889.2 961.2 895.4 953.4 937.6 987.2 931.3 995.0 ship 0
875.1 968.7 882.1 961.5 920.8 999.2 913.8 1006.4 ship 0
861.5 980.4 868.4 973.2 907.2 1010.8 900.2 1018.0 ship 0
847.7 999.9 865.1 986.5 893.3 1022.8 875.9 1036.3 ship 0
846.5 984.1 848.0 982.7 849.4 984.1 848.0 985.5 harbor 0
989.4 824.5 1003.0 812.8 1022.6 835.5 1009.0 847.2 ship 0
1016.9 818.1 1018.9 817.9 1019.1 819.9 1017.1 820.1 ship 0
946.1 899.2 954.0 893.0 987.5 935.3 979.6 941.5 ship 0
928.4 919.9 940.2 906.4 983.9 944.5 972.1 958.1 ship 0
921.4 870.9 922.8 869.4 924.3 870.8 922.9 872.2 ship 0
378.0 291.2 392.7 274.8 406.0 286.8 391.3 303.2 ship 0
582.1 787.9 585.7 783.1 616.1 805.9 612.5 810.7 ship 0
929.6 772.6 940.3 753.4 966.5 768.1 955.7 787.3 ship 0
753.3 758.0 766.0 745.3 792.9 772.1 780.1 784.9 ship 0
729.0 781.3 736.1 774.2 765.8 803.9 758.8 811.0 ship 0
716.3 790.4 723.6 783.7 754.7 817.6 747.4 824.3 ship 0
704.1 801.5 711.4 794.7 740.0 825.6 732.6 832.3 ship 0
680.2 820.6 687.9 814.1 722.8 855.3 715.1 861.8 ship 0
664.2 826.7 668.7 822.8 709.8 869.3 705.3 873.2 ship 0
660.6 842.1 665.6 838.8 691.4 876.9 686.4 880.2 ship 0
636.1 859.2 651.8 843.7 687.0 879.1 671.4 894.6 ship 0
625.0 884.6 631.7 877.1 660.0 902.4 653.3 909.9 ship 0
600.6 887.5 607.7 880.4 651.4 924.3 644.3 931.4 ship 0
585.6 903.6 598.2 890.8 645.2 937.1 632.6 950.0 ship 0
788.2 799.4 804.6 784.7 827.3 810.1 810.9 824.8 ship 0
757.4 824.8 775.8 806.4 811.2 841.8 792.8 860.2 ship 0
742.7 840.1 749.8 833.0 782.1 865.8 775.0 872.8 ship 0
724.8 852.3 731.8 845.1 770.4 882.9 763.4 890.0 ship 0
722.5 867.5 727.1 863.7 749.0 889.7 744.4 893.5 ship 0
704.6 871.9 708.8 867.6 741.4 900.1 737.2 904.4 ship 0
693.4 889.3 700.2 882.0 733.6 913.6 726.7 920.9 ship 0
681.9 899.1 689.1 892.2 723.6 928.4 716.4 935.3 ship 0
673.2 909.4 677.8 905.5 704.8 937.6 700.2 941.5 ship 0
911.8 775.8 975.9 707.0 1006.6 735.6 942.5 804.4 ship 0
922.7 763.3 983.9 697.4 1014.7 725.9 953.4 791.9 ship 0
966.7 720.1 971.3 716.3 995.5 745.6 990.9 749.4 ship 0
776.6 550.3 781.0 554.4 747.1 591.2 742.7 587.1 ship 0
564.4 803.4 569.1 799.7 592.6 829.6 587.9 833.3 ship 0
556.0 817.2 560.4 813.1 580.7 835.2 576.2 839.3 ship 0
550.6 839.1 560.8 829.6 567.7 836.9 557.4 846.4 ship 0
547.8 851.6 549.1 850.1 550.6 851.3 549.3 852.9 ship 0
620.5 743.8 622.3 743.0 623.1 744.9 621.2 745.6 harbor 0
723.5 492.4 730.5 499.6 694.6 534.4 687.6 527.2 ship 0
737.2 505.5 741.3 510.0 716.3 533.0 712.2 528.5 ship 0
739.9 515.3 752.4 528.2 725.2 554.7 712.6 541.8 ship 0
768.7 536.4 775.2 543.9 737.3 576.6 730.8 569.1 ship 0
777.9 573.8 779.2 575.4 777.7 576.7 776.4 575.1 ship 0
977.7 707.7 982.4 704.1 1008.0 737.4 1003.2 741.1 ship 0
798.3 572.0 804.8 579.6 766.5 611.8 760.1 604.2 ship 0
803.0 579.5 818.3 595.3 782.4 630.1 767.1 614.3 ship 0
824.1 590.0 843.6 607.2 802.6 653.7 783.1 636.5 ship 0
859.4 592.3 872.9 604.2 818.3 665.4 804.8 653.4 ship 0
870.1 606.8 887.0 620.9 839.6 677.7 822.7 663.6 ship 0
889.7 620.1 905.6 635.3 857.4 686.0 841.4 670.8 ship 0
907.8 641.4 915.0 648.4 858.2 707.6 851.0 700.6 ship 0
918.0 647.8 937.1 665.4 884.3 722.7 865.2 705.1 ship 0
936.3 671.2 947.1 680.1 895.3 743.6 884.4 734.8 ship 0
657.4 919.0 661.6 914.6 694.9 946.4 690.8 950.7 ship 0
650.3 938.9 656.7 931.2 682.7 953.1 676.3 960.8 ship 0
632.2 954.9 648.3 939.8 674.3 967.5 658.2 982.6 ship 0
709.6 866.5 711.0 865.1 712.4 866.5 711.0 867.9 harbor 0
918.8 768.7 973.7 692.4 1011.1 719.2 956.2 795.5 harbor 0
573.1 796.5 577.4 792.4 606.3 822.8 602.0 827.0 ship 0
591.5 777.1 595.5 772.7 620.8 795.3 616.8 799.8 ship 0
605.6 765.4 610.1 761.6 629.4 784.6 624.9 788.4 ship 0
421.7 619.8 426.0 615.6 452.5 642.8 448.2 647.0 ship 0
411.9 627.1 416.4 623.1 441.7 651.4 437.3 655.4 ship 0
400.2 645.9 411.7 632.0 434.8 651.1 423.3 665.0 ship 0
391.9 652.9 402.0 643.2 420.1 662.0 410.0 671.7 ship 0
386.6 675.0 388.3 674.1 389.3 675.8 387.6 676.8 ship 0
354.4 650.3 359.4 663.4 342.5 669.8 337.6 656.7 ship 0
347.8 628.4 363.3 612.8 390.2 639.6 374.7 655.2 ship 0
356.4 602.9 363.9 596.3 399.9 636.5 392.5 643.2 ship 0
377.2 599.9 381.5 595.7 407.8 623.1 403.5 627.3 ship 0
386.7 588.3 390.8 584.0 421.3 612.9 417.1 617.3 ship 0
402.6 558.4 421.3 546.9 447.4 589.6 428.7 601.1 ship 0
421.2 548.7 425.6 544.6 459.7 581.2 455.3 585.3 ship 0
451.6 555.0 453.0 553.6 454.4 555.0 453.0 556.4 ship 0
417.1 575.4 456.4 544.5 484.9 580.6 445.6 611.5 harbor 0
707.2 280.4 742.0 336.4 675.8 377.6 641.0 321.6 storage-tank 0
422.3 705.1 439.1 690.9 463.7 719.9 446.9 734.1 ship 0
452.0 689.1 462.0 674.2 487.0 690.9 477.0 705.8 ship 0
496.0 665.1 498.0 665.0 498.2 667.0 496.2 667.1 ship 0
498.1 639.8 503.6 637.3 517.9 668.2 512.4 670.7 ship 0
506.6 627.5 510.8 623.1 535.4 646.5 531.2 650.9 ship 0
511.0 618.0 513.8 612.7 547.3 630.8 544.4 636.1 ship 0
438.6 610.1 444.2 608.0 450.4 624.9 444.8 627.0 ship 0
449.0 594.3 463.6 583.8 478.8 604.9 464.2 615.4 ship 0
463.6 581.7 467.9 577.5 486.1 596.0 481.8 600.2 ship 0
377.8 409.5 388.9 418.1 373.0 438.7 361.9 430.1 ship 0
392.6 260.2 408.5 245.0 445.8 284.1 429.8 299.3 ship 0
449.4 249.0 467.5 277.8 448.9 289.5 430.8 260.8 ship 0
462.6 285.3 480.0 271.7 503.3 301.7 486.0 315.2 ship 0
496.2 291.9 535.8 334.3 516.8 352.1 477.2 309.7 ship 0
461.1 339.4 483.9 319.9 511.2 351.8 488.5 371.3 ship 0
402.2 387.0 413.9 394.7 401.8 413.0 390.1 405.3 ship 0
386.7 375.6 393.0 383.3 363.5 407.2 357.2 399.5 ship 0
355.1 405.2 361.9 412.5 313.9 457.8 307.1 450.5 ship 0
349.7 437.8 359.0 448.3 330.6 473.5 321.3 463.1 ship 0
369.5 452.1 383.0 469.4 349.8 495.2 336.3 477.8 ship 0
469.5 570.8 473.7 566.5 497.8 590.5 493.6 594.8 ship 0
406.1 413.2 422.3 428.1 391.1 461.9 374.9 447.0 ship 0
468.9 499.2 486.0 479.6 523.7 512.4 506.6 532.0 ship 0
493.3 473.6 513.2 456.8 542.9 491.8 523.1 508.6 ship 0
542.1 493.3 546.0 488.8 565.7 505.7 561.8 510.2 ship 0
551.8 513.4 552.4 515.3 550.5 515.9 549.9 514.0 ship 0
534.6 535.8 536.2 534.6 537.4 536.2 535.8 537.4 ship 0
511.3 536.1 515.8 532.2 532.7 551.9 528.2 555.8 ship 0
498.5 546.5 501.7 541.4 530.5 559.5 527.3 564.6 ship 0
490.7 550.1 495.4 546.3 519.3 575.9 514.6 579.7 ship 0
538.0 604.9 549.3 596.6 560.0 611.1 548.7 619.4 ship 0
549.3 591.9 554.2 588.4 569.3 609.5 564.5 613.0 ship 0
574.5 566.8 585.0 557.6 599.5 574.2 589.0 583.4 ship 0
681.2 624.2 684.6 619.2 715.8 640.8 712.4 645.8 ship 0
583.9 726.1 587.7 721.5 614.1 742.9 610.3 747.5 ship 0
594.3 710.1 598.9 706.3 622.7 735.9 618.1 739.7 ship 0
597.6 698.2 601.7 693.8 638.4 727.8 634.3 732.2 ship 0
612.7 693.7 616.6 689.1 642.3 711.3 638.4 715.9 ship 0
624.0 680.4 628.4 676.3 654.4 704.0 650.0 708.1 ship 0
632.3 674.7 636.2 670.1 665.2 694.8 661.3 699.4 ship 0
640.5 659.2 644.9 655.1 673.0 686.3 668.6 690.4 ship 0
660.8 656.8 666.0 653.8 679.2 676.2 674.0 679.2 ship 0
677.4 642.7 686.0 631.7 706.4 647.8 697.8 658.8 ship 0
717.5 653.2 721.3 648.6 759.5 680.8 755.7 685.4 ship 0
561.8 744.4 565.4 739.6 592.6 760.0 589.0 764.8 ship 0
706.7 662.3 710.8 657.9 750.3 694.7 746.2 699.1 ship 0
696.7 673.9 701.4 670.1 727.5 703.0 722.8 706.7 ship 0
688.9 685.0 693.6 681.3 712.1 705.0 707.4 708.7 ship 0
673.5 693.2 677.7 688.9 710.5 721.1 706.3 725.4 ship 0
663.4 702.5 667.8 698.3 699.6 731.5 695.2 735.7 ship 0
653.6 715.5 657.7 711.1 688.5 739.8 684.4 744.1 ship 0
646.4 725.2 651.2 721.7 671.0 749.3 666.2 752.8 ship 0
628.1 746.0 643.0 729.8 668.0 752.9 653.1 769.1 ship 0
611.9 763.5 624.7 750.8 648.6 775.0 635.8 787.7 ship 0
569.5 727.9 574.0 723.9 604.6 758.3 600.2 762.3 ship 0
553.2 751.3 557.5 747.2 586.6 777.5 582.3 781.6 ship 0
583.6 553.2 587.4 548.6 610.4 567.8 606.6 572.4 ship 0
482.8 705.6 487.4 701.6 512.3 730.3 507.8 734.2 ship 0
632.6 563.2 636.4 558.6 659.4 577.8 655.6 582.4 ship 0
622.0 570.1 626.2 565.9 653.0 592.9 648.8 597.1 ship 0
619.0 590.9 628.9 581.0 636.0 588.1 626.1 598.0 ship 0
589.3 601.2 616.1 614.6 606.3 634.3 579.5 620.9 ship 0
562.8 626.7 567.3 622.8 592.5 651.3 588.0 655.2 ship 0
556.7 633.9 561.3 630.2 582.6 656.7 577.9 660.5 ship 0
550.4 657.4 560.1 647.3 567.3 654.2 557.6 664.3 ship 0
521.6 690.8 523.2 689.6 524.4 691.2 522.8 692.4 ship 0
495.0 698.0 499.3 693.9 519.9 715.8 515.5 719.9 ship 0
472.8 715.4 477.0 711.2 503.8 738.1 499.5 742.4 ship 0
539.5 758.1 544.0 754.0 574.8 788.2 570.3 792.2 ship 0
463.6 722.3 468.1 718.3 493.4 746.7 488.9 750.7 ship 0
454.4 735.6 458.2 731.0 484.6 752.4 480.8 757.0 ship 0
450.0 745.7 454.2 741.4 473.0 759.3 468.8 763.6 ship 0
451.0 762.1 452.4 760.7 453.8 762.1 452.5 763.5 ship 0
531.6 651.9 533.1 650.6 534.4 652.1 532.9 653.4 harbor 0
499.2 805.9 512.9 794.2 535.0 820.1 521.3 831.8 ship 0
511.8 791.0 515.9 786.6 543.2 813.0 539.1 817.4 ship 0
515.0 780.3 518.8 775.6 558.0 806.7 554.2 811.4 ship 0
531.5 770.1 536.0 766.0 561.6 794.1 557.2 798.1 ship 0
869.9 886.3 886.1 871.4 922.6 911.2 906.4 926.1 ship 0
404.6 1007.1 405.9 1005.6 407.4 1006.9 406.1 1008.4 swimming-pool 0
353.3 941.0 354.9 940.0 356.0 941.7 354.3 942.7 swimming-pool 0
763.6 998.3 776.7 986.0 805.4 1016.7 792.3 1029.0 ship 0
780.1 983.7 787.0 976.5 822.9 1011.3 816.0 1018.5 ship 0
789.2 965.0 795.9 957.6 835.8 994.0 829.1 1001.4 ship 0
803.6 953.4 810.5 946.2 849.4 983.6 842.5 990.8 ship 0
816.9 932.5 824.3 925.7 863.3 968.7 855.9 975.4 ship 0
829.0 929.2 841.3 916.1 880.6 953.2 868.3 966.3 ship 0
838.2 908.1 854.1 892.9 896.8 937.9 880.9 953.1 ship 0
862.0 901.5 868.9 894.2 905.2 928.6 898.3 935.9 ship 0
210.8 886.1 212.5 885.1 213.5 886.7 211.8 887.8 ship 0
77.1 715.6 79.0 715.9 78.8 717.9 76.8 717.6 swimming-pool 0
159.2 737.5 160.7 736.2 162.0 737.7 160.5 739.1 swimming-pool 0
200.6 814.0 202.0 812.6 203.4 814.0 202.0 815.4 swimming-pool 0
253.3 865.3 255.2 864.8 255.7 866.7 253.8 867.2 swimming-pool 0
143.2 761.5 144.8 762.7 143.6 764.3 142.0 763.1 ship 0
52.3 758.3 61.4 747.6 96.4 777.4 87.4 788.1 ship 0
30.2 784.4 49.7 761.6 87.7 794.1 68.1 816.9 ship 0
27.8 826.0 47.6 842.8 20.4 874.8 0.6 858.0 ship 0
220.2 896.6 229.1 885.8 240.0 894.7 231.1 905.5 ship 0
243.7 951.0 250.2 921.7 287.3 930.0 280.8 959.3 ship 0
169.2 974.1 184.8 958.6 214.3 988.4 198.7 1003.9 ship 0
136.7 930.8 151.5 920.6 173.1 951.9 158.3 962.1 ship 0
39.6 994.9 41.4 994.0 42.3 995.8 40.5 996.7 swimming-pool 0
