500.3 745.3 529.3 737.5 537.0 766.5 508.0 774.3 plane 0
433.7 789.6 472.1 814.9 440.3 863.4 401.9 838.1 plane 0
419.5 720.6 446.5 733.7 431.5 764.3 404.6 751.1 plane 0
284.1 115.2 288.2 29.2 597.9 43.8 593.8 129.8 soccer-ball-field 0
230.5 733.9 272.4 732.2 274.5 782.1 232.6 783.8 plane 0
324.5 706.7 349.4 714.3 340.6 743.0 315.8 735.4 plane 0
355.6 729.2 378.4 709.7 400.5 735.6 377.7 755.1 plane 0
606.1 294.5 607.5 293.1 608.9 294.5 607.5 295.9 roundabout 0
570.4 735.4 637.0 783.1 605.6 827.0 538.9 779.2 helicopter 0
629.9 726.8 662.3 716.5 681.2 775.6 648.8 785.9 helicopter 0
674.8 760.7 699.3 751.8 708.2 776.3 683.7 785.2 helicopter 0
