207.4 422.1 209.1 423.3 207.9 424.9 206.3 423.8 swimming-pool 0
60.0 765.6 61.5 764.2 62.8 765.7 61.4 767.1 swimming-pool 0
876.8 337.8 877.2 335.8 879.2 336.2 878.8 338.2 swimming-pool 0
897.8 530.6 899.4 531.8 898.2 533.4 896.6 532.2 swimming-pool 0
971.6 597.9 973.0 599.3 971.6 600.7 970.2 599.3 swimming-pool 0
195.2 819.1 196.4 820.7 194.8 821.9 193.6 820.3 swimming-pool 0
200.1 589.9 202.1 590.1 201.9 592.1 199.9 591.9 swimming-pool 0
143.5 778.7 144.3 780.5 142.5 781.3 141.7 779.5 swimming-pool 0
787.1 816.4 788.6 815.1 789.9 816.6 788.4 817.9 swimming-pool 0
300.5 435.6 301.9 437.0 300.5 438.4 299.1 437.0 swimming-pool 0
427.9 433.1 429.4 434.4 428.1 435.9 426.6 434.6 swimming-pool 0
137.2 573.6 138.4 575.2 136.8 576.4 135.6 574.8 swimming-pool 0
58.4 60.3 58.7 58.4 60.6 58.7 60.3 60.6 swimming-pool 0
265.1 250.7 266.4 249.2 268.0 250.4 266.7 252.0 swimming-pool 0
328.1 724.7 329.3 723.1 330.9 724.3 329.7 725.9 roundabout 0
563.2 676.3 565.2 676.7 564.8 678.7 562.8 678.3 swimming-pool 0
