890.1 189.2 891.4 187.7 892.9 188.9 891.6 190.5 swimming-pool 0
165.8 527.1 167.4 528.3 166.2 529.9 164.6 528.7 swimming-pool 0
441.8 728.7 443.5 727.6 444.5 729.3 442.9 730.4 swimming-pool 0
356.6 742.1 358.4 741.1 359.4 742.9 357.6 743.9 swimming-pool 0
616.9 691.0 618.8 691.6 618.2 693.5 616.3 692.9 swimming-pool 0
450.3 676.2 450.8 674.3 452.7 674.8 452.2 676.7 swimming-pool 0
153.1 907.5 154.7 906.3 155.9 907.9 154.3 909.1 swimming-pool 0
312.1 959.6 313.9 958.6 314.9 960.4 313.1 961.4 swimming-pool 0
267.1 840.1 268.1 841.8 266.3 842.8 265.4 841.0 small-vehicle 0
329.3 527.3 331.2 527.8 330.7 529.7 328.8 529.2 swimming-pool 0
650.4 592.8 652.3 592.6 652.6 594.6 650.6 594.8 swimming-pool 0
697.1 97.7 697.1 95.7 699.1 95.7 699.1 97.7 swimming-pool 0
