665.2 792.6 713.2 964.0 618.8 990.4 570.8 819.0 plane 0
193.1 277.6 199.1 240.1 370.9 267.4 364.9 304.9 plane 0
169.0 101.8 236.4 141.0 169.0 256.8 101.6 217.5 plane 0
577.4 -5.1 662.9 -33.1 699.6 79.1 614.1 107.1 plane 0
680.5 103.7 763.5 44.4 827.4 133.9 744.4 193.2 plane 0
659.5 141.6 709.4 244.0 628.5 283.4 578.6 181.0 plane 0
693.7 307.3 751.0 232.8 822.3 287.7 765.0 362.2 plane 0
647.1 315.4 711.0 389.7 642.8 448.4 578.9 374.2 plane 0
694.0 491.9 741.2 401.5 821.0 443.1 773.8 533.5 plane 0
593.1 478.4 722.4 546.1 686.3 615.2 556.9 547.5 plane 0
696.1 658.2 744.7 573.1 815.9 613.8 767.3 698.9 plane 0
688.6 679.1 705.0 734.8 599.4 765.9 583.0 710.2 plane 0
703.0 830.6 736.6 751.4 812.0 783.4 778.4 862.6 plane 0
691.6 980.0 755.5 911.1 824.4 975.0 760.5 1043.9 plane 0
175.7 476.6 215.9 529.0 153.9 576.4 113.8 524.0 plane 0
230.1 440.6 279.1 390.6 332.0 442.4 283.0 492.4 plane 0
368.9 582.2 371.7 628.1 198.1 638.8 195.3 592.9 plane 0
192.9 617.9 214.3 758.3 133.2 770.7 111.8 630.3 plane 0
170.7 792.0 218.0 818.1 151.3 939.0 104.0 912.9 plane 0
191.4 797.8 196.7 752.1 369.6 772.2 364.3 817.9 plane 0
