40.8 5.4 108.8 58.1 34.2 154.6 -33.8 101.9 plane 0
206.3 29.6 270.6 92.5 207.7 156.9 143.4 94.0 plane 0
384.3 17.7 454.5 80.2 378.7 165.3 308.5 102.8 plane 0
493.8 16.6 645.9 59.5 612.7 176.9 460.7 134.0 plane 0
280.5 337.3 359.4 395.3 301.4 474.3 222.5 416.2 plane 0
460.6 344.9 523.0 409.7 458.2 472.2 395.8 407.3 plane 0
124.8 336.3 189.8 392.7 128.2 463.7 63.2 407.3 plane 0
382.7 846.3 429.1 918.7 343.3 973.8 296.8 901.4 plane 0
561.3 861.2 598.7 925.1 507.3 978.7 469.9 914.8 plane 0
170.1 813.0 212.1 811.2 219.9 997.0 177.9 998.8 plane 0
534.8 428.8 620.9 483.6 555.4 586.5 469.3 531.7 plane 0
31.8 428.2 93.2 494.1 30.3 552.7 -31.1 486.8 plane 0
202.9 434.3 263.0 490.1 199.1 559.0 139.0 503.3 plane 0
383.2 443.0 435.6 511.2 357.8 570.9 305.5 502.7 plane 0
451.8 762.2 502.5 826.6 441.2 874.8 390.5 810.4 plane 0
277.4 749.2 336.9 805.6 272.2 873.8 212.7 817.4 plane 0
111.1 746.9 166.2 807.7 99.5 868.1 44.4 807.3 plane 0
