798.1 74.7 811.9 77.1 793.9 181.6 780.1 179.2 plane 0
739.9 140.7 948.0 91.0 954.1 116.3 746.0 166.0 plane 0
876.2 122.3 916.3 109.8 924.0 134.6 883.9 147.1 plane 0
896.8 130.3 999.9 105.4 1006.0 130.7 903.0 155.6 plane 0
1001.1 83.5 1014.9 85.4 1001.9 182.5 988.1 180.6 plane 0
650.7 97.6 782.4 56.5 791.4 85.1 659.6 126.2 plane 0
866.2 288.3 1073.1 233.5 1079.8 258.7 872.9 313.5 plane 0
737.7 78.7 751.6 78.3 754.8 176.2 740.8 176.7 plane 0
698.1 100.0 837.5 56.5 846.4 85.1 707.1 128.6 plane 0
759.4 291.4 974.4 221.9 983.6 250.4 768.6 320.0 plane 0
676.7 104.2 967.3 59.1 971.3 84.8 680.7 129.9 plane 0
962.3 85.6 979.2 79.3 989.7 107.4 972.8 113.7 plane 0
914.5 86.8 931.8 82.1 938.5 107.2 921.2 111.9 plane 0
742.9 118.9 999.1 47.3 1006.1 72.4 749.9 144.0 plane 0
813.0 295.1 1024.0 226.2 1032.0 250.9 821.0 319.8 plane 0
804.8 257.9 822.2 253.1 830.2 282.1 812.8 286.9 plane 0
696.1 278.9 834.4 232.3 844.0 260.7 705.6 307.3 plane 0
642.9 267.0 785.9 237.5 791.9 266.8 649.0 296.4 plane 0
741.0 251.7 754.9 253.4 742.0 354.6 728.2 352.9 plane 0
660.9 306.5 921.3 278.3 924.1 304.2 663.7 332.4 plane 0
734.7 300.9 940.3 258.2 951.3 311.1 745.7 353.8 plane 0
808.2 305.2 966.5 255.3 982.8 306.8 824.5 356.7 plane 0
888.9 299.9 1002.3 288.2 1005.0 314.1 891.6 325.8 plane 0
991.6 258.5 1001.6 258.8 999.4 356.7 989.4 356.5 plane 0
