887.4 799.7 982.6 744.7 1021.6 812.3 926.4 867.3 plane 0
832.6 833.2 938.7 874.9 901.4 969.8 795.3 928.1 plane 0
408.3 603.1 497.9 563.3 539.2 656.6 449.6 696.3 plane 0
58.8 599.4 131.6 546.6 196.2 635.6 123.4 688.4 plane 0
236.7 612.8 302.4 557.4 368.2 635.4 302.4 690.8 plane 0
314.4 508.1 390.9 453.5 461.8 552.8 385.3 607.4 plane 0
154.4 510.3 220.6 461.8 283.2 547.3 217.1 595.8 plane 0
-21.1 501.5 63.5 452.0 116.9 543.6 32.3 593.0 plane 0
817.9 496.3 872.0 440.1 931.1 496.8 877.1 553.1 plane 0
32.0 898.2 114.5 853.2 174.8 963.9 92.2 1008.8 plane 0
214.8 930.2 272.5 872.0 342.1 941.0 284.3 999.2 plane 0
377.0 905.8 465.2 863.0 520.2 976.4 432.0 1019.2 plane 0
