747.7 -12.7 1000.5 12.3 987.3 145.7 734.5 120.7 plane 0
946.1 315.7 1013.8 375.1 943.8 454.7 876.2 395.3 plane 0
852.3 403.9 926.2 462.0 860.6 545.3 786.8 487.2 plane 0
933.6 727.3 993.4 783.5 926.2 854.8 866.5 798.7 plane 0
817.7 809.4 921.0 857.7 876.2 953.7 772.9 905.5 plane 0
-9.0 510.7 134.1 481.8 159.0 605.3 15.9 634.2 plane 0
54.1 882.5 93.1 898.2 63.9 970.5 24.9 954.8 plane 0
224.1 479.7 320.8 523.1 265.9 645.3 169.2 601.9 plane 0
244.6 898.8 323.6 932.8 294.4 1000.8 215.4 966.8 plane 0
36.3 161.8 177.9 222.3 137.8 316.1 -3.8 255.6 plane 0
113.6 906.2 151.1 900.0 164.5 980.9 127.0 987.1 plane 0
342.8 900.6 392.8 899.4 395.0 993.4 345.0 994.6 plane 0
174.6 51.8 237.7 115.9 176.4 176.2 113.3 112.1 plane 0
334.1 53.8 404.0 88.5 356.8 183.4 287.0 148.7 plane 0
