610.5 860.9 671.7 870.7 648.7 1014.9 587.4 1005.1 plane 0
751.6 877.9 809.2 901.0 768.2 1003.1 710.7 980.0 plane 0
308.9 892.6 391.2 867.6 426.7 984.3 344.4 1009.3 plane 0
495.4 885.4 541.1 914.1 497.6 983.6 451.9 954.9 plane 0
218.5 856.4 282.9 870.8 254.5 997.6 190.1 983.2 plane 0
87.3 843.8 132.9 849.5 114.2 998.3 68.5 992.6 plane 0
2.2 470.9 240.7 512.1 228.8 581.1 -9.7 539.9 plane 0
14.5 540.3 68.3 536.3 81.0 709.9 27.1 713.8 plane 0
169.2 560.0 206.9 565.3 187.8 702.0 150.1 696.7 plane 0
202.3 599.6 387.7 558.1 412.6 669.4 227.2 710.9 plane 0
431.5 571.8 472.9 579.0 451.5 703.2 410.1 696.0 plane 0
554.1 575.6 607.5 583.9 588.0 708.4 534.7 700.1 plane 0
642.5 609.6 722.8 578.7 762.3 681.4 682.1 712.3 plane 0
828.6 586.5 872.4 600.5 836.5 712.9 792.7 699.0 plane 0
766.9 499.6 811.5 522.2 778.1 588.2 733.5 565.6 plane 0
633.6 492.6 679.6 512.2 647.3 587.6 601.4 567.9 plane 0
401.4 442.0 645.7 495.2 617.2 626.1 372.9 572.9 plane 0
351.6 456.0 409.6 458.0 404.5 607.9 346.6 605.9 plane 0
200.6 471.2 282.3 464.2 292.7 585.8 211.0 592.7 plane 0
