804.9 80.7 854.3 73.3 867.1 158.3 817.7 165.7 plane 0
644.8 89.5 693.3 77.5 712.2 153.2 663.6 165.2 plane 0
704.4 79.5 754.3 77.0 758.6 162.9 708.7 165.4 plane 0
754.0 79.9 803.8 74.7 812.7 160.3 763.0 165.5 plane 0
879.2 92.1 905.0 95.3 898.8 144.9 873.0 141.7 plane 0
867.5 162.8 904.0 183.5 873.4 237.5 836.9 216.7 plane 0
898.6 169.7 919.7 163.4 939.9 230.4 918.8 236.7 plane 0
935.4 73.8 960.9 79.0 943.7 163.2 918.2 158.0 plane 0
986.9 73.4 1012.5 78.0 997.1 162.6 971.5 158.0 plane 0
551.7 416.3 572.9 422.0 548.3 512.7 527.1 507.0 plane 0
939.7 432.6 993.3 426.0 1003.3 507.4 949.7 514.0 plane 0
871.7 437.4 928.0 423.8 946.3 499.6 890.0 513.2 plane 0
808.3 442.2 859.0 423.7 885.7 497.0 835.0 515.5 plane 0
775.6 431.6 801.5 428.8 810.4 510.4 784.5 513.2 plane 0
710.1 420.5 740.1 420.5 740.2 510.5 710.2 510.5 plane 0
628.4 432.4 681.2 421.0 698.6 501.2 645.8 512.6 plane 0
589.3 421.1 615.3 421.9 612.7 507.9 586.7 507.1 plane 0
500.6 420.1 522.4 422.5 513.0 508.0 491.2 505.6 plane 0
419.6 447.8 460.2 426.0 491.4 484.2 450.8 506.0 plane 0
