888.6 85.7 952.9 113.6 915.5 199.8 851.2 172.0 plane 0
637.1 97.9 686.4 135.5 643.9 191.1 594.6 153.5 plane 0
550.5 94.7 605.2 124.0 568.4 192.8 513.7 163.5 plane 0
432.6 80.5 489.6 69.5 514.3 197.1 457.4 208.1 plane 0
378.4 81.4 441.1 112.4 395.8 203.8 333.1 172.7 plane 0
300.4 95.9 345.9 131.8 297.6 193.1 252.1 157.2 plane 0
103.1 77.3 160.4 86.1 141.9 206.7 84.6 197.9 plane 0
16.6 78.2 80.7 93.9 55.4 196.8 -8.7 181.1 plane 0
930.6 318.5 990.4 302.2 1022.5 419.9 962.7 436.2 plane 0
-4.7 490.9 27.9 398.5 97.7 423.1 65.1 515.5 plane 0
56.7 342.3 114.1 334.0 122.3 391.5 64.9 399.7 plane 0
84.6 408.4 140.5 392.7 170.1 498.7 114.2 514.3 plane 0
165.2 418.3 236.5 398.6 265.8 504.7 194.5 524.4 plane 0
286.9 403.5 354.8 420.5 330.1 519.5 262.2 502.5 plane 0
379.2 405.0 444.1 431.3 411.8 511.0 346.9 484.7 plane 0
346.7 309.1 409.4 340.3 369.2 420.9 306.6 389.7 plane 0
436.8 308.8 497.1 335.7 457.2 425.2 396.9 398.3 plane 0
430.2 438.9 496.1 405.1 539.0 488.7 473.2 522.5 plane 0
498.3 341.9 526.5 322.9 574.7 394.1 546.5 413.1 plane 0
528.1 435.5 587.4 406.6 626.9 487.5 567.6 516.4 plane 0
603.2 334.8 656.3 344.9 644.8 405.8 591.7 395.7 plane 0
627.6 434.2 705.2 442.1 699.4 499.8 621.8 491.9 plane 0
699.1 311.3 763.2 339.4 723.8 429.2 659.7 401.1 plane 0
789.7 310.8 848.1 331.5 811.3 435.2 752.9 414.5 plane 0
794.1 416.6 867.0 403.8 886.8 516.0 813.9 528.9 plane 0
846.2 349.4 908.7 328.1 930.0 390.6 867.5 411.9 plane 0
891.3 449.3 908.5 424.7 975.7 471.7 958.5 496.3 plane 0
