59.5 803.7 73.3 801.6 89.5 906.3 75.7 908.4 plane 0
109.4 837.6 127.5 818.9 180.6 870.4 162.5 889.1 plane 0
195.9 852.5 217.2 867.4 170.1 934.5 148.8 919.6 plane 0
111.4 870.2 130.2 888.3 106.6 912.8 87.8 894.7 plane 0
-0.7 834.0 23.7 825.1 69.7 951.0 45.3 959.9 plane 0
364.7 693.7 386.6 694.4 383.3 804.3 361.4 803.6 plane 0
912.8 350.6 932.3 279.2 988.2 294.4 968.7 365.8 plane 0
813.9 325.5 870.6 278.0 900.1 313.3 843.4 360.8 plane 0
726.2 338.0 735.7 280.8 796.8 291.0 787.3 348.2 plane 0
616.9 310.8 664.4 264.9 713.1 315.2 665.6 361.1 plane 0
782.9 266.9 803.2 239.6 840.1 267.1 819.8 294.4 plane 0
659.3 261.7 700.8 210.3 767.7 264.3 726.2 315.7 plane 0
583.0 280.2 617.4 219.2 654.0 239.8 619.6 300.8 plane 0
227.2 613.3 406.9 497.1 431.8 535.7 252.1 651.9 plane 0
221.7 519.6 239.6 517.9 250.3 627.4 232.4 629.1 plane 0
95.0 559.5 153.3 520.7 192.0 579.0 133.7 617.8 plane 0
183.8 459.4 205.8 461.0 197.2 578.6 175.2 577.0 plane 0
121.3 530.2 441.6 469.5 449.5 510.8 129.2 571.4 plane 0
366.0 462.8 383.9 461.5 392.3 583.2 374.4 584.5 plane 0
444.9 512.8 475.3 497.5 496.0 538.5 465.7 553.9 plane 0
442.2 608.7 560.2 516.1 588.6 552.3 470.5 644.9 plane 0
549.5 470.3 567.3 467.8 583.5 584.7 565.7 587.2 plane 0
760.1 577.7 816.3 551.5 834.0 589.5 777.8 615.7 plane 0
848.1 475.0 865.6 479.1 838.9 594.0 821.4 589.9 plane 0
797.3 614.1 957.1 518.8 980.7 558.3 820.9 653.6 plane 0
917.8 518.3 947.1 511.7 956.2 552.7 926.9 559.3 plane 0
971.0 533.8 993.0 532.4 1000.0 646.2 978.0 647.6 plane 0
315.0 607.1 507.3 504.4 529.0 544.9 336.7 647.6 plane 0
383.9 761.7 530.3 702.3 546.1 741.3 399.7 800.7 plane 0
444.4 771.1 662.2 697.2 675.6 736.9 457.8 810.8 plane 0
865.6 798.5 894.7 790.9 905.4 831.5 876.3 839.1 plane 0
690.9 751.5 716.8 754.0 706.1 867.5 680.2 865.0 plane 0
529.3 836.7 647.3 744.1 675.7 780.3 557.7 872.9 plane 0
403.6 836.5 594.4 731.2 616.7 771.5 425.8 876.8 plane 0
306.2 829.0 508.5 737.7 525.8 776.0 323.5 867.3 plane 0
913.7 748.3 942.6 740.2 953.9 780.7 925.0 788.8 plane 0
758.5 671.6 959.2 775.5 921.5 848.4 720.8 744.5 plane 0
739.0 699.8 761.0 700.4 757.8 818.3 735.8 817.7 plane 0
640.9 700.4 662.9 699.7 666.6 813.6 644.6 814.3 plane 0
680.9 833.5 886.0 748.7 902.1 787.5 697.0 872.3 plane 0
933.1 814.8 1006.8 778.9 1026.9 820.2 953.2 856.1 plane 0
502.6 971.0 556.5 932.9 596.9 990.0 543.0 1028.1 plane 0
623.3 933.7 669.2 935.4 665.5 1033.3 619.5 1031.6 plane 0
724.7 936.3 769.7 945.7 750.3 1037.7 705.3 1028.3 plane 0
781.8 989.5 817.1 943.5 875.8 988.5 840.5 1034.5 plane 0
879.3 950.4 965.1 943.9 971.9 1033.6 886.2 1040.1 plane 0
743.6 483.4 769.4 486.1 759.4 583.6 733.6 580.9 plane 0
632.4 490.9 661.1 482.1 687.6 568.1 658.9 576.9 plane 0
572.3 580.0 627.8 544.3 652.7 583.0 597.2 618.7 plane 0
