71.7 10.7 93.6 24.6 75.3 53.3 53.4 39.4 plane 0
322.7 214.0 344.5 216.6 334.3 302.0 312.4 299.4 plane 0
149.4 -38.1 193.0 80.1 138.6 100.2 95.0 -18.0 plane 0
133.7 70.0 191.0 23.1 230.3 71.0 173.0 117.9 plane 0
50.3 82.8 148.5 24.9 165.7 54.2 67.5 112.1 plane 0
38.7 12.3 52.4 15.3 28.4 126.7 14.7 123.7 plane 0
127.2 167.2 189.7 198.6 161.9 254.0 99.3 222.6 plane 0
15.2 201.9 86.1 234.5 51.8 309.0 -19.1 276.4 plane 0
295.5 175.9 319.4 186.0 290.5 254.1 266.6 244.0 plane 0
389.0 340.1 440.3 459.5 409.0 472.9 357.7 353.5 plane 0
395.4 443.8 399.1 430.3 478.1 452.1 474.4 465.6 plane 0
635.3 911.4 672.8 938.0 627.7 1001.6 590.2 975.0 plane 0
586.3 904.2 622.3 932.9 556.1 1015.7 520.2 987.0 plane 0
518.5 908.3 553.9 937.6 501.5 1000.7 466.1 971.4 plane 0
436.4 904.8 486.6 924.6 456.6 1000.9 406.4 981.1 plane 0
360.2 903.8 414.1 906.7 408.8 1004.6 354.9 1001.6 plane 0
290.3 909.9 339.9 903.9 351.7 1001.1 302.1 1007.1 plane 0
197.8 544.0 258.3 570.3 227.3 641.8 166.8 615.6 plane 0
44.7 353.4 77.6 419.7 11.3 452.6 -21.6 386.3 plane 0
160.8 437.3 213.0 390.6 270.2 454.7 218.0 501.4 plane 0
327.3 432.9 344.7 413.6 399.7 463.1 382.2 482.5 plane 0
426.0 555.0 474.3 587.2 439.9 638.8 391.6 606.6 plane 0
257.3 905.6 299.6 923.6 264.3 1006.4 222.0 988.4 plane 0
496.3 549.4 549.9 580.5 516.8 637.6 463.2 606.5 plane 0
199.6 905.1 242.5 930.8 198.4 1004.6 155.5 978.9 plane 0
126.3 903.0 177.2 920.9 148.7 1002.0 97.8 984.1 plane 0
70.6 905.8 116.2 926.4 82.4 1001.2 36.8 980.6 plane 0
30.1 790.0 79.1 745.8 126.0 797.8 76.9 842.0 plane 0
357.5 746.2 362.3 840.1 272.4 844.7 267.7 750.8 plane 0
472.7 756.4 514.7 790.3 473.3 841.6 431.3 807.7 plane 0
515.8 772.5 545.6 756.1 583.2 824.5 553.4 840.9 plane 0
667.9 747.8 677.6 841.3 592.1 850.2 582.3 756.7 plane 0
848.3 936.1 862.3 935.9 863.7 1005.9 849.7 1006.1 plane 0
866.7 936.0 882.1 926.7 895.5 949.0 880.1 958.3 plane 0
845.6 934.2 979.1 969.1 968.4 1009.8 834.9 974.9 plane 0
925.2 907.2 939.2 906.9 940.8 980.8 926.8 981.1 plane 0
898.2 925.1 1033.6 979.6 1018.0 1018.5 882.5 964.1 plane 0
969.9 906.5 983.7 903.9 998.5 984.6 984.8 987.1 plane 0
997.0 938.1 1006.8 936.2 1020.9 1008.8 1011.1 1010.7 plane 0
930.3 368.3 1010.8 384.2 995.7 460.7 915.2 444.8 plane 0
865.1 371.7 903.0 370.4 905.9 452.3 868.0 453.6 plane 0
789.5 367.9 827.5 368.8 825.5 450.8 787.5 449.9 plane 0
511.8 109.2 597.0 120.5 585.7 205.8 500.5 194.5 plane 0
627.5 110.6 691.3 139.3 659.3 210.4 595.5 181.7 plane 0
713.8 113.7 784.2 136.2 759.2 214.3 688.8 191.8 plane 0
821.0 116.9 875.8 153.6 834.6 215.1 779.8 178.4 plane 0
901.0 121.3 951.0 122.8 948.2 216.7 898.3 215.2 plane 0
