625.3 958.3 668.4 933.0 713.9 1010.7 670.7 1036.0 plane 0
565.5 918.8 605.6 1008.2 534.5 1040.2 494.4 950.7 plane 0
922.9 518.3 973.3 475.8 1039.2 553.7 988.7 596.3 helicopter 0
856.2 424.0 902.0 419.6 923.6 644.6 877.9 649.0 helicopter 0
735.5 494.7 799.6 457.8 864.4 570.6 800.2 607.4 helicopter 0
537.6 437.1 610.8 410.1 682.3 603.3 609.1 630.3 helicopter 0
34.0 450.4 95.3 441.0 119.9 601.1 58.7 610.5 helicopter 0
-17.6 491.1 5.0 478.3 49.5 556.5 26.9 569.4 helicopter 0
490.0 9.7 499.3 13.3 442.9 160.8 433.5 157.3 helicopter 0
239.0 20.9 253.0 20.8 253.0 134.8 239.0 134.9 helicopter 0
291.2 20.1 300.4 24.1 251.7 136.0 242.5 132.0 helicopter 0
310.8 19.7 320.3 22.7 285.2 135.3 275.7 132.3 helicopter 0
320.2 25.1 330.2 26.1 319.8 131.6 309.8 130.6 helicopter 0
352.4 25.9 362.1 28.4 335.6 131.1 325.9 128.6 helicopter 0
380.7 28.8 393.8 33.7 357.3 133.2 344.2 128.3 helicopter 0
408.9 24.6 418.3 27.8 380.1 139.4 370.7 136.2 helicopter 0
432.8 28.5 442.2 32.1 401.6 138.6 392.3 135.0 helicopter 0
471.3 23.0 480.0 28.0 413.6 144.4 405.0 139.4 helicopter 0
500.9 8.4 510.7 10.1 483.1 161.6 473.3 159.9 helicopter 0
557.3 9.3 565.8 14.5 474.6 162.7 466.0 157.5 helicopter 0
584.9 13.1 593.2 18.7 496.4 163.3 488.1 157.7 helicopter 0
579.0 13.4 588.6 15.9 551.3 157.1 541.7 154.5 helicopter 0
614.5 8.3 623.9 11.5 571.2 164.7 561.7 161.4 helicopter 0
646.7 14.2 655.7 18.5 586.0 164.7 577.0 160.4 helicopter 0
665.9 13.1 675.1 17.1 611.1 165.9 601.9 161.9 helicopter 0
657.7 15.8 667.7 15.9 665.3 165.9 655.3 165.7 helicopter 0
707.0 14.2 716.5 17.4 666.1 167.1 656.6 163.9 helicopter 0
716.2 18.2 730.1 20.3 708.5 164.7 694.6 162.6 helicopter 0
217.2 24.5 227.2 24.7 224.9 130.7 214.9 130.4 helicopter 0
222.4 17.7 231.3 22.3 173.6 134.3 164.7 129.7 helicopter 0
172.5 20.0 186.4 21.6 174.5 127.0 160.6 125.4 helicopter 0
145.8 20.6 155.8 21.1 150.2 127.0 140.2 126.5 helicopter 0
18.9 17.1 32.9 16.8 35.2 118.8 21.2 119.1 helicopter 0
65.5 18.2 75.0 21.5 40.6 121.7 31.1 118.5 helicopter 0
64.3 21.8 74.2 20.5 87.7 121.6 77.8 122.9 helicopter 0
107.4 23.9 117.1 21.4 143.6 124.1 133.9 126.6 helicopter 0
756.7 12.3 766.2 15.2 717.3 173.8 707.8 170.9 helicopter 0
789.3 19.6 798.5 23.7 732.2 171.5 723.0 167.4 helicopter 0
803.2 16.4 812.8 19.3 766.8 174.6 757.2 171.7 helicopter 0
957.5 21.1 971.4 22.8 952.6 179.6 938.7 178.0 helicopter 0
1011.7 47.8 1019.9 53.5 948.3 157.2 940.1 151.5 helicopter 0
1010.4 23.9 1024.3 26.2 998.6 182.1 984.7 179.8 helicopter 0
813.7 17.5 823.6 18.7 805.2 171.6 795.3 170.4 helicopter 0
844.3 19.1 854.1 21.2 822.7 171.9 812.9 169.9 helicopter 0
898.8 19.6 907.4 24.7 818.7 174.4 810.1 169.3 helicopter 0
904.0 19.7 913.5 22.8 863.0 176.7 853.5 173.6 helicopter 0
941.4 19.7 950.3 24.2 871.6 179.3 862.7 174.8 helicopter 0
