653.9 798.2 689.5 863.1 586.1 919.8 550.5 854.9 plane 0
571.5 497.4 599.8 461.2 677.0 521.6 648.7 557.8 plane 0
694.3 706.6 700.2 768.3 546.9 782.9 541.0 721.2 plane 0
555.4 191.9 561.7 126.2 715.0 140.9 708.7 206.6 plane 0
365.6 117.1 368.3 199.1 226.4 203.9 223.7 121.9 plane 0
179.1 57.2 205.0 90.2 127.9 150.7 102.0 117.7 plane 0
74.6 223.9 116.4 148.7 226.5 210.0 184.6 285.2 plane 0
80.0 344.7 115.8 270.9 222.0 322.3 186.2 396.1 plane 0
462.2 286.9 491.4 317.1 420.8 385.2 391.7 355.0 plane 0
188.9 396.5 211.7 441.0 99.6 498.5 76.8 454.0 plane 0
227.5 644.9 250.1 570.3 374.5 608.0 351.9 682.6 plane 0
175.9 632.2 198.6 676.8 104.1 724.8 81.4 680.2 plane 0
218.6 752.6 254.6 674.4 365.4 725.4 329.4 803.6 plane 0
518.3 411.2 518.6 489.2 368.6 489.8 368.3 411.8 plane 0
352.0 823.2 376.5 740.7 505.0 778.8 480.5 861.3 plane 0
369.0 574.5 394.5 513.6 510.7 562.3 485.3 623.2 plane 0
552.8 650.5 559.4 588.8 708.5 604.8 701.9 666.5 plane 0
215.7 531.6 219.0 585.5 77.3 594.4 74.0 540.5 plane 0
505.4 647.5 514.3 712.9 369.6 732.5 360.7 667.1 plane 0
223.5 400.1 247.3 347.2 362.2 398.9 338.4 451.8 plane 0
553.7 422.8 555.3 368.8 701.3 373.2 699.6 427.2 plane 0
215.6 306.4 218.6 244.4 364.4 251.5 361.4 313.4 plane 0
549.1 293.4 561.9 241.0 696.0 273.5 683.2 326.0 plane 0
222.0 71.9 224.1 18.0 354.0 23.1 351.9 77.0 plane 0
705.6 27.3 711.6 76.9 574.6 93.6 568.6 43.9 plane 0
