487.1 425.2 583.9 410.1 610.0 578.1 513.2 593.1 plane 0
9.2 389.2 97.6 372.1 135.8 570.5 47.4 587.5 plane 0
154.5 399.1 232.4 401.5 227.3 567.4 149.3 565.0 plane 0
451.0 426.2 491.1 456.1 413.2 560.2 373.1 530.3 plane 0
668.9 425.5 719.3 445.1 663.6 588.6 613.2 569.1 plane 0
733.8 131.9 766.0 142.9 724.1 265.9 691.9 255.0 plane 0
714.8 435.1 805.7 411.1 851.2 583.2 760.3 607.2 plane 0
837.1 484.5 911.4 441.1 972.9 546.5 898.7 589.9 plane 0
801.4 139.6 853.7 126.3 888.6 264.0 836.3 277.2 plane 0
614.1 169.7 706.1 116.9 727.0 153.3 635.1 206.1 plane 0
506.8 130.6 528.9 110.3 595.2 182.4 573.1 202.7 plane 0
454.6 145.8 480.7 131.0 532.9 223.3 506.8 238.1 plane 0
