45.8 642.4 111.3 667.1 99.2 698.9 33.8 674.2 plane 0
17.1 658.2 39.1 658.2 38.8 760.2 16.8 760.2 plane 0
781.5 397.0 836.6 440.2 793.4 495.3 738.3 452.1 plane 0
701.8 395.9 745.6 439.7 693.3 492.0 649.5 448.2 plane 0
590.1 383.5 657.0 404.0 627.1 501.5 560.1 481.0 plane 0
471.5 407.4 542.2 385.3 571.5 478.8 500.9 500.9 plane 0
406.1 383.4 479.0 396.1 459.3 508.4 386.4 495.7 plane 0
328.5 381.1 391.0 402.2 358.5 498.8 296.0 477.8 plane 0
235.6 393.8 303.0 424.5 272.4 491.8 205.0 461.2 plane 0
149.8 387.2 212.2 408.8 181.4 497.7 119.0 476.0 plane 0
31.0 392.5 99.3 377.5 123.0 484.9 54.7 499.9 plane 0
86.5 637.3 111.7 630.8 151.5 783.7 126.3 790.2 plane 0
126.5 672.7 171.7 636.3 195.5 666.0 150.3 702.3 plane 0
209.7 627.9 227.5 630.6 203.2 790.8 185.4 788.1 plane 0
154.2 604.3 362.8 701.3 346.8 735.7 138.2 638.7 plane 0
894.1 914.6 954.1 950.6 912.0 1020.9 852.0 985.0 plane 0
592.8 959.1 640.6 919.7 690.2 979.9 642.4 1019.3 plane 0
520.6 950.9 541.6 929.4 600.3 986.6 579.3 1008.1 plane 0
425.7 953.6 473.4 914.0 523.2 974.0 475.5 1013.6 plane 0
336.1 959.5 384.9 915.1 440.1 975.7 391.3 1020.1 plane 0
259.8 1004.9 284.4 918.3 340.2 934.1 315.6 1020.7 plane 0
94.5 906.9 148.5 905.1 152.5 1027.1 98.5 1028.9 plane 0
-13.7 948.4 40.0 910.0 87.7 976.6 34.0 1015.0 plane 0
954.4 730.0 1005.0 694.2 1050.1 757.9 999.4 793.7 plane 0
868.9 733.1 915.7 692.4 966.9 751.3 920.1 792.0 plane 0
826.0 665.6 851.7 669.6 834.9 778.3 809.2 774.3 plane 0
744.9 672.2 808.0 641.9 826.2 679.7 763.1 710.1 plane 0
645.9 665.0 691.9 623.5 744.2 681.4 698.1 723.0 plane 0
565.2 659.0 581.2 638.6 645.8 689.1 629.8 709.5 plane 0
477.3 654.6 497.7 632.6 557.7 688.4 537.3 710.4 plane 0
457.4 650.8 479.3 648.8 491.6 778.2 469.7 780.2 plane 0
403.5 669.1 423.9 647.1 454.7 675.6 434.4 697.6 plane 0
306.7 737.0 437.0 654.9 457.3 687.0 327.0 769.1 plane 0
338.7 611.1 360.4 614.6 341.2 735.1 319.5 731.6 plane 0
275.0 645.8 300.8 643.0 315.0 772.2 289.2 775.0 plane 0
