699.6 659.2 727.0 560.9 848.4 594.8 821.0 693.1 plane 0
690.3 907.6 704.6 818.7 852.7 842.4 838.4 931.3 plane 0
314.3 963.9 316.1 985.9 186.6 996.8 184.7 974.8 plane 0
548.5 951.9 553.0 973.5 433.5 998.1 429.0 976.5 plane 0
215.5 936.7 219.4 915.1 343.4 937.4 339.5 959.0 plane 0
450.5 981.7 553.7 851.6 577.2 870.3 474.0 1000.3 plane 0
431.8 893.6 432.2 871.6 558.2 873.4 557.8 895.4 plane 0
561.8 795.3 577.6 846.9 472.4 879.1 456.6 827.5 plane 0
311.2 850.5 321.3 874.5 197.8 926.4 187.7 902.5 plane 0
222.0 848.9 224.5 823.0 345.9 834.9 343.4 860.8 plane 0
320.2 756.0 325.8 768.9 191.8 827.0 186.3 814.1 plane 0
519.6 764.0 532.4 786.6 474.9 819.1 462.1 796.5 plane 0
216.6 745.4 220.1 723.7 356.4 745.6 352.9 767.3 plane 0
585.1 710.5 592.6 735.4 471.9 771.8 464.4 746.9 plane 0
436.4 699.5 438.5 681.7 563.6 696.5 561.5 714.3 plane 0
311.8 673.2 317.4 698.5 210.0 722.3 204.4 696.9 plane 0
297.2 629.2 311.0 651.2 282.1 669.2 268.4 647.1 plane 0
194.3 604.5 197.6 582.8 330.0 603.5 326.6 625.2 plane 0
225.1 580.9 229.2 523.1 358.9 532.1 354.8 590.0 plane 0
592.7 633.0 594.1 658.9 468.3 666.0 466.9 640.1 plane 0
456.1 606.0 457.1 584.0 590.9 590.0 589.9 612.0 plane 0
591.3 522.9 597.6 539.8 475.7 585.1 469.4 568.2 plane 0
