278.4 706.1 315.1 733.9 275.4 786.5 238.7 758.8 plane 0
192.5 711.6 230.0 738.3 189.5 795.4 152.0 768.7 plane 0
121.4 713.4 154.2 739.6 105.6 800.6 72.8 774.4 plane 0
23.2 736.0 68.8 715.5 91.0 764.7 45.4 785.2 plane 0
24.8 536.4 82.3 559.5 62.2 609.6 4.7 586.5 plane 0
39.7 608.5 61.7 609.5 60.3 643.5 38.3 642.5 plane 0
70.9 603.7 82.7 596.1 109.6 638.3 97.8 645.8 plane 0
75.1 540.9 99.0 530.7 121.9 584.1 98.0 594.3 plane 0
111.8 652.2 115.0 598.3 140.9 599.8 137.7 653.7 plane 0
175.8 544.6 187.7 552.0 157.2 601.4 145.3 594.0 plane 0
178.0 608.2 302.9 492.8 326.0 517.8 201.1 633.2 plane 0
145.7 613.7 154.5 602.8 196.4 636.9 187.6 647.8 plane 0
196.2 594.7 253.5 603.9 246.8 645.3 189.5 636.1 plane 0
240.5 607.5 299.2 577.5 314.7 607.7 255.9 637.8 plane 0
316.6 713.0 342.6 712.0 345.4 782.0 319.4 783.0 plane 0
391.1 723.5 408.9 736.4 374.9 783.5 357.1 770.6 plane 0
442.4 761.6 460.2 774.5 416.8 834.4 399.0 821.5 plane 0
476.4 791.4 499.0 822.0 452.3 856.5 429.7 825.9 plane 0
361.6 881.3 367.8 926.9 302.4 935.7 296.2 890.1 plane 0
300.2 852.3 310.9 828.5 382.0 860.5 371.4 884.2 plane 0
320.9 582.7 363.8 608.3 338.2 651.2 295.2 625.6 plane 0
363.7 601.8 381.8 589.3 401.1 617.3 383.0 629.8 plane 0
381.2 527.5 394.8 539.3 354.1 586.1 340.5 574.2 plane 0
675.6 314.7 709.9 402.2 689.4 410.3 655.1 322.8 helicopter 0
700.0 285.3 708.2 291.0 578.0 475.7 569.8 470.0 helicopter 0
599.7 325.4 605.3 323.3 642.3 422.6 636.7 424.7 helicopter 0
590.5 383.4 597.2 375.9 613.5 390.6 606.8 398.1 helicopter 0
585.3 344.4 597.3 351.6 565.5 404.8 553.5 397.6 helicopter 0
463.6 379.3 526.7 320.9 582.4 381.1 519.3 439.5 plane 0
390.5 408.3 409.2 345.0 472.5 363.7 453.8 427.0 plane 0
290.9 361.2 349.0 322.1 414.9 420.0 356.8 459.1 plane 0
243.5 397.6 274.3 375.3 315.3 432.0 284.5 454.3 plane 0
180.8 297.6 220.9 344.9 79.2 465.4 39.1 418.1 plane 0
665.8 371.2 670.0 375.5 654.2 390.8 650.0 386.5 helicopter 0
683.7 312.4 692.8 308.3 738.4 408.3 729.3 412.5 helicopter 0
392.3 592.2 406.1 515.5 435.7 520.8 421.9 597.5 plane 0
750.9 342.8 757.3 350.5 722.1 380.2 715.7 372.5 helicopter 0
413.0 597.8 432.0 586.7 451.2 619.5 432.2 630.6 plane 0
449.3 634.4 470.8 584.8 516.7 604.7 495.2 654.3 plane 0
541.2 600.1 568.5 612.7 547.5 658.1 520.3 645.5 plane 0
591.2 603.2 619.6 628.4 581.1 671.8 552.7 646.6 plane 0
438.4 545.2 446.3 533.7 487.5 562.1 479.6 573.6 plane 0
463.5 530.8 470.9 518.9 540.4 562.4 533.0 574.3 plane 0
539.4 510.5 556.4 516.5 538.6 567.5 521.6 561.5 plane 0
551.1 514.7 581.6 492.0 625.9 551.3 595.4 574.0 plane 0
755.7 500.8 783.5 445.4 899.7 503.7 871.9 559.1 helicopter 0
1026.4 313.2 1047.1 367.3 978.0 393.8 957.3 339.6 plane 0
937.1 235.8 1043.5 368.4 948.4 444.7 842.0 312.1 helicopter 0
963.8 370.2 981.6 394.4 909.2 447.8 891.4 423.6 helicopter 0
907.1 500.3 998.0 401.9 1025.9 427.7 935.0 526.1 helicopter 0
832.6 320.2 846.0 324.4 822.7 398.8 809.3 394.6 helicopter 0
767.2 326.3 771.8 322.4 831.8 394.7 827.2 398.6 helicopter 0
763.3 334.1 768.4 330.9 811.7 400.6 806.6 403.7 helicopter 0
744.5 328.1 754.3 325.9 774.5 413.6 764.8 415.8 helicopter 0
577.9 961.6 619.6 966.4 612.5 1028.0 570.8 1023.2 plane 0
551.0 977.1 568.2 982.4 551.0 1037.9 533.8 1032.6 plane 0
