298.1 264.9 299.8 266.0 298.7 267.7 297.0 266.6 ship 0
696.0 922.3 710.6 905.8 733.0 925.7 718.4 942.2 ship 0
389.0 244.9 414.8 241.3 420.5 282.9 394.8 286.5 ship 0
380.8 705.5 409.1 686.6 465.8 771.4 437.5 790.3 ship 0
694.2 968.6 695.4 970.2 693.8 971.4 692.6 969.8 ship 0
729.6 884.5 730.9 883.0 732.4 884.3 731.1 885.8 ship 0
418.5 154.6 434.2 170.0 390.9 214.3 375.2 199.0 ship 0
398.2 787.1 398.9 785.2 400.8 785.9 400.1 787.8 ship 0
471.7 667.2 473.4 666.1 474.5 667.8 472.8 668.9 ship 0
626.1 389.3 648.8 409.0 608.0 455.7 585.4 436.0 ship 0
596.5 346.5 624.6 365.7 571.5 443.3 543.5 424.1 ship 0
445.6 699.9 447.1 698.6 448.4 700.1 446.9 701.4 ship 0
369.1 816.2 370.3 814.6 371.9 815.8 370.7 817.4 ship 0
578.3 323.2 598.7 339.3 528.0 428.7 507.6 412.6 ship 0
657.0 437.0 657.4 435.0 659.3 435.4 659.0 437.3 ship 0
528.3 342.3 529.8 343.6 528.4 345.1 526.9 343.8 ship 0
