722.1 252.9 740.1 253.0 739.9 295.0 721.9 294.9 large-vehicle 0
691.8 512.2 708.2 497.6 752.2 546.8 735.8 561.4 large-vehicle 0
612.7 537.4 614.6 536.7 615.3 538.6 613.4 539.3 large-vehicle 0
637.5 535.9 639.5 536.1 639.3 538.1 637.4 537.9 large-vehicle 0
662.1 532.9 663.6 531.6 664.9 533.1 663.4 534.4 large-vehicle 0
599.2 527.5 603.6 531.6 577.8 559.5 573.4 555.4 large-vehicle 0
438.2 572.9 448.7 563.6 473.8 592.1 463.3 601.4 large-vehicle 0
468.0 556.6 483.4 547.3 501.0 576.4 485.6 585.7 large-vehicle 0
786.1 169.5 800.9 208.8 735.3 233.4 720.6 194.1 large-vehicle 0
666.2 285.8 677.2 277.1 705.8 313.2 694.8 321.9 large-vehicle 0
726.5 326.0 736.0 329.1 716.5 388.0 707.0 384.9 large-vehicle 0
713.1 293.4 714.7 294.5 713.6 296.2 712.0 295.1 large-vehicle 0
770.4 218.3 816.0 238.9 797.1 280.8 751.5 260.3 large-vehicle 0
735.5 441.6 753.9 465.3 720.7 491.1 702.3 467.4 large-vehicle 0
809.8 290.6 817.4 297.2 779.6 341.1 772.0 334.6 large-vehicle 0
797.5 301.4 815.6 282.7 854.4 320.2 836.4 338.9 large-vehicle 0
320.7 142.4 353.8 179.9 322.3 207.6 289.2 170.1 large-vehicle 0
841.6 238.9 863.5 225.0 901.0 284.2 879.0 298.1 large-vehicle 0
886.8 235.7 930.1 210.6 973.1 285.1 929.9 310.1 large-vehicle 0
746.6 300.9 780.1 357.8 747.4 377.1 713.9 320.2 large-vehicle 0
679.4 494.2 692.9 490.7 708.2 550.8 694.6 554.3 large-vehicle 0
550.9 469.1 561.9 505.5 498.7 524.5 487.7 488.1 large-vehicle 0
511.3 590.8 526.2 612.1 491.9 636.2 476.9 614.9 large-vehicle 0
222.6 604.2 284.9 766.7 193.4 801.8 131.1 639.3 large-vehicle 0
287.4 696.2 292.5 709.2 190.1 749.4 185.0 736.3 large-vehicle 0
289.3 719.7 295.0 732.4 198.5 776.2 192.7 763.4 large-vehicle 0
294.6 746.3 299.7 759.4 167.2 810.5 162.1 797.4 large-vehicle 0
138.7 797.9 150.8 825.4 75.6 858.3 63.6 830.8 large-vehicle 0
281.7 774.4 287.5 787.1 191.3 831.6 185.5 818.9 large-vehicle 0
71.8 604.9 108.9 712.7 84.3 721.1 47.2 613.3 large-vehicle 0
65.5 702.2 75.5 712.0 48.9 739.1 38.9 729.3 large-vehicle 0
56.9 679.7 64.8 691.3 40.1 708.3 32.2 696.7 large-vehicle 0
578.6 968.6 588.0 965.2 609.2 1023.4 599.8 1026.9 large-vehicle 0
581.4 578.4 588.6 599.2 548.9 612.9 541.7 592.1 large-vehicle 0
613.4 348.2 633.6 331.8 667.6 373.7 647.5 390.1 large-vehicle 0
668.9 557.9 676.5 578.5 599.5 606.9 591.9 586.3 large-vehicle 0
446.7 241.8 456.7 282.6 381.0 301.2 371.0 260.4 large-vehicle 0
427.5 334.5 454.7 322.0 470.5 356.5 443.3 369.0 large-vehicle 0
342.0 336.2 351.4 339.7 341.0 367.8 331.6 364.3 large-vehicle 0
319.5 352.2 381.3 292.4 416.1 328.3 354.3 388.1 large-vehicle 0
441.1 350.7 536.2 420.5 523.2 438.2 428.1 368.5 large-vehicle 0
471.1 287.8 499.2 333.9 477.0 347.4 448.9 301.3 large-vehicle 0
537.7 289.3 551.5 286.9 558.2 324.3 544.4 326.7 large-vehicle 0
597.4 323.7 611.2 321.5 621.8 386.6 608.0 388.9 large-vehicle 0
566.3 329.9 579.4 324.9 601.5 382.8 588.4 387.8 large-vehicle 0
534.2 347.8 545.6 339.6 574.8 380.1 563.4 388.3 large-vehicle 0
103.5 717.2 111.0 729.1 35.1 777.3 27.6 765.5 large-vehicle 0
88.3 758.0 96.8 769.2 60.3 797.1 51.8 786.0 large-vehicle 0
128.1 701.7 204.7 786.2 170.6 817.1 94.0 732.6 large-vehicle 0
223.1 645.3 236.5 667.6 179.9 701.6 166.5 679.3 small-vehicle 0
109.6 553.7 127.3 498.4 205.4 523.3 187.7 578.6 large-vehicle 0
45.3 519.4 52.1 548.7 -8.3 562.6 -15.1 533.3 large-vehicle 0
211.2 411.2 225.8 446.3 150.0 477.8 135.5 442.7 large-vehicle 0
393.5 492.4 396.5 538.3 306.7 544.3 303.7 498.4 large-vehicle 0
288.3 614.4 310.9 578.9 349.7 603.7 327.1 639.1 large-vehicle 0
-38.7 598.4 -27.5 557.9 78.5 587.1 67.4 627.6 large-vehicle 0
45.6 394.2 50.8 407.2 4.4 425.8 -0.8 412.8 large-vehicle 0
14.2 339.9 48.2 339.8 48.2 361.8 14.2 361.9 large-vehicle 0
-2.8 380.7 1.0 367.2 60.6 384.4 56.8 397.8 large-vehicle 0
838.0 -7.3 849.9 20.3 815.0 35.3 803.1 7.7 small-vehicle 0
787.6 93.7 796.4 60.8 910.4 91.5 901.5 124.3 large-vehicle 0
784.2 78.0 803.5 67.4 825.6 107.8 806.3 118.3 small-vehicle 0
780.4 76.0 790.3 77.4 784.6 119.0 774.7 117.6 small-vehicle 0
199.2 992.6 212.7 1010.0 182.8 1033.4 169.3 1016.0 small-vehicle 0
535.6 868.4 544.2 884.2 514.4 900.6 505.8 884.8 small-vehicle 0
685.1 808.9 697.9 831.6 664.8 850.3 652.0 827.6 small-vehicle 0
530.4 737.6 544.1 781.5 458.2 808.3 444.5 764.3 large-vehicle 0
714.3 99.8 716.2 125.8 682.3 128.3 680.4 102.3 small-vehicle 0
834.7 458.1 844.6 459.5 836.4 516.9 826.5 515.5 large-vehicle 0
994.3 959.5 1017.4 947.7 1034.7 981.5 1011.6 993.3 small-vehicle 0
983.6 971.2 990.5 963.9 1009.4 981.8 1002.5 989.1 small-vehicle 0
959.2 976.9 965.9 969.5 1000.0 1000.5 993.2 1007.9 small-vehicle 0
928.9 444.8 940.3 485.2 884.5 501.0 873.1 460.6 large-vehicle 0
842.8 456.6 852.1 453.1 872.5 507.4 863.1 510.9 large-vehicle 0
444.8 478.4 448.3 436.6 510.1 441.8 506.6 483.6 large-vehicle 0
592.5 287.3 625.1 260.9 656.6 299.8 623.9 326.2 large-vehicle 0
620.1 214.2 637.3 233.7 602.8 264.1 585.6 244.6 large-vehicle 0
582.7 256.3 591.3 345.9 561.4 348.8 552.8 259.2 large-vehicle 0
498.3 343.0 508.3 343.2 506.7 409.2 496.7 409.0 large-vehicle 0
549.6 360.4 556.6 397.7 511.3 406.2 504.4 368.8 small-vehicle 0
325.5 388.5 332.3 381.2 374.6 421.0 367.8 428.2 large-vehicle 0
361.0 368.8 374.8 366.2 386.0 427.2 372.2 429.8 large-vehicle 0
370.5 328.1 386.4 312.9 409.8 337.5 393.9 352.7 small-vehicle 0
776.7 79.3 781.0 83.4 749.2 116.7 744.8 112.5 small-vehicle 0
993.3 1009.2 1013.7 993.1 1034.7 1019.8 1014.3 1035.9 small-vehicle 0
588.7 967.5 596.6 961.3 639.8 1016.4 631.9 1022.6 large-vehicle 0
818.0 900.1 864.7 882.4 888.1 944.1 841.3 961.8 large-vehicle 0
783.2 816.9 794.5 844.6 748.2 863.6 736.9 835.8 small-vehicle 0
835.1 773.2 871.6 828.2 819.9 862.5 783.4 807.5 large-vehicle 0
830.7 760.8 838.9 785.5 806.6 796.1 798.4 771.5 small-vehicle 0
884.9 776.4 899.7 797.8 865.1 821.6 850.3 800.2 small-vehicle 0
903.1 785.7 913.7 766.4 940.0 780.8 929.4 800.1 small-vehicle 0
950.6 780.6 951.6 758.6 993.6 760.5 992.6 782.5 small-vehicle 0
950.9 607.6 969.1 583.7 1031.2 630.9 1013.0 654.8 large-vehicle 0
869.2 882.3 877.2 876.4 902.1 910.2 894.1 916.1 small-vehicle 0
891.3 880.7 900.1 875.8 918.6 909.0 909.8 913.9 small-vehicle 0
904.4 864.2 922.2 851.3 951.6 891.8 933.8 904.7 small-vehicle 0
946.1 852.5 956.1 851.5 960.8 901.3 950.9 902.2 small-vehicle 0
988.7 875.8 990.8 881.4 962.6 891.7 960.5 886.0 small-vehicle 0
983.2 907.0 999.4 886.6 1029.2 910.2 1013.0 930.6 large-vehicle 0
