939.9 189.7 946.6 202.0 878.1 239.3 871.4 227.0 large-vehicle 0
936.9 216.7 942.2 225.1 873.1 269.3 867.8 260.9 large-vehicle 0
939.3 162.9 945.6 175.5 875.7 210.1 869.4 197.5 large-vehicle 0
918.2 145.2 923.5 158.1 858.7 184.6 853.4 171.6 large-vehicle 0
880.9 28.6 898.3 57.8 834.8 95.8 817.4 66.6 large-vehicle 0
901.4 64.2 907.1 76.9 832.4 110.6 826.6 97.9 large-vehicle 0
906.5 91.0 912.6 103.6 849.5 134.0 843.4 121.4 large-vehicle 0
894.0 113.9 903.1 124.5 840.9 177.9 831.8 167.3 large-vehicle 0
222.2 41.9 249.1 28.5 267.8 66.1 240.9 79.5 small-vehicle 0
208.6 371.5 253.3 382.3 229.4 481.5 184.7 470.7 small-vehicle 0
922.7 564.1 923.4 598.1 877.4 598.9 876.7 564.9 small-vehicle 0
958.1 536.9 963.2 590.6 921.4 594.6 916.3 540.9 small-vehicle 0
997.8 538.0 1007.2 566.5 974.9 577.1 965.5 548.6 small-vehicle 0
