960.9 509.0 964.0 495.4 1036.1 512.0 1033.0 525.6 large-vehicle 0
892.7 482.7 925.5 473.5 955.3 579.3 922.5 588.5 large-vehicle 0
628.9 506.7 632.1 412.8 762.0 417.2 758.8 511.1 large-vehicle 0
525.0 298.1 527.0 284.2 715.0 311.9 713.0 325.8 large-vehicle 0
688.1 307.3 692.1 320.7 552.3 362.7 548.2 349.2 large-vehicle 0
904.1 42.1 920.8 48.8 869.8 177.0 853.1 170.3 large-vehicle 0
878.5 24.9 891.5 30.3 824.3 190.8 811.4 185.4 large-vehicle 0
825.5 31.6 843.1 35.4 810.6 185.9 793.0 182.1 large-vehicle 0
957.5 543.3 957.7 529.3 1031.7 530.6 1031.5 544.6 large-vehicle 0
499.0 389.5 512.4 385.5 545.0 494.8 531.6 498.8 large-vehicle 0
495.2 370.2 509.2 371.5 495.8 516.8 481.8 515.5 large-vehicle 0
461.9 360.9 475.9 360.9 475.1 514.9 461.1 514.9 large-vehicle 0
848.8 852.7 866.5 849.5 879.2 918.3 861.5 921.6 large-vehicle 0
810.1 847.6 827.4 842.6 849.9 921.4 832.6 926.4 large-vehicle 0
784.2 843.3 802.1 844.1 799.0 922.0 781.0 921.3 large-vehicle 0
737.8 842.8 747.2 846.1 720.2 923.5 710.7 920.2 large-vehicle 0
695.7 848.0 709.7 848.0 709.3 930.0 695.3 930.0 large-vehicle 0
643.7 804.0 657.1 800.2 705.3 967.4 691.8 971.2 large-vehicle 0
630.0 824.4 643.8 822.0 665.0 946.2 651.2 948.6 large-vehicle 0
559.7 392.9 589.4 389.0 603.3 494.1 573.5 498.0 large-vehicle 0
613.3 980.4 622.4 960.3 660.7 977.6 651.6 997.7 small-vehicle 0
929.3 39.1 1006.1 25.7 1014.7 74.9 937.9 88.3 small-vehicle 0
