522.7 899.4 523.7 885.5 717.3 898.6 716.3 912.5 large-vehicle 0
700.1 913.8 701.5 927.7 540.3 944.2 538.9 930.2 large-vehicle 0
901.7 627.5 918.8 632.9 872.2 779.7 855.1 774.2 large-vehicle 0
851.5 610.4 869.4 612.2 851.3 793.3 833.4 791.5 large-vehicle 0
825.5 619.6 843.1 623.2 810.5 785.9 792.9 782.4 large-vehicle 0
700.3 407.0 713.9 410.6 678.7 544.0 665.1 540.4 large-vehicle 0
659.1 400.8 673.1 401.3 666.9 551.2 652.9 550.7 large-vehicle 0
224.5 288.1 234.6 259.8 285.5 277.9 275.4 306.2 small-vehicle 0
10.8 300.1 29.1 220.1 187.0 256.3 168.7 336.2 large-vehicle 0
488.5 315.7 496.7 291.0 536.5 304.2 528.4 328.9 small-vehicle 0
361.3 300.3 369.8 280.0 412.3 297.8 403.7 318.1 small-vehicle 0
927.7 639.4 996.5 612.3 1016.3 662.6 947.5 689.7 small-vehicle 0
941.4 522.6 978.9 528.9 972.6 566.4 935.1 560.1 small-vehicle 0
860.5 305.9 867.3 326.8 834.9 337.3 828.2 316.4 small-vehicle 0
