384.6 280.5 395.6 252.6 523.9 303.4 512.9 331.3 large-vehicle 0
392.9 227.9 402.1 212.4 531.1 289.1 521.9 304.6 large-vehicle 0
410.0 145.4 434.8 102.0 558.0 172.6 533.2 216.0 large-vehicle 0
446.7 58.5 484.2 9.2 562.2 68.5 524.7 117.9 large-vehicle 0
11.4 69.0 24.3 33.3 97.6 60.0 84.7 95.7 large-vehicle 0
5.5 141.2 17.7 101.0 73.2 118.0 60.9 158.1 large-vehicle 0
720.7 231.4 740.1 254.2 711.2 278.8 691.8 256.0 small-vehicle 0
737.4 88.3 743.9 59.0 777.1 66.3 770.7 95.6 small-vehicle 0
707.0 311.6 714.1 318.7 695.7 337.1 688.6 330.0 small-vehicle 0
674.5 356.0 679.1 347.1 712.8 364.6 708.2 373.5 small-vehicle 0
656.6 420.9 671.3 394.8 711.4 417.3 696.7 443.5 small-vehicle 0
669.6 379.5 681.7 361.1 710.1 379.8 698.1 398.2 small-vehicle 0
791.0 258.3 805.8 242.1 825.0 259.7 810.2 275.9 large-vehicle 0
818.0 276.6 821.9 281.2 781.0 316.4 777.1 311.8 large-vehicle 0
822.3 311.4 822.7 321.4 776.8 323.2 776.4 313.2 large-vehicle 0
796.7 395.9 797.2 413.9 755.3 415.1 754.8 397.1 large-vehicle 0
781.2 420.3 795.5 446.6 758.6 466.7 744.3 440.3 large-vehicle 0
