719.5 836.7 720.5 786.7 1130.5 795.2 1129.4 845.2 basketball-court 0
257.5 348.2 303.3 352.2 298.6 406.0 252.8 402.0 plane 0
844.4 140.1 877.7 121.7 927.1 210.9 893.9 229.3 plane 0
714.4 196.5 764.7 177.0 804.6 279.5 754.3 299.0 plane 0
590.0 276.0 653.8 238.6 679.1 281.7 615.3 319.1 plane 0
392.8 325.2 434.6 305.9 457.2 354.9 415.5 374.2 plane 0
538.6 199.3 576.6 198.3 578.3 268.3 540.3 269.2 plane 0
453.3 218.8 466.1 254.5 411.5 274.1 398.7 238.4 plane 0
319.1 325.0 358.5 310.5 392.5 402.4 353.1 416.9 plane 0
54.9 616.7 101.8 599.4 128.9 672.5 82.0 689.9 plane 0
92.8 963.7 133.3 974.9 115.7 1038.5 75.2 1027.3 plane 0
31.0 963.2 67.4 974.1 49.5 1033.5 13.1 1022.5 plane 0
818.0 841.1 848.2 959.3 753.2 983.5 723.0 865.3 basketball-court 0
