226.1 781.8 227.8 780.9 228.8 782.6 227.0 783.6 small-vehicle 0
632.8 689.7 647.2 724.9 612.0 739.2 597.6 704.0 small-vehicle 0
127.6 697.0 152.0 706.1 141.5 734.2 117.1 725.1 small-vehicle 0
123.8 864.3 156.5 844.9 175.9 877.6 143.3 897.0 small-vehicle 0
115.2 783.1 121.6 795.5 87.8 812.9 81.4 800.5 small-vehicle 0
107.7 759.7 116.7 775.3 87.3 792.3 78.3 776.7 small-vehicle 0
783.3 1006.2 802.0 994.7 817.8 1020.2 799.0 1031.8 small-vehicle 0
113.1 507.0 114.5 505.6 115.9 507.0 114.5 508.4 small-vehicle 0
91.7 536.5 117.9 521.9 140.3 562.1 114.1 576.7 small-vehicle 0
289.8 65.7 291.0 79.6 249.2 83.3 248.0 69.4 small-vehicle 0
425.0 26.3 428.7 48.0 407.0 51.7 403.3 30.0 small-vehicle 0
80.2 441.2 103.7 411.3 139.8 439.8 116.3 469.7 small-vehicle 0
289.4 473.9 310.3 458.4 344.8 505.0 323.9 520.5 small-vehicle 0
117.1 363.7 146.8 359.6 151.9 397.3 122.2 401.4 small-vehicle 0
255.6 317.6 256.5 295.6 302.4 297.4 301.5 319.4 small-vehicle 0
47.6 356.5 48.3 370.5 6.4 372.5 5.7 358.5 small-vehicle 0
105.1 569.9 130.8 566.4 137.0 612.0 111.3 615.5 small-vehicle 0
358.3 664.6 359.4 666.3 357.7 667.4 356.6 665.7 swimming-pool 0
83.1 51.5 120.7 46.1 128.9 103.5 91.3 108.9 small-vehicle 0
72.6 293.4 118.4 289.8 123.4 351.6 77.6 355.2 large-vehicle 0
108.5 665.4 129.5 650.1 149.5 677.6 128.5 692.9 small-vehicle 0
732.6 18.0 766.8 48.8 741.4 77.0 707.2 46.2 small-vehicle 0
982.6 10.3 989.0 31.4 944.9 44.7 938.6 23.6 small-vehicle 0
936.7 19.0 938.4 41.0 896.5 44.1 894.9 22.2 small-vehicle 0
