898.6 478.4 905.9 494.9 867.4 511.8 860.2 495.3 small-vehicle 0
389.5 977.8 401.8 971.2 417.8 1001.2 405.5 1007.8 small-vehicle 0
437.8 966.5 442.5 970.2 418.9 1000.0 414.2 996.2 small-vehicle 0
318.2 731.3 341.9 720.7 360.8 762.7 337.1 773.3 small-vehicle 0
415.3 428.7 418.4 450.5 289.7 469.0 286.6 447.2 large-vehicle 0
732.2 253.5 772.9 232.3 796.1 276.6 755.3 297.9 small-vehicle 0
746.6 176.3 764.4 179.0 760.4 204.7 742.6 202.0 small-vehicle 0
158.1 7.1 165.9 36.0 121.4 47.9 113.7 18.9 small-vehicle 0
108.8 17.5 110.4 43.5 76.5 45.6 74.8 19.7 small-vehicle 0
898.3 700.7 913.4 721.8 859.7 760.3 844.6 739.2 small-vehicle 0
252.8 409.7 256.6 431.4 223.2 437.3 219.4 415.6 small-vehicle 0
218.8 665.7 222.3 687.4 180.8 694.2 177.3 672.5 small-vehicle 0
360.5 476.5 369.9 411.1 443.1 421.6 433.8 487.0 small-vehicle 0
353.4 334.1 357.5 351.7 308.8 363.0 304.7 345.5 small-vehicle 0
