275.1 551.5 281.6 568.2 242.5 583.4 236.0 566.6 small-vehicle 0
385.5 259.5 394.6 283.9 336.5 305.5 327.4 281.1 small-vehicle 0
338.5 543.4 344.6 560.3 305.2 574.7 299.0 557.8 small-vehicle 0
507.6 623.6 509.9 641.5 464.3 647.4 462.0 629.5 small-vehicle 0
553.2 606.2 557.5 627.8 512.4 636.8 508.1 615.2 small-vehicle 0
420.9 423.3 451.4 445.9 407.3 505.3 376.8 482.7 small-vehicle 0
764.8 98.3 785.3 90.2 802.2 133.0 781.8 141.1 small-vehicle 0
554.0 191.4 561.8 212.0 515.0 229.6 507.2 209.0 small-vehicle 0
394.6 313.2 410.1 338.8 353.7 373.0 338.1 347.3 small-vehicle 0
460.6 505.6 483.2 492.9 501.8 526.0 479.2 538.8 small-vehicle 0
449.9 463.3 466.2 448.5 489.1 473.7 472.8 488.5 small-vehicle 0
