235.1 204.1 238.4 282.0 184.5 284.4 181.1 206.4 large-vehicle 0
207.6 191.5 246.1 208.4 232.4 239.5 193.9 222.6 large-vehicle 0
371.5 951.8 382.9 960.0 335.0 1026.5 323.6 1018.4 large-vehicle 0
420.3 973.5 427.9 980.0 382.7 1033.5 375.1 1027.0 large-vehicle 0
156.0 146.7 172.4 132.0 195.0 157.3 178.6 172.0 small-vehicle 0
390.1 963.1 402.1 970.3 362.3 1037.4 350.3 1030.2 large-vehicle 0
257.7 888.3 274.2 895.6 236.3 981.6 219.8 974.3 large-vehicle 0
230.1 883.9 245.3 893.5 199.3 966.2 184.1 956.6 large-vehicle 0
176.8 124.1 186.0 120.1 199.5 151.3 190.4 155.3 small-vehicle 0
167.4 287.8 203.4 218.6 233.6 234.2 197.6 303.4 small-vehicle 0
96.5 396.6 121.4 403.9 105.1 459.6 80.1 452.2 small-vehicle 0
