715.9 609.6 748.5 619.4 731.7 674.9 699.2 665.1 large-vehicle 0
780.2 333.9 793.5 351.4 683.8 435.1 670.5 417.6 large-vehicle 0
807.0 784.2 814.0 791.4 795.3 809.5 788.4 802.3 large-vehicle 0
760.2 751.7 765.2 738.6 853.0 772.2 848.0 785.3 large-vehicle 0
710.1 762.9 717.3 756.0 759.9 801.1 752.7 808.0 large-vehicle 0
745.9 724.2 755.0 739.7 715.4 763.1 706.2 747.6 large-vehicle 0
812.9 709.8 821.7 720.7 789.1 747.2 780.3 736.3 large-vehicle 0
766.6 683.8 773.8 671.8 823.6 701.4 816.5 713.5 large-vehicle 0
736.2 583.0 741.9 570.2 846.0 616.6 840.3 629.4 large-vehicle 0
707.7 681.1 861.1 617.7 869.5 638.0 716.1 701.5 large-vehicle 0
846.0 542.5 849.8 560.1 718.8 588.3 715.0 570.7 large-vehicle 0
754.3 476.9 772.0 510.5 628.7 586.1 611.0 552.5 large-vehicle 0
429.8 701.2 430.2 619.2 536.2 619.8 535.8 701.8 large-vehicle 0
833.8 821.9 843.8 831.7 761.2 916.1 751.2 906.3 large-vehicle 0
849.9 817.4 851.8 835.3 726.5 848.2 724.6 830.3 large-vehicle 0
566.7 311.5 789.7 586.4 735.3 630.5 512.3 355.6 large-vehicle 0
1005.1 725.9 1013.4 763.0 929.5 781.7 921.2 744.6 large-vehicle 0
988.7 658.5 1008.5 700.1 934.4 735.3 914.7 693.7 large-vehicle 0
924.0 535.0 948.8 542.8 929.0 605.7 904.2 597.9 large-vehicle 0
833.5 471.1 919.7 409.3 967.5 475.9 881.3 537.7 large-vehicle 0
738.3 270.9 747.0 286.7 657.7 336.1 649.0 320.3 large-vehicle 0
755.0 303.6 763.0 319.7 639.3 380.9 631.3 364.8 large-vehicle 0
439.6 544.3 444.7 561.6 304.6 602.6 299.5 585.4 large-vehicle 0
422.0 506.1 428.6 522.9 300.0 572.9 293.4 556.1 large-vehicle 0
372.6 477.2 381.6 492.8 313.9 531.6 305.0 516.0 large-vehicle 0
359.9 448.5 367.0 465.0 299.0 494.3 291.9 477.7 large-vehicle 0
333.7 285.6 348.3 311.8 280.2 349.9 265.6 323.7 large-vehicle 0
747.1 442.4 751.7 455.6 696.9 474.6 692.3 461.4 small-vehicle 0
686.7 407.7 812.6 411.7 811.8 437.7 685.8 433.7 large-vehicle 0
452.8 364.4 454.7 422.3 392.7 424.3 390.8 366.4 large-vehicle 0
35.8 303.2 64.1 277.9 92.1 309.2 63.7 334.5 small-vehicle 0
1000.4 784.3 1012.6 802.6 957.8 839.3 945.6 821.0 large-vehicle 0
446.6 667.8 447.4 677.8 401.6 681.7 400.7 671.7 small-vehicle 0
444.1 677.4 453.9 697.0 409.3 719.5 399.4 699.8 small-vehicle 0
361.5 394.1 371.9 408.8 275.5 476.9 265.1 462.2 large-vehicle 0
