429.9 58.4 437.4 79.0 394.3 94.9 386.7 74.3 small-vehicle 0
264.9 18.3 265.1 -3.7 307.1 -3.3 306.9 18.7 small-vehicle 0
329.8 70.8 339.0 107.6 271.1 124.6 261.8 87.7 small-vehicle 0
154.8 118.9 172.9 147.7 134.0 172.2 115.9 143.4 small-vehicle 0
281.9 506.3 358.5 445.2 369.8 459.3 293.1 520.4 large-vehicle 0
109.2 784.0 118.7 787.2 89.0 876.3 79.5 873.2 large-vehicle 0
160.1 809.6 174.0 831.6 67.5 898.9 53.6 876.9 large-vehicle 0
351.1 872.7 353.8 859.0 449.9 878.3 447.2 892.0 large-vehicle 0
450.0 876.6 455.4 889.5 365.0 927.4 359.6 914.5 large-vehicle 0
469.9 917.3 471.8 931.2 355.0 947.9 353.0 934.0 large-vehicle 0
434.2 941.6 444.9 950.6 430.8 967.4 420.1 958.4 large-vehicle 0
397.3 982.5 408.0 963.2 444.7 983.5 434.0 1002.8 large-vehicle 0
884.9 1013.0 886.7 1012.2 887.6 1014.1 885.7 1014.9 large-vehicle 0
844.8 938.8 853.3 943.9 821.5 997.1 812.9 992.0 large-vehicle 0
822.0 988.8 826.2 979.8 857.0 994.2 852.8 1003.2 large-vehicle 0
82.6 729.6 83.7 731.3 82.0 732.4 80.9 730.7 large-vehicle 0
365.3 434.8 369.9 448.1 277.2 480.0 272.6 466.8 large-vehicle 0
362.7 414.4 365.2 428.2 276.7 444.4 274.2 430.6 large-vehicle 0
105.6 99.4 142.3 65.5 176.2 102.3 139.4 136.2 large-vehicle 0
742.6 116.5 770.0 167.6 651.9 230.9 624.5 179.8 large-vehicle 0
746.0 208.3 767.7 279.0 674.0 307.7 652.3 237.0 large-vehicle 0
792.2 343.9 816.3 409.6 686.8 457.1 662.7 391.4 large-vehicle 0
245.0 340.7 324.8 270.8 339.3 287.4 259.5 357.3 large-vehicle 0
343.2 256.4 347.7 269.6 228.4 310.3 223.9 297.0 large-vehicle 0
351.8 343.6 355.1 357.1 252.2 382.4 248.9 368.9 large-vehicle 0
351.7 368.4 356.7 381.5 261.3 417.6 256.3 404.5 large-vehicle 0
921.6 444.3 974.3 567.5 865.8 613.9 813.1 490.7 small-vehicle 0
