140.5 -5.5 158.8 32.3 85.0 68.0 66.7 30.3 large-vehicle 0
455.7 23.2 460.8 36.3 343.3 81.8 338.2 68.7 large-vehicle 0
446.3 53.1 452.2 65.8 366.7 104.9 360.8 92.2 large-vehicle 0
462.3 78.9 468.1 91.6 360.6 140.3 354.8 127.5 large-vehicle 0
460.3 107.2 467.2 119.4 402.7 155.8 395.8 143.6 large-vehicle 0
476.5 131.8 480.3 141.0 363.5 188.2 359.7 179.0 large-vehicle 0
444.0 191.5 465.2 218.1 419.8 254.2 398.6 227.6 large-vehicle 0
883.9 190.2 885.5 189.2 886.6 190.9 884.9 191.9 large-vehicle 0
848.4 127.9 854.0 136.2 815.9 162.0 810.3 153.7 large-vehicle 0
859.0 150.2 864.2 158.7 818.0 186.8 812.8 178.3 large-vehicle 0
605.8 636.3 653.1 770.2 572.0 798.8 524.7 664.9 large-vehicle 0
