1018.1 260.2 1030.3 273.4 1008.3 293.8 996.1 280.6 small-vehicle 0
981.1 280.3 996.0 296.5 973.9 316.7 959.0 300.5 small-vehicle 0
959.5 852.9 989.0 847.7 995.5 885.1 966.0 890.3 small-vehicle 0
876.4 551.5 892.3 572.1 868.6 590.5 852.7 569.9 small-vehicle 0
913.3 600.9 928.4 622.1 887.7 651.1 872.6 629.9 small-vehicle 0
938.0 866.5 951.7 869.4 943.0 910.5 929.3 907.6 small-vehicle 0
819.6 625.5 832.5 643.3 795.3 670.3 782.4 652.5 small-vehicle 0
860.6 1010.6 863.9 1024.2 834.7 1031.1 831.4 1017.5 small-vehicle 0
733.9 997.7 735.9 971.8 761.8 973.8 759.8 999.7 small-vehicle 0
898.5 886.6 920.2 889.9 914.5 927.4 892.8 924.1 small-vehicle 0
938.9 958.7 951.9 976.5 918.1 1001.3 905.1 983.5 small-vehicle 0
949.1 987.6 954.4 996.1 932.3 1009.7 927.0 1001.2 small-vehicle 0
959.1 1004.9 964.1 1026.3 934.9 1033.1 929.9 1011.7 small-vehicle 0
989.7 989.3 995.5 997.4 977.5 1010.1 971.7 1002.0 small-vehicle 0
985.4 960.6 999.7 982.3 964.6 1005.4 950.3 983.7 small-vehicle 0
931.7 621.0 937.4 629.2 883.3 667.0 877.6 658.8 small-vehicle 0
835.3 662.6 851.3 688.0 815.7 710.4 799.7 685.0 small-vehicle 0
431.6 669.3 442.9 683.3 422.6 699.6 411.3 685.6 small-vehicle 0
539.7 775.3 545.4 783.6 517.3 802.7 511.6 794.4 small-vehicle 0
588.7 750.4 594.1 758.9 555.3 783.6 549.9 775.1 small-vehicle 0
570.9 723.6 587.6 743.5 552.4 773.1 535.7 753.2 small-vehicle 0
556.2 687.3 572.8 717.0 529.2 741.4 512.6 711.8 small-vehicle 0
397.0 687.9 410.3 705.4 389.6 721.1 376.3 703.6 small-vehicle 0
527.7 729.3 539.5 747.9 497.3 774.7 485.5 756.1 small-vehicle 0
460.8 650.4 473.6 663.1 455.2 681.6 442.4 668.9 small-vehicle 0
597.2 778.5 616.3 801.6 577.8 833.5 558.7 810.4 small-vehicle 0
529.6 606.2 543.6 623.1 517.4 644.8 503.4 627.9 small-vehicle 0
76.6 117.2 94.5 141.3 64.0 164.0 46.1 139.9 small-vehicle 0
137.1 85.8 152.8 111.4 123.9 129.2 108.2 103.6 small-vehicle 0
188.2 61.7 198.9 76.2 158.7 105.9 148.0 91.5 small-vehicle 0
163.5 15.7 176.6 33.3 136.4 63.2 123.3 45.5 small-vehicle 0
222.7 36.8 237.6 58.1 203.3 82.2 188.3 60.9 small-vehicle 0
553.5 788.1 559.4 796.1 525.5 820.9 519.6 812.9 small-vehicle 0
427.7 749.1 448.5 770.7 418.3 799.9 397.5 778.3 small-vehicle 0
795.6 679.5 815.5 711.9 793.4 725.5 773.5 693.1 small-vehicle 0
729.6 722.2 735.3 730.3 684.4 765.8 678.7 757.7 small-vehicle 0
782.5 656.4 788.2 664.6 763.5 681.6 757.8 673.4 small-vehicle 0
776.9 630.4 783.8 637.6 750.5 669.3 743.6 662.1 small-vehicle 0
759.2 591.6 771.5 609.8 736.8 633.4 724.5 615.2 small-vehicle 0
699.6 672.5 704.6 681.1 668.4 702.5 663.4 693.9 small-vehicle 0
707.7 689.7 713.2 698.1 671.5 725.6 666.0 717.3 small-vehicle 0
714.5 708.2 720.4 716.2 683.3 743.4 677.4 735.3 small-vehicle 0
671.8 731.3 677.0 739.8 654.8 753.4 649.6 744.9 small-vehicle 0
405.0 781.9 423.7 810.3 385.2 835.5 366.5 807.1 small-vehicle 0
655.4 707.4 671.8 727.6 648.6 746.6 632.2 726.4 small-vehicle 0
653.5 674.1 658.4 682.8 618.4 705.5 613.5 696.8 small-vehicle 0
636.7 648.7 650.7 670.6 615.3 693.3 601.3 671.4 small-vehicle 0
476.8 840.2 491.9 861.4 454.4 888.1 439.3 867.0 small-vehicle 0
417.7 827.6 433.0 848.6 408.7 866.2 393.4 845.2 small-vehicle 0
447.3 785.7 463.7 805.9 428.0 835.0 411.6 814.8 small-vehicle 0
305.8 801.1 319.4 818.4 283.2 846.9 269.6 829.6 small-vehicle 0
388.2 972.9 412.0 1002.5 382.4 1026.3 358.6 996.7 small-vehicle 0
331.9 848.7 337.6 856.8 296.7 885.6 291.0 877.4 small-vehicle 0
340.6 868.0 346.6 875.9 316.4 899.0 310.4 891.1 small-vehicle 0
142.3 846.5 156.6 863.2 124.7 890.5 110.4 873.8 small-vehicle 0
253.7 772.4 272.1 790.7 245.3 817.6 226.9 799.3 small-vehicle 0
490.8 938.2 500.2 953.5 457.6 979.6 448.2 964.3 small-vehicle 0
509.7 984.5 524.7 1019.5 486.0 1036.0 471.1 1001.1 small-vehicle 0
259.0 25.2 273.5 41.8 245.0 66.8 230.5 50.2 small-vehicle 0
