763.0 100.2 776.4 112.2 663.0 238.8 649.6 226.8 large-vehicle 0
790.7 121.0 804.3 132.8 694.8 257.7 681.3 245.8 large-vehicle 0
853.3 153.2 866.6 165.3 741.0 302.5 727.7 290.4 large-vehicle 0
876.5 177.0 889.8 189.2 769.7 320.6 756.5 308.4 large-vehicle 0
898.2 202.0 911.7 213.8 805.5 336.0 791.9 324.2 large-vehicle 0
945.8 243.4 970.7 266.6 868.2 376.2 843.4 353.0 large-vehicle 0
588.8 375.7 615.1 397.3 585.9 432.8 559.6 411.2 small-vehicle 0
106.3 13.2 129.1 32.7 96.7 70.8 73.9 51.3 small-vehicle 0
182.8 73.0 190.8 79.0 163.2 115.8 155.2 109.8 small-vehicle 0
204.9 86.7 212.3 93.5 178.4 130.2 171.0 123.4 small-vehicle 0
410.0 370.7 424.9 386.9 388.1 420.8 373.2 404.6 small-vehicle 0
369.5 352.6 377.4 358.8 354.2 388.8 346.3 382.7 small-vehicle 0
353.7 340.5 361.2 347.1 333.3 378.5 325.8 371.9 small-vehicle 0
337.2 324.8 344.8 331.3 314.8 366.2 307.2 359.7 small-vehicle 0
245.8 264.0 283.3 282.9 264.5 320.4 226.9 301.6 small-vehicle 0
450.7 272.3 467.4 286.6 437.4 321.5 420.7 307.2 small-vehicle 0
437.5 262.4 444.8 269.2 410.5 305.6 403.2 298.8 small-vehicle 0
372.1 210.9 402.8 239.6 371.5 273.2 340.8 244.6 small-vehicle 0
333.0 184.4 365.8 210.7 337.0 246.6 304.2 220.3 small-vehicle 0
220.3 103.5 227.8 110.1 194.7 147.5 187.2 140.9 small-vehicle 0
239.9 111.7 247.5 118.2 215.1 156.3 207.5 149.8 small-vehicle 0
189.0 221.2 195.9 228.4 168.2 254.5 161.4 247.2 small-vehicle 0
170.6 204.1 178.3 210.4 154.4 239.9 146.6 233.6 small-vehicle 0
149.3 192.9 157.3 199.0 136.7 226.1 128.7 220.0 small-vehicle 0
127.7 180.8 136.8 184.9 124.3 212.2 115.2 208.1 small-vehicle 0
94.9 150.4 110.3 166.1 83.1 192.6 67.7 176.9 small-vehicle 0
