1138.3 184.6 1144.1 197.3 818.6 346.4 812.8 333.7 basketball-court 0
791.4 220.7 792.9 206.8 1152.9 245.5 1151.4 259.4 basketball-court 0
1149.5 181.5 1150.5 195.5 781.5 221.5 780.5 207.5 basketball-court 0
723.6 965.7 843.6 654.0 1196.3 789.7 1076.3 1101.4 soccer-ball-field 0
725.5 1046.3 824.0 615.4 1192.5 699.7 1094.0 1130.6 ground-track-field 0
657.2 761.9 658.1 719.9 752.0 721.9 751.2 763.9 plane 0
738.3 629.7 745.4 671.0 644.9 688.4 637.8 647.0 plane 0
598.8 476.8 616.8 458.0 699.1 536.9 681.1 555.7 plane 0
580.2 426.1 661.3 378.6 686.6 421.7 605.5 469.2 plane 0
588.8 146.4 610.4 167.2 556.4 223.4 534.7 202.6 plane 0
519.9 89.1 536.3 68.9 603.1 123.1 586.7 143.3 plane 0
494.9 35.5 502.8 -1.7 590.8 16.9 583.0 54.0 plane 0
1140.6 208.5 1146.9 220.9 831.4 381.5 825.1 369.1 basketball-court 0
