485.3 668.8 495.3 667.5 498.7 693.2 488.7 694.5 small-vehicle 0
334.9 660.6 344.8 659.0 352.1 704.4 342.2 706.0 small-vehicle 0
355.6 667.9 365.6 667.2 367.4 693.1 357.4 693.8 small-vehicle 0
375.3 668.1 385.3 667.9 385.7 693.9 375.7 694.1 small-vehicle 0
393.8 667.6 403.8 667.4 404.2 693.4 394.2 693.6 small-vehicle 0
406.7 669.3 428.7 668.7 429.3 694.7 407.3 695.3 small-vehicle 0
430.9 669.9 440.9 670.2 440.1 696.1 430.1 695.8 small-vehicle 0
451.7 669.4 461.6 671.0 457.3 696.6 447.4 695.0 small-vehicle 0
467.4 670.0 477.4 669.1 479.6 695.0 469.6 695.9 small-vehicle 0
507.0 668.4 516.9 669.9 513.0 695.6 503.1 694.1 small-vehicle 0
299.0 668.7 308.9 668.3 310.0 694.3 300.1 694.7 small-vehicle 0
523.1 668.9 533.1 668.2 534.9 694.1 524.9 694.8 small-vehicle 0
545.6 668.7 555.3 671.0 549.4 696.3 539.7 694.0 small-vehicle 0
561.8 668.7 571.8 669.3 570.2 695.3 560.2 694.7 small-vehicle 0
577.3 669.8 587.2 668.5 590.7 694.2 580.8 695.5 small-vehicle 0
597.8 668.3 607.8 667.8 609.2 693.7 599.2 694.2 small-vehicle 0
624.6 671.4 629.8 674.2 619.4 693.6 614.2 690.8 small-vehicle 0
634.1 669.0 644.1 669.0 643.9 695.0 633.9 695.0 small-vehicle 0
653.2 669.7 663.2 670.3 661.8 696.3 651.8 695.7 small-vehicle 0
317.7 667.8 327.7 667.2 329.3 693.2 319.3 693.8 small-vehicle 0
283.6 666.9 293.5 668.5 289.4 694.1 279.5 692.5 small-vehicle 0
692.6 668.3 702.4 670.2 697.4 695.7 687.6 693.8 small-vehicle 0
649.5 522.5 659.3 520.9 663.5 546.5 653.7 548.1 small-vehicle 0
500.4 509.7 510.3 508.6 515.6 558.3 505.7 559.4 small-vehicle 0
525.5 511.6 535.4 512.8 529.5 558.4 519.6 557.2 small-vehicle 0
539.3 521.5 549.2 520.6 551.7 546.5 541.8 547.4 small-vehicle 0
557.7 521.8 567.7 521.2 569.3 547.2 559.3 547.8 small-vehicle 0
581.6 521.1 591.3 523.8 584.4 548.9 574.7 546.2 small-vehicle 0
594.7 522.6 604.6 521.6 607.3 547.4 597.4 548.4 small-vehicle 0
613.0 522.0 622.8 520.4 627.0 546.0 617.2 547.6 small-vehicle 0
637.2 521.6 646.8 524.3 639.8 549.4 630.2 546.7 small-vehicle 0
672.0 521.5 681.9 522.7 679.0 548.5 669.1 547.3 small-vehicle 0
262.5 666.5 272.5 666.5 272.5 692.5 262.5 692.5 small-vehicle 0
686.6 512.1 696.6 511.1 701.4 556.9 691.4 557.9 small-vehicle 0
706.6 521.7 716.6 521.3 717.4 547.3 707.4 547.7 small-vehicle 0
721.9 512.7 731.8 511.6 737.1 557.3 727.2 558.4 small-vehicle 0
743.9 522.8 753.9 522.3 755.1 548.2 745.1 548.7 small-vehicle 0
751.5 516.2 777.2 512.3 783.5 553.8 757.8 557.7 small-vehicle 0
206.5 669.2 216.5 668.8 217.5 694.8 207.5 695.2 small-vehicle 0
226.5 669.5 236.4 670.6 233.5 696.5 223.6 695.4 small-vehicle 0
241.4 670.3 251.2 668.2 256.6 693.7 246.8 695.8 small-vehicle 0
668.8 669.9 678.5 667.7 684.2 693.1 674.5 695.3 small-vehicle 0
706.3 668.8 716.2 667.4 719.7 693.2 709.8 694.6 small-vehicle 0
465.9 521.5 475.9 521.5 476.1 547.5 466.1 547.5 small-vehicle 0
712.8 703.2 722.5 705.6 716.2 730.8 706.5 728.4 small-vehicle 0
558.6 704.4 568.6 703.7 570.4 729.6 560.4 730.3 small-vehicle 0
580.3 704.4 590.3 704.6 589.7 730.6 579.7 730.4 small-vehicle 0
597.0 693.2 607.0 692.8 609.0 742.8 599.0 743.2 small-vehicle 0
615.3 706.5 625.3 705.6 627.7 731.5 617.7 732.4 small-vehicle 0
634.8 704.9 644.8 705.1 644.2 731.1 634.2 730.9 small-vehicle 0
650.5 707.0 660.0 704.1 667.5 729.0 658.0 731.9 small-vehicle 0
672.0 705.3 682.0 705.7 681.0 731.7 671.0 731.3 small-vehicle 0
687.5 706.1 697.3 704.3 701.5 725.9 691.7 727.7 small-vehicle 0
727.5 703.3 737.5 703.7 736.5 729.7 726.5 729.3 small-vehicle 0
521.9 693.4 531.8 692.0 538.1 737.6 528.2 739.0 small-vehicle 0
741.4 706.2 751.1 703.7 757.6 728.8 747.9 731.3 small-vehicle 0
762.6 703.9 772.6 703.2 774.4 729.1 764.4 729.8 small-vehicle 0
783.4 702.7 800.3 708.8 791.6 733.3 774.7 727.2 small-vehicle 0
207.2 814.3 217.2 813.7 218.8 839.7 208.8 840.3 small-vehicle 0
225.4 813.2 235.3 812.0 238.6 837.8 228.7 839.0 small-vehicle 0
243.3 813.5 253.3 812.6 255.7 838.5 245.7 839.4 small-vehicle 0
260.8 813.1 270.6 811.3 275.2 836.9 265.4 838.7 small-vehicle 0
286.1 811.1 295.5 814.4 286.9 838.9 277.5 835.6 small-vehicle 0
544.0 703.9 553.8 705.4 550.0 731.1 540.2 729.6 small-vehicle 0
505.8 692.9 515.8 693.1 515.2 743.1 505.2 742.9 small-vehicle 0
726.8 668.4 736.8 668.6 736.2 694.6 726.2 694.4 small-vehicle 0
298.8 704.1 308.8 703.9 309.2 729.9 299.2 730.1 small-vehicle 0
743.8 670.3 753.7 668.9 757.2 694.7 747.3 696.1 small-vehicle 0
762.1 667.4 772.0 665.9 775.9 691.6 766.0 693.1 small-vehicle 0
781.6 666.7 802.5 673.6 794.4 698.3 773.5 691.4 small-vehicle 0
203.9 707.3 213.7 705.3 219.1 730.7 209.3 732.7 small-vehicle 0
227.6 706.3 237.4 708.2 232.4 733.7 222.6 731.8 small-vehicle 0
242.2 705.8 252.1 704.4 255.8 730.2 245.9 731.6 small-vehicle 0
263.2 703.6 273.1 704.5 270.8 730.4 260.9 729.5 small-vehicle 0
284.1 702.2 293.8 704.5 287.9 729.8 278.2 727.5 small-vehicle 0
319.3 703.4 329.3 703.6 328.7 729.6 318.7 729.4 small-vehicle 0
485.6 693.2 495.6 692.8 497.4 742.8 487.4 743.2 small-vehicle 0
339.6 703.6 349.6 704.5 347.4 730.4 337.4 729.5 small-vehicle 0
356.8 703.4 366.8 703.6 366.2 729.6 356.2 729.4 small-vehicle 0
373.9 705.0 383.9 704.1 386.1 730.0 376.1 730.9 small-vehicle 0
392.4 705.5 402.3 704.6 404.6 730.5 394.7 731.4 small-vehicle 0
411.8 693.3 421.8 692.8 424.2 742.7 414.2 743.2 small-vehicle 0
428.5 693.0 438.4 692.2 442.5 742.0 432.6 742.8 small-vehicle 0
454.6 705.9 463.5 710.5 453.4 730.1 444.5 725.5 small-vehicle 0
466.5 705.7 476.5 705.3 477.5 731.3 467.5 731.7 small-vehicle 0
484.8 511.5 494.8 511.5 495.2 557.5 485.2 557.5 small-vehicle 0
440.5 523.5 462.3 520.7 465.5 546.5 443.7 549.3 small-vehicle 0
205.1 484.1 215.0 483.0 217.9 508.9 208.0 510.0 small-vehicle 0
225.7 483.9 235.7 484.1 235.3 510.1 225.3 509.9 small-vehicle 0
431.8 521.8 441.6 523.5 437.2 549.2 427.4 547.5 small-vehicle 0
244.1 522.1 254.1 523.0 251.9 548.9 241.9 548.0 small-vehicle 0
670.1 481.8 680.1 482.2 678.9 508.2 668.9 507.8 small-vehicle 0
688.7 481.6 698.7 481.4 699.3 507.4 689.3 507.6 small-vehicle 0
706.7 481.9 716.7 482.1 716.3 508.1 706.3 507.9 small-vehicle 0
725.4 483.3 735.4 482.8 736.6 508.7 726.6 509.2 small-vehicle 0
744.7 482.4 754.7 482.6 754.3 508.6 744.3 508.4 small-vehicle 0
756.2 483.3 778.2 482.7 778.8 508.7 756.8 509.3 small-vehicle 0
207.1 514.8 217.1 515.3 214.9 557.2 204.9 556.7 small-vehicle 0
222.0 524.5 231.5 521.6 239.0 546.5 229.5 549.4 small-vehicle 0
262.1 522.7 272.1 522.4 272.9 548.3 262.9 548.6 small-vehicle 0
639.2 479.6 648.2 484.0 636.8 507.4 627.8 503.0 small-vehicle 0
278.5 513.0 288.5 512.2 292.5 558.0 282.5 558.8 small-vehicle 0
291.8 523.6 313.6 520.6 317.2 546.4 295.4 549.4 small-vehicle 0
317.8 522.1 327.8 521.9 328.2 547.9 318.2 548.1 small-vehicle 0
336.3 523.5 346.3 522.6 348.7 548.5 338.7 549.4 small-vehicle 0
353.9 512.2 363.9 511.1 369.1 556.8 359.1 557.9 small-vehicle 0
375.4 510.3 385.4 510.8 382.6 560.7 372.6 560.2 small-vehicle 0
392.6 522.3 402.6 522.7 401.4 548.7 391.4 548.3 small-vehicle 0
408.5 524.0 418.3 522.4 422.5 548.0 412.7 549.6 small-vehicle 0
648.9 483.5 658.8 481.8 663.1 507.5 653.2 509.2 small-vehicle 0
611.4 479.4 621.3 477.9 625.6 507.6 615.7 509.1 small-vehicle 0
244.0 484.7 254.0 484.3 255.0 510.3 245.0 510.7 small-vehicle 0
406.7 471.4 416.6 470.1 423.3 519.6 413.4 520.9 small-vehicle 0
260.2 485.5 269.9 483.2 275.8 508.5 266.1 510.8 small-vehicle 0
282.1 482.3 292.1 482.8 290.9 508.7 280.9 508.2 small-vehicle 0
298.5 482.7 308.4 481.5 311.5 507.3 301.6 508.5 small-vehicle 0
320.6 479.2 330.6 479.9 328.4 509.8 318.4 509.1 small-vehicle 0
340.6 481.6 350.2 484.3 343.4 509.4 333.8 506.7 small-vehicle 0
354.5 484.2 364.5 483.0 367.5 508.8 357.5 510.0 small-vehicle 0
375.2 482.7 385.2 483.3 383.8 509.3 373.8 508.7 small-vehicle 0
403.5 483.2 408.5 486.4 392.5 511.8 387.5 508.6 small-vehicle 0
426.7 483.1 436.7 482.1 439.3 507.9 429.3 508.9 small-vehicle 0
596.1 482.7 606.1 482.4 606.9 508.3 596.9 508.6 small-vehicle 0
446.7 482.1 456.7 481.9 457.3 507.9 447.3 508.1 small-vehicle 0
463.8 483.0 473.7 481.3 478.2 507.0 468.3 508.7 small-vehicle 0
484.5 482.0 494.5 482.0 494.5 508.0 484.5 508.0 small-vehicle 0
502.6 482.9 512.6 482.2 514.4 508.1 504.4 508.8 small-vehicle 0
521.4 482.7 531.4 482.3 532.6 508.3 522.6 508.7 small-vehicle 0
536.6 482.2 546.4 480.3 551.4 505.8 541.6 507.7 small-vehicle 0
559.2 482.4 569.2 482.6 568.8 508.6 558.8 508.4 small-vehicle 0
573.1 483.7 582.4 480.1 591.9 504.3 582.6 507.9 small-vehicle 0
298.8 813.1 308.7 811.3 313.2 836.9 303.3 838.7 small-vehicle 0
317.3 811.0 327.3 810.1 329.7 836.0 319.7 836.9 small-vehicle 0
339.5 810.8 349.3 812.6 344.5 838.2 334.7 836.4 small-vehicle 0
357.0 810.3 367.0 810.7 366.0 836.7 356.0 836.3 small-vehicle 0
741.1 965.6 759.0 963.6 761.9 989.4 744.0 991.4 small-vehicle 0
599.7 963.7 609.7 964.3 608.3 990.3 598.3 989.7 small-vehicle 0
614.7 956.0 624.7 955.1 628.3 997.0 618.3 997.9 small-vehicle 0
634.2 960.5 644.0 958.9 648.8 988.5 639.0 990.1 small-vehicle 0
648.7 958.3 658.2 955.4 669.3 991.7 659.8 994.6 small-vehicle 0
674.0 955.1 683.9 956.1 680.0 993.9 670.1 992.9 small-vehicle 0
692.5 949.8 702.5 950.2 700.5 1000.2 690.5 999.8 small-vehicle 0
705.8 964.6 715.2 961.1 724.2 985.4 714.8 988.9 small-vehicle 0
730.0 961.5 739.9 962.6 737.0 988.5 727.1 987.4 small-vehicle 0
765.7 963.3 775.6 963.8 774.3 989.7 764.4 989.2 small-vehicle 0
559.1 962.6 569.0 961.6 571.9 991.4 562.0 992.4 small-vehicle 0
779.6 962.3 801.5 965.0 797.4 998.7 775.5 996.0 small-vehicle 0
573.4 965.3 582.3 960.8 595.6 987.7 586.7 992.2 small-vehicle 0
541.2 965.9 551.1 964.4 554.8 990.1 544.9 991.6 small-vehicle 0
524.6 956.2 534.6 956.9 531.4 998.8 521.4 998.1 small-vehicle 0
484.0 966.7 493.9 965.5 497.0 991.3 487.1 992.5 small-vehicle 0
503.4 966.0 513.3 965.1 515.6 991.0 505.7 991.9 small-vehicle 0
261.2 844.2 271.1 843.1 275.8 884.8 265.9 885.9 small-vehicle 0
779.8 814.1 797.8 813.9 798.2 835.9 780.2 836.1 small-vehicle 0
731.8 861.3 733.7 861.8 733.2 863.7 731.3 863.2 small-vehicle 0
750.9 852.9 756.9 853.1 756.1 879.1 750.1 878.9 small-vehicle 0
761.5 852.6 771.2 850.2 777.5 875.4 767.8 877.8 small-vehicle 0
780.0 849.2 801.7 853.2 797.0 878.8 775.3 874.8 small-vehicle 0
206.5 852.2 216.4 851.0 219.5 876.8 209.6 878.0 small-vehicle 0
224.1 839.8 234.0 838.6 239.9 888.2 230.0 889.4 small-vehicle 0
242.9 839.4 252.8 838.7 256.1 888.6 246.2 889.3 small-vehicle 0
276.8 841.6 286.6 840.0 294.2 885.4 284.4 887.0 small-vehicle 0
739.3 812.9 756.9 809.6 761.7 835.1 744.1 838.4 small-vehicle 0
297.8 838.7 307.7 837.6 313.2 887.3 303.3 888.4 small-vehicle 0
320.8 850.1 330.8 851.1 328.2 876.9 318.2 875.9 small-vehicle 0
335.7 852.8 345.3 850.1 352.3 875.2 342.7 877.9 small-vehicle 0
356.3 850.3 366.2 849.7 367.7 875.7 357.8 876.3 small-vehicle 0
376.2 851.1 386.2 850.9 386.8 876.9 376.8 877.1 small-vehicle 0
391.0 852.0 400.9 850.4 405.0 876.0 395.1 877.6 small-vehicle 0
411.7 849.6 421.6 848.6 424.3 874.4 414.4 875.4 small-vehicle 0
431.4 850.2 441.4 850.9 439.6 876.8 429.6 876.1 small-vehicle 0
761.8 812.9 775.8 813.1 775.2 839.1 761.2 838.9 small-vehicle 0
725.5 809.0 743.4 811.3 739.5 841.0 721.6 838.7 small-vehicle 0
524.4 816.8 534.4 817.2 533.6 839.2 523.6 838.8 small-vehicle 0
374.3 813.9 384.3 814.1 383.7 840.1 373.7 839.9 small-vehicle 0
394.5 811.3 404.5 811.7 403.5 837.7 393.5 837.3 small-vehicle 0
409.7 811.6 419.6 809.8 424.3 835.4 414.4 837.2 small-vehicle 0
431.0 810.3 441.0 810.7 440.0 836.7 430.0 836.3 small-vehicle 0
449.3 813.4 459.3 813.6 458.7 839.6 448.7 839.4 small-vehicle 0
466.6 814.2 476.5 813.0 479.4 838.8 469.5 840.0 small-vehicle 0
486.1 817.2 496.1 816.8 496.9 838.8 486.9 839.2 small-vehicle 0
507.6 816.2 517.3 818.4 512.4 839.8 502.7 837.6 small-vehicle 0
538.0 806.6 547.7 804.4 557.0 845.4 547.3 847.6 small-vehicle 0
713.2 811.6 722.8 814.3 715.8 839.4 706.2 836.7 small-vehicle 0
563.9 804.1 573.8 805.2 569.1 846.9 559.2 845.8 small-vehicle 0
579.4 811.5 589.4 811.5 589.6 837.5 579.6 837.5 small-vehicle 0
597.3 811.8 607.2 810.4 610.7 836.2 600.8 837.6 small-vehicle 0
620.8 809.2 630.5 811.6 624.2 836.8 614.5 834.4 small-vehicle 0
636.4 805.2 646.4 805.8 644.6 835.8 634.6 835.2 small-vehicle 0
658.1 811.1 667.7 814.1 659.9 838.9 650.3 835.9 small-vehicle 0
668.1 814.1 686.0 812.1 688.9 837.9 671.0 839.9 small-vehicle 0
691.8 811.4 701.8 811.6 701.2 837.6 691.2 837.4 small-vehicle 0
444.8 843.7 454.7 841.9 462.2 883.3 452.3 885.1 small-vehicle 0
467.8 842.4 477.8 842.6 477.2 884.6 467.2 884.4 small-vehicle 0
486.8 844.7 496.7 845.3 494.2 887.3 484.3 886.7 small-vehicle 0
375.5 952.5 385.5 952.5 385.5 998.5 375.5 998.5 small-vehicle 0
391.6 960.9 413.1 965.7 407.4 991.1 385.9 986.3 small-vehicle 0
410.3 968.1 428.0 971.1 425.7 984.9 408.0 981.9 small-vehicle 0
423.8 962.8 436.8 957.5 448.2 985.2 435.2 990.5 small-vehicle 0
453.4 962.1 462.9 965.3 454.6 989.9 445.1 986.7 small-vehicle 0
470.1 963.3 479.9 965.2 474.9 990.7 465.1 988.8 small-vehicle 0
511.3 840.9 520.9 843.5 510.7 880.1 501.1 877.5 small-vehicle 0
358.0 962.1 368.0 962.9 366.0 988.9 356.0 988.1 small-vehicle 0
331.2 963.7 348.2 957.8 356.8 982.3 339.8 988.2 small-vehicle 0
321.6 953.8 331.6 954.3 329.4 996.2 319.4 995.7 small-vehicle 0
303.9 962.0 313.9 963.1 311.1 989.0 301.1 987.9 small-vehicle 0
520.0 843.4 529.8 841.4 538.0 882.6 528.2 884.6 small-vehicle 0
544.2 848.8 554.1 850.5 549.8 876.2 539.9 874.5 small-vehicle 0
562.9 847.3 572.7 849.1 568.1 874.7 558.3 872.9 small-vehicle 0
580.1 848.4 590.1 847.7 591.9 873.6 581.9 874.3 small-vehicle 0
597.8 850.1 607.8 849.9 608.2 875.9 598.2 876.1 small-vehicle 0
615.9 849.3 625.9 848.8 627.1 874.7 617.1 875.2 small-vehicle 0
633.2 848.0 643.2 847.1 645.8 877.0 635.8 877.9 small-vehicle 0
653.7 849.4 663.7 849.6 663.3 875.6 653.3 875.4 small-vehicle 0
663.3 854.1 683.9 846.3 691.7 866.9 671.1 874.7 small-vehicle 0
691.9 848.9 701.9 849.2 701.1 875.1 691.1 874.8 small-vehicle 0
709.0 837.5 719.0 837.5 719.0 887.5 709.0 887.5 small-vehicle 0
193.6 961.7 203.2 964.3 195.4 993.3 185.8 990.7 small-vehicle 0
206.4 958.3 216.4 957.7 218.6 995.7 208.6 996.3 small-vehicle 0
226.2 957.1 236.2 956.9 236.8 994.9 226.8 995.1 small-vehicle 0
243.7 959.7 253.7 959.3 255.3 993.3 245.3 993.7 small-vehicle 0
264.3 963.2 274.3 963.9 272.7 985.8 262.7 985.1 small-vehicle 0
277.6 957.5 287.4 955.4 295.4 992.5 285.6 994.6 small-vehicle 0
586.8 119.7 596.8 120.3 594.2 166.2 584.2 165.6 small-vehicle 0
657.0 163.7 670.4 167.6 660.9 200.2 647.4 196.3 small-vehicle 0
635.4 123.0 657.3 124.0 655.6 162.0 633.7 161.0 small-vehicle 0
620.7 122.3 630.6 121.7 633.3 163.6 623.3 164.3 small-vehicle 0
607.3 128.0 617.1 130.0 611.7 155.5 601.9 153.4 small-vehicle 0
607.5 177.5 609.5 177.5 609.5 179.5 607.5 179.5 small-vehicle 0
586.6 94.0 596.6 94.0 596.4 120.0 586.4 120.0 small-vehicle 0
604.6 90.9 614.6 91.1 614.4 117.1 604.4 116.9 small-vehicle 0
641.5 97.1 651.3 99.2 646.7 120.7 636.9 118.6 small-vehicle 0
657.4 86.8 675.3 88.0 673.6 114.0 655.6 112.8 small-vehicle 0
519.9 76.8 541.7 79.4 539.1 101.2 517.3 98.6 small-vehicle 0
517.9 115.0 531.6 111.9 539.1 145.0 525.4 148.1 small-vehicle 0
535.6 36.9 550.5 53.1 525.4 76.1 510.5 59.9 small-vehicle 0
560.8 42.6 566.8 42.4 568.2 80.4 562.2 80.6 small-vehicle 0
578.9 45.9 593.4 56.5 578.1 77.5 563.5 66.8 small-vehicle 0
562.1 135.4 564.1 135.6 563.9 137.6 561.9 137.4 small-vehicle 0
561.3 98.1 563.2 97.6 563.7 99.5 561.8 100.0 small-vehicle 0
933.8 51.1 934.2 57.1 904.2 58.9 903.8 52.9 small-vehicle 0
254.9 141.1 255.9 142.9 254.1 143.9 253.1 142.1 large-vehicle 0
920.8 687.2 942.2 692.4 933.2 729.3 911.8 724.1 small-vehicle 0
914.3 734.6 936.3 733.4 938.7 779.4 916.7 780.6 small-vehicle 0
924.2 781.8 941.6 786.4 932.8 819.2 915.4 814.6 small-vehicle 0
918.6 825.1 940.6 825.9 939.4 859.9 917.4 859.1 small-vehicle 0
913.9 869.9 935.9 870.5 935.1 900.5 913.1 899.9 small-vehicle 0
913.3 908.2 935.3 908.8 933.9 954.8 911.9 954.1 small-vehicle 0
785.7 40.0 786.3 18.0 832.3 19.0 831.7 41.0 small-vehicle 0
289.5 143.4 307.6 156.0 274.5 203.6 256.4 191.0 large-vehicle 0
232.7 125.3 242.6 126.4 236.3 184.1 226.4 183.0 large-vehicle 0
919.3 584.6 937.3 584.4 937.7 618.4 919.7 618.6 small-vehicle 0
222.1 124.4 231.1 128.8 208.9 173.6 199.9 169.2 large-vehicle 0
142.4 143.2 163.4 149.7 154.6 178.4 133.6 171.9 large-vehicle 0
119.1 114.6 120.3 113.0 121.9 114.2 120.7 115.8 large-vehicle 0
91.2 121.5 93.0 120.7 93.8 122.6 92.0 123.4 large-vehicle 0
64.0 109.1 65.8 109.9 65.0 111.7 63.2 110.9 large-vehicle 0
40.4 108.2 42.3 108.9 41.7 110.8 39.8 110.1 large-vehicle 0
14.1 108.6 15.9 107.6 16.9 109.4 15.1 110.4 large-vehicle 0
926.1 634.3 941.9 642.7 925.9 672.7 910.1 664.3 small-vehicle 0
917.2 554.2 938.8 558.2 934.8 579.8 913.2 575.8 small-vehicle 0
930.7 59.3 933.7 64.5 911.3 77.7 908.3 72.5 small-vehicle 0
930.8 249.1 932.2 254.9 899.2 262.9 897.8 257.1 small-vehicle 0
912.8 86.7 926.8 86.3 927.2 100.3 913.2 100.7 small-vehicle 0
904.4 112.8 904.7 106.8 934.7 108.2 934.4 114.2 small-vehicle 0
904.3 121.7 907.1 116.4 933.7 130.3 930.9 135.6 small-vehicle 0
937.0 137.4 937.0 143.4 903.0 143.6 903.0 137.6 small-vehicle 0
931.5 148.5 933.6 154.1 905.5 164.5 903.4 158.9 small-vehicle 0
933.2 163.0 935.4 168.5 903.8 181.0 901.6 175.5 small-vehicle 0
905.2 181.4 908.8 176.6 932.8 194.6 929.2 199.4 small-vehicle 0
908.7 198.7 930.5 195.6 935.3 229.3 913.5 232.4 small-vehicle 0
927.8 262.7 930.5 268.1 903.6 281.3 900.9 276.0 small-vehicle 0
911.7 520.7 933.2 516.1 940.3 549.3 918.8 553.9 small-vehicle 0
903.7 287.8 904.6 281.9 934.3 286.2 933.4 292.1 small-vehicle 0
906.8 303.3 908.7 297.7 929.6 304.7 927.7 310.4 small-vehicle 0
901.9 321.1 902.2 315.2 932.1 316.9 931.8 322.8 small-vehicle 0
906.3 319.4 907.9 318.2 930.7 348.6 929.1 349.8 small-vehicle 0
917.9 345.9 935.7 348.4 931.1 382.1 913.3 379.6 small-vehicle 0
925.3 415.3 927.2 414.8 927.7 416.7 925.8 417.2 small-vehicle 0
920.4 441.6 937.8 446.0 929.6 479.0 912.2 474.6 small-vehicle 0
919.6 488.4 933.6 487.6 935.4 517.6 921.4 518.4 small-vehicle 0
761.4 383.0 766.6 408.5 745.1 413.0 739.8 387.5 small-vehicle 0
746.0 418.8 751.4 436.0 719.0 446.2 713.6 429.0 small-vehicle 0
568.5 409.5 578.5 409.1 579.6 443.1 569.6 443.4 small-vehicle 0
576.2 415.0 592.2 406.8 607.8 437.0 591.8 445.2 small-vehicle 0
643.5 299.1 646.3 324.9 608.5 328.9 605.7 303.1 small-vehicle 0
690.2 300.6 691.7 322.5 649.8 325.4 648.3 303.5 small-vehicle 0
598.0 317.1 608.3 326.6 590.7 345.7 580.4 336.2 small-vehicle 0
584.9 382.4 606.1 388.4 600.1 409.6 578.9 403.6 small-vehicle 0
574.4 383.0 584.0 385.9 577.6 407.0 568.0 404.1 small-vehicle 0
820.1 393.0 820.8 402.9 774.9 406.0 774.2 396.1 small-vehicle 0
665.3 417.4 672.7 438.1 640.7 449.6 633.3 428.9 small-vehicle 0
833.7 368.7 835.2 390.6 797.3 393.3 795.8 371.4 small-vehicle 0
761.7 393.3 776.8 358.5 793.3 365.7 778.2 400.5 small-vehicle 0
825.4 414.0 839.1 436.1 813.7 451.9 799.9 429.8 small-vehicle 0
809.6 460.3 812.1 438.4 841.9 441.7 839.4 463.6 small-vehicle 0
811.3 470.7 820.7 474.0 810.7 502.3 801.3 499.0 small-vehicle 0
820.9 478.6 842.7 481.7 839.1 507.4 817.3 504.3 small-vehicle 0
823.2 509.2 841.1 508.8 841.8 542.8 823.9 543.2 small-vehicle 0
823.2 548.6 837.0 546.2 840.7 567.9 826.9 570.3 small-vehicle 0
696.0 431.0 696.0 433.0 694.0 433.0 694.0 431.0 small-vehicle 0
628.1 417.1 637.0 437.2 605.9 450.9 597.0 430.8 small-vehicle 0
831.1 606.7 833.0 606.1 833.6 608.0 831.7 608.6 small-vehicle 0
521.9 301.5 531.9 301.9 531.0 323.9 521.1 323.5 small-vehicle 0
477.4 293.6 477.6 299.6 451.6 300.4 451.4 294.4 small-vehicle 0
450.0 308.6 458.9 297.8 479.0 314.4 470.1 325.2 small-vehicle 0
450.8 331.6 451.2 349.6 417.2 350.4 416.8 332.4 small-vehicle 0
447.2 352.3 447.7 358.3 421.8 360.7 421.3 354.7 small-vehicle 0
517.6 163.6 539.4 166.6 535.8 192.3 514.0 189.3 small-vehicle 0
516.3 198.0 546.2 214.1 537.7 230.0 507.8 213.9 small-vehicle 0
519.4 238.6 528.9 235.5 535.6 256.4 526.1 259.5 small-vehicle 0
517.5 271.5 526.6 267.4 535.5 287.5 526.4 291.6 small-vehicle 0
524.1 334.3 530.1 334.2 530.8 360.2 524.8 360.3 small-vehicle 0
530.3 186.4 551.9 182.1 557.7 211.6 536.1 215.9 small-vehicle 0
526.2 370.8 532.2 371.3 529.8 397.2 523.8 396.7 small-vehicle 0
525.4 400.4 531.4 400.6 529.6 446.6 523.6 446.4 small-vehicle 0
531.2 402.2 553.2 400.8 555.8 442.8 533.8 444.2 small-vehicle 0
535.3 371.1 553.2 373.5 549.7 399.3 531.9 396.9 small-vehicle 0
535.3 323.4 549.3 323.0 550.7 369.0 536.7 369.4 small-vehicle 0
534.0 298.4 551.9 296.7 554.0 318.6 536.1 320.3 small-vehicle 0
531.0 260.4 548.0 254.4 558.0 282.6 541.0 288.6 small-vehicle 0
544.6 232.4 546.4 233.4 545.4 235.1 543.6 234.1 small-vehicle 0
789.1 528.3 790.6 527.0 791.9 528.5 790.4 529.8 small-vehicle 0
828.4 622.1 842.1 624.9 832.6 669.9 818.9 667.1 small-vehicle 0
829.4 670.4 842.9 673.8 833.6 710.6 820.1 707.2 small-vehicle 0
825.1 703.9 843.1 705.7 838.9 747.5 821.0 745.7 small-vehicle 0
829.6 771.2 831.6 771.3 831.5 773.3 829.5 773.2 small-vehicle 0
827.9 792.9 845.3 797.3 835.1 838.1 817.7 833.7 small-vehicle 0
823.2 837.0 845.1 838.6 841.9 884.5 819.9 882.9 small-vehicle 0
828.5 888.6 838.5 889.5 836.5 911.4 826.5 910.5 small-vehicle 0
824.4 930.4 846.2 933.4 841.6 967.1 819.8 964.1 small-vehicle 0
825.2 976.6 839.2 976.9 838.9 990.9 824.9 990.6 small-vehicle 0
360.4 76.1 386.1 72.3 391.6 109.9 365.9 113.7 large-vehicle 0
644.3 238.3 645.2 224.3 699.1 227.7 698.2 241.7 large-vehicle 0
326.7 103.2 483.1 125.3 473.9 190.6 317.4 168.6 large-vehicle 0
457.7 136.4 479.7 135.8 481.3 193.8 459.3 194.4 large-vehicle 0
439.9 102.6 449.5 99.8 459.1 132.4 449.5 135.2 large-vehicle 0
468.1 110.4 470.1 110.6 469.9 112.6 467.9 112.4 large-vehicle 0
424.6 120.4 426.6 120.6 426.4 122.6 424.4 122.4 large-vehicle 0
430.7 154.8 439.8 158.9 424.3 193.6 415.2 189.5 large-vehicle 0
441.7 157.1 451.7 156.9 452.3 194.9 442.3 195.1 large-vehicle 0
325.9 162.7 326.1 160.7 328.1 160.9 327.9 162.8 large-vehicle 0
325.6 86.6 335.5 87.5 330.4 145.3 320.4 144.4 large-vehicle 0
274.3 41.5 345.0 74.4 335.7 94.4 265.0 61.4 large-vehicle 0
351.1 119.3 353.0 118.8 353.6 120.7 351.7 121.3 large-vehicle 0
270.8 68.4 284.7 66.5 290.2 108.2 276.3 110.0 large-vehicle 0
285.9 111.0 291.7 112.7 280.1 153.0 274.3 151.3 large-vehicle 0
305.1 113.7 305.8 115.6 303.9 116.3 303.2 114.4 large-vehicle 0
386.1 76.2 406.1 67.1 416.9 90.8 396.9 99.9 large-vehicle 0
150.7 84.4 152.6 83.7 153.3 85.6 151.4 86.3 large-vehicle 0
172.3 104.8 174.2 105.2 173.8 107.2 171.9 106.8 large-vehicle 0
181.3 73.4 194.8 61.4 214.7 83.9 201.2 95.8 large-vehicle 0
190.3 100.7 256.8 68.3 278.7 113.3 212.2 145.7 large-vehicle 0
221.9 45.1 231.3 41.7 247.1 84.9 237.7 88.3 large-vehicle 0
237.7 47.8 263.6 45.2 267.3 83.1 241.4 85.6 large-vehicle 0
469.7 266.9 478.2 282.8 455.3 295.1 446.8 279.2 small-vehicle 0
467.0 235.7 478.9 254.2 457.0 268.3 445.1 249.8 small-vehicle 0
297.7 136.8 322.9 143.3 314.3 176.2 289.1 169.7 small-vehicle 0
267.1 336.9 268.3 342.8 246.7 347.0 245.5 341.1 small-vehicle 0
211.7 339.3 212.2 345.3 182.3 347.7 181.8 341.7 small-vehicle 0
211.6 354.4 212.2 360.4 182.4 363.6 181.8 357.6 small-vehicle 0
180.4 371.4 182.3 365.7 214.6 376.6 212.7 382.3 small-vehicle 0
212.8 381.6 214.2 387.5 181.2 395.4 179.8 389.5 small-vehicle 0
270.8 268.8 273.0 286.6 243.2 290.2 241.0 272.4 small-vehicle 0
270.0 287.0 272.3 292.5 244.5 304.0 242.2 298.4 small-vehicle 0
245.2 313.1 246.0 307.1 267.8 309.9 267.0 315.9 small-vehicle 0
264.0 320.4 266.7 325.8 250.5 333.7 247.8 328.3 small-vehicle 0
246.3 355.5 248.8 350.1 268.8 359.4 266.2 364.8 small-vehicle 0
207.6 305.0 210.1 310.4 186.4 321.2 184.0 315.7 small-vehicle 0
245.2 373.1 246.0 367.2 267.8 369.9 267.0 375.8 small-vehicle 0
298.1 237.1 304.6 258.1 275.9 267.0 269.4 246.0 small-vehicle 0
301.0 271.7 305.2 289.2 276.0 296.3 271.8 278.8 small-vehicle 0
295.9 300.9 299.6 305.6 276.0 324.1 272.3 319.3 small-vehicle 0
300.0 320.7 302.1 326.3 274.1 336.9 271.9 331.3 small-vehicle 0
275.6 358.3 277.3 352.5 298.4 358.7 296.7 364.5 small-vehicle 0
301.9 364.0 304.4 369.4 277.0 381.8 274.6 376.3 small-vehicle 0
278.2 389.6 279.0 383.6 300.8 386.4 300.0 392.4 small-vehicle 0
211.8 325.1 212.2 331.0 182.2 332.9 181.8 327.0 small-vehicle 0
181.9 305.5 185.8 287.9 211.1 293.5 207.2 311.1 small-vehicle 0
178.5 396.8 185.4 404.0 169.5 419.2 162.6 412.0 small-vehicle 0
64.5 630.7 66.0 620.8 107.5 627.3 106.0 637.2 small-vehicle 0
64.6 894.7 65.8 884.8 111.4 890.3 110.2 900.2 small-vehicle 0
107.3 859.1 111.1 880.8 69.7 887.9 65.9 866.2 small-vehicle 0
104.1 844.3 104.8 858.2 74.9 859.7 74.2 845.8 small-vehicle 0
74.7 820.0 76.0 810.1 105.8 814.1 104.4 824.0 small-vehicle 0
108.7 782.7 114.4 799.8 78.4 811.9 72.7 794.9 small-vehicle 0
102.9 692.0 106.6 701.2 75.1 714.0 71.4 704.8 small-vehicle 0
73.4 693.4 73.6 675.4 103.6 675.6 103.4 693.6 small-vehicle 0
100.4 636.1 104.7 645.1 74.2 659.9 69.8 650.9 small-vehicle 0
101.8 597.7 105.9 606.8 71.2 622.3 67.1 613.2 small-vehicle 0
92.5 422.7 105.5 445.3 79.5 460.3 66.5 437.7 small-vehicle 0
105.3 585.6 105.8 595.6 67.8 597.2 67.4 587.2 small-vehicle 0
67.4 576.5 67.6 566.5 105.6 567.5 105.4 577.5 small-vehicle 0
69.9 555.1 71.6 545.2 105.1 550.9 103.4 560.8 small-vehicle 0
104.6 529.6 106.0 535.4 72.9 543.4 71.5 537.5 small-vehicle 0
106.4 507.7 109.0 517.4 64.6 529.3 62.0 519.6 small-vehicle 0
108.0 494.1 108.8 504.1 63.0 507.9 62.2 497.9 small-vehicle 0
65.2 485.7 65.3 475.7 107.3 476.3 107.2 486.3 small-vehicle 0
105.5 454.3 107.0 464.2 65.5 470.7 64.0 460.8 small-vehicle 0
252.4 413.0 261.5 408.9 265.6 418.0 256.5 422.1 small-vehicle 0
152.2 385.9 161.4 389.9 152.8 410.1 143.6 406.1 small-vehicle 0
611.2 559.9 621.2 560.1 620.8 586.1 610.8 585.9 small-vehicle 0
355.0 558.2 371.9 564.4 363.0 588.8 346.1 582.6 small-vehicle 0
210.4 589.6 219.2 584.7 243.6 628.4 234.8 633.3 small-vehicle 0
245.9 585.5 255.6 587.5 246.1 632.5 236.4 630.5 small-vehicle 0
240.9 560.5 250.9 559.6 253.1 585.5 243.1 586.4 small-vehicle 0
258.5 560.7 268.5 560.7 268.5 586.7 258.5 586.7 small-vehicle 0
286.9 562.1 292.0 565.4 280.1 583.9 275.0 580.6 small-vehicle 0
296.6 560.6 306.6 560.4 307.4 586.4 297.4 586.6 small-vehicle 0
316.1 559.7 326.1 559.3 326.9 585.3 316.9 585.7 small-vehicle 0
335.1 560.0 345.1 560.5 343.9 586.5 333.9 586.0 small-vehicle 0
400.7 548.1 417.9 561.8 389.3 597.9 372.1 584.2 small-vehicle 0
210.5 586.8 219.8 590.6 202.5 633.2 193.2 629.4 small-vehicle 0
425.4 560.7 435.3 559.8 437.6 585.7 427.7 586.6 small-vehicle 0
455.9 560.8 460.7 564.4 445.1 585.2 440.3 581.6 small-vehicle 0
463.2 559.4 473.2 559.1 473.8 585.1 463.8 585.4 small-vehicle 0
481.1 560.4 491.1 559.7 492.9 585.6 482.9 586.3 small-vehicle 0
493.9 560.4 515.9 560.3 516.1 586.3 494.1 586.4 small-vehicle 0
540.0 558.6 549.9 560.1 546.0 585.8 536.1 584.3 small-vehicle 0
559.6 559.8 569.4 561.7 564.4 587.2 554.6 585.3 small-vehicle 0
574.3 560.8 584.2 559.4 587.6 585.2 577.7 586.5 small-vehicle 0
224.3 559.6 234.3 560.6 231.7 586.4 221.7 585.4 small-vehicle 0
199.3 560.9 209.2 559.4 213.2 585.1 203.3 586.6 small-vehicle 0
181.5 425.5 185.1 451.2 139.5 457.5 135.9 431.8 small-vehicle 0
179.2 793.8 186.4 818.7 149.8 829.2 142.6 804.3 small-vehicle 0
173.5 466.0 177.1 470.8 153.1 488.9 149.5 484.1 small-vehicle 0
173.1 487.5 175.5 497.2 146.4 504.4 144.0 494.7 small-vehicle 0
142.5 520.9 143.1 510.9 181.0 513.1 180.4 523.1 small-vehicle 0
140.1 561.1 143.3 539.3 180.9 544.9 177.7 566.7 small-vehicle 0
179.3 581.6 179.7 599.6 141.7 600.4 141.3 582.4 small-vehicle 0
154.6 614.3 174.2 624.3 167.8 636.8 148.2 626.8 small-vehicle 0
141.8 648.8 143.0 638.9 180.7 643.2 179.6 653.2 small-vehicle 0
180.3 659.7 180.7 669.6 142.7 671.3 142.3 661.4 small-vehicle 0
181.1 823.5 182.2 833.5 144.4 837.5 143.3 827.5 small-vehicle 0
182.1 996.0 182.8 1006.0 140.9 1009.0 140.2 999.0 small-vehicle 0
180.9 841.9 182.6 851.8 145.1 858.1 143.4 848.2 small-vehicle 0
143.8 871.7 144.2 861.7 182.2 863.3 181.8 873.3 small-vehicle 0
175.4 864.2 180.1 868.0 148.6 906.8 143.9 903.0 small-vehicle 0
175.9 890.4 181.1 899.0 148.6 918.6 143.4 910.1 small-vehicle 0
142.2 928.8 142.3 918.8 180.3 919.2 180.2 929.2 small-vehicle 0
178.9 934.4 181.1 944.1 144.1 952.6 141.9 942.9 small-vehicle 0
141.9 961.0 144.9 951.4 181.1 963.0 178.1 972.6 small-vehicle 0
140.4 985.8 140.7 975.8 182.6 977.2 182.3 987.2 small-vehicle 0
99.4 914.6 106.9 931.0 79.6 943.4 72.1 927.0 small-vehicle 0
108.5 940.5 110.0 950.3 76.5 955.7 74.9 945.8 small-vehicle 0
77.5 965.6 82.3 956.8 105.0 969.5 100.2 978.2 small-vehicle 0
89.2 985.3 89.7 987.2 87.8 987.7 87.3 985.8 small-vehicle 0
66.2 880.2 68.1 890.0 34.7 896.5 32.9 886.6 small-vehicle 0
29.4 707.5 29.7 697.5 67.6 698.5 67.3 708.5 small-vehicle 0
28.9 723.0 29.9 713.1 67.7 717.0 66.7 726.9 small-vehicle 0
63.6 730.3 66.5 739.9 33.9 749.7 31.0 740.1 small-vehicle 0
34.5 787.5 34.5 765.5 64.5 765.5 64.5 787.5 small-vehicle 0
48.4 814.4 48.6 812.4 50.6 812.6 50.4 814.6 small-vehicle 0
68.0 827.4 68.0 837.4 30.0 837.6 30.0 827.6 small-vehicle 0
59.7 840.0 64.9 848.6 39.2 864.0 34.0 855.5 small-vehicle 0
37.1 870.2 40.9 860.9 64.9 870.8 61.1 880.1 small-vehicle 0
66.2 903.7 67.5 913.6 33.9 918.2 32.5 908.3 small-vehicle 0
71.2 935.4 71.8 957.4 29.8 958.6 29.2 936.6 small-vehicle 0
34.5 968.6 35.7 958.7 65.5 962.4 64.3 972.3 small-vehicle 0
31.6 985.3 33.7 975.6 66.9 982.7 64.9 992.4 small-vehicle 0
69.9 999.0 70.9 1008.9 29.1 1013.0 28.1 1003.1 small-vehicle 0
66.8 678.9 67.1 688.9 29.2 690.1 28.9 680.1 small-vehicle 0
64.0 657.5 64.9 667.5 31.0 670.5 30.1 660.5 small-vehicle 0
28.7 658.5 29.3 632.5 71.3 633.5 70.7 659.5 small-vehicle 0
63.7 578.5 67.8 587.6 33.3 603.5 29.1 594.4 small-vehicle 0
51.8 390.8 53.7 390.3 54.2 392.2 52.3 392.7 small-vehicle 0
90.3 395.3 92.2 395.8 91.7 397.7 89.8 397.2 small-vehicle 0
32.8 453.1 38.9 427.8 64.2 433.9 58.1 459.2 small-vehicle 0
68.5 450.9 71.0 460.5 26.5 472.1 24.0 462.5 small-vehicle 0
59.5 473.4 60.8 483.4 35.0 486.6 33.7 476.7 small-vehicle 0
34.7 502.8 35.2 492.8 61.2 494.2 60.7 504.2 small-vehicle 0
28.7 521.1 29.4 511.1 67.3 513.9 66.6 523.9 small-vehicle 0
66.7 528.6 68.0 538.5 30.3 543.4 29.0 533.5 small-vehicle 0
29.3 558.3 29.7 548.3 67.7 549.7 67.3 559.7 small-vehicle 0
68.8 565.9 69.1 575.9 27.2 577.1 26.9 567.1 small-vehicle 0
595.9 561.6 605.5 564.1 600.1 585.4 590.5 582.9 small-vehicle 0
634.2 561.5 643.7 564.6 636.8 585.5 627.3 582.4 small-vehicle 0
373.2 131.9 393.8 139.4 380.8 175.1 360.2 167.6 small-vehicle 0
666.1 1007.8 683.9 1010.3 681.9 1024.2 664.1 1021.7 small-vehicle 0
509.3 1002.7 513.6 998.6 542.7 1028.8 538.4 1033.0 small-vehicle 0
531.1 1003.8 552.8 1000.4 557.6 1030.0 535.8 1033.5 small-vehicle 0
554.4 1000.1 572.3 1001.5 569.6 1035.4 551.7 1034.0 small-vehicle 0
570.6 1001.8 580.1 998.8 590.4 1031.2 580.9 1034.2 small-vehicle 0
598.3 1013.3 600.2 1012.8 600.6 1014.8 598.7 1015.2 small-vehicle 0
606.9 996.3 628.9 996.8 628.1 1034.7 606.1 1034.2 small-vehicle 0
634.9 1015.1 636.9 1014.9 637.1 1016.9 635.1 1017.1 small-vehicle 0
646.0 995.5 655.8 993.4 664.0 1030.5 654.2 1032.6 small-vehicle 0
678.6 996.4 700.5 993.9 705.4 1035.6 683.5 1038.1 small-vehicle 0
476.0 1004.0 493.6 1000.1 500.0 1029.5 482.4 1033.3 small-vehicle 0
707.0 1004.6 717.0 1005.4 715.0 1031.4 705.0 1030.6 small-vehicle 0
721.4 999.7 731.3 998.2 736.5 1031.8 726.7 1033.3 small-vehicle 0
743.2 997.7 760.4 1002.8 750.8 1035.4 733.6 1030.3 small-vehicle 0
752.9 1003.4 757.8 999.9 779.9 1030.7 775.1 1034.2 small-vehicle 0
772.5 1008.0 789.3 1001.7 798.5 1026.0 781.7 1032.3 small-vehicle 0
492.4 1008.6 503.7 1000.3 521.6 1024.4 510.3 1032.7 small-vehicle 0
469.0 997.4 478.7 999.9 469.0 1036.6 459.3 1034.1 small-vehicle 0
252.1 1003.8 274.0 1002.2 275.9 1028.2 254.0 1029.8 small-vehicle 0
721.9 880.7 731.8 878.9 739.9 924.2 730.0 925.9 small-vehicle 0
747.9 881.2 757.8 883.0 750.1 924.3 740.2 922.5 small-vehicle 0
755.7 883.8 765.3 880.9 777.3 921.2 767.7 924.1 small-vehicle 0
776.7 882.6 794.7 882.9 794.2 920.8 776.2 920.6 small-vehicle 0
182.7 1005.6 196.6 1004.5 198.3 1026.4 184.4 1027.5 small-vehicle 0
199.2 1001.1 217.2 1000.8 217.7 1030.8 199.7 1031.1 small-vehicle 0
224.7 1002.5 240.3 1011.5 229.4 1030.5 213.8 1021.5 small-vehicle 0
235.3 1008.2 239.7 1004.0 257.7 1022.8 253.3 1027.0 small-vehicle 0
283.3 1014.8 285.2 1015.3 284.7 1017.2 282.8 1016.7 small-vehicle 0
445.9 995.7 455.9 996.4 453.1 1034.3 443.1 1033.6 small-vehicle 0
290.5 1004.2 299.3 999.4 313.5 1025.8 304.7 1030.6 small-vehicle 0
320.8 1014.0 322.8 1013.6 323.2 1015.5 321.2 1015.9 small-vehicle 0
339.2 1014.5 341.2 1015.0 340.7 1016.9 338.8 1016.5 small-vehicle 0
348.4 993.9 370.3 995.8 366.7 1037.6 344.8 1035.7 small-vehicle 0
373.8 1014.7 375.8 1014.3 376.2 1016.3 374.2 1016.7 small-vehicle 0
376.5 1006.8 400.2 996.2 412.5 1023.6 388.8 1034.2 small-vehicle 0
412.9 1016.3 413.2 1014.4 415.1 1014.7 414.8 1016.6 small-vehicle 0
660.7 560.6 665.2 564.5 648.2 584.2 643.7 580.3 small-vehicle 0
329.7 343.4 330.6 337.5 364.3 342.6 363.4 348.5 small-vehicle 0
332.8 277.9 335.8 272.8 358.2 286.0 355.1 291.2 small-vehicle 0
360.4 291.2 361.7 297.0 328.6 304.8 327.3 299.0 small-vehicle 0
364.5 307.2 365.2 313.2 327.5 317.8 326.8 311.8 small-vehicle 0
361.4 324.2 361.5 330.2 331.6 330.8 331.5 324.8 small-vehicle 0
334.5 356.7 336.7 351.0 361.0 360.3 358.8 365.9 small-vehicle 0
345.6 371.0 347.0 369.6 348.4 371.0 347.0 372.4 small-vehicle 0
346.5 386.4 362.1 402.0 346.5 417.6 330.9 402.0 small-vehicle 0
348.9 417.4 361.8 435.2 344.0 448.1 331.1 430.2 small-vehicle 0
383.0 389.1 392.3 404.6 370.0 417.9 360.7 402.4 small-vehicle 0
365.3 368.9 376.6 360.6 387.2 375.1 375.9 383.4 small-vehicle 0
388.0 330.5 393.5 338.9 365.0 357.5 359.5 349.1 small-vehicle 0
374.9 264.5 392.2 278.1 376.1 298.5 358.8 284.9 small-vehicle 0
360.0 148.6 365.3 151.5 349.0 181.4 343.7 178.5 small-vehicle 0
705.5 886.5 715.5 886.4 715.8 916.4 705.8 916.5 small-vehicle 0
688.3 875.4 698.3 875.7 696.7 925.6 686.7 925.3 small-vehicle 0
667.3 883.6 677.2 883.0 679.7 920.9 669.7 921.6 small-vehicle 0
739.6 587.3 749.6 586.4 753.4 628.2 743.4 629.2 small-vehicle 0
591.4 585.0 601.4 584.1 605.6 630.0 595.6 630.9 small-vehicle 0
612.9 583.1 622.9 583.4 621.1 633.4 611.2 633.1 small-vehicle 0
631.4 584.8 641.4 585.2 639.6 631.2 629.6 630.8 small-vehicle 0
653.4 583.3 663.3 584.8 655.6 634.3 645.7 632.7 small-vehicle 0
667.7 585.2 677.7 585.3 677.3 631.3 667.3 631.2 small-vehicle 0
688.2 586.1 698.1 587.1 693.8 632.9 683.9 631.9 small-vehicle 0
704.7 586.7 714.7 586.8 714.3 632.8 704.3 632.7 small-vehicle 0
718.6 589.1 728.3 586.9 737.4 627.9 727.7 630.1 small-vehicle 0
760.4 583.3 770.4 583.7 768.6 629.7 758.6 629.3 small-vehicle 0
558.1 582.8 568.1 583.2 565.9 633.2 555.9 632.8 small-vehicle 0
768.7 593.1 785.8 587.6 796.3 619.9 779.2 625.4 small-vehicle 0
197.7 735.9 207.5 734.0 216.3 779.1 206.5 781.0 small-vehicle 0
222.5 735.2 232.5 735.9 229.5 781.8 219.5 781.1 small-vehicle 0
240.8 735.3 250.8 735.7 249.2 781.7 239.2 781.3 small-vehicle 0
259.1 733.7 269.1 733.7 268.9 783.7 258.9 783.7 small-vehicle 0
270.8 748.0 275.2 744.0 295.2 766.4 290.7 770.4 small-vehicle 0
291.7 796.8 298.3 715.1 312.3 716.2 305.7 797.9 small-vehicle 0
320.8 728.1 330.6 730.2 318.3 786.9 308.5 784.8 small-vehicle 0
575.9 584.2 585.9 584.3 585.1 630.3 575.1 630.2 small-vehicle 0
544.3 581.5 554.0 584.0 541.7 632.5 532.0 630.0 small-vehicle 0
645.4 883.4 655.1 881.4 663.6 922.6 653.9 924.6 small-vehicle 0
287.3 584.0 296.8 587.2 280.7 634.5 271.2 631.3 small-vehicle 0
669.4 559.5 679.4 560.6 676.6 586.5 666.6 585.4 small-vehicle 0
684.2 560.8 694.1 559.4 697.8 585.2 687.9 586.6 small-vehicle 0
707.3 560.2 717.1 562.3 711.7 587.8 701.9 585.7 small-vehicle 0
721.0 560.4 731.0 559.3 734.0 585.1 724.0 586.2 small-vehicle 0
741.0 559.0 751.0 559.0 751.0 585.0 741.0 585.0 small-vehicle 0
757.2 559.6 767.0 557.8 771.8 583.4 762.0 585.2 small-vehicle 0
768.2 558.9 785.1 552.7 796.8 584.6 779.9 590.8 small-vehicle 0
258.8 584.8 268.8 584.3 271.2 630.2 261.2 630.7 small-vehicle 0
303.2 597.4 312.0 602.1 301.8 621.6 293.0 616.9 small-vehicle 0
493.0 623.8 502.7 587.1 520.1 591.7 510.4 628.4 small-vehicle 0
316.4 584.8 326.4 585.2 324.6 635.2 314.6 634.8 small-vehicle 0
337.3 584.4 347.2 585.1 343.8 635.0 333.8 634.3 small-vehicle 0
363.7 590.1 375.4 597.8 354.3 629.4 342.6 621.7 small-vehicle 0
387.6 583.8 405.5 585.2 401.7 635.0 383.8 633.7 small-vehicle 0
429.1 595.3 438.9 597.1 434.9 618.7 425.1 616.9 small-vehicle 0
448.3 593.5 458.0 595.9 451.7 621.1 442.0 618.7 small-vehicle 0
463.9 582.2 473.9 582.4 473.1 632.4 463.1 632.2 small-vehicle 0
483.1 583.1 493.1 582.9 493.9 632.9 483.9 633.1 small-vehicle 0
334.3 730.6 344.3 730.4 345.7 784.4 335.7 784.6 small-vehicle 0
350.6 730.4 360.6 729.7 364.4 783.6 354.4 784.3 small-vehicle 0
371.0 744.7 381.0 744.3 382.0 770.3 372.0 770.7 small-vehicle 0
367.5 886.7 375.9 881.4 400.5 920.3 392.1 925.6 small-vehicle 0
208.8 879.5 218.6 881.3 210.2 926.5 200.4 924.7 small-vehicle 0
220.4 881.7 230.3 880.6 235.6 926.3 225.7 927.4 small-vehicle 0
246.4 884.1 256.0 886.8 245.7 923.4 236.0 920.7 small-vehicle 0
262.3 881.5 272.2 882.9 265.7 928.5 255.8 927.1 small-vehicle 0
281.3 884.2 291.2 885.0 287.7 926.8 277.8 926.0 small-vehicle 0
291.2 886.1 300.7 883.0 313.8 922.9 304.3 926.0 small-vehicle 0
303.8 898.9 315.8 885.5 341.2 908.1 329.2 921.5 small-vehicle 0
349.4 885.5 358.5 881.4 377.5 923.3 368.4 927.4 small-vehicle 0
390.3 882.3 399.5 878.4 417.7 920.7 408.5 924.6 small-vehicle 0
386.0 747.5 395.3 743.8 405.0 767.9 395.7 771.7 small-vehicle 0
423.4 880.1 433.3 881.2 428.6 922.9 418.7 921.8 small-vehicle 0
430.2 890.8 449.5 880.3 465.8 910.2 446.5 920.7 small-vehicle 0
536.9 877.5 546.9 876.7 551.1 926.5 541.1 927.3 small-vehicle 0
561.5 879.5 571.3 881.4 562.5 926.5 552.7 924.6 small-vehicle 0
579.1 881.3 589.0 882.5 583.9 924.2 574.0 923.0 small-vehicle 0
594.4 879.8 604.4 879.7 604.6 925.7 594.6 925.8 small-vehicle 0
615.4 881.4 625.3 882.3 621.6 924.1 611.6 923.2 small-vehicle 0
632.1 878.4 642.1 878.6 640.9 928.6 630.9 928.4 small-vehicle 0
774.8 732.5 792.8 731.6 795.2 777.5 777.2 778.4 small-vehicle 0
751.1 734.3 760.2 730.2 780.9 775.7 771.8 779.8 small-vehicle 0
740.7 731.3 750.7 730.8 753.3 780.7 743.3 781.2 small-vehicle 0
724.5 742.8 734.5 743.2 733.5 769.2 723.5 768.8 small-vehicle 0
408.4 744.4 418.4 744.7 417.6 770.6 407.6 770.3 small-vehicle 0
422.8 732.2 432.6 730.5 441.2 779.8 431.4 781.5 small-vehicle 0
440.1 749.1 444.5 745.0 461.9 764.4 457.4 768.4 small-vehicle 0
466.8 730.6 476.8 731.6 472.2 781.4 462.2 780.4 small-vehicle 0
485.2 731.6 495.1 732.6 489.9 782.4 480.0 781.3 small-vehicle 0
494.4 736.8 503.8 733.6 518.6 777.2 509.2 780.4 small-vehicle 0
520.1 731.9 530.1 732.1 528.9 782.1 518.9 781.9 small-vehicle 0
540.7 730.6 550.6 731.7 545.3 781.4 535.4 780.3 small-vehicle 0
555.3 733.3 565.3 732.8 567.7 778.7 557.7 779.2 small-vehicle 0
578.9 730.0 588.8 731.6 581.1 781.0 571.2 779.4 small-vehicle 0
587.7 734.8 597.4 732.5 608.3 777.2 598.6 779.5 small-vehicle 0
613.8 731.3 623.8 731.8 621.2 781.7 611.2 781.2 small-vehicle 0
627.4 734.6 637.2 733.0 644.6 778.4 634.8 780.0 small-vehicle 0
634.8 734.6 643.1 729.1 675.2 777.4 666.9 782.9 small-vehicle 0
669.2 731.5 679.2 731.5 678.8 781.5 668.8 781.5 small-vehicle 0
686.7 730.4 696.7 730.6 695.3 780.6 685.3 780.4 small-vehicle 0
700.5 740.5 705.9 737.9 722.5 772.0 717.1 774.7 small-vehicle 0
