750.1 249.1 787.5 242.2 795.8 287.4 758.5 294.3 small-vehicle 0
624.6 281.4 626.6 281.6 626.4 283.6 624.4 283.4 small-vehicle 0
520.3 223.7 542.1 227.1 531.7 292.3 509.9 288.9 small-vehicle 0
496.8 823.9 514.8 822.6 522.2 924.4 504.3 925.7 small-vehicle 0
562.4 914.5 576.0 887.8 620.6 910.3 607.0 937.1 small-vehicle 0
580.1 546.7 581.0 528.7 634.9 531.3 634.0 549.3 small-vehicle 0
624.7 447.0 636.6 460.5 584.3 507.0 572.4 493.5 small-vehicle 0
557.0 450.6 566.9 451.7 562.0 497.4 552.1 496.3 small-vehicle 0
539.6 444.9 558.6 456.0 535.4 495.7 516.4 484.6 small-vehicle 0
521.9 443.0 531.2 446.5 512.1 497.0 502.8 493.5 small-vehicle 0
490.2 446.9 508.0 449.4 502.8 487.1 485.0 484.6 small-vehicle 0
473.9 468.1 475.9 467.9 476.1 469.9 474.1 470.1 small-vehicle 0
368.5 475.8 395.6 522.5 345.4 551.6 318.3 504.9 small-vehicle 0
441.8 841.5 463.5 845.2 453.1 906.3 431.4 902.7 small-vehicle 0
