811.2 726.3 826.5 742.1 790.6 776.9 775.3 761.1 small-vehicle 0
815.5 751.4 831.1 767.0 807.0 791.0 791.5 775.4 small-vehicle 0
250.5 665.9 367.0 510.8 512.5 620.1 396.0 775.2 plane 0
669.3 973.5 765.4 919.9 817.1 1012.4 721.0 1066.1 plane 0
835.4 246.4 934.2 353.9 788.4 487.9 689.6 380.4 plane 0
773.7 721.3 775.2 722.7 773.8 724.2 772.3 722.8 small-vehicle 0
684.1 604.7 699.1 620.8 671.4 646.8 656.4 630.7 small-vehicle 0
771.2 623.3 783.5 636.4 758.8 659.7 746.5 646.6 small-vehicle 0
756.5 709.1 757.9 710.5 756.5 711.9 755.1 710.5 small-vehicle 0
746.5 692.6 747.9 694.0 746.5 695.4 745.1 694.0 small-vehicle 0
731.4 673.1 732.9 674.4 731.6 675.9 730.1 674.6 small-vehicle 0
718.5 649.3 720.0 650.6 718.8 652.2 717.2 650.9 small-vehicle 0
706.6 620.9 713.3 628.4 694.0 645.7 687.3 638.3 small-vehicle 0
827.7 786.4 829.0 787.9 827.5 789.2 826.2 787.7 small-vehicle 0
840.4 803.8 841.6 805.4 840.0 806.6 838.8 805.0 small-vehicle 0
