156.5 734.3 186.8 769.0 79.9 862.4 49.6 827.8 plane 0
84.8 677.9 113.9 713.6 31.7 780.6 2.6 744.9 plane 0
661.7 157.9 744.8 85.9 824.7 178.1 741.6 250.1 plane 0
434.7 792.3 536.9 671.7 651.3 768.7 549.1 889.3 plane 0
861.2 411.0 918.6 662.6 596.8 736.0 539.4 484.4 plane 0
1003.6 327.6 1014.3 318.5 1026.0 332.2 1015.4 341.3 small-vehicle 0
1000.1 338.4 1001.6 337.1 1002.9 338.6 1001.4 339.9 small-vehicle 0
946.5 369.2 956.6 359.5 988.5 392.6 978.4 402.3 small-vehicle 0
921.4 378.8 944.4 366.6 969.7 414.3 946.7 426.5 small-vehicle 0
881.6 395.9 903.7 382.2 936.3 435.0 914.2 448.7 small-vehicle 0
808.1 387.7 855.1 414.4 828.4 461.4 781.5 434.7 small-vehicle 0
