704.9 84.7 742.8 86.3 742.1 104.3 704.2 102.7 plane 0
721.7 35.9 733.8 59.0 707.2 72.9 695.2 49.9 plane 0
638.9 65.3 653.9 49.2 672.9 66.9 658.0 83.0 plane 0
348.0 486.9 360.0 468.4 412.0 502.1 400.0 520.6 plane 0
393.1 477.6 406.2 472.8 413.9 493.4 400.8 498.2 plane 0
350.1 447.2 367.1 427.5 386.8 444.5 369.8 464.2 plane 0
351.8 387.3 362.0 372.4 380.2 384.7 370.0 399.6 plane 0
291.3 534.4 294.4 529.2 316.7 542.6 313.6 547.8 plane 0
286.0 540.2 287.8 541.3 286.7 543.0 285.0 541.9 plane 0
222.6 544.9 228.6 545.7 225.1 571.5 219.1 570.7 plane 0
245.9 555.0 249.1 560.1 227.1 574.0 223.9 568.9 plane 0
319.4 317.0 324.1 313.2 332.9 324.1 328.3 327.9 plane 0
343.6 323.1 345.9 328.6 333.0 334.0 330.7 328.5 plane 0
302.7 343.3 325.4 312.8 333.4 318.8 310.7 349.3 plane 0
301.2 309.3 315.0 311.1 311.2 340.8 297.3 339.1 plane 0
283.8 328.1 287.8 323.6 310.3 343.5 306.3 348.0 plane 0
707.3 104.3 744.8 98.1 749.7 127.7 712.2 133.9 plane 0
701.1 77.7 728.7 57.9 736.9 69.3 709.3 89.1 plane 0
