316.2 719.0 328.2 732.3 311.8 747.0 299.8 733.7 plane 0
248.0 736.6 249.5 737.9 248.1 739.4 246.6 738.0 plane 0
226.5 713.8 227.9 715.2 226.6 716.6 225.1 715.3 plane 0
185.6 708.1 196.2 698.8 210.7 715.4 200.2 724.6 plane 0
193.6 703.4 207.0 681.2 222.4 690.6 209.0 712.8 plane 0
216.7 679.6 217.9 681.2 216.3 682.4 215.1 680.8 plane 0
278.1 748.0 279.5 746.6 280.9 748.0 279.5 749.4 plane 0
287.2 734.4 288.5 732.9 290.0 734.2 288.7 735.7 plane 0
316.8 593.6 318.5 594.7 317.4 596.4 315.7 595.3 plane 0
326.1 621.0 327.5 619.6 328.9 621.0 327.5 622.4 plane 0
329.6 599.2 337.3 605.6 300.2 650.2 292.5 643.8 plane 0
