944.6 309.9 954.7 329.5 931.5 341.4 921.5 321.8 ship 0
893.9 721.4 894.1 719.4 896.1 719.6 895.9 721.6 bridge 0
911.8 426.1 913.1 412.2 931.0 413.8 929.7 427.8 ship 0
718.1 17.4 719.7 16.2 720.9 17.8 719.2 19.0 harbor 0
766.1 72.8 767.6 71.4 769.0 72.8 767.5 74.2 harbor 0
798.1 129.9 799.6 128.6 800.9 130.1 799.4 131.4 harbor 0
826.7 177.6 828.2 176.3 829.5 177.8 828.0 179.1 harbor 0
861.2 218.1 862.5 216.6 864.0 217.9 862.7 219.4 harbor 0
884.1 250.9 885.6 252.2 884.3 253.8 882.8 252.5 harbor 0
906.2 296.4 907.1 294.7 908.8 295.6 907.9 297.3 harbor 0
918.3 382.2 923.8 365.0 944.7 371.8 939.2 389.0 ship 0
921.4 387.5 922.9 386.1 924.2 387.6 922.8 389.0 ship 0
919.6 447.7 920.5 445.9 922.3 446.8 921.4 448.6 ship 0
927.1 360.7 928.3 362.3 926.7 363.5 925.5 361.9 ship 0
580.2 654.6 582.0 653.7 582.9 655.5 581.1 656.4 ship 0
406.2 724.8 407.7 723.4 409.0 724.9 407.6 726.2 ship 0
