625.6 614.2 626.3 616.1 624.4 616.8 623.7 614.9 plane 0
756.0 711.3 756.7 713.2 754.9 714.0 754.1 712.1 plane 0
738.8 699.8 739.2 701.8 737.2 702.2 736.8 700.2 plane 0
741.1 658.6 742.4 657.1 743.9 658.4 742.6 659.9 plane 0
728.7 637.1 735.9 644.1 723.3 656.9 716.1 649.9 plane 0
704.9 624.0 723.0 636.5 715.1 648.0 697.0 635.5 plane 0
694.7 622.6 695.9 624.2 694.3 625.4 693.1 623.8 plane 0
657.4 641.6 658.9 642.9 657.6 644.4 656.1 643.1 plane 0
643.9 627.0 644.7 628.8 642.9 629.6 642.1 627.8 plane 0
576.3 599.5 577.8 598.2 579.1 599.8 577.5 601.1 plane 0
585.8 638.6 587.4 639.8 586.2 641.4 584.6 640.2 plane 0
565.8 672.8 565.9 674.8 563.9 674.9 563.8 672.9 plane 0
611.1 793.7 612.3 792.1 613.9 793.3 612.7 794.9 plane 0
621.1 812.2 622.2 813.9 620.5 814.9 619.4 813.3 plane 0
630.7 830.8 632.2 832.1 631.0 833.6 629.4 832.4 plane 0
611.2 865.6 612.4 867.2 610.8 868.4 609.6 866.8 plane 0
517.5 1013.2 519.1 1012.1 520.3 1013.7 518.6 1014.8 plane 0
538.8 953.8 540.7 954.3 540.2 956.2 538.3 955.7 plane 0
535.7 878.1 536.4 876.2 538.3 876.9 537.6 878.8 plane 0
514.5 874.9 514.6 876.9 512.6 877.0 512.5 875.0 plane 0
802.7 749.3 803.8 747.7 805.5 748.8 804.3 750.4 plane 0
834.1 775.9 835.6 774.6 836.9 776.1 835.4 777.4 plane 0
880.8 852.5 891.3 843.3 900.5 853.8 890.0 863.0 plane 0
856.4 930.1 858.1 929.0 859.2 930.7 857.5 931.8 plane 0
840.1 969.9 841.1 968.1 842.9 969.1 841.9 970.9 plane 0
812.7 1013.6 814.7 1013.4 815.0 1015.4 813.0 1015.6 plane 0
577.6 983.6 578.9 982.1 580.4 983.4 579.1 984.9 plane 0
622.4 1016.9 622.6 1018.9 620.6 1019.1 620.4 1017.1 plane 0
638.5 990.6 640.5 990.2 640.8 992.2 638.9 992.5 plane 0
621.7 968.6 622.9 970.2 621.3 971.4 620.1 969.8 plane 0
619.6 875.3 627.2 887.1 615.4 894.7 607.8 882.9 plane 0
