483.2 107.3 509.1 109.5 507.9 123.5 482.0 121.2 plane 0
370.0 94.2 381.7 101.9 369.5 120.2 357.8 112.5 plane 0
460.5 115.0 471.0 124.2 459.2 137.8 448.6 128.5 plane 0
473.3 136.4 475.9 141.8 459.7 149.6 457.1 144.2 plane 0
459.9 160.3 460.3 154.4 482.3 156.0 481.8 162.0 plane 0
488.3 72.8 501.1 85.4 485.7 101.2 472.9 88.6 plane 0
511.0 123.2 514.4 128.1 493.3 143.2 489.8 138.3 plane 0
515.5 140.8 518.3 146.1 498.9 156.4 496.1 151.1 plane 0
531.3 88.0 547.4 103.0 529.7 122.0 513.6 107.0 plane 0
513.1 80.9 513.4 66.9 531.4 67.3 531.1 81.3 plane 0
