844.0 456.3 862.3 474.8 829.5 507.1 811.3 488.6 plane 0
799.8 515.2 821.7 535.8 792.8 566.3 771.0 545.7 plane 0
703.1 621.8 715.5 628.4 697.7 662.0 685.3 655.4 plane 0
734.5 569.5 747.1 582.3 711.5 617.5 698.9 604.7 plane 0
720.5 602.0 779.1 622.4 770.5 647.0 711.9 626.6 plane 0
761.4 572.9 786.3 596.1 768.6 615.1 743.7 591.9 plane 0
830.4 286.4 866.3 264.6 892.2 307.4 856.3 329.1 plane 0
591.4 552.3 611.7 497.9 632.3 505.6 612.0 560.0 plane 0
613.9 548.0 651.9 515.5 663.6 529.2 625.6 561.7 plane 0
638.3 562.2 663.0 538.8 678.1 554.8 653.4 578.2 plane 0
684.1 545.2 711.3 565.6 678.9 608.8 651.7 588.4 plane 0
703.8 502.6 709.8 502.4 711.2 560.4 705.2 560.6 plane 0
703.2 552.1 734.0 537.7 743.4 557.6 712.6 572.1 plane 0
