354.8 634.5 356.3 633.2 357.6 634.7 356.1 636.0 plane 0
337.7 806.9 338.6 805.0 340.4 805.9 339.5 807.7 plane 0
371.0 619.4 372.2 617.8 373.8 619.0 372.6 620.6 plane 0
364.8 632.4 366.1 630.9 367.6 632.3 366.2 633.7 plane 0
340.2 650.1 348.5 638.8 356.6 644.8 348.3 656.0 plane 0
348.3 660.2 349.6 658.7 351.1 660.0 349.8 661.5 plane 0
343.3 672.3 343.7 674.3 341.7 674.7 341.3 672.7 plane 0
339.2 646.8 351.5 653.5 339.2 676.4 326.9 669.7 plane 0
333.8 595.1 335.1 596.6 333.6 597.9 332.3 596.4 plane 0
335.1 608.7 336.1 607.0 337.8 608.0 336.9 609.7 plane 0
326.6 622.3 328.3 621.2 329.3 622.9 327.7 624.0 plane 0
314.5 609.2 330.4 600.9 335.0 609.7 319.1 618.1 plane 0
316.6 623.4 318.1 622.1 319.4 623.6 317.9 624.9 plane 0
308.1 638.2 309.3 636.6 310.9 637.8 309.7 639.4 plane 0
311.7 572.1 312.4 570.2 314.3 570.9 313.6 572.8 plane 0
311.7 559.0 312.6 560.8 310.8 561.7 309.9 559.9 plane 0
303.4 584.4 304.7 582.9 306.2 584.2 305.0 585.7 plane 0
288.8 611.5 290.5 610.5 291.6 612.1 289.9 613.2 plane 0
277.0 601.0 290.1 606.1 282.2 626.6 269.1 621.5 plane 0
285.8 541.8 287.7 541.3 288.2 543.2 286.3 543.7 plane 0
425.8 719.5 437.7 733.0 421.2 747.5 409.3 734.0 plane 0
524.8 866.9 531.1 845.8 552.2 852.1 545.9 873.2 plane 0
716.1 967.3 728.8 980.1 716.0 992.8 703.3 980.0 plane 0
275.2 541.9 277.1 542.2 276.8 544.1 274.9 543.8 plane 0
268.6 568.2 270.5 567.7 271.0 569.6 269.1 570.1 plane 0
248.1 567.1 265.3 561.8 269.4 575.2 252.2 580.4 plane 0
258.5 512.1 260.4 512.5 260.0 514.4 258.1 514.0 plane 0
249.8 527.4 251.2 526.0 252.6 527.4 251.2 528.8 plane 0
234.5 552.4 236.2 551.4 237.2 553.2 235.5 554.1 plane 0
225.9 567.0 226.7 565.1 228.5 566.0 227.7 567.8 plane 0
226.0 546.3 232.4 554.0 221.7 563.0 215.3 555.3 plane 0
230.8 514.9 248.8 515.4 248.0 541.4 230.0 540.9 plane 0
238.8 512.1 250.6 504.6 258.1 516.5 246.3 524.0 plane 0
221.2 484.9 222.1 483.2 223.8 484.1 222.9 485.8 plane 0
213.1 497.4 214.9 498.2 214.1 500.0 212.3 499.2 plane 0
