888.5 348.4 889.3 350.2 887.5 351.1 886.7 349.3 plane 0
878.7 292.6 880.4 291.6 881.4 293.3 879.7 294.3 plane 0
865.1 292.7 866.2 291.0 877.7 299.1 876.5 300.7 plane 0
861.2 302.9 867.2 294.9 884.8 308.1 878.8 316.1 plane 0
853.4 305.0 854.6 303.3 872.6 316.0 871.4 317.7 plane 0
872.5 312.2 875.7 317.3 857.0 329.0 853.8 323.9 plane 0
882.9 317.6 887.2 321.8 869.1 340.4 864.8 336.2 plane 0
1008.7 377.9 1022.2 374.2 1029.2 399.2 1015.7 403.0 plane 0
1010.8 405.1 1011.8 403.4 1013.5 404.3 1012.5 406.1 plane 0
886.8 338.3 887.8 340.0 886.0 341.0 885.1 339.2 plane 0
892.5 310.0 893.6 308.3 912.0 320.2 910.9 321.9 plane 0
897.5 310.9 902.1 302.0 921.6 312.0 917.1 320.9 plane 0
909.6 296.1 913.5 300.7 905.9 307.2 902.0 302.6 plane 0
68.4 488.3 81.2 500.9 51.6 530.7 38.8 518.1 plane 0
916.9 295.5 933.1 287.7 942.7 307.5 926.5 315.3 plane 0
274.2 393.2 322.5 432.1 281.1 483.5 232.8 444.6 plane 0
524.3 619.3 524.7 617.3 526.7 617.7 526.3 619.7 plane 0
568.5 654.6 602.4 657.6 597.5 711.4 563.6 708.4 plane 0
535.0 747.0 559.3 770.8 493.6 838.0 469.3 814.3 plane 0
645.8 743.5 646.6 745.4 644.7 746.1 644.0 744.3 plane 0
667.9 763.2 729.0 773.4 720.8 822.7 659.6 812.5 plane 0
612.4 914.1 641.4 889.6 673.6 927.9 644.6 952.4 plane 0
649.0 958.4 680.3 930.3 703.0 955.6 671.7 983.7 plane 0
688.3 994.8 692.4 981.4 728.8 992.3 724.7 1005.7 plane 0
861.3 945.8 906.2 956.0 890.7 1024.2 845.8 1014.0 plane 0
838.7 915.8 859.1 924.0 837.5 977.9 817.0 969.7 plane 0
786.9 871.3 831.8 881.4 818.1 941.9 773.3 931.8 plane 0
735.9 864.5 773.8 838.4 795.4 869.7 757.5 895.8 plane 0
548.8 25.7 550.1 43.7 528.2 45.3 526.9 27.3 plane 0
720.9 137.4 734.2 149.5 711.2 174.6 697.9 162.5 plane 0
784.5 216.3 787.4 221.6 757.5 237.7 754.6 232.4 plane 0
763.1 220.3 771.2 195.6 795.9 203.7 787.8 228.4 plane 0
475.6 524.8 484.9 578.0 455.4 583.2 446.1 530.0 plane 0
204.2 447.2 238.1 444.9 241.8 498.8 207.9 501.1 plane 0
159.1 461.4 180.5 456.3 194.9 516.6 173.5 521.7 plane 0
73.8 557.9 89.0 497.8 114.2 504.1 99.0 564.2 plane 0
119.4 476.0 137.3 474.2 142.6 528.0 124.7 529.8 plane 0
