892.3 561.1 1016.4 652.4 1005.7 666.9 881.6 575.6 storage-tank 0
833.3 696.1 862.4 688.8 869.7 717.9 840.6 725.2 storage-tank 0
911.3 688.4 956.4 718.2 937.7 746.6 892.6 716.8 storage-tank 0
973.2 639.1 981.0 650.7 909.8 698.9 902.0 687.3 storage-tank 0
900.2 635.5 916.7 650.0 896.8 672.5 880.3 658.0 storage-tank 0
933.8 584.1 942.6 595.1 894.2 633.9 885.4 622.9 storage-tank 0
937.3 625.4 943.1 623.6 949.7 644.6 943.9 646.4 storage-tank 0
1011.1 567.2 1015.2 580.5 978.9 591.8 974.8 578.5 storage-tank 0
954.0 538.4 985.7 566.0 966.0 588.6 934.3 561.0 storage-tank 0
110.0 235.9 111.3 234.4 112.9 235.7 111.6 237.2 harbor 0
51.8 138.8 65.3 126.8 101.2 167.2 87.7 179.2 harbor 0
28.5 273.0 28.5 275.0 26.5 275.0 26.5 273.0 harbor 0
41.0 333.1 42.4 334.5 41.0 335.9 39.6 334.5 harbor 0
232.8 957.6 234.7 958.2 234.0 960.1 232.1 959.5 harbor 0
184.6 987.2 185.8 988.7 184.2 990.0 183.0 988.4 harbor 0
138.6 1011.9 140.6 1012.1 140.4 1014.1 138.4 1013.9 harbor 0
100.3 966.4 101.8 967.8 100.4 969.3 98.9 967.9 harbor 0
59.7 981.6 61.5 980.7 62.4 982.4 60.6 983.3 harbor 0
25.3 1006.1 26.9 1007.3 25.7 1008.9 24.1 1007.7 harbor 0
376.4 648.3 378.1 647.2 379.2 648.8 377.5 650.0 ship 0
