655.7 973.6 692.8 1007.2 675.3 1026.4 638.2 992.8 storage-tank 0
609.1 990.9 648.5 1005.2 636.9 1037.1 597.5 1022.8 storage-tank 0
773.3 30.2 781.9 35.3 772.7 50.8 764.1 45.7 plane 0
821.9 39.8 842.9 66.6 800.5 100.0 779.5 73.2 plane 0
901.9 251.6 927.6 273.9 897.4 308.6 871.7 286.3 plane 0
694.0 957.3 734.3 993.2 717.0 1012.7 676.7 976.8 storage-tank 0
639.9 922.7 659.3 905.3 706.1 957.3 686.7 974.7 storage-tank 0
634.1 920.1 659.5 972.2 610.9 995.9 585.5 943.8 storage-tank 0
333.8 122.5 358.9 115.9 367.6 148.8 342.4 155.4 plane 0
388.7 123.3 389.8 124.9 388.2 126.1 387.0 124.5 plane 0
423.9 79.9 444.2 96.3 427.8 116.5 407.6 100.1 plane 0
548.5 16.8 568.7 33.2 549.8 56.5 529.6 40.1 plane 0
423.7 350.0 450.7 376.7 421.2 406.6 394.2 379.9 plane 0
454.7 393.1 508.7 431.0 459.2 501.4 405.2 463.4 plane 0
608.4 346.7 639.3 391.0 601.6 417.3 570.7 373.0 plane 0
400.8 180.7 412.9 203.7 354.6 234.6 342.4 211.6 plane 0
387.6 321.4 389.9 299.5 439.6 304.7 437.3 326.6 plane 0
427.0 262.9 452.6 229.6 514.4 277.2 488.8 310.5 plane 0
504.4 205.5 531.5 192.7 554.5 241.6 527.4 254.4 plane 0
574.5 163.3 620.3 115.8 667.8 161.7 621.9 209.2 plane 0
282.5 453.3 304.4 479.4 281.5 498.7 259.6 472.6 plane 0
331.3 724.5 363.2 691.4 416.5 742.8 384.6 775.9 plane 0
421.6 834.1 452.2 819.3 468.7 853.5 438.2 868.3 plane 0
537.0 798.7 590.4 790.7 596.6 832.3 543.2 840.3 plane 0
462.0 954.5 491.6 950.0 498.0 991.5 468.4 996.0 plane 0
817.2 103.6 851.1 100.6 854.8 142.4 820.9 145.4 plane 0
841.1 162.3 870.7 179.0 857.9 201.7 828.3 185.0 plane 0
692.5 117.4 717.0 100.1 743.5 137.6 719.0 154.9 plane 0
400.8 58.2 422.2 22.1 465.3 47.5 443.9 83.7 plane 0
325.0 6.2 340.7 31.8 305.0 53.8 289.3 28.2 plane 0
