761.9 399.0 770.1 410.3 736.1 435.0 727.9 423.7 small-vehicle 0
732.7 737.9 734.4 736.8 735.5 738.5 733.8 739.6 large-vehicle 0
605.8 711.3 622.6 697.1 652.4 732.1 635.6 746.3 large-vehicle 0
551.0 613.8 568.8 600.9 605.0 651.2 587.2 664.1 large-vehicle 0
600.3 603.0 600.8 605.0 598.9 605.5 598.4 603.5 large-vehicle 0
658.4 674.0 662.4 687.4 625.9 698.0 622.0 684.6 large-vehicle 0
635.3 640.4 653.8 628.4 676.7 663.6 658.2 675.6 large-vehicle 0
648.3 578.3 649.9 577.1 651.1 578.6 649.6 579.9 large-vehicle 0
660.5 638.3 680.4 621.6 727.9 678.4 707.9 695.1 large-vehicle 0
698.8 641.5 715.3 627.0 735.2 649.5 718.7 664.0 large-vehicle 0
713.6 569.3 715.2 568.1 716.4 569.7 714.8 570.9 large-vehicle 0
756.0 637.4 757.6 636.1 758.8 637.6 757.3 638.9 large-vehicle 0
213.4 550.1 236.0 580.6 195.8 610.3 173.2 579.8 large-vehicle 0
148.4 585.9 162.8 616.7 113.8 639.5 99.5 608.7 large-vehicle 0
420.2 274.4 429.9 277.0 414.9 333.0 405.2 330.4 large-vehicle 0
414.1 291.2 428.8 274.9 462.9 305.8 448.2 322.1 large-vehicle 0
495.5 245.7 516.0 237.6 538.9 295.3 518.4 303.4 large-vehicle 0
774.6 919.7 776.4 920.6 775.4 922.4 773.7 921.5 large-vehicle 0
747.5 354.8 752.0 358.8 715.8 398.9 711.3 394.9 small-vehicle 0
672.8 732.9 689.4 712.9 734.1 749.9 717.5 769.9 large-vehicle 0
682.4 762.4 684.0 761.2 685.2 762.9 683.6 764.0 large-vehicle 0
663.8 788.1 664.9 789.8 663.2 790.9 662.1 789.2 large-vehicle 0
383.3 476.9 390.6 470.1 446.3 530.3 439.0 537.1 large-vehicle 0
250.7 349.1 278.4 368.7 263.3 389.9 235.6 370.3 large-vehicle 0
202.0 356.8 220.3 380.6 171.2 418.5 152.9 394.7 large-vehicle 0
475.2 375.2 505.3 415.2 452.5 454.9 422.5 414.9 large-vehicle 0
609.6 370.0 620.1 389.3 569.2 417.1 558.7 397.8 large-vehicle 0
295.0 456.6 326.7 500.3 270.0 541.4 238.3 497.7 large-vehicle 0
700.6 966.5 702.0 965.1 703.4 966.5 702.0 967.9 large-vehicle 0
726.5 949.3 728.2 948.2 729.3 949.9 727.6 950.9 large-vehicle 0
664.7 980.0 666.5 979.2 667.3 981.0 665.5 981.8 large-vehicle 0
405.6 468.1 413.0 461.4 468.1 522.1 460.7 528.8 large-vehicle 0
614.2 771.0 639.2 763.7 652.2 807.8 627.2 815.1 large-vehicle 0
427.3 451.7 435.2 445.6 483.4 506.9 475.5 513.1 large-vehicle 0
452.2 446.1 460.1 440.0 500.8 491.9 492.9 498.0 large-vehicle 0
478.5 447.0 496.8 434.8 520.1 469.8 501.8 481.9 large-vehicle 0
496.8 429.2 517.4 413.4 555.1 462.6 534.5 478.4 large-vehicle 0
563.6 725.2 564.8 723.6 566.4 724.8 565.2 726.4 large-vehicle 0
548.6 761.2 550.3 760.1 551.4 761.8 549.7 762.9 large-vehicle 0
521.5 771.2 523.3 770.5 524.1 772.3 522.2 773.1 large-vehicle 0
602.9 802.3 604.6 801.3 605.6 803.0 603.9 804.0 large-vehicle 0
749.1 377.4 755.7 384.8 721.5 415.5 714.8 408.1 small-vehicle 0
740.7 437.6 744.3 428.2 779.8 441.8 776.2 451.1 small-vehicle 0
761.3 519.2 761.7 501.3 807.7 502.2 807.3 520.2 small-vehicle 0
820.6 528.7 821.2 542.7 771.3 545.2 770.6 531.2 small-vehicle 0
787.5 564.5 789.1 554.6 838.5 562.5 836.9 572.4 small-vehicle 0
857.8 611.0 858.2 628.9 816.2 630.0 815.8 612.1 small-vehicle 0
1010.4 461.8 1013.4 475.5 960.6 487.2 957.6 473.5 small-vehicle 0
1014.1 475.0 1024.5 503.2 973.9 522.0 963.5 493.8 small-vehicle 0
981.0 689.1 1001.1 680.0 1020.0 721.9 999.9 731.0 small-vehicle 0
960.6 696.9 981.7 690.9 994.4 735.1 973.3 741.1 small-vehicle 0
943.3 704.9 951.6 699.4 972.7 731.1 964.4 736.6 small-vehicle 0
898.2 750.2 932.0 732.9 976.6 820.2 942.8 837.5 small-vehicle 0
756.2 352.2 759.8 330.5 789.4 335.5 785.8 357.2 small-vehicle 0
930.6 424.4 940.7 400.5 990.4 421.6 980.3 445.5 small-vehicle 0
941.6 349.9 946.3 363.1 906.7 377.1 902.0 363.9 small-vehicle 0
934.9 282.4 952.9 374.7 892.1 386.6 874.1 294.3 small-vehicle 0
827.4 873.6 828.8 872.2 830.2 873.6 828.8 875.0 large-vehicle 0
400.5 559.9 422.0 605.1 376.8 626.6 355.4 581.4 small-vehicle 0
425.3 615.3 430.7 623.7 392.0 648.6 386.6 640.2 small-vehicle 0
440.2 633.3 445.5 641.8 406.3 666.0 401.1 657.5 small-vehicle 0
49.7 644.4 69.1 677.1 29.6 700.7 10.2 668.0 small-vehicle 0
860.1 45.1 876.0 30.0 905.0 60.4 889.0 75.6 large-vehicle 0
935.9 258.4 940.1 356.3 862.2 359.7 857.9 261.8 large-vehicle 0
851.7 860.9 853.3 859.8 854.5 861.4 852.8 862.6 large-vehicle 0
901.1 203.9 922.8 183.2 954.6 216.4 932.9 237.1 small-vehicle 0
810.7 673.3 824.4 685.0 779.1 738.3 765.4 726.6 large-vehicle 0
830.5 706.2 844.0 718.1 797.7 770.6 784.2 758.7 large-vehicle 0
326.2 338.7 334.7 349.8 304.5 372.9 296.0 361.7 large-vehicle 0
