393.9 558.9 411.8 571.7 385.1 609.1 367.2 596.3 small-vehicle 0
409.2 593.5 410.7 594.8 409.4 596.3 407.9 595.0 small-vehicle 0
393.6 652.6 421.0 672.7 384.2 722.6 356.8 702.4 small-vehicle 0
334.6 679.9 353.1 691.8 330.4 727.1 311.9 715.2 small-vehicle 0
340.2 770.6 362.5 783.9 340.9 820.0 318.6 806.6 small-vehicle 0
285.7 788.3 307.4 802.7 284.2 837.7 262.5 823.3 small-vehicle 0
314.0 805.4 321.8 811.7 293.0 847.6 285.2 841.3 small-vehicle 0
341.0 821.3 360.2 831.9 340.0 868.7 320.8 858.1 small-vehicle 0
474.8 832.6 502.0 845.4 484.2 883.4 457.0 870.6 small-vehicle 0
212.9 949.7 232.5 959.8 211.3 1000.6 191.8 990.5 small-vehicle 0
226.6 911.9 248.9 925.4 233.4 951.1 211.1 937.6 small-vehicle 0
258.4 921.1 266.9 926.4 244.6 961.9 236.1 956.6 small-vehicle 0
581.3 838.5 608.7 864.8 576.8 897.9 549.4 871.6 small-vehicle 0
638.2 819.2 658.8 841.1 625.3 872.6 604.7 850.8 small-vehicle 0
689.8 805.9 703.5 832.6 666.2 851.8 652.4 825.2 small-vehicle 0
723.0 800.7 736.9 827.3 713.8 839.3 700.0 812.7 small-vehicle 0
777.8 786.9 789.6 810.0 752.2 829.1 740.4 806.0 small-vehicle 0
747.8 978.0 784.9 969.9 797.3 1026.6 760.1 1034.6 small-vehicle 0
796.0 984.9 804.8 980.1 824.8 1017.0 816.0 1021.8 small-vehicle 0
826.4 971.7 840.3 970.9 843.6 1024.8 829.7 1025.6 small-vehicle 0
825.5 784.3 830.8 801.4 794.5 812.7 789.2 795.6 small-vehicle 0
570.3 453.8 583.6 458.3 572.8 490.5 559.5 486.1 small-vehicle 0
537.5 470.8 564.2 484.5 545.0 521.9 518.3 508.1 small-vehicle 0
473.2 444.8 505.7 454.7 491.1 502.5 458.6 492.6 small-vehicle 0
925.5 373.9 975.9 506.6 895.5 537.1 845.1 404.4 storage-tank 0
325.9 317.7 372.1 352.8 332.1 405.3 285.9 370.2 small-vehicle 0
1012.6 56.0 1030.6 56.0 1030.4 98.0 1012.4 98.0 small-vehicle 0
793.9 24.4 886.7 90.6 843.8 150.8 751.0 84.7 large-vehicle 0
799.2 170.2 840.2 191.1 813.8 242.8 772.8 221.9 large-vehicle 0
766.7 287.1 768.4 288.2 767.3 289.9 765.6 288.8 large-vehicle 0
652.3 -20.9 674.7 -7.6 638.8 52.5 616.5 39.2 small-vehicle 0
