657.5 980.7 658.3 982.5 656.5 983.3 655.7 981.5 large-vehicle 0
441.9 834.0 442.0 835.9 440.1 836.0 440.0 834.1 large-vehicle 0
413.4 849.3 420.2 842.0 451.1 870.5 444.3 877.8 large-vehicle 0
394.3 869.4 455.5 879.5 452.5 897.3 391.4 887.2 large-vehicle 0
376.0 899.5 392.9 874.8 454.0 916.5 437.1 941.2 large-vehicle 0
407.7 933.7 408.6 932.0 410.4 932.9 409.5 934.6 large-vehicle 0
366.2 957.1 385.6 929.2 429.9 959.9 410.6 987.9 large-vehicle 0
380.7 1010.1 381.7 1008.3 383.5 1009.3 382.5 1011.1 large-vehicle 0
615.0 759.4 626.5 731.7 683.7 755.5 672.2 783.2 large-vehicle 0
627.1 778.8 628.2 777.1 629.9 778.2 628.8 779.9 large-vehicle 0
590.4 796.3 598.6 785.0 629.4 807.3 621.2 818.6 large-vehicle 0
575.4 822.7 578.9 813.3 648.3 838.8 644.9 848.2 large-vehicle 0
606.4 855.3 607.2 853.4 609.1 854.2 608.2 856.1 large-vehicle 0
558.8 911.5 561.8 885.7 619.4 892.3 616.5 918.1 large-vehicle 0
567.1 947.8 567.6 945.9 569.5 946.4 569.0 948.3 large-vehicle 0
529.0 984.6 539.2 956.4 601.3 978.9 591.1 1007.1 large-vehicle 0
557.6 1006.4 559.1 1007.7 557.8 1009.2 556.3 1007.9 large-vehicle 0
690.6 881.1 691.0 879.1 693.0 879.6 692.5 881.5 large-vehicle 0
638.1 928.9 651.7 902.1 707.0 930.2 693.4 956.9 large-vehicle 0
663.7 957.3 664.7 955.5 666.4 956.5 665.4 958.2 large-vehicle 0
409.2 805.3 425.7 775.6 486.8 809.7 470.3 839.4 large-vehicle 0
429.3 767.7 435.6 760.0 486.5 801.9 480.2 809.7 large-vehicle 0
463.0 762.3 463.2 760.3 465.2 760.5 465.0 762.4 large-vehicle 0
471.8 734.8 472.4 732.9 474.3 733.5 473.7 735.4 large-vehicle 0
445.6 702.1 450.2 688.9 516.4 711.9 511.8 725.1 large-vehicle 0
