243.6 1013.3 255.7 1006.3 258.8 1011.5 246.6 1018.5 small-vehicle 0
172.8 982.3 184.7 974.8 187.9 979.9 176.0 987.4 small-vehicle 0
798.9 1012.6 800.9 1012.4 801.1 1014.4 799.1 1014.6 small-vehicle 0
242.1 1011.9 253.7 1004.1 257.0 1009.0 245.4 1016.9 small-vehicle 0
206.4 932.8 208.1 931.7 209.2 933.4 207.5 934.5 small-vehicle 0
172.4 982.0 183.4 973.4 187.1 978.1 176.1 986.8 small-vehicle 0
165.1 890.5 186.3 875.5 210.6 909.8 189.4 924.8 small-vehicle 0
148.7 858.5 163.8 842.5 188.5 865.9 173.4 881.9 small-vehicle 0
117.0 789.6 128.5 781.6 148.0 809.4 136.5 817.4 small-vehicle 0
75.5 713.9 86.4 705.1 100.1 722.3 89.2 731.1 small-vehicle 0
74.9 783.8 76.5 782.6 77.7 784.2 76.1 785.4 small-vehicle 0
49.3 736.6 51.0 735.5 52.1 737.2 50.4 738.3 small-vehicle 0
5.4 672.2 17.5 665.2 26.6 680.8 14.5 687.8 small-vehicle 0
515.4 538.6 529.3 527.1 553.6 556.4 539.7 567.9 small-vehicle 0
612.1 688.9 613.6 687.6 614.9 689.1 613.4 690.4 small-vehicle 0
825.5 893.3 839.6 882.2 860.6 909.0 846.4 920.1 small-vehicle 0
790.9 787.4 805.8 803.6 783.6 823.9 768.8 807.6 small-vehicle 0
472.4 467.7 489.2 453.4 508.6 476.3 491.8 490.6 small-vehicle 0
490.4 495.6 508.7 483.3 536.7 524.7 518.5 537.0 small-vehicle 0
480.3 356.1 491.6 347.8 518.7 384.9 507.4 393.2 small-vehicle 0
349.0 263.4 363.8 242.0 395.0 263.6 380.2 285.0 small-vehicle 0
355.5 0.0 370.9 20.9 343.6 41.1 328.1 20.2 small-vehicle 0
322.5 201.0 333.7 192.6 356.5 223.0 345.3 231.4 small-vehicle 0
397.1 332.3 410.8 320.7 437.9 352.7 424.2 364.3 small-vehicle 0
436.8 295.4 448.3 287.4 474.5 325.2 463.0 333.2 small-vehicle 0
450.6 412.5 467.2 405.7 477.1 429.7 460.4 436.5 small-vehicle 0
417.3 372.8 433.6 358.0 461.7 389.2 445.4 404.0 small-vehicle 0
589.0 644.1 590.6 642.9 591.8 644.5 590.2 645.7 small-vehicle 0
765.5 863.1 784.1 851.4 806.5 886.9 787.9 898.6 small-vehicle 0
759.8 708.1 769.2 728.0 731.2 745.9 721.8 726.0 small-vehicle 0
892.5 932.6 903.8 964.6 867.9 977.3 856.7 945.2 small-vehicle 0
663.5 543.2 676.7 560.8 646.3 583.5 633.1 565.9 small-vehicle 0
676.3 562.1 684.1 568.4 657.5 601.0 649.8 594.7 small-vehicle 0
288.8 157.1 301.3 129.8 332.2 143.9 319.7 171.2 small-vehicle 0
374.4 297.2 395.1 281.4 420.6 314.8 399.9 330.6 small-vehicle 0
