276.7 180.8 317.3 227.7 207.1 323.3 166.4 276.5 tennis-court 0
493.0 -36.8 592.1 91.4 483.0 175.8 383.9 47.6 tennis-court 0
845.7 477.4 847.6 476.7 848.3 478.6 846.4 479.3 tennis-court 0
732.6 548.0 740.2 541.5 746.7 549.1 739.1 555.6 tennis-court 0
629.2 615.0 631.0 614.2 631.8 616.0 630.0 616.8 tennis-court 0
522.4 680.7 524.0 681.8 522.9 683.5 521.3 682.4 tennis-court 0
681.2 912.5 693.6 925.6 674.8 943.5 662.4 930.4 tennis-court 0
781.7 847.4 797.9 862.2 788.5 872.5 772.2 857.7 tennis-court 0
907.2 753.1 927.4 769.5 880.8 826.9 860.6 810.5 tennis-court 0
210.2 60.3 255.7 102.4 123.8 244.7 78.3 202.5 tennis-court 0
123.1 -16.4 162.1 36.8 54.1 116.1 15.1 62.8 tennis-court 0
