709.2 22.6 718.6 19.1 738.8 73.4 729.4 76.9 small-vehicle 0
683.6 29.1 692.4 24.4 717.9 72.0 709.1 76.7 small-vehicle 0
630.8 37.1 647.6 22.9 682.5 64.1 665.7 78.3 small-vehicle 0
618.4 35.8 627.2 31.1 650.6 75.2 641.8 79.9 small-vehicle 0
432.5 75.3 459.1 61.5 480.4 102.3 453.8 116.1 small-vehicle 0
381.2 80.7 406.5 64.5 433.5 106.6 408.2 122.8 small-vehicle 0
340.7 66.8 381.4 95.8 347.6 143.0 307.0 114.0 small-vehicle 0
177.1 252.4 223.9 211.8 261.9 255.6 215.1 296.2 small-vehicle 0
230.6 90.5 268.5 87.7 272.4 141.5 234.5 144.3 small-vehicle 0
154.6 77.5 184.5 75.6 188.4 137.5 158.5 139.4 small-vehicle 0
956.2 483.7 1113.9 741.2 610.8 1049.3 453.1 791.8 soccer-ball-field 0
83.7 266.8 95.4 290.0 61.5 307.2 49.8 284.0 small-vehicle 0
79.8 137.8 84.9 112.3 126.1 120.4 121.0 145.9 small-vehicle 0
30.1 145.4 35.6 162.5 10.9 170.5 5.4 153.3 small-vehicle 0
783.9 7.5 808.4 -1.2 827.8 53.5 803.3 62.2 small-vehicle 0
815.2 5.4 844.1 -2.5 858.3 49.6 829.4 57.5 small-vehicle 0
395.5 24.0 427.3 12.0 446.4 62.5 414.6 74.5 small-vehicle 0
