732.8 797.8 754.8 799.1 751.2 857.0 729.3 855.7 small-vehicle 0
861.1 786.6 870.7 789.1 863.2 818.1 853.5 815.6 small-vehicle 0
838.8 761.4 859.7 768.1 843.0 819.5 822.1 812.7 small-vehicle 0
847.8 811.7 872.1 820.8 853.2 871.3 828.9 862.2 small-vehicle 0
780.5 753.2 789.6 757.3 767.1 806.4 758.1 802.3 small-vehicle 0
945.4 508.9 955.3 510.0 949.0 567.6 939.0 566.5 small-vehicle 0
921.3 504.0 945.4 513.7 926.7 560.0 902.6 550.3 small-vehicle 0
870.9 484.6 913.3 502.3 894.1 548.4 851.7 530.7 small-vehicle 0
818.4 476.8 828.3 478.0 821.8 531.6 811.9 530.4 small-vehicle 0
797.7 480.0 816.6 491.2 797.3 523.9 778.4 512.7 small-vehicle 0
973.5 473.5 997.2 484.1 983.3 515.1 959.6 504.5 small-vehicle 0
890.4 459.4 900.0 462.2 891.8 491.0 882.1 488.3 small-vehicle 0
933.9 468.8 943.7 471.0 936.1 504.2 926.3 502.0 small-vehicle 0
713.7 497.7 736.8 509.5 715.9 550.5 692.7 538.6 small-vehicle 0
718.4 464.7 746.6 475.1 736.1 503.2 708.0 492.8 small-vehicle 0
738.1 429.9 740.1 430.1 739.9 432.1 737.9 431.9 large-vehicle 0
808.3 576.4 847.8 590.6 829.5 641.4 790.0 627.2 small-vehicle 0
812.3 763.4 833.6 768.7 822.6 813.4 801.2 808.1 small-vehicle 0
898.1 790.4 918.9 797.5 908.1 829.7 887.2 822.6 small-vehicle 0
789.7 797.2 812.7 809.2 784.0 864.2 760.9 852.1 small-vehicle 0
949.0 795.9 969.1 804.8 947.0 854.1 926.9 845.2 small-vehicle 0
922.3 786.2 946.8 794.8 928.9 845.8 904.4 837.2 small-vehicle 0
938.4 941.6 966.3 952.5 946.6 1002.8 918.6 991.8 small-vehicle 0
961.0 799.7 986.8 802.7 979.1 868.3 953.2 865.3 small-vehicle 0
996.5 806.1 1005.8 809.8 986.0 860.0 976.7 856.3 small-vehicle 0
1003.6 823.3 1025.5 824.8 1023.4 854.7 1001.5 853.2 small-vehicle 0
660.9 676.3 688.6 687.8 664.8 745.1 637.1 733.6 small-vehicle 0
1003.4 854.0 1023.7 862.6 1004.3 908.6 984.0 900.1 small-vehicle 0
20.7 247.8 151.7 320.9 53.3 497.2 -77.7 424.1 tennis-court 0
86.0 492.0 385.2 811.8 77.1 1100.1 -222.2 780.3 basketball-court 0
669.8 928.0 685.4 912.5 723.4 950.8 707.8 966.3 small-vehicle 0
751.6 998.0 766.6 981.9 791.4 1005.0 776.4 1021.1 small-vehicle 0
713.7 968.6 731.7 949.9 756.3 973.4 738.3 992.1 small-vehicle 0
645.3 905.9 664.3 888.2 684.7 910.1 665.7 927.8 small-vehicle 0
967.0 694.8 990.3 706.4 968.0 751.2 944.7 739.6 small-vehicle 0
755.8 744.0 775.8 753.0 752.1 805.9 732.0 796.9 small-vehicle 0
888.1 779.8 897.6 783.1 879.9 834.2 870.4 830.9 small-vehicle 0
1013.7 373.9 1031.4 376.7 1024.3 422.1 1006.6 419.3 small-vehicle 0
835.0 478.6 845.0 478.2 847.2 532.1 837.2 532.5 small-vehicle 0
958.4 515.1 968.4 514.3 972.5 564.2 962.5 565.0 small-vehicle 0
1007.6 523.3 1027.9 531.8 1010.1 574.3 989.8 565.8 small-vehicle 0
849.2 446.4 858.9 448.8 851.7 477.9 842.0 475.5 small-vehicle 0
818.7 447.3 844.2 452.2 839.3 477.7 813.8 472.8 small-vehicle 0
944.0 617.1 986.0 618.7 983.9 672.6 941.9 671.0 small-vehicle 0
914.0 467.8 923.2 471.5 912.1 499.4 902.8 495.6 small-vehicle 0
1003.5 479.5 1012.4 484.0 993.5 521.5 984.6 517.0 small-vehicle 0
1015.9 490.4 1025.9 490.6 1025.1 520.6 1015.1 520.4 small-vehicle 0
795.5 656.4 816.9 661.8 806.5 702.5 785.2 697.1 small-vehicle 0
983.0 704.6 993.0 704.4 994.0 746.4 984.0 746.6 small-vehicle 0
