87.8 447.8 104.3 477.6 71.1 496.0 54.6 466.3 small-vehicle 0
705.4 718.8 716.3 710.0 752.6 755.2 741.7 764.0 large-vehicle 0
736.6 884.6 738.1 898.5 668.5 906.0 667.0 892.1 large-vehicle 0
732.4 903.0 740.6 914.4 706.6 939.0 698.4 927.6 large-vehicle 0
682.5 943.8 684.1 934.0 788.8 950.6 787.2 960.5 large-vehicle 0
591.8 602.4 637.7 660.4 545.2 733.6 499.3 675.6 large-vehicle 0
616.2 645.7 630.6 635.0 662.8 678.3 648.4 689.0 large-vehicle 0
719.9 619.0 726.0 626.9 636.1 697.0 630.0 689.1 large-vehicle 0
657.2 612.2 690.6 586.7 725.8 632.8 692.4 658.3 large-vehicle 0
611.1 753.0 621.5 743.7 646.7 772.2 636.3 781.5 large-vehicle 0
619.5 716.5 630.6 708.0 690.5 785.5 679.4 794.0 large-vehicle 0
663.0 723.1 677.2 712.1 712.7 757.9 698.5 769.0 large-vehicle 0
712.7 679.9 723.6 671.0 793.3 756.1 782.4 765.0 large-vehicle 0
689.8 826.1 698.4 837.1 665.2 862.9 656.6 851.9 large-vehicle 0
707.9 801.4 718.0 791.7 758.1 833.6 748.0 843.3 large-vehicle 0
756.2 808.6 770.5 797.7 800.8 837.4 786.5 848.3 large-vehicle 0
771.7 782.5 795.6 764.4 828.3 807.5 804.4 825.6 large-vehicle 0
757.4 880.6 768.1 871.5 805.7 915.7 795.1 924.7 large-vehicle 0
817.3 859.1 840.9 840.6 871.7 879.9 848.1 898.4 large-vehicle 0
802.2 885.2 816.3 874.1 849.7 916.5 835.5 927.6 large-vehicle 0
778.0 936.7 787.5 946.9 724.4 1005.4 714.9 995.2 large-vehicle 0
736.0 1010.3 740.2 980.6 797.6 988.6 793.4 1018.3 large-vehicle 0
793.2 958.2 816.6 939.4 865.4 1000.3 842.0 1019.0 large-vehicle 0
854.0 955.3 864.5 946.1 900.0 986.7 889.5 995.9 large-vehicle 0
640.6 865.5 642.9 855.8 734.4 877.5 732.1 887.2 large-vehicle 0
670.5 792.0 682.0 805.8 646.7 835.3 635.2 821.5 large-vehicle 0
314.9 335.2 350.6 306.2 379.6 342.0 343.8 370.9 small-vehicle 0
314.4 666.0 341.4 692.7 300.5 733.9 273.5 707.1 large-vehicle 0
254.4 368.8 272.1 355.7 299.4 392.7 281.7 405.8 small-vehicle 0
219.1 390.1 240.8 375.8 263.9 410.9 242.2 425.2 small-vehicle 0
165.6 418.9 189.6 400.9 219.6 440.9 195.6 458.9 small-vehicle 0
165.0 808.2 184.2 831.2 139.8 868.5 120.5 845.5 large-vehicle 0
163.2 779.2 172.5 789.7 129.1 828.2 119.8 817.7 large-vehicle 0
158.4 741.2 168.0 751.3 126.0 791.3 116.3 781.2 large-vehicle 0
215.4 826.9 284.4 790.6 294.6 810.1 225.6 846.4 large-vehicle 0
266.9 752.9 278.8 766.4 205.1 831.1 193.2 817.6 large-vehicle 0
239.5 729.9 250.7 744.0 211.5 775.1 200.3 761.0 large-vehicle 0
234.5 692.6 244.7 707.3 200.4 738.1 190.1 723.4 large-vehicle 0
309.1 644.2 320.4 658.3 278.1 692.0 266.9 677.9 large-vehicle 0
600.4 506.9 610.2 496.9 671.6 557.1 661.8 567.1 large-vehicle 0
344.1 713.1 422.2 660.8 438.9 685.7 360.7 738.0 large-vehicle 0
403.1 624.9 415.1 638.3 371.9 677.1 359.9 663.7 large-vehicle 0
388.7 591.7 400.1 605.6 355.3 642.3 343.9 628.4 large-vehicle 0
488.1 577.0 499.3 591.1 450.6 629.6 439.5 615.4 large-vehicle 0
488.5 619.8 499.5 634.0 456.8 667.0 445.8 652.8 large-vehicle 0
497.1 521.1 509.0 534.5 417.9 615.6 405.9 602.2 large-vehicle 0
406.7 736.7 569.8 580.2 587.8 599.0 424.7 755.5 large-vehicle 0
441.5 356.3 677.5 830.8 643.5 847.7 407.5 373.2 large-vehicle 0
570.2 561.3 581.4 553.0 615.8 599.7 604.6 608.0 large-vehicle 0
539.0 490.8 548.8 480.8 636.4 565.6 626.7 575.7 large-vehicle 0
863.7 938.8 890.3 917.7 923.9 960.1 897.2 981.2 large-vehicle 0
