456.7 473.5 462.9 486.1 371.4 531.2 365.2 518.7 large-vehicle 0
559.6 61.1 592.9 118.0 511.8 165.6 478.5 108.6 large-vehicle 0
377.9 44.4 401.4 88.5 311.4 136.5 287.9 92.4 large-vehicle 0
235.2 74.3 261.0 135.0 181.9 168.7 156.1 108.0 large-vehicle 0
23.6 274.2 36.2 268.2 73.4 345.8 60.8 351.8 large-vehicle 0
19.4 263.9 33.3 265.6 21.2 362.9 7.3 361.1 large-vehicle 0
413.4 253.1 417.5 270.6 306.6 296.9 302.5 279.4 large-vehicle 0
409.6 277.3 415.9 289.8 314.0 341.0 307.8 328.5 large-vehicle 0
408.8 308.3 415.3 320.7 328.3 365.9 321.8 353.5 large-vehicle 0
412.3 337.0 418.9 349.3 339.7 392.0 333.1 379.7 large-vehicle 0
419.8 366.4 426.1 378.9 349.1 417.4 342.9 404.8 large-vehicle 0
420.4 395.5 426.5 408.1 345.8 447.8 339.6 435.3 large-vehicle 0
428.7 421.7 434.8 434.3 361.1 470.1 354.9 457.5 large-vehicle 0
455.3 446.6 460.9 459.5 363.5 501.4 358.0 488.6 large-vehicle 0
459.4 496.9 466.7 508.9 379.9 562.4 372.5 550.5 large-vehicle 0
564.8 716.8 578.6 699.7 620.7 733.5 606.9 750.7 small-vehicle 0
459.3 529.0 466.1 541.3 390.9 582.9 384.1 570.7 large-vehicle 0
459.6 559.9 466.8 571.9 396.4 614.1 389.2 602.1 large-vehicle 0
492.7 584.5 497.3 597.7 385.7 636.1 381.1 622.8 large-vehicle 0
480.6 610.8 487.1 623.2 396.8 670.6 390.3 658.2 large-vehicle 0
487.9 631.3 495.6 643.0 403.4 703.1 395.8 691.3 large-vehicle 0
481.6 664.8 487.1 673.2 398.0 730.6 392.6 722.2 large-vehicle 0
494.8 696.3 503.6 712.0 435.7 750.3 426.8 734.6 large-vehicle 0
521.3 786.8 542.7 836.4 452.7 875.2 431.3 825.6 large-vehicle 0
303.3 989.7 313.1 1030.6 241.2 1047.9 231.3 1007.1 large-vehicle 0
705.9 367.6 731.7 364.6 736.1 402.4 710.3 405.4 small-vehicle 0
682.6 648.9 684.1 647.6 685.4 649.1 683.9 650.4 small-vehicle 0
552.1 656.4 561.0 645.6 611.9 687.6 603.0 698.4 small-vehicle 0
572.6 701.2 580.4 685.0 603.8 696.2 596.0 712.5 small-vehicle 0
316.8 146.6 356.4 183.3 292.6 252.2 252.9 215.5 large-vehicle 0
