832.5 964.4 832.5 938.4 906.5 938.6 906.5 964.6 large-vehicle 0
190.6 635.9 201.7 650.1 181.2 666.1 170.1 651.9 large-vehicle 0
73.6 588.8 78.8 597.4 46.4 617.2 41.2 608.6 large-vehicle 0
194.5 586.4 199.7 595.0 156.7 620.6 151.6 612.0 large-vehicle 0
131.7 600.8 137.7 608.8 107.5 631.8 101.4 623.8 large-vehicle 0
69.9 610.2 83.1 627.8 59.1 645.8 45.9 628.2 large-vehicle 0
132.1 625.0 141.9 640.1 116.6 656.3 106.9 641.2 large-vehicle 0
178.1 572.1 184.2 580.1 163.5 595.8 157.4 587.8 large-vehicle 0
68.6 648.7 70.0 650.1 68.5 651.5 67.1 650.1 large-vehicle 0
20.2 649.3 25.6 657.7 3.8 671.7 -1.6 663.3 large-vehicle 0
613.7 661.2 615.7 660.8 616.1 662.7 614.1 663.2 large-vehicle 0
436.3 737.5 458.4 751.1 438.6 783.5 416.4 769.9 large-vehicle 0
460.6 766.3 462.2 765.1 463.4 766.7 461.8 767.9 large-vehicle 0
138.3 582.0 140.4 591.8 91.6 602.4 89.5 592.6 large-vehicle 0
574.4 494.8 576.1 480.9 637.6 488.2 635.9 502.1 large-vehicle 0
651.9 408.1 654.0 394.3 782.5 413.7 780.4 427.6 large-vehicle 0
646.9 442.5 647.9 428.6 777.6 438.6 776.5 452.6 large-vehicle 0
745.4 464.5 746.2 478.5 680.3 482.0 679.5 468.0 large-vehicle 0
676.1 499.2 679.6 485.7 743.6 502.0 740.1 515.5 large-vehicle 0
673.8 533.6 676.0 519.7 725.4 527.3 723.3 541.1 large-vehicle 0
642.2 539.3 643.9 573.3 589.9 576.0 588.2 542.0 large-vehicle 0
577.0 457.5 581.0 444.1 640.5 461.7 636.5 475.1 large-vehicle 0
63.7 570.7 68.8 579.3 49.8 590.4 44.7 581.8 large-vehicle 0
565.8 427.7 568.7 414.0 637.2 428.3 634.3 442.0 large-vehicle 0
473.0 343.6 517.3 355.9 489.0 458.0 444.6 445.7 large-vehicle 0
73.2 534.5 91.4 553.1 75.6 568.5 57.5 549.9 large-vehicle 0
139.2 522.8 153.4 544.6 128.2 560.9 114.0 539.1 large-vehicle 0
174.6 547.5 181.5 554.8 162.6 572.6 155.7 565.4 large-vehicle 0
120.8 558.3 125.6 561.9 109.8 582.6 105.0 578.9 large-vehicle 0
874.0 977.8 897.3 953.1 925.0 979.2 901.7 1003.9 large-vehicle 0
948.3 793.0 948.8 791.1 950.7 791.6 950.2 793.6 large-vehicle 0
841.2 833.6 841.8 835.5 839.9 836.1 839.3 834.2 large-vehicle 0
842.3 812.6 843.4 814.3 841.7 815.4 840.6 813.7 large-vehicle 0
934.2 880.3 934.7 878.4 936.6 878.8 936.2 880.8 large-vehicle 0
937.0 860.9 937.1 858.9 939.1 859.0 939.0 861.0 large-vehicle 0
941.4 836.2 942.0 834.3 943.9 834.9 943.3 836.8 large-vehicle 0
944.8 814.6 945.6 812.8 947.5 813.6 946.7 815.4 large-vehicle 0
952.4 770.3 952.7 768.4 954.6 768.7 954.3 770.6 large-vehicle 0
836.8 880.3 837.2 878.3 839.2 878.7 838.8 880.7 large-vehicle 0
955.4 746.6 955.8 744.6 957.7 744.9 957.4 746.9 large-vehicle 0
909.6 750.5 911.6 750.7 911.4 752.7 909.4 752.5 large-vehicle 0
975.1 714.7 976.3 713.1 977.9 714.3 976.7 715.9 large-vehicle 0
978.9 691.6 979.9 693.4 978.1 694.3 977.2 692.5 large-vehicle 0
863.5 1014.2 867.3 996.6 900.5 1003.8 896.7 1021.4 large-vehicle 0
839.4 857.9 839.6 855.9 841.6 856.1 841.4 858.1 large-vehicle 0
838.4 901.1 839.6 902.7 838.0 903.9 836.8 902.3 large-vehicle 0
566.6 297.2 588.6 297.8 587.4 343.8 565.4 343.2 small-vehicle 0
60.8 428.4 78.0 403.8 109.2 425.6 92.0 450.2 small-vehicle 0
473.2 805.7 476.9 796.4 515.8 812.3 512.1 821.6 small-vehicle 0
478.2 761.2 486.6 755.6 518.8 803.9 510.4 809.4 small-vehicle 0
479.4 762.8 483.2 741.1 536.4 750.2 532.7 771.9 small-vehicle 0
490.9 725.8 495.1 708.3 532.1 717.2 527.9 734.7 small-vehicle 0
498.5 362.6 527.6 355.5 538.5 400.2 509.3 407.3 small-vehicle 0
465.3 833.2 476.4 809.6 521.7 830.8 510.6 854.4 small-vehicle 0
802.9 932.1 807.2 906.4 888.1 919.9 883.8 945.6 large-vehicle 0
786.8 366.1 787.2 384.1 649.2 386.9 648.8 368.9 large-vehicle 0
