969.3 41.8 998.7 109.7 916.1 145.5 886.7 77.6 large-vehicle 0
542.0 124.6 552.3 115.1 586.3 151.8 576.0 161.3 large-vehicle 0
765.8 1.5 777.9 -5.6 807.2 44.5 795.1 51.6 large-vehicle 0
737.4 -13.9 750.6 -18.5 776.6 55.0 763.4 59.7 large-vehicle 0
857.0 34.9 882.2 91.5 800.0 128.1 774.8 71.5 large-vehicle 0
961.8 134.0 1016.6 153.2 990.8 226.8 936.0 207.6 large-vehicle 0
613.6 244.4 628.4 270.5 574.5 301.1 559.7 275.0 large-vehicle 0
390.6 155.6 429.8 131.5 468.6 194.6 429.4 218.7 large-vehicle 0
478.1 138.2 488.2 128.4 536.9 178.6 526.9 188.4 large-vehicle 0
507.4 127.6 517.7 118.1 567.8 172.5 557.5 182.0 large-vehicle 0
567.4 123.0 592.1 105.9 620.6 147.0 595.9 164.1 large-vehicle 0
348.2 172.7 355.8 184.5 283.5 231.1 276.0 219.3 large-vehicle 0
360.7 262.6 366.1 265.1 333.7 336.0 328.2 333.5 large-vehicle 0
368.7 236.1 376.4 242.5 316.5 314.9 308.8 308.5 large-vehicle 0
371.3 223.3 378.2 235.5 296.0 281.3 289.2 269.1 large-vehicle 0
320.6 219.1 326.6 219.8 324.4 237.7 318.4 236.9 large-vehicle 0
337.0 136.8 344.3 143.7 280.0 212.2 272.7 205.3 large-vehicle 0
582.4 100.9 605.9 82.1 664.5 155.6 641.1 174.3 large-vehicle 0
328.7 126.1 335.6 138.3 271.0 174.5 264.2 162.3 large-vehicle 0
330.8 47.4 337.9 54.4 252.5 141.5 245.3 134.5 large-vehicle 0
326.2 88.9 334.7 100.0 260.0 157.1 251.5 146.0 large-vehicle 0
332.4 19.1 339.6 26.1 243.2 124.9 236.1 118.0 large-vehicle 0
316.5 9.9 323.6 16.9 254.6 86.6 247.5 79.5 large-vehicle 0
302.4 -7.2 310.6 4.2 244.2 52.3 236.0 40.9 large-vehicle 0
631.5 108.4 652.7 93.3 672.5 121.0 651.3 136.1 large-vehicle 0
660.7 98.7 680.9 82.3 707.4 114.9 687.2 131.3 large-vehicle 0
363.2 71.8 369.5 64.0 448.8 128.2 442.5 136.0 large-vehicle 0
416.8 82.0 428.6 74.4 457.9 119.8 446.1 127.4 large-vehicle 0
430.6 68.0 449.9 50.6 491.4 96.7 472.0 114.1 large-vehicle 0
502.0 56.0 515.6 52.5 527.0 97.0 513.4 100.5 large-vehicle 0
539.0 -1.0 556.4 119.8 538.6 122.4 521.2 1.6 large-vehicle 0
543.0 48.2 549.3 40.5 591.0 74.8 584.7 82.5 large-vehicle 0
649.9 41.3 658.9 52.0 620.6 84.2 611.6 73.5 large-vehicle 0
646.2 22.9 650.1 36.3 609.8 48.1 605.9 34.7 large-vehicle 0
585.3 2.4 589.6 -6.7 649.4 21.3 645.1 30.3 large-vehicle 0
991.7 417.4 1014.5 404.9 1032.8 438.2 1010.0 450.7 small-vehicle 0
577.9 877.4 602.3 930.0 524.3 966.3 499.9 913.7 large-vehicle 0
702.2 860.3 730.2 871.1 710.7 921.5 682.7 910.7 large-vehicle 0
797.2 819.2 832.3 879.7 764.8 918.8 729.7 858.3 large-vehicle 0
873.5 816.8 886.2 829.5 830.9 884.5 818.2 871.8 large-vehicle 0
925.3 777.8 968.1 852.3 931.7 873.2 888.9 798.7 large-vehicle 0
1008.6 791.1 1015.2 803.4 978.2 823.3 971.6 811.0 large-vehicle 0
639.7 869.2 665.0 907.6 613.3 941.8 588.0 903.4 large-vehicle 0
510.6 810.6 589.7 789.1 594.4 806.4 515.3 827.9 large-vehicle 0
560.3 828.9 606.8 782.0 645.2 820.0 598.7 866.9 large-vehicle 0
949.4 537.9 999.0 507.9 1012.5 530.1 962.9 560.2 small-vehicle 0
982.2 482.9 991.2 498.5 916.7 541.5 907.7 525.9 small-vehicle 0
906.7 482.8 907.8 472.8 969.4 480.0 968.3 490.0 small-vehicle 0
926.3 458.7 930.4 445.3 989.7 463.3 985.6 476.7 small-vehicle 0
923.8 741.2 962.8 703.8 1000.2 742.8 961.2 780.2 small-vehicle 0
777.5 772.0 830.3 732.4 867.5 782.0 814.7 821.6 small-vehicle 0
387.9 444.0 422.2 365.1 479.0 389.8 444.8 468.7 small-vehicle 0
510.9 753.2 514.1 739.6 578.4 754.5 575.2 768.1 large-vehicle 0
572.2 747.9 579.8 754.4 523.6 819.6 516.1 813.0 large-vehicle 0
