649.7 660.5 662.8 678.2 641.8 693.6 628.8 675.9 small-vehicle 0
465.0 576.2 470.0 584.9 437.0 603.8 432.0 595.1 small-vehicle 0
358.8 536.3 365.9 548.4 343.4 561.6 336.3 549.5 small-vehicle 0
332.0 513.0 346.9 539.1 314.0 558.0 299.1 531.9 small-vehicle 0
412.3 958.3 421.0 947.4 453.7 973.7 445.0 984.6 small-vehicle 0
585.4 624.0 597.9 642.1 566.6 663.6 554.1 645.5 small-vehicle 0
607.7 640.2 613.9 648.0 584.3 671.8 578.0 664.0 small-vehicle 0
551.3 617.8 561.2 619.6 556.7 645.2 546.8 643.4 small-vehicle 0
711.3 677.5 743.5 644.7 810.7 710.5 778.5 743.3 large-vehicle 0
794.4 714.4 818.1 675.0 850.6 694.6 826.9 734.0 large-vehicle 0
132.0 41.6 146.7 25.2 181.0 55.8 166.3 72.3 large-vehicle 0
111.4 64.1 125.1 46.9 179.8 90.5 166.1 107.7 large-vehicle 0
94.1 80.2 106.2 66.8 175.9 129.8 163.8 143.2 large-vehicle 0
80.3 156.7 92.2 138.2 141.0 169.5 129.1 188.0 large-vehicle 0
949.6 788.6 962.0 806.7 904.4 846.4 891.9 828.3 small-vehicle 0
946.8 460.1 980.8 460.9 979.2 526.9 945.2 526.1 large-vehicle 0
476.0 600.7 476.8 602.5 475.0 603.3 474.2 601.5 small-vehicle 0
964.9 376.1 986.5 371.8 995.5 416.9 974.0 421.2 small-vehicle 0
263.3 374.7 277.1 352.6 407.7 434.3 393.9 456.4 large-vehicle 0
908.1 705.0 916.1 693.5 970.3 731.1 962.3 742.6 large-vehicle 0
893.5 732.7 901.5 721.2 959.2 760.8 951.2 772.3 large-vehicle 0
-7.1 477.4 12.9 468.3 30.1 506.6 10.1 515.7 large-vehicle 0
3.5 413.0 13.4 414.2 8.6 451.9 -1.3 450.7 large-vehicle 0
25.7 418.3 44.4 430.0 26.3 458.7 7.6 447.0 large-vehicle 0
95.6 60.9 114.3 72.5 58.4 162.5 39.7 151.0 large-vehicle 0
894.8 673.5 911.2 648.3 1010.2 712.5 993.8 737.7 large-vehicle 0
761.5 650.1 768.2 625.0 816.5 637.9 809.8 663.0 large-vehicle 0
919.9 629.1 929.6 609.3 996.1 641.9 986.4 661.7 large-vehicle 0
965.2 551.1 986.2 566.5 949.6 616.5 928.7 601.2 large-vehicle 0
925.6 384.7 945.4 394.5 889.4 507.3 869.6 497.5 large-vehicle 0
860.7 416.6 862.4 417.7 861.3 419.4 859.6 418.3 large-vehicle 0
956.8 161.4 968.1 153.2 995.2 190.4 983.9 198.6 large-vehicle 0
896.2 285.6 897.9 286.6 896.8 288.3 895.2 287.3 large-vehicle 0
884.9 219.4 900.5 228.2 864.1 292.6 848.5 283.8 large-vehicle 0
745.3 327.6 756.5 319.1 820.7 403.4 809.5 411.9 storage-tank 0
810.6 323.0 820.5 321.6 828.4 379.0 818.5 380.4 storage-tank 0
741.4 411.3 763.0 415.2 757.6 444.7 736.0 440.8 storage-tank 0
786.5 423.4 807.3 430.4 796.5 462.6 775.7 455.6 storage-tank 0
696.1 416.7 708.7 410.5 765.9 527.3 753.3 533.5 storage-tank 0
750.1 454.0 766.7 447.1 796.9 519.0 780.3 525.9 storage-tank 0
708.8 402.3 863.0 253.9 878.2 269.7 724.0 418.1 storage-tank 0
