881.1 944.1 882.6 945.4 881.2 946.9 879.7 945.5 small-vehicle 0
982.5 920.3 995.7 932.5 983.5 945.7 970.3 933.5 small-vehicle 0
57.1 167.0 79.1 166.9 79.1 192.9 57.1 193.0 small-vehicle 0
45.0 159.5 57.1 166.4 44.2 189.0 32.1 182.1 small-vehicle 0
675.2 120.6 675.9 118.7 677.8 119.4 677.1 121.3 small-vehicle 0
490.1 45.2 496.0 32.5 515.9 41.8 510.0 54.5 small-vehicle 0
133.4 126.5 133.5 124.5 135.5 124.6 135.4 126.6 small-vehicle 0
21.5 168.9 23.5 168.9 23.5 170.9 21.5 170.9 small-vehicle 0
888.8 596.8 901.1 609.9 855.7 652.2 843.4 639.0 large-vehicle 0
696.7 667.0 708.0 658.8 727.9 686.4 716.6 694.6 large-vehicle 0
670.6 656.8 692.6 655.7 694.0 685.7 672.1 686.8 large-vehicle 0
292.1 630.5 293.4 629.1 294.9 630.4 293.5 631.9 small-vehicle 0
411.6 462.9 411.8 460.9 413.8 461.1 413.6 463.1 small-vehicle 0
439.7 217.3 440.8 215.6 442.5 216.7 441.4 218.4 small-vehicle 0
571.3 642.1 581.2 643.0 580.0 657.0 570.0 656.1 small-vehicle 0
518.6 642.7 520.6 642.4 520.9 644.4 518.9 644.7 small-vehicle 0
596.4 370.3 603.2 349.3 635.6 359.7 628.8 380.7 large-vehicle 0
604.1 325.1 608.6 316.1 642.5 333.3 638.0 342.3 large-vehicle 0
606.3 304.4 610.1 295.2 652.7 312.5 648.9 321.8 large-vehicle 0
615.8 290.1 623.2 269.4 655.2 280.9 647.8 301.6 large-vehicle 0
636.3 249.2 639.7 239.8 660.4 247.1 657.1 256.6 large-vehicle 0
943.6 855.2 945.0 856.7 943.6 858.1 942.2 856.6 small-vehicle 0
966.3 872.6 967.9 873.8 966.7 875.4 965.1 874.2 small-vehicle 0
914.1 880.9 933.2 891.9 920.3 914.4 901.2 903.5 small-vehicle 0
1008.0 897.6 1009.4 899.0 1008.0 900.4 1006.6 899.0 small-vehicle 0
813.2 680.0 814.8 681.1 813.7 682.7 812.0 681.6 large-vehicle 0
756.0 592.5 757.9 593.4 757.0 595.2 755.2 594.4 large-vehicle 0
499.1 288.2 499.8 290.1 497.9 290.8 497.2 288.9 small-vehicle 0
675.0 539.7 700.0 547.0 683.7 602.7 658.7 595.4 large-vehicle 0
461.6 313.6 466.1 296.2 502.9 305.6 498.5 323.0 small-vehicle 0
452.9 331.2 454.3 321.3 472.1 323.8 470.7 333.7 small-vehicle 0
427.7 342.1 428.6 340.3 430.4 341.1 429.6 342.9 small-vehicle 0
400.9 386.3 406.5 373.5 415.7 377.6 410.0 390.4 small-vehicle 0
164.2 509.7 166.0 510.4 165.4 512.3 163.5 511.6 large-vehicle 0
141.4 486.6 158.5 492.4 146.2 528.3 129.1 522.5 large-vehicle 0
116.7 477.1 138.4 480.3 132.3 521.9 110.6 518.7 small-vehicle 0
103.7 493.3 105.7 493.1 105.9 495.1 103.9 495.2 small-vehicle 0
365.4 547.7 367.1 548.7 366.1 550.4 364.3 549.4 small-vehicle 0
384.4 534.7 401.6 540.0 390.6 576.3 373.4 571.0 small-vehicle 0
158.9 601.1 175.1 608.9 162.1 635.9 145.9 628.1 large-vehicle 0
185.7 622.1 187.4 623.2 186.3 624.9 184.6 623.8 large-vehicle 0
232.2 628.0 234.0 628.8 233.2 630.6 231.4 629.8 large-vehicle 0
254.0 621.7 255.8 622.5 255.0 624.3 253.2 623.5 large-vehicle 0
316.1 636.9 317.6 635.6 318.9 637.1 317.4 638.4 large-vehicle 0
361.5 645.0 362.8 646.5 361.3 647.8 360.0 646.3 large-vehicle 0
381.2 636.8 390.7 639.8 382.9 664.6 373.4 661.6 large-vehicle 0
426.1 624.7 442.6 631.8 427.6 666.7 411.0 659.6 large-vehicle 0
453.6 627.2 468.4 637.4 444.6 672.0 429.8 661.8 large-vehicle 0
472.3 657.0 474.2 657.8 473.5 659.6 471.6 658.9 large-vehicle 0
495.9 660.7 497.8 661.4 497.1 663.3 495.2 662.6 large-vehicle 0
