247.2 170.0 316.7 316.4 184.8 379.0 115.3 232.6 large-vehicle 0
378.8 242.6 380.2 244.1 341.2 281.4 339.8 279.9 small-vehicle 0
369.4 481.7 422.5 442.6 435.6 460.3 382.5 499.4 small-vehicle 0
426.4 508.2 442.8 533.3 407.7 556.4 391.3 531.3 small-vehicle 0
423.1 477.4 431.1 483.5 395.9 529.6 387.9 523.5 small-vehicle 0
485.8 765.0 528.1 804.7 493.8 841.1 451.6 801.4 small-vehicle 0
750.8 118.6 754.8 97.0 784.3 102.4 780.3 124.1 small-vehicle 0
607.3 36.6 636.4 29.5 644.4 62.6 615.3 69.6 small-vehicle 0
357.9 238.9 367.1 283.9 361.2 285.1 352.0 240.1 small-vehicle 0
451.8 197.2 461.2 193.9 484.3 260.0 474.8 263.2 small-vehicle 0
489.6 214.4 503.2 217.8 493.0 258.6 479.5 255.2 small-vehicle 0
489.6 187.7 522.2 178.1 546.5 260.6 513.9 270.2 small-vehicle 0
499.7 153.3 539.6 140.1 560.3 202.7 520.4 215.9 small-vehicle 0
549.4 136.5 569.7 128.0 601.6 203.5 581.3 212.0 small-vehicle 0
649.0 22.7 676.4 10.6 695.0 52.7 667.5 64.8 small-vehicle 0
