31.1 484.1 47.3 509.4 11.9 531.9 -4.3 506.6 small-vehicle 0
97.2 518.5 134.3 473.9 175.8 508.5 138.7 553.1 small-vehicle 0
447.6 471.1 456.7 481.8 382.0 545.2 372.9 534.6 large-vehicle 0
485.1 502.5 490.0 511.1 411.9 555.8 406.9 547.1 large-vehicle 0
487.9 546.2 488.5 560.2 406.6 563.8 406.0 549.8 large-vehicle 0
471.0 560.2 479.7 571.2 440.5 602.2 431.8 591.2 large-vehicle 0
377.6 600.4 425.3 651.7 394.5 680.3 346.8 629.0 large-vehicle 0
327.7 624.8 351.4 614.2 386.4 692.8 362.6 703.4 large-vehicle 0
297.3 639.4 319.9 626.4 358.8 694.1 336.2 707.0 large-vehicle 0
264.9 626.6 278.9 627.6 271.1 737.4 257.1 736.4 large-vehicle 0
248.0 642.4 253.9 634.3 355.7 708.5 349.9 716.6 large-vehicle 0
212.1 668.3 223.1 659.7 273.6 724.3 262.5 733.0 large-vehicle 0
167.0 647.7 180.9 678.7 117.0 707.3 103.2 676.3 large-vehicle 0
196.7 565.0 215.5 588.5 148.3 642.2 129.6 618.8 large-vehicle 0
111.9 604.5 119.6 633.5 67.4 647.4 59.7 618.4 large-vehicle 0
176.5 464.3 227.0 605.6 89.5 654.7 39.0 513.4 large-vehicle 0
242.1 856.7 243.9 855.8 244.8 857.6 243.0 858.5 large-vehicle 0
227.9 669.7 243.5 685.2 197.0 732.0 181.4 716.6 large-vehicle 0
91.6 783.6 122.3 828.0 87.8 851.9 57.0 807.5 small-vehicle 0
164.2 858.9 182.8 847.0 209.8 889.1 191.2 901.0 small-vehicle 0
180.1 407.6 196.2 399.7 205.9 419.4 189.8 427.3 small-vehicle 0
146.9 396.4 165.9 385.4 191.1 428.6 172.1 439.6 small-vehicle 0
124.2 386.7 132.6 381.2 172.8 443.3 164.4 448.8 small-vehicle 0
108.6 395.2 117.3 390.2 152.4 450.8 143.7 455.8 small-vehicle 0
100.3 372.1 212.4 351.3 217.1 376.9 105.0 397.6 small-vehicle 0
441.9 439.3 450.9 450.0 360.1 525.5 351.2 514.7 large-vehicle 0
