578.7 711.8 585.6 704.5 607.3 725.2 600.4 732.5 small-vehicle 0
592.3 758.8 604.5 745.6 632.4 771.4 620.2 784.6 small-vehicle 0
567.5 732.3 574.1 724.8 596.6 744.6 590.0 752.1 small-vehicle 0
550.8 748.0 558.2 741.2 578.5 763.3 571.1 770.1 small-vehicle 0
575.3 776.9 590.7 761.1 623.7 793.1 608.3 808.9 small-vehicle 0
565.1 787.2 572.9 781.1 593.9 807.8 586.1 813.9 small-vehicle 0
527.3 753.9 534.7 747.1 568.5 784.0 561.1 790.7 small-vehicle 0
530.8 826.4 547.8 812.5 564.2 832.6 547.2 846.5 small-vehicle 0
505.6 798.4 512.3 791.0 531.4 808.6 524.7 816.0 small-vehicle 0
517.0 837.3 523.9 830.0 557.2 861.7 550.3 869.0 small-vehicle 0
489.2 815.6 502.5 803.4 522.8 825.4 509.5 837.6 small-vehicle 0
495.4 864.1 511.8 843.9 547.6 872.9 531.2 893.1 small-vehicle 0
476.9 830.9 484.0 823.8 505.2 845.1 498.1 852.1 small-vehicle 0
458.6 850.9 468.3 840.8 489.9 861.6 480.2 871.7 small-vehicle 0
489.7 878.4 503.1 866.4 523.0 888.9 509.5 900.8 small-vehicle 0
733.8 779.6 735.8 779.3 736.1 781.3 734.2 781.6 small-vehicle 0
690.6 800.9 704.0 783.5 737.4 809.1 724.0 826.5 small-vehicle 0
684.7 831.1 686.4 832.2 685.3 833.9 683.6 832.8 small-vehicle 0
740.5 917.5 753.5 890.5 780.5 903.5 767.5 930.5 small-vehicle 0
762.8 880.9 774.7 867.5 800.1 890.1 788.1 903.5 small-vehicle 0
791.6 853.3 798.5 846.2 820.0 867.1 813.1 874.3 small-vehicle 0
929.5 863.6 941.8 850.4 987.1 892.8 974.8 905.9 small-vehicle 0
1014.0 912.6 1015.8 911.7 1016.7 913.5 1014.9 914.4 small-vehicle 0
608.5 737.0 615.4 729.7 648.7 761.5 641.8 768.7 small-vehicle 0
622.0 726.3 636.6 709.8 668.0 737.8 653.3 754.2 small-vehicle 0
595.5 701.3 611.6 686.3 632.0 708.3 615.9 723.3 small-vehicle 0
302.1 656.3 315.3 644.0 343.9 674.7 330.7 687.0 small-vehicle 0
529.0 419.9 545.0 435.0 510.7 471.4 494.7 456.3 small-vehicle 0
583.6 464.6 592.1 484.9 564.4 496.4 555.9 476.1 small-vehicle 0
595.4 483.4 613.1 496.5 600.1 514.2 582.4 501.1 small-vehicle 0
625.3 523.9 626.7 522.5 628.1 523.9 626.7 525.3 small-vehicle 0
504.4 577.0 511.6 570.0 543.6 603.0 536.4 610.0 small-vehicle 0
490.0 605.0 509.1 587.4 529.5 609.5 510.4 627.1 small-vehicle 0
517.9 631.9 533.0 615.9 566.5 647.5 551.3 663.5 small-vehicle 0
473.6 615.3 486.5 602.7 513.0 630.0 500.1 642.5 small-vehicle 0
459.9 634.0 473.5 622.3 493.1 645.0 479.5 656.7 small-vehicle 0
496.4 659.9 504.2 653.6 525.6 680.1 517.8 686.4 small-vehicle 0
477.5 680.5 487.3 670.5 511.6 694.4 501.7 704.4 small-vehicle 0
426.2 672.7 440.7 656.1 463.3 675.8 448.8 692.4 small-vehicle 0
454.7 696.7 470.5 681.4 496.8 708.8 481.0 724.1 small-vehicle 0
440.6 708.9 447.6 701.7 483.6 736.3 476.7 743.6 small-vehicle 0
410.8 689.8 422.7 676.3 445.2 696.2 433.3 709.7 small-vehicle 0
379.0 719.8 391.7 707.0 413.0 728.2 400.3 741.0 small-vehicle 0
428.0 727.7 435.2 720.7 464.5 750.8 457.3 757.8 small-vehicle 0
405.3 749.8 423.3 731.1 453.7 760.2 435.7 778.9 small-vehicle 0
391.4 764.8 404.4 752.3 436.2 785.6 423.2 798.0 small-vehicle 0
357.7 727.2 364.5 719.9 401.3 753.8 394.5 761.1 small-vehicle 0
611.2 681.4 620.8 671.2 642.8 691.6 633.2 701.8 small-vehicle 0
642.0 704.9 648.7 697.5 683.0 728.1 676.3 735.5 small-vehicle 0
892.8 941.5 907.9 925.5 941.3 957.2 926.2 973.2 small-vehicle 0
867.6 914.4 874.4 907.1 896.4 927.6 889.6 934.9 small-vehicle 0
873.4 958.8 891.2 939.9 927.6 974.2 909.8 993.1 small-vehicle 0
845.1 931.7 860.3 915.8 884.9 939.3 869.7 955.2 small-vehicle 0
871.4 976.3 878.4 969.1 905.6 995.7 898.6 1002.9 small-vehicle 0
821.9 964.0 828.4 956.4 851.1 976.0 844.6 983.6 small-vehicle 0
856.9 993.8 866.9 983.9 888.1 1005.2 878.1 1015.1 small-vehicle 0
810.9 984.1 818.0 977.2 836.1 995.9 829.0 1002.8 small-vehicle 0
854.7 1014.5 855.5 1012.7 857.3 1013.5 856.5 1015.3 small-vehicle 0
792.5 994.7 800.1 988.2 832.5 1026.3 824.9 1032.8 small-vehicle 0
988.3 1010.1 989.8 1008.8 991.1 1010.4 989.6 1011.6 small-vehicle 0
-1.2 956.4 5.3 944.0 28.4 956.0 21.9 968.4 small-vehicle 0
365.7 568.5 384.3 550.4 416.3 583.5 397.7 601.6 small-vehicle 0
236.5 720.2 250.0 708.3 272.5 733.8 259.0 745.7 small-vehicle 0
227.0 676.2 239.9 663.6 291.7 716.5 278.8 729.1 small-vehicle 0
249.3 643.6 264.4 627.7 297.7 659.4 282.6 675.3 small-vehicle 0
1.4 42.5 23.4 42.5 23.6 100.5 1.6 100.5 small-vehicle 0
25.7 51.4 47.7 52.7 45.3 94.6 23.3 93.3 small-vehicle 0
59.0 80.1 60.4 81.5 59.0 82.9 57.6 81.5 small-vehicle 0
0.8 155.7 21.6 148.6 35.2 188.3 14.4 195.4 small-vehicle 0
42.4 168.7 44.3 168.4 44.6 170.3 42.7 170.6 small-vehicle 0
182.4 111.0 200.1 124.1 172.6 161.0 154.9 147.9 large-vehicle 0
166.4 955.0 179.2 942.3 211.6 975.0 198.8 987.7 small-vehicle 0
165.0 799.3 179.8 783.1 210.8 811.5 195.9 827.7 small-vehicle 0
299.7 865.9 314.6 849.8 348.3 881.1 333.4 897.2 small-vehicle 0
319.8 845.4 329.7 835.5 359.4 865.2 349.5 875.1 small-vehicle 0
288.7 823.1 301.0 809.9 322.8 830.4 310.5 843.6 small-vehicle 0
119.6 852.3 135.1 836.7 167.8 869.1 152.3 884.7 small-vehicle 0
113.0 866.2 120.4 859.5 148.7 890.5 141.3 897.3 small-vehicle 0
312.3 213.1 317.5 238.5 288.1 244.5 282.9 219.0 small-vehicle 0
499.7 174.7 501.5 175.6 500.6 177.4 498.8 176.4 small-vehicle 0
679.1 77.9 700.7 57.1 721.5 78.7 699.9 99.5 small-vehicle 0
139.0 430.0 165.0 430.0 165.0 456.0 139.0 456.0 small-vehicle 0
233.5 425.2 258.3 417.6 270.5 457.8 245.7 465.4 small-vehicle 0
266.6 432.2 295.9 425.6 303.4 458.8 274.1 465.4 small-vehicle 0
293.9 433.7 319.6 418.3 337.1 447.4 311.4 462.9 small-vehicle 0
345.5 423.0 365.1 433.0 351.5 459.8 331.9 449.8 small-vehicle 0
369.3 429.1 383.2 427.9 384.7 445.9 370.8 447.1 small-vehicle 0
396.6 407.9 422.3 403.7 429.7 449.1 404.0 453.3 small-vehicle 0
432.7 413.0 444.7 405.8 462.3 435.0 450.3 442.2 small-vehicle 0
462.4 402.9 475.6 398.0 491.6 441.1 478.4 446.0 small-vehicle 0
175.5 591.2 185.3 581.2 212.5 607.8 202.7 617.8 small-vehicle 0
179.7 571.1 195.2 555.6 233.3 593.9 217.8 609.4 small-vehicle 0
336.3 563.7 345.8 553.4 373.7 579.2 364.2 589.5 small-vehicle 0
312.8 602.2 321.8 591.5 329.5 598.0 320.4 608.7 small-vehicle 0
283.6 614.2 299.1 598.6 328.9 628.3 313.4 643.9 small-vehicle 0
237.0 866.7 252.5 851.1 288.0 886.3 272.5 901.9 small-vehicle 0
197.7 923.2 210.3 910.3 240.3 939.7 227.8 952.6 small-vehicle 0
267.2 941.5 268.6 940.1 270.0 941.5 268.5 942.9 small-vehicle 0
60.6 643.7 78.9 625.2 114.4 660.4 96.1 678.9 small-vehicle 0
91.0 883.4 108.2 869.7 136.9 905.5 119.8 919.3 small-vehicle 0
22.6 258.2 23.8 256.6 25.4 257.8 24.2 259.4 small-vehicle 0
11.7 424.4 41.7 425.6 40.3 459.6 10.3 458.4 small-vehicle 0
88.1 428.3 96.3 434.0 85.9 448.7 77.7 443.0 small-vehicle 0
119.8 439.1 121.4 440.3 120.2 441.9 118.6 440.7 small-vehicle 0
311.7 923.6 334.0 937.0 310.3 976.4 288.0 963.0 small-vehicle 0
338.0 94.9 356.0 94.7 356.7 140.6 338.7 140.9 large-vehicle 0
427.2 62.4 458.4 40.7 493.8 91.6 462.6 113.3 large-vehicle 0
311.1 994.7 326.0 978.6 371.6 1020.6 356.6 1036.8 small-vehicle 0
377.7 990.6 395.1 971.3 429.2 1002.2 411.8 1021.5 small-vehicle 0
352.1 953.5 361.1 949.2 379.5 986.9 370.5 991.3 small-vehicle 0
397.8 971.1 404.5 963.7 432.6 989.3 425.9 996.7 small-vehicle 0
359.0 937.9 368.6 927.8 405.0 962.1 395.4 972.2 small-vehicle 0
