138.8 86.2 190.9 60.7 263.9 209.8 211.8 235.3 tennis-court 0
54.1 104.3 112.0 101.2 120.6 263.0 62.7 266.1 tennis-court 0
233.8 337.1 289.1 319.6 339.2 477.9 283.9 495.4 tennis-court 0
118.8 376.2 173.6 357.1 228.2 513.9 173.4 533.0 tennis-court 0
2.7 417.3 56.3 395.1 118.3 544.7 64.7 566.9 tennis-court 0
599.6 2.5 612.2 -10.3 636.4 13.5 623.8 26.3 small-vehicle 0
792.0 769.4 804.3 756.3 838.0 787.6 825.7 800.7 small-vehicle 0
984.3 536.8 984.7 606.8 930.7 607.2 930.3 537.2 small-vehicle 0
576.0 98.1 657.6 60.2 677.0 101.9 595.4 139.8 small-vehicle 0
570.3 5.7 597.6 -6.7 611.7 24.3 584.4 36.7 small-vehicle 0
589.0 857.9 614.5 824.6 657.4 857.3 631.9 890.7 small-vehicle 0
734.0 781.4 756.8 756.2 853.0 843.6 830.2 868.8 small-vehicle 0
679.2 833.2 715.5 822.0 736.2 888.8 699.9 900.1 small-vehicle 0
