922.9 946.5 951.5 873.9 1042.7 909.8 1014.1 982.3 plane 0
944.0 813.1 977.0 775.6 1020.6 813.8 987.6 851.4 plane 0
922.5 730.1 947.1 643.5 1029.8 667.1 1005.2 753.6 plane 0
834.2 642.8 836.7 736.8 710.8 740.2 708.3 646.2 plane 0
909.9 472.7 926.3 421.2 1065.4 465.4 1049.1 516.8 plane 0
382.9 959.5 387.1 1009.4 233.7 1022.4 229.4 972.6 plane 0
144.6 955.7 166.3 1009.5 75.4 1046.1 53.7 992.4 plane 0
131.2 891.0 147.6 938.3 73.9 963.9 57.5 916.6 plane 0
374.7 772.5 402.4 849.7 261.3 900.5 233.6 823.3 plane 0
154.2 821.0 168.3 868.9 36.0 908.0 21.8 860.0 plane 0
166.0 775.8 170.5 825.6 41.0 837.2 36.5 787.4 plane 0
158.3 698.4 175.0 749.7 40.1 793.8 23.3 742.5 plane 0
151.4 639.5 169.6 686.1 48.6 733.5 30.4 686.9 plane 0
373.1 613.6 386.3 631.2 262.9 723.4 249.7 705.8 plane 0
155.6 596.5 163.6 621.2 47.4 658.5 39.4 633.8 plane 0
166.8 544.7 168.5 594.7 38.6 599.2 36.9 549.2 plane 0
233.8 617.8 235.6 587.9 405.3 598.5 403.4 628.5 plane 0
294.6 280.3 305.5 333.2 213.4 352.1 202.5 299.2 plane 0
491.4 348.7 498.1 287.1 583.6 296.3 576.9 357.9 plane 0
692.2 488.3 692.8 438.3 826.8 440.0 826.2 490.0 plane 0
