959.1 912.5 981.5 974.6 919.5 997.0 897.0 935.0 plane 0
375.9 472.0 438.5 413.1 483.7 461.2 421.1 520.1 plane 0
716.1 701.2 782.4 749.4 720.1 835.1 653.7 786.9 plane 0
605.9 813.8 742.7 864.7 703.0 971.6 566.1 920.6 plane 0
384.7 845.9 413.4 864.1 380.3 916.5 351.6 898.3 plane 0
336.9 757.9 373.6 730.2 413.4 782.9 376.7 810.6 plane 0
208.0 283.6 274.3 338.5 199.0 429.4 132.7 374.5 plane 0
55.0 291.2 97.7 274.0 122.3 335.3 79.6 352.4 plane 0
126.6 34.8 209.5 134.9 112.4 215.2 29.5 115.1 plane 0
872.1 327.3 916.8 349.7 872.9 437.3 828.2 414.9 plane 0
724.8 239.5 806.8 285.5 749.0 388.4 667.0 342.4 plane 0
596.6 155.8 675.4 199.3 606.8 323.6 528.0 280.1 plane 0
312.0 33.7 391.3 84.1 328.0 183.7 248.7 133.3 plane 0
207.5 674.9 254.6 691.7 228.5 765.1 181.4 748.3 plane 0
16.3 553.8 53.2 581.3 13.7 634.2 -23.2 606.7 plane 0
