893.4 463.3 910.8 458.4 930.6 529.7 913.2 534.6 ship 0
851.2 468.7 868.4 463.6 890.8 538.3 873.6 543.4 ship 0
801.8 468.4 817.0 458.7 865.2 534.6 850.0 544.3 ship 0
774.6 470.2 791.6 464.4 819.4 545.8 802.4 551.6 ship 0
697.9 463.4 719.5 459.3 737.1 551.6 715.5 555.7 ship 0
639.8 496.9 675.3 474.3 717.2 540.1 681.7 562.7 ship 0
935.5 705.0 953.4 703.3 961.5 789.0 943.6 790.7 ship 0
899.2 698.5 917.2 697.1 924.7 798.8 906.8 800.2 ship 0
1009.9 337.4 1031.9 338.9 1025.1 436.6 1003.1 435.1 ship 0
909.7 809.9 927.7 809.1 930.3 867.1 912.3 867.9 ship 0
351.1 507.4 373.1 507.6 372.9 549.6 350.9 549.4 ship 0
431.3 477.3 453.3 476.7 455.7 570.7 433.7 571.3 ship 0
410.0 504.8 421.0 513.5 394.9 546.5 384.0 537.8 ship 0
245.3 495.8 262.8 500.2 245.7 568.1 228.3 563.7 ship 0
150.1 501.7 167.4 496.7 188.9 571.7 171.6 576.7 ship 0
49.0 506.7 110.8 501.5 116.0 563.3 54.2 568.5 ship 0
195.1 537.2 198.9 528.0 222.9 537.8 219.1 547.0 ship 0
260.6 497.1 277.1 490.0 306.4 557.9 289.9 565.0 ship 0
300.1 484.6 317.4 479.7 340.9 562.4 323.6 567.3 ship 0
368.6 568.5 394.4 571.8 389.4 609.5 363.6 606.2 ship 0
954.8 350.9 972.1 346.1 994.2 425.1 976.9 429.9 ship 0
482.7 474.2 500.4 477.2 484.3 569.8 466.6 566.8 ship 0
486.9 483.9 502.0 474.0 558.1 559.1 543.0 569.0 ship 0
563.9 495.9 619.1 478.1 638.1 537.1 582.9 554.9 ship 0
448.5 350.4 473.8 449.2 421.5 462.6 396.2 363.8 ship 0
543.2 362.2 561.1 360.3 570.8 453.8 552.9 455.7 ship 0
323.6 381.1 366.5 364.6 397.4 444.9 354.5 461.4 ship 0
763.3 341.0 780.1 347.4 739.7 454.0 722.9 447.6 ship 0
839.8 363.1 852.2 356.7 888.2 425.9 875.8 432.3 ship 0
865.8 700.1 883.7 698.4 893.2 795.9 875.3 797.6 ship 0
863.6 809.6 880.7 804.2 905.4 882.4 888.3 887.8 ship 0
945.9 467.0 963.6 470.4 952.1 531.3 934.4 527.9 ship 0
610.0 687.1 628.0 688.1 621.0 813.9 603.0 812.9 ship 0
720.0 695.2 738.0 694.3 742.0 772.2 724.0 773.1 ship 0
429.7 705.0 467.1 698.1 489.3 818.0 451.9 824.9 ship 0
291.6 711.1 306.4 700.8 385.4 813.9 370.6 824.2 ship 0
267.3 708.8 308.8 702.5 325.7 815.2 284.2 821.5 ship 0
177.9 731.4 184.5 738.9 117.1 798.6 110.5 791.1 ship 0
80.5 714.3 97.5 708.4 137.5 823.7 120.5 829.6 ship 0
196.6 712.4 213.6 718.5 179.4 814.6 162.4 808.5 ship 0
160.7 865.8 170.3 855.6 224.3 906.2 214.7 916.4 ship 0
660.4 710.5 670.8 701.1 731.6 767.5 721.2 776.9 ship 0
211.2 849.2 224.3 844.5 251.8 921.8 238.7 926.5 ship 0
347.3 841.4 364.4 847.0 342.7 913.6 325.6 908.0 ship 0
551.8 832.5 567.9 840.7 534.2 906.5 518.1 898.3 ship 0
744.2 842.4 761.6 823.0 813.8 869.6 796.4 889.0 ship 0
773.6 821.6 783.7 811.9 854.4 885.4 844.3 895.1 ship 0
833.3 824.0 850.9 820.3 863.7 881.0 846.1 884.7 ship 0
948.2 824.9 995.8 799.4 1032.8 868.1 985.2 893.6 ship 0
603.3 703.1 616.8 691.3 710.7 797.9 697.2 809.7 ship 0
823.8 690.4 837.3 686.5 865.2 784.6 851.7 788.5 ship 0
591.5 843.7 605.8 832.8 650.6 891.8 636.2 902.7 ship 0
59.1 846.2 77.1 845.8 78.9 943.8 60.9 944.2 ship 0
575.5 836.4 593.4 838.2 586.5 903.9 568.6 902.0 ship 0
482.2 836.0 499.3 830.7 524.9 912.8 507.7 918.1 ship 0
456.4 865.2 464.2 876.9 435.8 895.7 428.1 884.0 ship 0
374.0 844.3 395.6 840.0 410.9 916.5 389.3 920.8 ship 0
313.4 854.6 329.7 862.2 298.6 929.4 282.3 921.8 ship 0
266.2 844.0 283.7 848.2 264.8 928.0 247.3 923.8 ship 0
131.0 858.8 147.9 852.7 174.0 926.2 157.1 932.3 ship 0
130.5 876.8 136.0 885.1 97.5 910.2 92.0 901.9 ship 0
27.2 860.5 45.0 863.5 32.8 936.5 15.0 933.5 ship 0
1001.6 688.4 1017.9 696.0 971.4 795.6 955.1 788.0 ship 0
4.6 719.3 46.6 720.8 42.4 838.7 0.4 837.2 ship 0
19.0 723.5 33.5 712.9 108.0 814.5 93.5 825.1 ship 0
486.1 703.4 504.1 702.5 509.9 816.4 491.9 817.3 ship 0
524.9 699.8 542.9 699.3 545.6 817.3 527.7 817.7 ship 0
591.3 704.6 607.6 712.2 564.7 804.7 548.4 797.1 ship 0
752.9 747.2 767.3 736.3 783.0 757.1 768.6 767.9 ship 0
798.0 712.1 816.0 712.1 816.0 786.1 798.0 786.1 ship 0
775.7 468.8 788.0 475.5 739.3 565.2 727.0 558.5 ship 0
1004.2 454.8 1034.1 457.4 1028.8 519.2 998.9 516.6 ship 0
462.0 357.7 479.6 354.2 501.1 462.1 483.4 465.6 ship 0
854.2 236.4 866.3 254.7 817.9 286.7 805.7 268.3 ship 0
897.9 206.9 914.2 227.2 872.1 261.1 855.8 240.8 ship 0
887.7 200.0 893.6 208.1 866.1 228.1 860.2 220.0 ship 0
-19.5 407.7 23.4 382.1 79.7 476.7 36.7 502.2 ship 0
113.4 365.1 127.7 376.2 45.6 482.1 31.4 471.1 ship 0
88.1 368.3 104.6 361.1 154.7 476.7 138.2 483.9 ship 0
166.3 372.5 202.3 360.4 235.0 457.0 199.0 469.1 ship 0
247.1 369.0 264.3 374.4 235.4 468.0 218.2 462.7 ship 0
501.8 351.6 519.6 349.3 534.2 462.4 516.4 464.7 ship 0
834.0 201.6 847.8 199.7 852.0 229.4 838.2 231.3 ship 0
590.8 365.2 608.8 365.9 605.2 459.8 587.2 459.1 ship 0
634.7 340.8 652.5 343.7 633.3 464.2 615.5 461.3 ship 0
701.9 363.2 723.9 364.5 719.1 446.3 697.1 445.0 ship 0
804.2 372.1 840.9 362.4 858.8 430.1 822.1 439.8 ship 0
908.4 352.6 925.2 359.0 894.6 439.4 877.8 433.0 ship 0
943.6 357.0 957.2 360.5 938.1 436.1 924.5 432.7 ship 0
854.7 222.1 859.4 230.9 801.0 261.6 796.3 252.8 ship 0
822.3 210.4 829.2 217.7 798.7 246.6 791.8 239.3 ship 0
968.0 115.4 979.3 129.5 946.6 155.8 935.3 141.7 ship 0
851.4 178.1 856.2 186.9 780.6 227.9 775.8 219.1 ship 0
980.2 154.8 986.5 162.5 960.4 184.2 954.0 176.5 ship 0
984.5 165.1 1001.4 184.9 975.5 206.9 958.6 187.1 ship 0
894.9 145.7 908.7 162.9 876.1 189.3 862.3 172.1 ship 0
935.3 179.9 941.0 188.1 913.1 207.6 907.4 199.3 ship 0
946.9 188.7 960.1 206.3 920.1 236.3 906.9 218.7 ship 0
536.0 320.2 725.7 457.2 637.9 578.8 448.2 441.8 harbor 0
500.9 705.3 578.7 701.0 590.6 914.7 512.7 919.0 harbor 0
