925.0 302.7 926.8 303.5 926.0 305.3 924.2 304.5 large-vehicle 0
442.1 238.1 443.9 237.1 444.9 238.9 443.1 239.9 large-vehicle 0
755.1 360.1 756.9 359.1 757.9 360.9 756.1 361.9 large-vehicle 0
786.6 356.1 788.4 355.1 789.4 356.9 787.6 357.9 large-vehicle 0
840.6 339.6 842.4 338.6 843.4 340.4 841.6 341.4 large-vehicle 0
629.1 310.3 636.1 326.8 626.9 330.7 619.9 314.2 large-vehicle 0
458.2 351.6 465.6 368.0 379.8 406.4 372.4 390.0 large-vehicle 0
225.8 419.7 226.3 417.8 228.2 418.3 227.7 420.2 large-vehicle 0
139.0 420.6 149.7 439.8 102.4 465.9 91.7 446.6 large-vehicle 0
176.6 361.7 184.5 382.2 145.4 397.3 137.5 376.8 large-vehicle 0
300.6 342.2 302.3 341.1 303.4 342.8 301.7 343.9 large-vehicle 0
446.8 299.3 449.4 329.2 391.6 334.3 389.0 304.4 large-vehicle 0
549.1 199.2 550.8 198.1 551.9 199.8 550.2 200.9 large-vehicle 0
505.9 199.5 517.0 191.0 545.1 227.5 534.0 236.0 large-vehicle 0
487.4 217.1 498.8 209.0 511.6 226.9 500.2 235.0 large-vehicle 0
457.3 216.9 465.6 211.3 486.9 242.7 478.6 248.3 large-vehicle 0
382.1 255.4 390.6 250.1 395.9 258.6 387.4 263.9 large-vehicle 0
339.2 234.9 351.6 228.5 381.8 287.1 369.4 293.5 large-vehicle 0
325.4 258.2 337.5 251.2 346.6 266.8 334.5 273.8 large-vehicle 0
293.5 257.5 304.4 248.8 325.5 275.5 314.6 284.2 large-vehicle 0
258.2 240.4 267.4 236.3 295.7 300.3 286.6 304.4 large-vehicle 0
238.4 268.7 251.0 262.6 260.6 282.5 248.0 288.5 large-vehicle 0
199.2 269.9 211.2 262.7 234.8 302.1 222.8 309.3 large-vehicle 0
183.5 303.1 185.2 302.1 186.2 303.8 184.5 304.8 large-vehicle 0
120.9 310.4 130.1 306.6 140.1 330.6 130.9 334.4 large-vehicle 0
81.2 301.2 93.8 295.0 119.3 347.1 106.7 353.3 large-vehicle 0
45.3 327.8 47.2 327.3 47.7 329.2 45.8 329.7 large-vehicle 0
17.3 334.4 19.1 333.6 19.9 335.4 18.1 336.2 large-vehicle 0
721.7 348.9 723.6 348.2 724.3 350.1 722.4 350.8 large-vehicle 0
698.2 368.5 700.0 367.7 700.8 369.5 699.0 370.3 large-vehicle 0
672.6 377.6 674.4 376.6 675.4 378.4 673.6 379.4 large-vehicle 0
629.5 368.9 641.8 362.3 667.1 410.0 654.8 416.6 large-vehicle 0
148.6 582.5 166.9 570.2 208.4 631.5 190.1 643.8 large-vehicle 0
129.0 587.7 144.3 578.3 183.0 641.3 167.7 650.7 large-vehicle 0
105.0 604.5 123.3 592.3 162.0 650.5 143.7 662.7 large-vehicle 0
82.0 619.0 100.2 606.7 135.0 658.0 116.8 670.3 large-vehicle 0
59.3 625.9 71.0 618.1 101.0 663.0 89.3 670.8 large-vehicle 0
16.5 545.3 25.9 541.9 30.6 555.1 21.2 558.5 large-vehicle 0
18.1 492.6 30.8 486.7 80.4 593.8 67.7 599.7 large-vehicle 0
46.9 493.7 63.6 487.0 103.1 585.3 86.4 592.0 large-vehicle 0
67.5 476.8 80.0 470.5 127.5 565.2 115.0 571.5 large-vehicle 0
105.7 498.6 121.8 490.7 140.3 528.4 124.2 536.3 large-vehicle 0
129.4 491.9 145.7 484.4 164.9 526.1 148.6 533.7 large-vehicle 0
154.8 481.6 167.4 475.5 189.2 520.4 176.6 526.5 large-vehicle 0
170.5 459.5 186.2 450.8 237.5 543.5 221.8 552.2 large-vehicle 0
212.2 477.3 224.7 470.8 245.8 511.7 233.3 518.2 large-vehicle 0
237.0 466.5 249.7 460.7 269.0 502.5 256.3 508.3 large-vehicle 0
264.7 453.3 281.5 446.6 298.5 489.4 281.8 496.0 large-vehicle 0
283.6 415.7 296.6 410.6 335.4 509.3 322.4 514.4 large-vehicle 0
323.1 429.0 332.3 425.2 353.9 479.0 344.7 482.8 large-vehicle 0
340.6 414.5 357.1 407.3 399.4 504.5 382.9 511.7 large-vehicle 0
384.6 433.2 397.9 428.8 416.4 483.8 403.1 488.2 large-vehicle 0
407.0 410.1 424.3 405.1 452.0 499.1 434.7 504.1 large-vehicle 0
438.5 430.4 454.5 422.2 477.5 466.6 461.5 474.8 large-vehicle 0
467.4 419.0 480.2 413.4 501.6 463.0 488.8 468.6 large-vehicle 0
504.2 426.2 512.8 421.2 517.8 429.8 509.2 434.8 large-vehicle 0
523.2 399.7 536.2 394.5 557.8 448.3 544.8 453.5 large-vehicle 0
567.5 414.5 569.2 413.5 570.2 415.2 568.5 416.2 large-vehicle 0
585.3 398.2 594.1 393.4 604.7 412.8 595.9 417.6 large-vehicle 0
589.0 354.2 604.9 345.8 654.3 439.6 638.4 448.0 large-vehicle 0
727.6 258.5 744.3 283.5 699.4 313.5 682.7 288.5 small-vehicle 0
261.3 4.8 261.5 6.8 259.5 6.9 259.3 5.0 large-vehicle 0
26.4 203.1 42.4 194.8 63.5 235.6 47.5 243.9 large-vehicle 0
7.3 212.6 16.1 207.7 32.7 237.4 23.9 242.3 large-vehicle 0
39.6 134.2 46.3 150.9 -3.9 170.9 -10.6 154.2 large-vehicle 0
41.8 41.5 55.7 58.6 26.2 82.6 12.3 65.6 large-vehicle 0
141.5 18.2 142.3 20.0 140.5 20.8 139.7 19.0 large-vehicle 0
56.5 10.5 68.8 33.4 21.3 58.9 9.0 36.0 large-vehicle 0
145.0 111.4 150.9 128.4 96.2 147.7 90.3 130.7 large-vehicle 0
282.5 87.4 286.7 104.9 195.2 126.5 191.1 109.0 large-vehicle 0
150.8 191.3 152.7 190.8 153.2 192.7 151.3 193.2 large-vehicle 0
189.5 180.5 191.4 179.8 192.1 181.7 190.2 182.4 large-vehicle 0
213.9 170.3 227.4 166.6 232.1 184.0 218.5 187.6 large-vehicle 0
253.2 172.4 255.1 171.7 255.8 173.6 253.9 174.3 large-vehicle 0
292.6 140.9 305.5 135.6 324.6 181.8 311.7 187.1 large-vehicle 0
313.4 110.8 330.7 105.9 357.6 200.2 340.3 205.1 large-vehicle 0
336.1 106.5 353.0 100.5 387.0 196.7 370.0 202.7 large-vehicle 0
358.2 104.0 374.9 97.2 411.8 188.0 395.1 194.8 large-vehicle 0
384.2 95.1 397.0 89.4 438.4 182.7 425.6 188.3 large-vehicle 0
421.2 102.7 434.3 97.8 457.1 159.8 444.0 164.6 large-vehicle 0
453.4 97.0 462.8 93.6 483.6 152.0 474.2 155.4 large-vehicle 0
475.7 88.7 488.5 82.9 514.3 139.3 501.5 145.1 large-vehicle 0
520.8 101.8 522.7 101.3 523.2 103.2 521.3 103.7 large-vehicle 0
211.4 572.9 227.0 564.0 261.6 624.9 245.9 633.8 large-vehicle 0
182.2 573.9 197.8 564.9 232.9 625.4 217.3 634.4 large-vehicle 0
232.6 565.2 254.3 550.8 297.4 615.8 275.7 630.2 large-vehicle 0
287.6 863.7 289.3 862.6 290.4 864.3 288.7 865.4 small-vehicle 0
261.6 878.3 263.2 877.1 264.4 878.7 262.8 879.9 small-vehicle 0
213.2 883.1 230.5 869.5 256.5 902.5 239.2 916.1 small-vehicle 0
195.8 893.2 203.6 887.0 227.2 916.8 219.4 923.0 small-vehicle 0
169.8 908.9 180.7 900.1 207.1 932.7 196.3 941.5 small-vehicle 0
125.8 939.9 127.3 938.5 128.6 940.0 127.1 941.3 small-vehicle 0
96.1 946.8 97.7 945.6 98.9 947.2 97.3 948.4 small-vehicle 0
64.6 957.5 66.2 956.2 67.5 957.7 66.0 959.0 small-vehicle 0
258.6 549.6 277.2 537.9 327.4 617.4 308.8 629.1 large-vehicle 0
35.5 713.3 47.0 727.1 17.8 751.5 6.3 737.7 small-vehicle 0
44.6 740.4 59.3 756.8 31.0 782.2 16.3 765.8 small-vehicle 0
60.7 759.0 77.4 778.9 45.3 806.0 28.6 786.1 small-vehicle 0
76.1 781.7 89.9 798.8 57.3 825.2 43.4 808.1 small-vehicle 0
79.2 825.3 80.5 826.8 79.0 828.1 77.7 826.6 small-vehicle 0
287.0 832.6 301.8 822.4 337.0 873.4 322.2 883.6 small-vehicle 0
336.1 844.2 337.8 843.1 338.9 844.8 337.2 845.9 small-vehicle 0
935.7 375.1 952.3 368.2 970.0 410.6 953.4 417.6 small-vehicle 0
947.0 296.7 950.9 287.5 993.3 305.4 989.4 314.6 small-vehicle 0
154.7 715.4 156.1 729.3 122.3 732.6 120.9 718.7 small-vehicle 0
509.1 353.6 510.4 352.1 511.9 353.4 510.6 354.9 small-vehicle 0
630.6 8.5 639.8 -6.9 675.9 14.5 666.7 30.0 small-vehicle 0
589.3 26.1 604.1 15.8 623.5 43.6 608.7 53.9 small-vehicle 0
641.9 37.5 650.1 17.0 689.1 32.5 680.9 53.0 small-vehicle 0
652.7 69.7 656.6 48.1 674.3 51.3 670.4 72.9 small-vehicle 0
836.0 148.7 849.6 152.1 834.6 212.2 821.0 208.9 large-vehicle 0
799.9 157.8 817.9 157.2 820.1 227.2 802.1 227.8 large-vehicle 0
662.2 93.6 676.2 93.4 676.8 127.4 662.8 127.6 small-vehicle 0
692.6 114.2 702.5 112.6 711.2 165.9 701.3 167.5 small-vehicle 0
713.2 130.6 735.2 130.4 735.8 176.4 713.8 176.6 small-vehicle 0
736.0 133.5 758.0 132.6 760.0 182.5 738.0 183.4 small-vehicle 0
932.6 138.8 950.6 137.4 954.3 187.3 936.3 188.6 small-vehicle 0
904.7 158.9 906.6 158.2 907.3 160.1 905.4 160.8 small-vehicle 0
840.3 139.4 862.3 138.6 863.7 176.6 841.7 177.4 small-vehicle 0
985.8 144.2 986.9 145.8 985.3 147.0 984.1 145.4 small-vehicle 0
969.4 155.5 974.2 152.0 1003.6 192.5 998.8 196.0 small-vehicle 0
922.7 210.2 924.0 211.7 922.5 213.0 921.2 211.5 small-vehicle 0
1005.4 230.7 1015.4 259.0 994.6 266.3 984.6 238.0 small-vehicle 0
959.8 286.8 961.0 256.8 998.9 258.3 997.8 288.2 small-vehicle 0
951.5 316.5 963.8 303.3 1000.2 337.6 987.9 350.7 small-vehicle 0
550.7 660.6 570.3 650.6 620.4 748.5 600.8 758.5 large-vehicle 0
582.6 656.4 594.9 649.8 643.4 739.6 631.1 746.2 large-vehicle 0
620.9 658.1 629.7 653.4 660.9 711.6 652.0 716.3 large-vehicle 0
645.1 646.5 659.9 636.3 704.0 700.7 689.2 710.9 large-vehicle 0
672.1 639.5 690.7 627.8 729.9 690.5 711.3 702.2 large-vehicle 0
690.6 621.1 709.3 609.4 763.4 695.9 744.7 707.6 large-vehicle 0
731.2 617.9 743.3 610.8 772.8 660.7 760.7 667.8 large-vehicle 0
797.2 626.7 805.8 621.7 810.8 630.3 802.2 635.3 large-vehicle 0
810.4 598.1 825.6 588.5 858.6 640.9 843.4 650.5 large-vehicle 0
836.3 555.7 855.7 545.3 903.7 635.3 884.3 645.7 large-vehicle 0
882.1 564.0 891.0 559.6 918.9 615.0 910.0 619.4 large-vehicle 0
964.3 464.3 973.0 459.3 992.0 492.2 983.4 497.2 large-vehicle 0
813.0 440.0 821.7 434.9 834.9 457.3 826.3 462.3 large-vehicle 0
776.1 439.2 788.1 432.0 813.9 474.8 801.9 482.0 large-vehicle 0
740.0 428.2 756.6 421.1 776.1 467.2 759.5 474.2 large-vehicle 0
710.6 451.7 722.3 444.1 745.1 479.4 733.4 487.0 large-vehicle 0
678.4 462.9 693.0 452.4 724.4 496.4 709.8 506.8 large-vehicle 0
653.8 471.4 665.6 463.7 697.2 512.3 685.4 520.0 large-vehicle 0
625.7 474.9 642.1 467.4 666.3 520.1 649.9 527.6 large-vehicle 0
596.7 479.3 612.9 471.6 639.3 527.7 623.1 535.4 large-vehicle 0
568.8 491.5 584.8 483.3 613.0 538.6 596.9 546.7 large-vehicle 0
543.9 508.2 555.7 500.7 578.4 536.0 566.6 543.6 large-vehicle 0
516.4 510.0 528.6 503.2 555.1 550.3 542.9 557.1 large-vehicle 0
466.9 523.0 482.3 513.7 512.5 563.2 497.1 572.5 large-vehicle 0
427.9 505.7 440.1 498.9 492.1 591.3 479.9 598.1 large-vehicle 0
408.9 533.5 428.4 523.2 455.7 574.3 436.2 584.7 large-vehicle 0
378.6 534.3 397.8 523.5 428.3 577.4 409.2 588.2 large-vehicle 0
341.6 526.4 360.1 514.4 400.3 576.5 381.9 588.5 large-vehicle 0
319.9 538.9 331.4 530.9 369.1 585.1 357.6 593.1 large-vehicle 0
279.6 529.5 294.8 519.9 355.4 616.5 340.2 626.1 large-vehicle 0
528.5 667.4 541.3 661.7 584.5 758.6 571.7 764.3 large-vehicle 0
499.9 676.6 516.0 668.6 564.8 767.2 548.7 775.2 large-vehicle 0
472.9 691.4 488.7 682.7 536.1 768.6 520.3 777.3 large-vehicle 0
99.0 207.0 100.9 206.2 101.6 208.1 99.8 208.8 large-vehicle 0
58.1 193.0 71.3 188.4 87.7 235.6 74.5 240.2 large-vehicle 0
281.8 778.6 296.0 800.4 247.5 832.1 233.3 810.3 large-vehicle 0
363.9 795.9 365.7 794.9 366.6 796.7 364.8 797.6 large-vehicle 0
387.6 770.5 399.5 763.1 419.4 795.5 407.5 802.9 large-vehicle 0
400.5 732.5 416.2 723.7 462.5 805.5 446.8 814.3 large-vehicle 0
422.5 721.7 437.9 712.4 488.5 796.3 473.1 805.6 large-vehicle 0
446.9 710.2 466.2 699.7 513.1 785.8 493.8 796.3 large-vehicle 0
