623.3 559.8 640.5 500.3 853.7 562.2 836.5 621.7 plane 0
834.2 435.7 834.9 497.7 652.9 499.7 652.3 437.7 plane 0
711.9 391.1 741.9 336.8 796.2 366.8 766.2 421.1 plane 0
709.1 208.0 709.9 130.0 807.9 131.0 807.1 209.0 plane 0
807.8 44.8 819.8 85.0 714.4 116.5 702.4 76.3 plane 0
465.2 72.2 475.1 19.2 595.0 41.7 585.0 94.8 plane 0
582.2 201.6 584.7 259.6 470.8 264.4 468.3 206.4 plane 0
373.2 328.6 431.0 333.5 422.8 431.1 365.0 426.3 plane 0
987.2 841.9 1031.9 884.9 997.2 920.9 952.5 878.0 plane 0
449.3 658.7 451.9 612.8 585.7 620.3 583.1 666.2 plane 0
363.9 518.5 409.0 509.6 425.0 590.0 379.8 598.9 plane 0
685.0 760.4 702.2 700.8 781.0 723.6 763.8 783.2 plane 0
537.2 754.3 589.0 812.6 500.8 890.9 449.0 832.6 plane 0
98.4 78.6 121.9 21.3 201.5 53.9 178.0 111.3 plane 0
258.4 890.2 298.0 937.8 259.6 969.8 220.0 922.2 plane 0
79.5 808.7 102.4 746.7 183.1 776.5 160.2 838.4 plane 0
47.3 381.2 220.5 364.2 228.5 445.8 55.3 462.8 plane 0
104.4 337.8 128.5 276.4 208.6 307.8 184.5 369.3 plane 0
95.6 199.1 102.0 141.5 195.4 151.9 189.0 209.6 plane 0
