204.8 788.9 213.1 794.5 169.9 859.4 161.6 853.8 plane 0
216.1 748.7 227.3 762.8 159.9 816.3 148.7 802.2 plane 0
194.5 690.5 211.1 710.4 166.5 747.5 149.9 727.6 plane 0
208.1 694.0 225.6 674.8 297.9 741.0 280.4 760.2 plane 0
-39.3 540.0 30.8 465.9 93.3 525.0 23.2 599.1 plane 0
215.2 835.0 226.4 849.1 155.8 905.0 144.6 890.9 plane 0
54.4 410.9 148.0 361.2 216.6 490.1 123.0 539.8 plane 0
168.6 361.7 242.4 291.2 343.2 396.7 269.5 467.2 plane 0
326.5 280.2 400.7 210.1 484.5 298.8 410.3 368.9 plane 0
175.5 48.4 220.6 5.9 279.5 68.6 234.4 111.1 plane 0
