21.9 764.7 40.9 753.5 52.1 772.4 33.1 783.6 small-vehicle 0
228.1 850.3 229.2 848.6 230.9 849.7 229.8 851.4 baseball-diamond 0
482.7 886.1 484.6 885.3 485.4 887.1 483.5 887.9 baseball-diamond 0
746.3 671.2 748.3 671.3 748.3 673.3 746.3 673.2 baseball-diamond 0
486.5 87.8 577.6 -36.3 827.5 147.2 736.4 271.3 ground-track-field 0
414.5 -232.2 1052.8 60.0 870.5 458.2 232.2 166.0 soccer-ball-field 0
207.7 237.2 222.4 220.9 238.7 235.6 224.0 251.9 small-vehicle 0
63.4 185.3 73.4 185.7 71.5 227.7 61.5 227.2 small-vehicle 0
32.7 202.5 41.9 178.1 58.8 184.5 49.6 208.8 small-vehicle 0
86.5 187.9 92.4 189.2 83.3 230.2 77.4 228.9 small-vehicle 0
100.3 192.2 106.2 193.4 99.7 226.8 93.8 225.6 small-vehicle 0
100.8 218.6 119.4 200.4 129.2 210.4 110.6 228.6 small-vehicle 0
130.1 221.1 144.8 195.0 157.0 201.8 142.4 228.0 small-vehicle 0
154.0 202.2 160.0 201.9 162.0 235.8 156.0 236.1 small-vehicle 0
171.4 200.3 187.7 208.0 173.0 238.7 156.8 230.9 small-vehicle 0
256.3 622.1 257.7 623.6 256.3 625.0 254.9 623.5 baseball-diamond 0
