942.1 918.6 944.5 884.6 998.3 888.5 995.9 922.4 small-vehicle 0
193.0 263.6 203.0 273.4 120.3 357.7 110.3 347.9 large-vehicle 0
184.1 352.8 222.2 385.2 145.9 475.2 107.8 442.8 large-vehicle 0
176.4 438.8 212.4 473.5 141.8 547.0 105.7 512.4 large-vehicle 0
174.9 248.6 182.3 255.3 154.1 286.4 146.7 279.7 large-vehicle 0
186.8 129.7 226.6 166.2 152.2 247.3 112.4 210.8 large-vehicle 0
169.5 581.5 180.2 590.6 150.4 625.6 139.7 616.5 large-vehicle 0
958.3 830.7 961.6 821.2 993.7 832.3 990.4 841.8 small-vehicle 0
173.2 618.9 183.2 628.7 148.3 664.6 138.3 654.8 large-vehicle 0
248.2 763.4 258.6 772.8 217.3 819.0 206.9 809.7 large-vehicle 0
255.6 797.0 265.8 806.6 228.7 845.8 218.5 836.2 large-vehicle 0
231.4 871.5 268.1 905.4 236.9 939.2 200.2 905.2 large-vehicle 0
962.5 364.9 972.5 438.2 863.5 453.1 853.5 379.8 large-vehicle 0
963.1 506.0 971.6 559.4 866.9 576.0 858.4 522.6 large-vehicle 0
741.2 538.4 751.3 548.1 719.3 581.1 709.2 571.4 large-vehicle 0
776.7 541.5 786.7 551.4 697.9 640.8 688.0 631.0 large-vehicle 0
974.2 648.8 980.1 670.0 881.8 697.2 875.9 676.0 large-vehicle 0
968.7 605.9 975.4 622.7 899.3 653.1 892.6 636.3 large-vehicle 0
865.5 183.0 869.9 141.3 951.5 150.0 947.1 191.7 small-vehicle 0
942.5 765.8 943.6 751.9 985.5 755.2 984.4 769.1 small-vehicle 0
951.0 790.0 951.6 780.0 997.5 783.1 996.8 793.1 small-vehicle 0
944.5 807.7 947.4 798.1 991.5 811.3 988.6 820.9 small-vehicle 0
669.5 563.9 679.3 573.9 646.5 606.1 636.7 596.1 large-vehicle 0
690.6 508.0 699.7 518.7 609.5 594.8 600.5 584.1 large-vehicle 0
242.8 694.0 251.2 699.4 217.7 751.6 209.3 746.2 large-vehicle 0
168.0 657.1 178.3 666.6 144.5 703.4 134.2 693.9 large-vehicle 0
169.2 693.3 180.0 702.2 150.8 737.7 140.0 728.8 large-vehicle 0
170.0 732.0 177.8 738.2 149.0 774.1 141.2 767.8 large-vehicle 0
192.4 745.8 202.7 755.2 125.6 839.2 115.3 829.8 large-vehicle 0
177.0 836.6 187.7 845.7 155.4 883.8 144.7 874.8 large-vehicle 0
173.4 880.7 181.7 886.3 167.1 907.8 158.8 902.2 large-vehicle 0
175.6 916.2 183.4 922.5 157.0 955.2 149.3 948.9 large-vehicle 0
240.0 662.0 248.1 667.9 221.0 705.0 212.9 699.1 large-vehicle 0
215.6 198.6 265.7 241.5 238.4 273.4 188.3 230.5 large-vehicle 0
241.7 550.2 252.1 559.6 221.3 593.8 210.9 584.4 large-vehicle 0
242.5 587.3 250.2 593.7 221.0 629.2 213.3 622.9 large-vehicle 0
240.2 623.1 250.7 632.3 217.8 669.9 207.3 660.7 large-vehicle 0
