643.4 167.7 651.5 161.9 659.6 173.3 651.5 179.1 ship 0
300.1 393.3 303.6 398.1 279.4 415.8 275.8 410.9 ship 0
237.5 436.0 238.0 437.9 209.1 446.0 208.6 444.1 ship 0
255.4 434.1 256.4 440.0 238.6 442.9 237.6 437.0 ship 0
236.9 425.7 238.5 431.5 209.5 439.3 208.0 433.5 ship 0
253.4 424.4 254.1 430.3 236.3 432.6 235.5 426.7 ship 0
307.2 453.4 307.5 447.4 329.5 448.6 329.2 454.6 ship 0
326.4 437.6 326.6 443.6 308.6 444.4 308.4 438.4 ship 0
299.7 427.6 304.5 431.1 284.3 458.4 279.5 454.9 ship 0
308.4 432.6 308.6 426.6 330.6 427.4 330.4 433.4 ship 0
271.4 426.6 271.6 420.6 309.6 421.4 309.4 427.4 ship 0
326.9 416.8 328.1 422.7 310.4 426.2 309.3 420.3 ship 0
305.3 409.0 306.3 414.9 276.7 420.0 275.7 414.1 ship 0
328.1 407.3 328.8 413.3 306.9 415.7 306.2 409.7 ship 0
328.9 397.8 329.1 403.8 307.1 404.2 306.9 398.2 ship 0
196.8 455.6 246.0 433.3 250.2 442.4 201.0 464.7 ship 0
325.4 387.2 325.6 393.2 307.6 393.8 307.4 387.8 ship 0
259.6 393.9 313.4 363.0 320.4 375.1 266.6 406.0 ship 0
329.5 376.0 330.3 381.9 308.5 385.0 307.7 379.1 ship 0
324.8 366.1 326.1 371.9 308.5 375.9 307.2 370.0 ship 0
305.6 368.1 308.2 350.3 326.0 352.9 323.4 370.7 ship 0
300.3 355.7 303.4 360.9 277.7 376.3 274.6 371.1 ship 0
301.6 348.4 303.2 354.2 274.4 362.6 272.8 356.8 ship 0
305.4 343.3 305.6 349.3 271.6 350.7 271.4 344.7 ship 0
208.2 416.3 209.3 410.4 238.8 415.7 237.7 421.6 ship 0
238.7 403.2 239.2 409.2 209.3 411.8 208.8 405.8 ship 0
254.4 403.8 256.0 409.6 238.6 414.2 237.0 408.4 ship 0
235.9 386.8 237.2 388.3 211.1 410.2 209.8 408.7 ship 0
254.8 440.9 257.0 446.5 240.2 453.1 238.0 447.5 ship 0
260.4 451.0 261.8 456.9 236.6 463.0 235.2 457.1 ship 0
376.3 429.1 376.9 423.1 418.7 426.9 418.1 432.9 ship 0
399.4 345.4 402.2 335.8 431.0 344.3 428.2 353.9 ship 0
418.9 333.3 422.8 328.7 458.0 358.3 454.2 362.9 ship 0
425.2 354.9 426.4 349.1 444.0 352.7 442.8 358.5 ship 0
421.0 359.6 424.5 354.8 439.0 365.4 435.5 370.2 ship 0
368.5 372.1 435.1 331.5 444.5 346.9 377.9 387.5 ship 0
412.5 365.8 417.9 363.2 430.8 390.3 425.3 392.9 ship 0
373.7 369.1 423.7 366.9 424.3 380.9 374.3 383.1 ship 0
407.0 384.0 410.6 379.1 425.2 389.6 421.6 394.5 ship 0
382.5 372.4 411.5 396.9 402.5 407.6 373.5 383.1 ship 0
411.4 404.0 414.3 409.2 398.6 418.0 395.7 412.8 ship 0
372.6 399.0 376.4 394.4 396.4 411.0 392.6 415.6 ship 0
375.0 405.8 376.7 404.8 386.0 420.2 384.3 421.2 ship 0
402.0 431.9 403.0 433.6 387.3 442.6 386.4 440.8 ship 0
203.7 468.4 220.3 461.5 230.3 485.6 213.7 492.5 ship 0
374.8 425.5 389.6 435.7 368.0 466.9 353.2 456.7 ship 0
392.3 448.7 396.8 452.6 387.7 463.3 383.2 459.4 ship 0
385.9 436.6 391.2 439.4 375.1 469.4 369.8 466.6 ship 0
326.6 455.4 332.5 454.0 339.3 483.2 333.5 484.6 ship 0
321.1 464.4 326.8 466.1 322.9 479.6 317.2 477.9 ship 0
311.1 453.3 316.9 454.7 308.9 487.7 303.1 486.3 ship 0
295.0 451.7 300.9 450.8 307.0 488.3 301.1 489.2 ship 0
276.0 460.8 293.0 454.9 303.0 483.2 286.0 489.1 ship 0
256.9 458.2 262.8 459.4 256.1 492.8 250.2 491.6 ship 0
242.7 469.7 248.7 469.4 249.3 483.3 243.3 483.6 ship 0
233.2 476.2 234.3 474.5 242.8 479.8 241.7 481.5 ship 0
225.6 456.2 231.6 456.5 229.3 498.4 223.4 498.1 ship 0
254.3 394.5 255.4 400.4 237.7 403.5 236.6 397.6 ship 0
236.6 389.2 238.9 383.7 255.4 390.8 253.1 396.3 ship 0
236.3 381.8 237.4 375.9 255.1 379.2 254.0 385.1 ship 0
296.5 52.9 305.2 47.9 314.1 63.6 305.4 68.5 ship 0
257.1 45.4 271.1 23.4 289.6 35.2 275.7 57.2 ship 0
466.1 18.5 478.1 37.0 453.0 53.3 440.9 34.9 ship 0
208.4 374.1 209.4 372.4 235.1 387.9 234.0 389.6 ship 0
439.2 57.6 440.9 75.5 399.1 79.3 397.4 61.4 ship 0
408.1 66.0 429.5 80.8 423.8 89.0 402.4 74.2 ship 0
453.4 89.5 462.5 93.8 456.6 106.5 447.5 102.2 ship 0
449.9 110.5 450.7 104.5 464.6 106.4 463.7 112.4 ship 0
208.2 368.0 209.1 366.3 235.8 380.0 234.9 381.7 ship 0
253.8 365.9 254.9 371.8 237.2 375.1 236.1 369.2 ship 0
207.4 367.0 207.6 361.0 237.6 362.0 237.4 368.0 ship 0
234.0 343.2 234.8 349.2 209.0 352.8 208.2 346.8 ship 0
252.9 345.9 255.4 351.4 239.1 359.1 236.6 353.6 ship 0
304.1 327.2 304.9 345.2 270.9 346.8 270.1 328.8 ship 0
234.7 332.6 236.3 338.4 207.3 346.4 205.7 340.6 ship 0
251.3 337.2 253.0 342.9 235.7 347.8 234.0 342.1 ship 0
234.2 332.8 236.2 327.1 253.2 333.2 251.1 338.9 ship 0
228.6 311.6 230.4 312.5 212.0 350.3 210.2 349.4 ship 0
389.1 251.3 423.1 268.2 416.9 280.7 382.9 263.8 ship 0
237.0 192.6 242.4 190.1 251.7 210.0 246.2 212.5 ship 0
220.8 196.8 221.9 195.1 247.2 211.2 246.1 212.9 ship 0
208.1 149.5 213.7 147.6 218.3 160.8 212.7 162.8 ship 0
225.2 140.2 231.0 141.7 223.8 170.8 218.0 169.3 ship 0
221.5 157.9 262.1 136.2 270.5 152.1 229.9 173.8 ship 0
245.2 127.7 254.0 138.6 239.9 149.9 231.2 138.9 ship 0
229.1 124.3 230.2 126.0 194.0 147.3 193.0 145.6 ship 0
274.4 93.4 277.4 88.2 306.6 105.6 303.6 110.8 ship 0
266.3 86.7 273.6 70.2 319.3 90.5 312.0 106.9 ship 0
235.5 74.0 241.1 71.8 255.5 107.0 249.9 109.2 ship 0
225.5 78.6 231.0 76.3 242.5 104.0 236.9 106.3 ship 0
218.6 80.4 224.5 79.2 230.5 108.6 224.6 109.8 ship 0
224.1 76.6 229.0 80.1 204.9 114.4 200.0 110.9 ship 0
462.7 113.6 463.3 115.5 446.3 121.4 445.7 119.5 ship 0
436.8 327.1 443.5 319.7 456.9 331.7 450.2 339.2 ship 0
412.7 297.8 453.7 318.8 447.3 331.2 406.3 310.2 ship 0
463.8 309.5 464.1 315.5 446.2 316.5 445.9 310.5 ship 0
356.8 342.9 360.0 337.8 371.9 345.0 368.8 350.1 ship 0
388.3 284.1 390.7 274.4 404.3 277.7 401.9 287.4 ship 0
457.6 539.3 463.6 538.7 465.4 556.7 459.4 557.3 ship 0
446.4 538.9 452.4 538.2 454.6 556.1 448.6 556.8 ship 0
439.1 538.7 445.0 540.1 440.9 557.6 435.0 556.3 ship 0
421.7 538.0 439.7 539.4 438.3 557.4 420.3 556.0 ship 0
463.0 270.5 465.0 270.1 472.0 307.5 470.0 307.9 ship 0
454.6 294.3 455.1 292.4 472.5 297.2 471.9 299.1 ship 0
424.4 267.7 466.3 286.5 460.6 299.3 418.7 280.5 ship 0
423.9 292.3 427.9 287.9 447.4 305.1 443.4 309.6 ship 0
385.1 236.3 389.8 232.6 400.8 246.9 396.1 250.5 ship 0
382.4 244.9 384.3 244.3 391.6 265.1 389.7 265.7 ship 0
377.7 256.0 379.1 254.7 391.3 268.0 389.9 269.3 ship 0
374.0 261.8 375.4 260.4 388.0 273.2 386.6 274.6 ship 0
368.9 267.0 370.3 265.5 386.3 280.6 384.9 282.1 ship 0
365.5 275.8 366.8 274.2 383.7 288.3 382.4 289.9 ship 0
360.7 280.4 361.9 278.8 382.8 294.3 381.6 295.9 ship 0
361.2 288.0 362.6 286.6 375.0 299.6 373.6 301.0 ship 0
395.3 292.5 396.0 294.3 382.9 299.1 382.2 297.3 ship 0
377.6 303.3 378.2 301.4 395.4 306.7 394.8 308.6 ship 0
375.1 308.1 376.1 306.4 387.9 313.9 386.9 315.6 ship 0
353.6 293.7 354.7 292.1 376.2 306.7 375.1 308.3 ship 0
348.7 306.3 348.8 304.3 374.7 305.9 374.6 307.9 ship 0
345.5 294.3 378.6 326.3 371.6 333.5 338.5 301.5 ship 0
380.2 323.1 380.4 329.1 366.4 329.7 366.2 323.7 ship 0
319.2 350.2 377.2 292.2 392.8 307.8 334.8 365.8 ship 0
362.3 335.7 364.1 329.9 377.5 334.2 375.6 340.0 ship 0
466.5 542.9 472.0 540.4 479.5 556.8 474.1 559.3 ship 0
418.5 557.9 436.5 556.8 438.4 586.7 420.5 587.9 ship 0
434.3 555.3 440.3 554.8 442.7 588.7 436.7 589.2 ship 0
454.8 555.2 460.3 557.5 447.2 588.8 441.7 586.5 ship 0
199.7 931.2 219.3 941.2 209.3 960.8 189.7 950.8 ship 0
178.4 857.6 196.4 857.4 196.6 875.4 178.6 875.6 ship 0
263.2 860.6 263.8 830.6 301.8 831.4 301.2 861.4 ship 0
213.7 831.9 228.7 815.9 247.7 833.7 232.7 849.7 ship 0
249.7 759.2 267.7 757.9 269.3 779.8 251.3 781.1 ship 0
326.2 661.8 347.2 668.5 339.3 693.2 318.3 686.6 ship 0
473.8 621.5 475.7 621.8 471.2 651.5 469.3 651.2 ship 0
462.8 619.2 464.8 619.0 468.2 652.8 466.2 653.0 ship 0
458.9 620.0 460.9 620.1 458.1 654.0 456.1 653.9 ship 0
457.0 620.2 458.9 620.9 447.0 652.8 445.1 652.1 ship 0
435.0 618.8 441.0 618.7 441.1 652.7 435.1 652.8 ship 0
420.0 622.8 426.0 622.3 428.0 648.2 422.0 648.7 ship 0
412.3 622.8 418.3 623.4 415.7 649.2 409.7 648.6 ship 0
401.9 623.2 407.9 622.9 409.1 648.8 403.1 649.1 ship 0
385.2 621.6 401.1 630.0 390.8 649.4 374.9 641.0 ship 0
422.4 613.7 423.2 615.6 406.6 622.6 405.8 620.8 ship 0
402.0 610.9 403.8 610.1 409.0 623.1 407.2 623.9 ship 0
377.3 614.2 393.5 606.2 399.7 618.8 383.5 626.8 ship 0
465.5 558.0 470.8 560.7 455.5 591.0 450.2 588.3 ship 0
191.2 181.0 209.1 178.9 211.2 196.8 193.3 198.9 ship 0
189.8 412.9 190.9 418.8 173.2 422.1 172.1 416.2 ship 0
163.0 409.2 164.3 410.7 150.9 422.7 149.5 421.2 ship 0
188.9 404.8 189.1 410.8 171.1 411.2 170.9 405.2 ship 0
168.4 396.3 169.2 394.5 189.6 402.7 188.8 404.5 ship 0
191.0 385.1 191.8 391.1 170.0 393.9 169.2 387.9 ship 0
187.7 376.8 188.9 382.7 171.3 386.2 170.1 380.3 ship 0
120.4 394.3 170.2 351.1 184.6 367.7 134.8 410.9 ship 0
191.3 367.0 191.5 372.9 169.6 374.0 169.3 368.0 ship 0
187.4 355.9 189.2 361.6 172.1 367.1 170.2 361.4 ship 0
135.9 367.3 140.9 345.9 170.1 352.7 165.1 374.1 ship 0
165.3 353.8 165.9 347.8 195.7 351.2 195.1 357.2 ship 0
192.3 326.2 193.5 336.1 163.7 339.8 162.5 329.9 ship 0
194.3 151.6 199.7 149.0 205.8 161.5 200.5 164.2 ship 0
189.1 422.7 190.0 428.6 172.3 431.4 171.3 425.5 ship 0
198.8 127.9 204.5 129.7 200.2 143.1 194.5 141.3 ship 0
191.8 118.3 197.5 119.9 189.2 148.7 183.5 147.1 ship 0
204.3 77.7 210.2 78.7 204.7 112.3 198.8 111.3 ship 0
183.9 78.5 201.6 75.1 208.1 108.5 190.4 111.9 ship 0
745.6 -1.1 753.5 10.4 705.8 43.4 697.8 31.9 harbor 0
171.9 422.2 172.0 424.2 138.1 425.8 138.0 423.8 ship 0
189.8 427.7 193.0 432.8 174.2 444.3 171.0 439.2 ship 0
2.5 804.2 13.8 812.5 5.5 823.8 -5.8 815.5 ship 0
2.4 753.6 3.8 752.2 33.6 781.8 32.2 783.3 ship 0
1.0 749.6 18.7 753.0 13.0 782.4 -4.7 779.0 ship 0
19.7 808.9 25.1 811.5 10.3 842.1 4.9 839.5 ship 0
145.4 441.7 149.9 437.8 177.6 469.3 173.1 473.2 ship 0
17.5 747.1 22.5 743.7 41.5 771.9 36.5 775.3 ship 0
-0.3 734.6 29.3 729.7 32.3 747.4 2.7 752.3 ship 0
141.8 687.5 163.7 689.6 161.2 715.5 139.3 713.4 ship 0
106.4 691.3 113.8 674.9 126.6 680.7 119.2 697.1 ship 0
186.3 447.6 192.2 446.6 194.7 460.4 188.8 461.4 ship 0
180.8 446.0 186.6 447.4 183.2 461.0 177.4 459.6 ship 0
163.2 436.7 168.9 434.9 181.7 474.9 176.0 476.7 ship 0
759.9 54.0 759.9 56.0 757.9 56.0 757.9 54.0 harbor 0
750.6 154.7 751.8 153.1 753.4 154.3 752.2 155.9 harbor 0
526.6 12.8 548.6 48.5 495.8 81.1 473.8 45.3 harbor 0
523.9 496.9 564.2 467.3 589.1 501.1 548.8 530.7 harbor 0
554.9 447.6 555.1 433.6 653.1 434.4 652.9 448.4 harbor 0
610.1 376.2 610.8 378.1 608.9 378.8 608.2 376.9 harbor 0
193.5 301.8 197.5 471.8 139.5 473.2 135.5 303.2 harbor 0
232.5 345.4 284.2 386.5 235.7 447.5 184.0 406.5 harbor 0
248.1 402.9 302.9 341.9 366.9 399.3 312.1 460.3 harbor 0
345.8 397.4 445.8 296.6 484.2 334.6 384.2 435.4 harbor 0
327.6 284.5 399.7 245.4 429.2 299.9 357.1 339.0 harbor 0
439.3 197.3 504.8 129.9 540.7 164.7 475.2 232.1 harbor 0
442.2 122.4 459.9 218.8 422.5 225.6 404.8 129.2 harbor 0
392.2 100.0 421.1 108.1 398.8 187.0 369.9 178.9 harbor 0
453.2 21.1 455.2 20.8 455.5 22.8 453.5 23.1 harbor 0
23.9 449.9 24.1 451.9 22.1 452.1 21.9 450.1 harbor 0
444.5 558.9 599.4 527.6 609.3 576.7 454.4 607.9 harbor 0
499.8 597.6 534.8 627.4 507.6 659.4 472.6 629.6 harbor 0
31.9 515.4 32.1 517.4 30.1 517.6 29.9 515.6 harbor 0
273.9 1004.3 274.3 1006.2 272.4 1006.7 271.9 1004.7 harbor 0
276.6 957.9 277.6 956.1 279.4 957.1 278.4 958.9 harbor 0
317.0 862.6 318.1 861.0 319.8 862.1 318.7 863.7 harbor 0
2.1 874.0 28.1 875.0 26.9 909.0 0.9 908.0 ship 0
481.6 229.8 482.7 223.9 500.4 227.3 499.2 233.2 ship 0
497.1 164.7 498.1 158.8 511.9 161.3 510.9 167.2 ship 0
494.6 171.2 497.1 165.8 509.8 171.7 507.3 177.1 ship 0
493.1 178.6 496.8 173.8 507.9 182.4 504.2 187.2 ship 0
493.7 165.6 494.9 167.2 467.3 187.1 466.2 185.4 ship 0
455.8 181.6 501.6 178.2 502.1 184.2 456.2 187.6 ship 0
503.7 185.8 504.1 187.7 490.3 190.2 489.9 188.3 ship 0
485.9 202.8 486.1 196.8 504.1 197.3 503.9 203.3 ship 0
467.8 192.6 469.3 191.2 481.6 204.3 480.2 205.7 ship 0
459.7 203.6 460.2 201.7 485.3 208.4 484.8 210.3 ship 0
485.6 209.8 486.7 203.9 504.4 207.2 503.3 213.1 ship 0
482.3 220.2 484.1 214.4 501.3 219.7 499.5 225.5 ship 0
455.8 209.8 459.7 205.3 482.2 225.2 478.3 229.7 ship 0
451.7 223.0 455.3 218.1 479.3 236.0 475.7 240.9 ship 0
598.0 497.6 599.9 498.2 594.0 519.4 592.1 518.8 ship 0
476.7 246.5 479.9 241.4 495.1 251.1 491.9 256.1 ship 0
452.0 236.4 456.6 232.6 468.0 246.6 463.4 250.4 ship 0
469.1 255.6 471.5 250.1 487.9 257.4 485.5 262.9 ship 0
548.7 406.3 569.5 399.1 583.3 438.7 562.5 445.9 ship 0
626.3 493.2 628.3 492.8 628.7 494.8 626.7 495.2 ship 0
618.7 486.0 620.7 486.0 620.3 500.0 618.3 500.0 ship 0
609.3 486.2 611.2 485.5 615.7 498.8 613.8 499.5 ship 0
584.5 483.9 585.6 482.3 610.5 499.1 609.4 500.7 ship 0
589.4 471.4 599.2 508.1 589.6 510.6 579.8 473.9 ship 0
585.8 485.4 587.2 486.9 577.2 496.6 575.8 495.1 ship 0
577.2 483.3 579.0 484.2 572.8 496.7 571.0 495.8 ship 0
604.8 525.5 616.7 489.4 626.2 492.5 614.3 528.6 ship 0
474.8 159.2 475.9 157.6 494.2 169.8 493.1 171.4 ship 0
474.3 154.4 475.3 152.7 497.8 165.6 496.8 167.3 ship 0
500.2 152.3 501.0 150.5 513.6 156.6 512.8 158.4 ship 0
501.4 147.2 501.8 145.2 515.6 147.8 515.2 149.8 ship 0
704.9 16.3 714.8 31.3 693.1 45.7 683.2 30.7 ship 0
680.5 32.2 681.3 34.0 679.5 34.8 678.7 33.0 ship 0
650.5 40.5 667.7 26.6 676.5 37.5 659.3 51.4 ship 0
424.6 101.1 442.9 88.9 452.9 103.9 434.6 116.1 ship 0
422.7 129.4 422.8 123.4 444.8 123.7 444.7 129.7 ship 0
412.5 134.5 413.4 132.8 443.5 148.5 442.6 150.2 ship 0
416.8 142.8 418.0 141.2 439.2 156.2 438.0 157.8 ship 0
419.0 150.2 420.5 148.9 432.0 162.8 430.5 164.1 ship 0
415.3 169.8 459.5 157.2 466.7 182.2 422.5 194.8 ship 0
413.7 181.3 415.5 180.3 422.5 192.4 420.8 193.4 ship 0
499.1 108.2 503.2 103.9 533.8 132.7 529.7 137.1 ship 0
508.1 100.8 515.1 108.0 484.9 137.2 477.9 130.0 ship 0
482.6 124.9 482.8 123.0 508.7 124.9 508.5 126.9 ship 0
469.5 132.9 518.1 121.3 519.5 127.1 470.9 138.7 ship 0
503.7 137.9 505.3 132.2 518.8 135.9 517.2 141.7 ship 0
481.6 137.9 482.4 136.0 502.4 145.1 501.6 147.0 ship 0
478.3 143.3 479.3 141.6 501.7 154.7 500.7 156.4 ship 0
595.7 504.7 596.9 503.1 608.3 511.3 607.1 512.9 ship 0
571.8 497.7 573.3 496.4 590.2 516.3 588.7 517.6 ship 0
556.5 522.7 587.0 488.3 591.5 492.3 561.0 526.7 ship 0
573.7 494.0 575.4 495.1 561.3 517.0 559.6 515.9 ship 0
546.6 477.7 588.1 512.3 571.4 532.3 529.9 497.7 ship 0
572.1 485.1 573.4 486.6 562.9 495.9 561.6 494.4 ship 0
560.4 481.3 562.3 482.0 557.6 495.1 555.7 494.5 ship 0
548.9 481.2 550.9 480.9 553.1 494.8 551.1 495.1 ship 0
522.8 487.5 535.2 474.4 551.2 489.5 538.8 502.6 ship 0
528.9 528.2 534.1 486.5 544.1 487.8 538.9 529.5 ship 0
546.6 499.9 548.3 500.9 541.4 513.1 539.7 512.1 ship 0
688.7 59.6 706.8 40.9 728.3 61.8 710.2 80.5 ship 0
705.9 130.5 720.7 120.3 733.1 138.5 718.3 148.7 ship 0
529.3 546.9 531.3 547.3 528.7 561.1 526.7 560.7 ship 0
592.7 569.3 594.2 570.6 585.5 581.5 583.9 580.3 ship 0
576.6 563.4 578.5 562.6 588.4 586.6 586.5 587.4 ship 0
566.9 570.9 568.0 569.3 583.1 579.1 582.0 580.7 ship 0
555.7 568.5 557.5 567.7 563.3 580.5 561.5 581.3 ship 0
546.5 562.8 548.4 562.2 555.5 587.2 553.6 587.8 ship 0
543.7 566.4 545.6 566.8 543.3 580.6 541.4 580.2 ship 0
574.0 552.8 575.9 552.2 580.0 565.6 578.1 566.2 ship 0
568.2 551.5 570.2 551.5 570.8 565.5 568.8 565.5 ship 0
558.6 549.4 564.6 549.6 564.4 563.6 558.4 563.4 ship 0
549.3 549.6 555.3 549.4 555.7 563.4 549.7 563.6 ship 0
540.2 550.4 546.2 549.7 547.8 563.6 541.8 564.3 ship 0
540.0 548.2 541.6 549.3 531.0 563.8 529.4 562.7 ship 0
520.1 541.3 525.7 543.5 518.0 564.0 512.4 561.9 ship 0
486.1 540.9 496.0 539.8 497.9 557.7 487.9 558.8 ship 0
530.7 562.1 536.6 561.2 540.3 586.9 534.4 587.8 ship 0
477.9 576.2 560.6 540.6 574.1 571.8 491.4 607.4 ship 0
477.3 556.0 483.3 556.1 482.7 590.0 476.7 589.9 ship 0
510.9 559.2 512.4 560.5 488.1 589.8 486.6 588.5 ship 0
488.7 560.3 494.6 560.9 491.3 590.7 485.4 590.1 ship 0
555.8 619.5 557.1 617.9 568.2 626.5 566.9 628.1 ship 0
550.9 605.7 556.9 605.7 557.0 639.7 551.0 639.7 ship 0
545.6 599.0 561.6 607.1 544.4 641.0 528.4 632.9 ship 0
495.3 620.7 503.3 649.6 493.7 652.3 485.7 623.4 ship 0
482.5 622.8 484.5 622.3 492.5 651.2 490.5 651.7 ship 0
477.1 621.8 479.1 621.5 482.9 651.2 480.9 651.5 ship 0
596.3 558.3 606.7 590.7 597.2 593.7 586.7 561.4 ship 0
608.8 578.7 609.3 572.7 627.2 574.3 626.7 580.3 ship 0
590.3 552.4 592.2 552.8 589.7 566.6 587.8 566.2 ship 0
594.1 552.5 596.0 552.0 599.9 565.5 598.0 566.0 ship 0
509.0 36.1 510.7 30.3 543.4 39.8 541.7 45.6 ship 0
506.4 43.1 509.1 37.8 539.6 52.9 536.9 58.2 ship 0
440.9 45.3 452.4 37.3 467.1 58.7 455.6 66.7 ship 0
475.8 72.8 494.6 49.5 508.6 60.8 489.7 84.2 ship 0
502.6 84.7 508.2 63.4 525.6 68.0 520.0 89.3 ship 0
607.7 168.6 625.6 170.5 623.3 192.4 605.4 190.5 ship 0
570.9 205.9 589.9 194.9 601.0 214.0 581.9 225.0 ship 0
573.9 269.2 587.0 264.3 593.4 281.2 580.2 286.1 ship 0
478.4 161.1 510.4 188.4 501.3 199.0 469.3 171.7 ship 0
550.0 356.0 575.1 349.2 584.0 382.0 558.9 388.8 ship 0
591.3 498.7 591.5 500.7 581.5 501.3 581.3 499.3 ship 0
472.1 503.9 491.9 462.4 500.9 466.7 481.1 508.2 ship 0
477.5 525.8 482.5 484.1 492.5 485.2 487.5 526.9 ship 0
476.3 490.6 478.2 491.0 472.7 516.4 470.8 516.0 ship 0
464.4 489.9 466.4 489.7 468.6 515.6 466.6 515.8 ship 0
472.3 478.7 478.2 477.6 480.7 491.3 474.8 492.4 ship 0
462.7 477.6 468.4 475.9 472.3 489.4 466.6 491.1 ship 0
614.3 552.1 616.1 553.0 607.7 568.9 605.9 568.0 ship 0
603.8 553.0 605.8 553.0 605.2 567.0 603.2 567.0 ship 0
390.1 126.1 411.6 131.0 404.1 164.1 382.6 159.3 ship 0
401.9 195.0 402.1 193.0 428.0 195.7 427.8 197.7 ship 0
420.7 200.3 421.1 202.2 407.3 204.7 406.9 202.8 ship 0
428.4 188.0 429.4 186.2 441.6 193.0 440.6 194.8 ship 0
440.6 196.5 441.0 198.4 427.4 201.5 427.0 199.6 ship 0
425.0 205.3 425.7 203.4 438.6 208.9 437.8 210.7 ship 0
422.1 210.5 423.4 208.9 434.5 217.4 433.3 219.0 ship 0
420.2 222.8 420.8 220.9 434.1 225.3 433.5 227.2 ship 0
415.0 212.8 417.6 218.2 405.0 224.2 402.4 218.8 ship 0
392.3 225.3 396.3 220.8 418.7 240.7 414.7 245.2 ship 0
418.5 231.8 418.5 229.8 432.5 230.2 432.5 232.2 ship 0
414.5 240.5 418.4 235.9 432.1 247.7 428.2 252.2 ship 0
