999.9 161.4 1007.3 154.7 1016.8 165.0 1009.4 171.7 small-vehicle 0
497.0 736.4 501.5 740.4 476.0 768.6 471.5 764.6 large-vehicle 0
518.0 753.6 522.5 757.6 497.4 786.1 492.9 782.2 large-vehicle 0
529.9 759.7 534.5 763.6 507.3 795.6 502.7 791.7 large-vehicle 0
436.4 770.4 440.8 774.5 415.0 802.4 410.6 798.3 large-vehicle 0
450.5 777.2 454.8 781.4 425.6 811.6 421.3 807.5 large-vehicle 0
459.8 787.8 464.2 791.9 438.2 819.6 433.8 815.5 large-vehicle 0
469.6 796.0 474.0 800.0 448.4 828.0 444.0 824.0 large-vehicle 0
480.8 804.2 485.2 808.2 459.6 836.3 455.2 832.2 large-vehicle 0
491.9 811.9 496.5 815.8 471.6 844.6 467.1 840.7 large-vehicle 0
509.1 810.6 513.7 814.4 476.5 858.9 471.9 855.1 large-vehicle 0
421.9 836.2 426.4 840.2 401.2 868.6 396.7 864.6 large-vehicle 0
432.4 844.8 436.9 848.8 411.6 877.2 407.1 873.2 large-vehicle 0
443.9 852.4 448.5 856.3 423.5 885.0 419.0 881.1 large-vehicle 0
453.9 859.2 458.4 863.0 434.0 892.1 429.4 888.2 large-vehicle 0
475.4 857.3 479.9 861.3 435.9 910.6 431.5 906.6 large-vehicle 0
400.8 906.3 405.3 910.2 388.2 929.7 383.7 925.8 large-vehicle 0
508.7 742.8 513.2 746.8 485.3 778.2 480.8 774.2 large-vehicle 0
486.7 727.0 491.2 730.9 463.8 762.7 459.2 758.8 large-vehicle 0
434.1 912.0 438.5 916.1 399.3 958.8 394.9 954.8 large-vehicle 0
474.9 720.1 479.3 724.2 453.1 751.8 448.8 747.7 large-vehicle 0
542.9 592.2 547.2 596.4 498.4 646.6 494.1 642.4 large-vehicle 0
553.0 598.1 557.6 602.0 509.8 658.5 505.2 654.6 large-vehicle 0
562.7 609.3 567.2 613.3 523.4 662.7 518.9 658.7 large-vehicle 0
425.6 600.9 455.0 625.1 428.3 657.5 398.9 633.3 large-vehicle 0
489.9 654.0 494.5 657.9 470.1 687.0 465.5 683.1 large-vehicle 0
504.0 660.4 508.4 664.5 480.2 695.6 475.8 691.6 large-vehicle 0
523.7 659.5 528.2 663.5 481.6 715.7 477.1 711.7 large-vehicle 0
535.3 664.0 539.9 667.9 492.8 724.9 488.1 721.1 large-vehicle 0
544.8 673.7 549.4 677.5 504.5 731.2 499.9 727.4 large-vehicle 0
556.9 679.5 561.5 683.4 514.0 740.1 509.4 736.3 large-vehicle 0
568.0 690.6 572.4 694.7 524.4 745.7 520.1 741.6 large-vehicle 0
578.1 699.4 582.6 703.4 535.9 755.6 531.4 751.6 large-vehicle 0
582.9 712.1 587.5 715.9 553.2 757.6 548.6 753.8 large-vehicle 0
452.5 704.4 457.0 708.4 431.5 736.6 427.0 732.6 large-vehicle 0
464.4 710.8 468.9 714.8 443.6 743.2 439.1 739.2 large-vehicle 0
412.3 915.4 416.8 919.4 399.5 938.8 395.0 934.8 large-vehicle 0
758.0 297.1 762.3 301.3 722.0 342.9 717.7 338.7 large-vehicle 0
512.8 579.7 517.4 583.5 480.3 628.1 475.7 624.3 large-vehicle 0
100.9 239.1 102.4 240.4 101.1 241.9 99.6 240.6 small-vehicle 0
75.8 280.1 77.4 281.3 76.2 282.9 74.6 281.7 small-vehicle 0
136.4 305.0 137.8 306.4 136.3 307.8 135.0 306.3 small-vehicle 0
121.3 320.9 123.1 321.8 122.2 323.6 120.4 322.7 small-vehicle 0
156.4 313.4 168.6 320.4 161.6 332.6 149.4 325.6 small-vehicle 0
174.9 334.7 176.8 334.9 176.6 336.9 174.6 336.7 small-vehicle 0
150.1 345.6 151.4 344.1 152.9 345.4 151.6 346.9 small-vehicle 0
47.7 350.3 49.7 350.4 49.5 352.4 47.5 352.3 small-vehicle 0
54.0 370.1 55.0 368.3 56.7 369.3 55.7 371.1 small-vehicle 0
164.2 357.4 171.8 350.9 180.8 361.6 173.2 368.1 small-vehicle 0
193.5 347.5 194.7 349.1 193.2 350.3 191.9 348.7 small-vehicle 0
213.1 360.6 214.4 362.1 212.9 363.4 211.6 361.9 small-vehicle 0
220.8 364.6 234.8 364.1 235.7 386.0 221.7 386.6 small-vehicle 0
226.6 358.8 240.0 346.8 249.4 357.2 236.0 369.2 small-vehicle 0
254.3 367.3 256.3 367.3 256.2 369.3 254.2 369.3 small-vehicle 0
272.3 362.1 284.3 348.6 294.7 357.9 282.7 371.4 small-vehicle 0
84.9 250.3 98.8 252.1 96.5 269.9 82.6 268.2 small-vehicle 0
122.7 247.2 124.1 245.9 125.5 247.3 124.0 248.7 small-vehicle 0
766.7 302.4 771.4 306.1 735.3 351.6 730.6 347.9 large-vehicle 0
110.4 219.8 112.0 221.0 110.7 222.6 109.1 221.4 small-vehicle 0
780.7 312.5 785.1 316.6 745.8 359.2 741.4 355.1 large-vehicle 0
790.5 320.9 794.9 325.0 755.8 367.7 751.3 363.7 large-vehicle 0
800.5 330.2 805.0 334.1 769.5 374.8 765.0 370.9 large-vehicle 0
808.3 339.3 813.2 342.9 783.4 383.1 778.5 379.5 large-vehicle 0
240.1 25.5 241.5 24.1 242.9 25.5 241.5 26.9 small-vehicle 0
201.9 41.2 211.5 43.9 207.8 57.4 198.2 54.7 small-vehicle 0
194.4 65.5 196.3 65.0 196.8 66.9 194.9 67.4 small-vehicle 0
217.7 67.2 219.2 65.9 220.5 67.4 219.0 68.7 small-vehicle 0
273.6 79.4 275.1 78.1 276.4 79.6 274.9 80.9 small-vehicle 0
199.7 102.2 201.3 101.0 202.5 102.6 200.8 103.8 small-vehicle 0
156.2 125.1 165.8 127.8 162.1 141.3 152.4 138.6 small-vehicle 0
166.1 143.7 183.9 146.4 181.9 160.3 164.1 157.6 small-vehicle 0
137.1 173.5 138.9 174.4 138.1 176.2 136.3 175.4 small-vehicle 0
123.5 189.5 132.0 194.9 126.6 203.3 118.1 197.9 small-vehicle 0
136.5 220.3 143.6 227.4 130.8 240.1 123.7 233.0 small-vehicle 0
525.7 585.3 530.4 589.1 491.1 637.0 486.4 633.2 large-vehicle 0
505.4 571.6 509.8 575.7 467.7 621.2 463.3 617.2 large-vehicle 0
303.6 357.4 304.6 351.4 318.4 353.6 317.4 359.6 small-vehicle 0
260.8 778.0 265.4 781.8 233.8 820.5 229.2 816.7 large-vehicle 0
194.7 883.9 198.4 879.2 212.5 890.4 208.8 895.1 large-vehicle 0
208.9 904.0 238.2 868.5 252.1 880.0 222.8 915.5 large-vehicle 0
171.7 884.2 175.6 879.6 220.1 916.7 216.3 921.3 large-vehicle 0
229.4 950.2 250.3 928.6 297.7 974.5 276.9 996.1 large-vehicle 0
278.6 995.9 302.8 972.0 329.4 999.1 305.2 1023.0 large-vehicle 0
338.2 936.7 360.6 911.1 401.3 946.6 378.9 972.2 large-vehicle 0
379.8 867.2 384.4 871.1 342.2 921.8 337.6 917.9 large-vehicle 0
384.5 883.8 389.0 887.8 360.8 919.1 356.4 915.0 large-vehicle 0
389.9 900.7 394.5 904.7 380.1 921.3 375.5 917.3 large-vehicle 0
288.0 802.7 304.3 817.4 270.8 854.5 254.5 839.8 large-vehicle 0
245.9 774.1 250.6 777.9 224.3 810.6 219.6 806.9 large-vehicle 0
131.6 719.4 135.7 715.0 175.1 752.0 171.0 756.4 large-vehicle 0
394.8 510.7 404.9 520.4 362.2 565.3 352.1 555.6 large-vehicle 0
294.2 525.0 298.8 528.9 255.8 579.0 251.2 575.1 large-vehicle 0
304.6 532.3 309.2 536.2 266.6 586.7 262.0 582.8 large-vehicle 0
348.2 552.9 376.8 577.9 341.3 618.6 312.6 593.6 large-vehicle 0
262.8 587.8 267.3 591.7 245.1 617.4 240.5 613.5 large-vehicle 0
252.4 579.4 256.9 583.3 234.4 608.8 229.9 604.9 large-vehicle 0
222.6 622.7 227.2 626.6 205.0 652.4 200.5 648.5 large-vehicle 0
232.9 629.9 237.6 633.7 216.1 660.1 211.4 656.3 large-vehicle 0
336.4 677.2 365.2 702.0 327.5 746.0 298.6 721.3 large-vehicle 0
280.5 709.4 305.8 732.1 264.5 778.3 239.1 755.6 large-vehicle 0
356.1 765.2 384.4 790.6 342.9 836.8 314.6 811.4 large-vehicle 0
161.1 672.4 164.8 667.7 213.9 705.6 210.2 710.3 large-vehicle 0
154.9 684.6 158.4 679.7 209.1 715.4 205.6 720.3 large-vehicle 0
144.1 693.9 151.0 686.6 198.9 732.1 192.0 739.4 large-vehicle 0
137.8 707.9 141.9 703.5 184.2 743.1 180.1 747.5 large-vehicle 0
493.3 563.3 497.9 567.2 457.4 614.1 452.8 610.2 large-vehicle 0
578.1 222.7 590.2 199.7 638.0 224.8 625.9 247.8 large-vehicle 0
643.4 238.8 647.6 234.5 674.6 261.2 670.4 265.5 large-vehicle 0
634.4 249.2 638.7 244.9 665.6 271.8 661.3 276.1 large-vehicle 0
617.8 254.9 621.7 250.4 662.2 286.1 658.3 290.6 large-vehicle 0
609.2 265.5 613.3 261.1 655.8 300.5 651.7 304.9 large-vehicle 0
602.9 276.7 606.9 272.2 647.1 308.3 643.1 312.8 large-vehicle 0
524.4 278.0 527.7 273.0 579.6 307.0 576.3 312.0 large-vehicle 0
524.7 298.2 527.4 292.9 568.3 313.8 565.6 319.1 large-vehicle 0
578.1 324.5 589.9 310.8 615.6 333.1 603.8 346.7 large-vehicle 0
590.6 305.0 594.8 300.8 621.8 327.5 617.6 331.8 large-vehicle 0
740.8 270.4 745.3 274.4 696.0 329.6 691.5 325.6 large-vehicle 0
750.0 280.6 754.5 284.5 709.3 337.9 704.8 334.1 large-vehicle 0
472.0 548.7 476.3 552.8 436.3 594.9 432.0 590.7 large-vehicle 0
487.9 551.1 492.3 555.2 442.4 609.8 438.0 605.7 large-vehicle 0
294.1 343.0 295.5 341.6 296.9 343.0 295.5 344.4 small-vehicle 0
296.3 362.2 300.3 357.8 313.7 369.8 309.7 374.2 small-vehicle 0
925.5 816.4 951.0 844.6 916.8 875.4 891.4 847.2 small-vehicle 0
797.3 547.0 798.8 548.3 797.4 549.8 795.9 548.5 small-vehicle 0
797.8 492.0 799.4 493.3 798.2 494.8 796.6 493.6 small-vehicle 0
862.1 400.1 872.6 409.5 857.9 425.9 847.4 416.5 small-vehicle 0
793.3 721.0 823.3 765.9 791.7 787.0 761.7 742.1 small-vehicle 0
825.6 743.1 827.2 741.9 828.4 743.4 826.8 744.7 small-vehicle 0
823.3 718.2 830.7 711.5 850.7 733.8 843.3 740.5 small-vehicle 0
839.8 766.1 845.2 763.3 862.5 797.2 857.1 799.9 small-vehicle 0
858.2 737.7 860.2 737.2 867.8 770.3 865.8 770.8 small-vehicle 0
842.5 756.9 845.3 751.6 875.2 767.8 872.3 773.1 small-vehicle 0
844.8 767.6 848.4 762.8 869.2 778.4 865.6 783.2 small-vehicle 0
863.9 801.3 889.8 803.8 887.4 829.6 861.5 827.2 small-vehicle 0
866.7 588.2 875.2 577.1 892.7 590.4 884.2 601.6 small-vehicle 0
978.5 237.0 990.7 243.8 981.9 259.5 969.7 252.7 small-vehicle 0
1000.4 204.3 1013.7 216.4 1001.6 229.7 988.3 217.6 small-vehicle 0
1017.1 182.0 1032.6 191.2 1019.3 213.6 1003.8 204.3 small-vehicle 0
952.6 110.4 959.5 98.2 978.7 109.1 971.7 121.3 small-vehicle 0
783.3 513.6 784.9 514.8 783.7 516.4 782.1 515.2 small-vehicle 0
757.7 538.4 768.2 547.7 756.3 561.1 745.8 551.8 small-vehicle 0
961.6 80.0 966.3 76.3 987.4 103.0 982.7 106.7 small-vehicle 0
736.1 574.3 737.6 575.5 736.4 577.1 734.8 575.8 small-vehicle 0
796.5 10.3 816.8 18.9 805.2 46.5 784.9 38.0 small-vehicle 0
806.7 133.3 822.5 118.1 843.3 139.7 827.5 154.9 small-vehicle 0
835.3 104.5 849.1 126.5 837.3 133.9 823.4 111.9 small-vehicle 0
803.6 267.4 821.1 271.6 816.9 289.1 799.4 284.9 small-vehicle 0
823.3 275.1 828.8 277.5 821.6 294.0 816.1 291.6 small-vehicle 0
842.5 279.1 846.7 283.4 830.8 298.7 826.7 294.4 small-vehicle 0
848.4 289.5 852.8 293.5 843.3 303.9 838.9 299.8 small-vehicle 0
869.2 293.9 871.5 299.4 854.8 306.1 852.5 300.6 small-vehicle 0
873.6 294.0 884.3 308.5 863.4 324.0 852.7 309.5 small-vehicle 0
842.1 422.5 854.4 429.2 843.9 448.5 831.6 441.8 small-vehicle 0
648.2 660.2 676.8 669.2 667.8 697.8 639.2 688.8 small-vehicle 0
659.6 701.9 661.1 700.6 662.4 702.2 660.8 703.4 small-vehicle 0
677.5 652.2 679.3 653.1 678.5 654.9 676.7 654.0 small-vehicle 0
703.0 621.5 705.0 621.5 705.0 623.5 703.0 623.5 small-vehicle 0
722.5 595.1 723.9 596.5 722.5 597.9 721.1 596.5 small-vehicle 0
955.6 93.7 958.8 88.6 984.2 104.5 981.1 109.6 small-vehicle 0
947.6 39.5 960.5 52.1 945.1 67.8 932.3 55.2 small-vehicle 0
774.2 25.7 807.7 51.0 796.8 65.3 763.3 40.0 small-vehicle 0
945.6 924.9 951.3 926.8 941.4 955.1 935.7 953.2 small-vehicle 0
996.1 571.9 1005.3 582.5 991.7 594.3 982.5 583.7 small-vehicle 0
992.3 567.8 996.8 571.9 984.7 585.2 980.2 581.1 small-vehicle 0
981.1 557.7 992.3 549.3 1003.1 563.6 991.9 572.1 small-vehicle 0
983.9 540.7 988.1 536.3 1021.1 568.3 1016.9 572.7 small-vehicle 0
980.2 562.6 985.6 565.2 977.8 581.4 972.4 578.8 small-vehicle 0
972.5 552.5 983.4 561.3 969.7 578.4 958.7 569.7 small-vehicle 0
945.2 593.8 949.0 589.2 959.8 598.2 956.0 602.8 small-vehicle 0
1016.6 578.7 1020.3 592.2 991.4 600.3 987.7 586.8 small-vehicle 0
983.4 610.0 994.3 624.3 973.6 640.0 962.7 625.7 small-vehicle 0
874.8 576.6 877.3 571.2 897.2 580.4 894.7 585.8 small-vehicle 0
892.8 560.5 894.8 560.8 891.2 582.5 889.2 582.2 small-vehicle 0
936.6 589.0 940.3 593.8 922.9 607.3 919.2 602.5 small-vehicle 0
945.4 923.9 951.3 915.8 978.6 936.1 972.7 944.2 small-vehicle 0
935.0 922.5 939.8 926.1 929.0 940.5 924.2 936.9 small-vehicle 0
900.2 58.3 909.6 47.9 925.8 62.7 916.4 73.1 small-vehicle 0
922.2 916.1 933.8 923.9 923.8 938.9 912.2 931.1 small-vehicle 0
1017.3 111.5 1021.6 115.6 998.2 140.3 993.8 136.1 small-vehicle 0
1020.8 121.6 1025.5 125.2 1012.1 142.6 1007.3 139.0 small-vehicle 0
960.8 465.2 969.8 460.8 974.2 469.8 965.2 474.2 small-vehicle 0
1012.9 515.2 1018.5 513.1 1026.2 533.7 1020.6 535.8 small-vehicle 0
1004.9 511.1 1010.9 511.3 1009.8 545.3 1003.8 545.1 small-vehicle 0
970.4 537.3 976.9 544.9 960.1 559.2 953.6 551.6 small-vehicle 0
940.9 569.1 949.9 573.4 940.5 593.3 931.4 589.0 small-vehicle 0
933.5 607.6 945.7 594.4 956.0 603.9 943.7 617.1 small-vehicle 0
960.5 617.1 962.1 618.2 961.0 619.9 959.4 618.8 small-vehicle 0
859.0 755.5 931.2 695.4 953.0 721.5 880.8 781.6 small-vehicle 0
961.6 701.1 962.9 702.6 961.4 703.9 960.1 702.4 small-vehicle 0
903.9 766.7 905.2 744.8 947.1 747.3 945.8 769.2 small-vehicle 0
928.3 906.3 929.7 904.9 931.1 906.3 929.6 907.7 small-vehicle 0
896.4 895.6 907.1 904.6 895.6 918.4 884.9 909.4 small-vehicle 0
902.8 917.3 904.5 918.3 903.4 920.0 901.8 919.0 small-vehicle 0
767.7 25.4 769.4 24.4 770.4 26.2 768.6 27.2 small-vehicle 0
738.4 88.5 755.4 82.8 763.6 107.5 746.6 113.2 small-vehicle 0
290.1 374.7 300.2 365.1 307.1 372.4 296.9 382.0 small-vehicle 0
100.6 877.6 102.4 878.6 101.4 880.4 99.6 879.4 small-vehicle 0
154.9 925.8 169.2 914.9 180.1 929.2 165.8 940.1 small-vehicle 0
175.2 908.5 181.5 916.2 173.8 922.5 167.5 914.8 small-vehicle 0
135.8 894.1 137.4 895.3 136.2 896.9 134.6 895.7 small-vehicle 0
138.2 941.8 142.6 937.8 154.7 951.1 150.3 955.1 small-vehicle 0
137.8 954.2 139.3 952.8 140.7 954.3 139.2 955.7 small-vehicle 0
124.2 962.8 124.7 964.7 122.8 965.2 122.3 963.3 small-vehicle 0
70.8 984.1 75.8 987.6 67.8 999.1 62.9 995.7 small-vehicle 0
64.0 975.6 68.6 979.5 57.0 993.3 52.4 989.4 small-vehicle 0
56.8 966.6 61.7 970.2 48.7 987.9 43.8 984.4 small-vehicle 0
45.5 958.5 56.2 967.6 41.9 984.3 31.3 975.2 small-vehicle 0
29.1 960.6 30.4 962.1 28.9 963.4 27.6 961.9 small-vehicle 0
157.6 933.9 159.1 932.6 160.4 934.1 158.9 935.4 small-vehicle 0
60.7 886.9 62.6 887.5 62.1 889.4 60.1 888.8 small-vehicle 0
136.3 1019.7 136.8 1017.8 138.7 1018.3 138.2 1020.2 small-vehicle 0
44.6 874.7 46.1 873.4 47.5 874.9 46.0 876.2 small-vehicle 0
272.1 386.2 289.1 372.3 300.5 386.2 283.4 400.2 small-vehicle 0
162.2 405.4 172.4 381.5 218.4 401.1 208.2 425.0 small-vehicle 0
282.4 462.2 283.4 463.9 281.6 464.9 280.7 463.1 small-vehicle 0
299.2 439.6 300.9 440.7 299.8 442.4 298.1 441.3 small-vehicle 0
241.8 494.8 261.2 505.0 251.0 524.5 231.5 514.2 small-vehicle 0
260.0 517.0 262.0 517.0 262.0 519.0 260.0 519.0 small-vehicle 0
235.4 536.7 250.9 545.9 237.6 568.3 222.1 559.1 small-vehicle 0
223.4 531.4 232.4 547.0 213.3 557.9 204.3 542.3 small-vehicle 0
185.6 586.1 185.9 588.1 183.9 588.4 183.6 586.4 small-vehicle 0
156.9 605.9 158.3 607.3 157.0 608.7 155.5 607.4 small-vehicle 0
127.9 613.6 148.6 629.3 128.1 656.4 107.4 640.7 small-vehicle 0
116.3 674.9 118.1 675.8 117.2 677.6 115.4 676.7 small-vehicle 0
81.8 830.5 83.5 831.5 82.4 833.2 80.7 832.1 small-vehicle 0
114.3 826.8 116.2 827.3 115.7 829.2 113.8 828.7 small-vehicle 0
72.5 842.7 84.3 850.3 74.4 865.4 62.7 857.7 small-vehicle 0
144.8 1014.2 145.3 1012.3 147.2 1012.8 146.7 1014.7 small-vehicle 0
699.9 28.0 717.7 41.0 697.6 68.5 679.8 55.5 small-vehicle 0
454.9 28.0 464.5 17.9 474.6 27.6 465.0 37.7 small-vehicle 0
480.1 11.3 481.9 10.6 482.7 12.5 480.8 13.2 small-vehicle 0
503.9 33.0 516.8 27.6 522.3 40.4 509.4 45.9 small-vehicle 0
492.9 138.5 508.7 147.2 498.1 166.5 482.3 157.8 small-vehicle 0
500.6 167.9 501.7 169.6 500.0 170.7 498.9 169.0 small-vehicle 0
521.0 146.0 522.6 144.7 523.8 146.3 522.2 147.6 small-vehicle 0
326.9 162.7 339.7 175.3 321.4 193.8 308.6 181.2 small-vehicle 0
456.6 218.0 468.7 225.1 461.7 237.2 449.6 230.1 small-vehicle 0
426.5 261.7 439.0 268.0 432.7 280.5 420.2 274.1 small-vehicle 0
404.4 303.0 411.5 310.1 401.6 320.0 394.5 312.9 small-vehicle 0
381.3 337.9 382.9 336.7 384.1 338.4 382.4 339.5 small-vehicle 0
351.4 365.0 359.5 370.9 353.6 379.0 345.5 373.1 small-vehicle 0
327.7 405.1 329.4 406.2 328.3 407.9 326.6 406.8 small-vehicle 0
607.7 580.2 609.1 581.6 607.7 583.0 606.2 581.6 small-vehicle 0
597.9 728.9 613.1 713.0 629.0 728.2 613.8 744.1 small-vehicle 0
148.8 1003.3 163.1 992.4 176.4 1009.9 162.1 1020.8 small-vehicle 0
224.5 954.3 225.7 955.8 224.2 957.1 222.9 955.6 small-vehicle 0
167.1 991.6 179.5 985.1 186.0 997.5 173.6 1004.0 small-vehicle 0
184.9 989.3 186.1 987.8 187.7 989.0 186.4 990.6 small-vehicle 0
218.4 989.6 220.4 989.4 220.6 991.4 218.6 991.6 small-vehicle 0
190.0 976.3 194.6 972.5 203.5 983.2 198.9 987.1 small-vehicle 0
195.9 969.7 199.4 964.8 214.1 975.3 210.6 980.2 small-vehicle 0
205.7 958.6 209.7 954.1 223.1 966.1 219.1 970.6 small-vehicle 0
360.5 485.1 385.9 507.7 347.4 551.0 322.0 528.5 large-vehicle 0
