814.3 908.8 877.6 818.8 957.7 875.2 894.4 965.2 large-vehicle 0
39.8 215.6 54.5 226.0 -4.2 309.4 -19.0 299.0 large-vehicle 0
54.0 248.9 82.0 268.1 10.8 372.0 -17.2 352.8 large-vehicle 0
34.3 481.7 63.5 446.0 117.7 490.3 88.5 526.0 large-vehicle 0
695.0 752.5 705.1 737.6 819.0 815.5 808.9 830.4 large-vehicle 0
288.2 170.1 301.2 182.6 261.0 224.5 248.0 212.0 large-vehicle 0
218.0 226.5 231.3 238.6 195.0 278.5 181.7 266.4 large-vehicle 0
301.7 207.5 316.1 218.4 278.7 267.8 264.3 257.0 large-vehicle 0
458.2 65.4 472.6 76.1 404.4 167.5 390.0 156.7 large-vehicle 0
511.6 30.2 526.3 40.6 492.8 88.0 478.1 77.6 large-vehicle 0
523.0 69.5 541.1 82.0 501.5 139.6 483.3 127.2 large-vehicle 0
541.3 115.7 559.3 128.3 526.0 175.8 508.0 163.2 large-vehicle 0
469.6 176.9 487.4 189.9 453.1 236.7 435.3 223.7 large-vehicle 0
516.9 194.3 533.7 208.5 439.1 319.7 422.3 305.5 large-vehicle 0
320.8 255.4 335.0 266.3 290.0 325.0 275.8 314.1 large-vehicle 0
219.1 266.8 259.2 296.6 222.3 346.4 182.2 316.6 large-vehicle 0
336.5 301.2 350.1 313.0 309.5 359.8 295.9 348.0 large-vehicle 0
248.8 358.9 289.0 388.7 252.0 438.5 211.9 408.7 large-vehicle 0
368.0 307.3 383.1 317.0 300.0 446.7 284.9 437.0 large-vehicle 0
388.8 351.6 402.9 362.7 305.4 487.0 291.2 475.9 large-vehicle 0
395.3 407.8 413.4 420.2 335.7 534.2 317.6 521.8 large-vehicle 0
114.0 518.5 140.0 480.5 247.3 553.9 221.3 591.9 large-vehicle 0
229.6 608.2 240.4 593.8 360.3 684.0 349.5 698.4 large-vehicle 0
211.6 642.9 221.7 628.0 342.4 710.1 332.3 725.0 large-vehicle 0
199.4 672.3 210.2 657.9 324.0 742.9 313.2 757.3 large-vehicle 0
180.2 685.8 190.1 675.8 296.8 781.2 286.9 791.2 large-vehicle 0
161.5 724.2 169.9 713.0 277.3 793.2 268.9 804.4 large-vehicle 0
587.2 775.0 633.6 712.3 689.8 754.0 643.4 816.7 large-vehicle 0
711.4 804.7 722.1 790.2 784.7 836.8 773.9 851.3 large-vehicle 0
270.2 116.8 284.1 128.2 244.8 176.2 230.9 164.8 large-vehicle 0
200.2 187.0 214.8 197.5 178.8 248.0 164.2 237.5 large-vehicle 0
260.7 70.9 275.1 81.7 228.3 144.1 213.9 133.3 large-vehicle 0
161.9 -23.0 176.4 -12.3 104.1 86.0 89.6 75.3 large-vehicle 0
188.4 -0.7 203.2 9.6 103.4 152.1 88.6 141.8 large-vehicle 0
161.3 86.1 200.8 116.7 165.4 162.6 125.8 132.0 large-vehicle 0
465.0 6.5 478.8 18.1 372.1 145.3 358.3 133.7 large-vehicle 0
238.4 33.8 254.9 48.3 216.7 92.0 200.2 77.5 large-vehicle 0
430.6 -22.8 447.0 -8.2 376.4 70.8 360.0 56.2 large-vehicle 0
