675.6 165.8 686.1 193.9 657.9 204.3 647.5 176.2 small-vehicle 0
712.9 859.8 719.4 872.2 586.8 942.3 580.3 929.9 large-vehicle 0
707.7 892.4 714.6 904.6 608.3 964.6 601.4 952.4 large-vehicle 0
733.8 917.5 739.6 930.3 599.2 993.5 593.4 980.7 large-vehicle 0
705.7 945.4 719.2 967.6 642.2 1014.3 628.7 992.1 large-vehicle 0
890.9 329.3 896.4 342.2 766.1 398.7 760.6 385.8 large-vehicle 0
894.8 351.9 901.5 364.2 773.2 434.1 766.5 421.8 large-vehicle 0
923.2 354.5 931.2 366.0 761.8 483.2 753.8 471.7 large-vehicle 0
710.1 801.1 716.3 813.7 556.9 892.9 550.7 880.3 large-vehicle 0
943.5 384.0 950.4 396.2 757.3 505.7 750.4 493.5 large-vehicle 0
1005.1 410.8 1010.1 423.9 712.9 537.2 707.9 524.1 large-vehicle 0
702.2 848.0 706.4 861.4 582.4 900.3 578.2 887.0 large-vehicle 0
685.9 782.9 692.5 795.3 567.1 862.1 560.5 849.7 large-vehicle 0
646.6 179.8 650.9 205.4 609.5 212.4 605.2 186.8 small-vehicle 0
653.7 589.3 659.8 601.9 488.3 683.7 482.2 671.1 large-vehicle 0
259.3 533.2 265.5 545.7 131.4 612.9 125.2 600.4 large-vehicle 0
288.0 538.1 295.3 550.1 116.1 659.5 108.8 647.6 large-vehicle 0
283.0 574.1 290.2 586.2 140.9 675.6 133.7 663.5 large-vehicle 0
491.3 550.7 503.6 544.0 529.7 591.3 517.4 598.0 large-vehicle 0
519.2 546.1 531.5 539.3 555.8 582.9 543.5 589.7 large-vehicle 0
649.2 625.3 654.7 638.2 509.3 699.9 503.8 687.0 large-vehicle 0
684.6 747.3 691.6 759.4 551.4 840.7 544.4 828.6 large-vehicle 0
801.3 562.8 807.9 575.2 749.7 606.2 743.1 593.8 large-vehicle 0
809.6 588.6 816.0 601.1 757.4 631.4 751.0 618.9 large-vehicle 0
672.9 674.0 900.9 581.6 909.1 602.0 681.1 694.4 large-vehicle 0
640.0 654.4 646.1 667.0 533.0 722.6 526.9 710.0 large-vehicle 0
672.7 668.2 679.0 680.6 516.8 763.2 510.4 750.7 large-vehicle 0
663.5 694.4 671.0 706.2 541.5 789.6 534.0 777.8 large-vehicle 0
676.5 729.5 682.5 742.2 543.5 808.5 537.5 795.8 large-vehicle 0
898.1 479.1 903.4 492.1 834.9 519.9 829.6 506.9 large-vehicle 0
909.3 530.6 916.4 542.7 856.0 578.1 848.9 566.0 large-vehicle 0
1006.4 854.8 1013.5 866.8 956.6 900.2 949.5 888.2 large-vehicle 0
1014.7 881.1 1021.6 893.2 964.3 925.9 957.4 913.8 large-vehicle 0
931.9 898.5 945.8 925.1 834.1 983.5 820.2 956.9 large-vehicle 0
118.9 306.9 127.3 322.8 83.1 346.1 74.7 330.2 small-vehicle 0
32.8 300.7 47.9 290.9 72.9 329.6 57.7 339.3 small-vehicle 0
163.1 282.9 171.1 249.8 215.8 260.7 207.8 293.7 small-vehicle 0
329.0 249.6 335.7 220.3 368.9 227.9 362.2 257.1 small-vehicle 0
409.2 166.8 445.0 217.4 414.0 239.4 378.2 188.7 small-vehicle 0
522.4 185.4 532.2 205.1 476.6 232.6 466.8 212.9 small-vehicle 0
563.8 60.3 596.4 113.0 540.3 147.7 507.7 94.9 small-vehicle 0
834.8 -10.5 852.1 14.0 804.6 47.4 787.4 22.8 small-vehicle 0
903.5 892.9 909.7 905.4 847.0 936.6 840.8 924.0 large-vehicle 0
896.5 868.4 902.6 881.1 839.5 911.6 833.4 898.9 large-vehicle 0
998.4 827.8 1005.2 840.0 947.6 872.2 940.8 860.0 large-vehicle 0
887.7 841.8 893.7 854.5 830.3 884.2 824.3 871.5 large-vehicle 0
918.2 558.6 925.2 570.8 867.8 603.4 860.8 591.2 large-vehicle 0
926.9 586.4 933.4 598.7 875.1 629.7 868.6 617.3 large-vehicle 0
931.5 606.3 946.6 632.2 889.6 665.4 874.5 639.5 large-vehicle 0
992.9 799.6 999.1 812.2 936.3 843.2 930.1 830.6 large-vehicle 0
241.7 475.0 254.7 497.5 121.5 574.7 108.4 552.2 large-vehicle 0
