57.2 221.6 68.8 213.8 150.6 334.8 139.0 342.6 large-vehicle 0
29.6 228.8 41.5 221.3 121.4 348.2 109.5 355.7 large-vehicle 0
1.3 246.5 12.7 238.3 95.7 353.5 84.3 361.7 large-vehicle 0
-16.6 264.1 -4.8 256.7 57.6 356.9 45.8 364.3 large-vehicle 0
700.5 789.7 739.5 832.6 684.8 882.4 645.8 839.5 large-vehicle 0
610.5 870.6 641.7 904.5 587.2 954.6 556.1 920.7 large-vehicle 0
519.8 944.4 553.5 981.3 499.0 1031.3 465.2 994.4 large-vehicle 0
482.0 840.3 517.6 875.4 378.5 1016.3 342.9 981.2 large-vehicle 0
587.8 763.2 620.3 795.7 548.2 867.8 515.7 835.3 large-vehicle 0
794.3 661.4 803.1 672.3 649.3 797.0 640.5 786.1 large-vehicle 0
776.8 631.6 786.0 642.1 634.5 775.6 625.2 765.1 large-vehicle 0
121.3 901.0 161.4 859.1 318.8 1009.9 278.7 1051.8 large-vehicle 0
640.4 386.7 651.5 395.2 589.6 476.2 578.4 467.7 large-vehicle 0
664.4 331.9 674.1 342.1 534.0 476.3 524.3 466.2 large-vehicle 0
643.0 310.7 652.5 321.0 509.8 452.4 500.3 442.1 large-vehicle 0
625.6 288.0 634.7 298.6 488.4 426.0 479.3 415.4 large-vehicle 0
609.4 268.0 618.0 279.0 465.7 399.1 457.0 388.1 large-vehicle 0
513.5 501.6 523.3 511.6 444.5 588.4 434.7 578.4 large-vehicle 0
491.7 474.6 502.1 484.1 433.3 559.4 422.9 549.9 large-vehicle 0
466.0 455.0 476.1 464.8 405.1 538.1 395.1 528.3 large-vehicle 0
452.4 430.5 461.6 441.0 381.7 510.7 372.5 500.1 large-vehicle 0
428.2 404.9 437.7 415.1 359.8 487.1 350.3 476.9 large-vehicle 0
439.8 351.5 449.5 361.6 309.2 495.5 299.5 485.4 large-vehicle 0
372.1 612.2 384.9 624.9 310.5 700.3 297.6 687.7 large-vehicle 0
761.7 894.6 772.1 904.0 650.5 1039.4 640.1 1030.0 large-vehicle 0
976.0 768.2 1022.4 786.7 992.0 862.8 945.6 844.3 small-vehicle 0
872.1 514.4 885.1 509.3 914.9 585.6 901.9 590.7 small-vehicle 0
764.2 953.7 772.4 965.1 689.4 1024.4 681.2 1013.0 large-vehicle 0
844.9 532.8 857.2 526.0 898.8 601.3 886.6 608.1 small-vehicle 0
838.3 536.7 852.3 535.6 859.7 629.3 845.7 630.4 small-vehicle 0
906.1 40.2 926.3 18.1 963.2 51.8 943.0 74.0 small-vehicle 0
928.6 11.1 945.2 -3.3 985.8 43.6 969.1 58.0 small-vehicle 0
817.3 703.5 840.7 728.1 743.7 820.5 720.3 795.9 large-vehicle 0
908.8 861.6 922.4 873.4 855.8 950.6 842.1 938.8 large-vehicle 0
937.0 818.5 944.8 830.1 777.0 942.5 769.2 930.9 large-vehicle 0
907.1 791.7 915.8 802.6 763.9 923.3 755.2 912.4 large-vehicle 0
353.0 589.3 362.8 599.4 286.9 673.4 277.1 663.4 large-vehicle 0
332.7 570.6 342.0 581.2 265.3 648.4 256.0 637.8 large-vehicle 0
314.8 537.6 325.0 547.2 254.9 621.3 244.7 611.7 large-vehicle 0
81.2 208.4 92.6 200.4 180.8 326.6 169.4 334.6 large-vehicle 0
136.5 186.9 148.2 179.2 232.5 308.1 220.8 315.8 large-vehicle 0
113.0 200.1 124.9 192.8 201.2 317.3 189.3 324.6 large-vehicle 0
162.5 173.5 174.0 165.5 262.5 291.5 251.0 299.5 large-vehicle 0
296.3 514.6 306.1 524.6 233.2 595.9 223.4 585.9 large-vehicle 0
490.9 54.6 502.6 46.8 586.1 171.4 574.4 179.2 large-vehicle 0
274.6 488.1 286.6 501.6 207.4 572.0 195.4 558.6 large-vehicle 0
237.5 722.8 247.6 732.5 174.6 809.3 164.4 799.6 large-vehicle 0
218.5 699.2 228.5 709.0 154.5 784.8 144.5 775.0 large-vehicle 0
196.0 676.4 205.7 686.4 126.6 762.8 116.8 752.8 large-vehicle 0
181.3 652.2 190.2 663.0 108.7 730.8 99.8 720.0 large-vehicle 0
165.6 625.4 174.5 636.2 95.4 700.6 86.5 689.8 large-vehicle 0
133.2 602.3 145.6 615.4 62.9 693.8 50.5 680.7 large-vehicle 0
554.9 37.3 570.4 28.1 642.9 150.3 627.4 159.5 large-vehicle 0
518.5 45.4 530.2 37.7 612.2 163.3 600.5 170.9 large-vehicle 0
464.2 69.3 475.5 61.1 561.1 179.3 549.8 187.5 large-vehicle 0
196.4 165.7 208.5 158.6 286.6 291.3 274.5 298.4 large-vehicle 0
436.0 78.6 447.6 70.8 529.2 191.8 517.6 199.6 large-vehicle 0
412.4 88.1 424.0 80.1 506.6 200.5 495.0 208.4 large-vehicle 0
387.0 98.6 398.7 90.9 476.6 209.7 464.9 217.3 large-vehicle 0
353.1 111.7 364.1 103.0 454.9 217.3 443.9 226.0 large-vehicle 0
330.7 114.6 342.4 107.1 423.3 233.4 411.6 240.9 large-vehicle 0
303.6 124.0 315.6 116.8 393.4 245.0 381.4 252.2 large-vehicle 0
272.9 138.7 284.1 130.4 373.4 250.9 362.1 259.3 large-vehicle 0
248.5 147.9 260.3 140.4 340.5 267.1 328.7 274.6 large-vehicle 0
215.0 160.3 226.1 151.7 320.2 273.6 309.2 282.2 large-vehicle 0
