838.3 534.0 843.9 536.3 826.7 579.0 821.1 576.7 large-vehicle 0
952.0 548.1 957.8 546.9 970.9 611.6 965.0 612.8 large-vehicle 0
954.7 563.5 959.7 566.8 934.4 605.2 929.4 601.9 large-vehicle 0
947.6 547.3 952.8 550.3 917.4 610.7 912.2 607.7 large-vehicle 0
865.9 525.7 870.6 522.0 937.8 609.1 933.1 612.7 large-vehicle 0
944.6 531.1 949.4 534.7 890.4 612.9 885.6 609.3 large-vehicle 0
881.2 552.6 887.1 551.8 892.8 597.4 886.9 598.2 large-vehicle 0
887.2 545.3 892.0 548.9 861.8 588.7 857.0 585.1 large-vehicle 0
875.7 523.1 881.1 525.7 845.2 599.4 839.8 596.8 large-vehicle 0
859.0 516.5 864.6 518.5 834.1 603.2 828.5 601.1 large-vehicle 0
817.2 530.8 826.7 533.9 812.7 577.7 803.2 574.6 large-vehicle 0
1009.2 561.6 1016.7 568.2 970.7 620.9 963.2 614.4 large-vehicle 0
794.7 526.6 802.8 532.4 778.5 566.6 770.3 560.8 large-vehicle 0
769.9 529.1 777.6 535.5 748.1 570.9 740.4 564.5 large-vehicle 0
754.6 519.5 762.7 525.3 738.4 559.5 730.3 553.7 large-vehicle 0
737.3 512.6 746.0 517.6 722.9 557.4 714.2 552.4 large-vehicle 0
707.3 510.8 716.4 515.1 698.7 553.2 689.6 548.9 large-vehicle 0
682.9 505.7 692.8 506.5 689.1 552.3 679.2 551.5 large-vehicle 0
984.2 562.8 989.4 565.9 968.1 602.1 962.9 599.0 large-vehicle 0
1014.6 567.7 1028.3 570.6 1018.1 619.5 1004.4 616.6 large-vehicle 0
226.3 127.5 232.0 129.2 220.7 165.5 215.0 163.8 small-vehicle 0
17.8 680.6 23.4 678.6 36.2 714.4 30.6 716.4 small-vehicle 0
85.7 717.6 105.8 701.1 127.3 727.4 107.2 743.9 small-vehicle 0
112.2 689.9 135.1 670.5 162.3 702.6 139.4 722.0 small-vehicle 0
107.6 631.1 109.0 637.0 56.7 650.2 55.2 644.4 small-vehicle 0
53.4 650.8 69.9 636.2 87.1 655.7 70.6 670.3 small-vehicle 0
283.0 179.7 301.0 160.9 314.0 173.3 296.0 192.1 small-vehicle 0
270.0 151.5 292.0 165.3 278.2 187.4 256.2 173.5 small-vehicle 0
238.5 161.8 252.5 144.8 263.3 153.7 249.3 170.7 small-vehicle 0
240.7 136.4 245.7 139.7 229.5 164.9 224.4 161.6 small-vehicle 0
200.0 124.4 205.5 122.0 222.0 160.6 216.5 163.0 small-vehicle 0
134.1 139.8 171.1 131.3 176.9 156.6 139.9 165.2 small-vehicle 0
110.9 131.6 125.7 157.7 96.1 174.4 81.3 148.3 small-vehicle 0
952.8 880.8 994.9 899.3 950.5 1000.0 908.4 981.4 large-vehicle 0
861.4 853.3 913.0 879.7 875.6 952.7 824.0 926.3 large-vehicle 0
938.5 622.1 976.6 647.8 937.5 705.9 899.4 680.2 large-vehicle 0
1024.2 484.4 1037.2 489.7 1009.0 558.1 996.1 552.8 large-vehicle 0
1003.7 475.8 1015.3 483.7 969.2 551.5 957.6 543.6 large-vehicle 0
903.2 447.4 963.2 490.7 919.8 550.7 859.8 507.4 large-vehicle 0
431.9 535.4 448.5 549.8 405.1 599.6 388.5 585.2 large-vehicle 0
483.2 370.8 498.6 380.0 462.8 440.2 447.4 431.0 large-vehicle 0
563.4 265.5 569.3 266.5 557.6 335.5 551.7 334.5 large-vehicle 0
546.8 255.9 552.7 256.6 543.2 338.1 537.3 337.4 large-vehicle 0
462.4 249.3 473.8 241.2 537.7 330.7 526.3 338.8 large-vehicle 0
428.6 307.7 465.9 239.2 485.2 249.7 447.9 318.2 large-vehicle 0
465.4 236.3 471.9 243.9 391.1 312.6 384.7 305.0 large-vehicle 0
393.9 229.7 407.9 230.4 404.1 308.3 390.1 307.6 large-vehicle 0
349.3 235.1 362.2 229.6 389.7 293.9 376.8 299.4 large-vehicle 0
469.9 573.4 492.2 593.5 448.1 642.6 425.8 622.5 large-vehicle 0
409.6 495.5 426.3 509.9 378.0 566.0 361.3 551.6 large-vehicle 0
857.7 444.7 868.9 453.0 815.3 525.3 804.1 517.0 large-vehicle 0
388.7 451.0 404.8 466.0 354.3 520.0 338.2 505.0 large-vehicle 0
365.5 415.0 381.3 430.2 330.0 483.5 314.2 468.3 large-vehicle 0
339.1 366.6 342.8 371.3 284.9 417.4 281.2 412.7 large-vehicle 0
335.7 348.1 339.6 352.7 277.3 405.9 273.4 401.3 large-vehicle 0
321.9 335.4 326.1 339.6 268.1 397.6 263.9 393.4 large-vehicle 0
313.3 327.3 317.1 331.9 257.3 382.0 253.4 377.4 large-vehicle 0
216.7 314.9 232.7 284.9 283.9 312.2 267.9 342.2 large-vehicle 0
257.8 231.3 274.9 217.4 319.2 271.7 302.1 285.6 large-vehicle 0
247.9 282.2 256.5 271.2 280.1 289.8 271.5 300.8 large-vehicle 0
525.9 384.5 534.4 389.7 494.1 456.5 485.6 451.3 large-vehicle 0
545.9 391.0 554.1 396.6 510.1 461.0 501.9 455.4 large-vehicle 0
635.1 280.4 641.1 281.3 630.8 350.5 624.8 349.6 large-vehicle 0
663.5 282.7 668.9 285.4 633.4 354.9 628.1 352.2 large-vehicle 0
816.1 462.1 821.0 465.5 796.9 499.9 792.0 496.5 large-vehicle 0
801.1 455.7 806.3 458.6 785.9 495.3 780.7 492.4 large-vehicle 0
783.0 451.9 788.6 454.1 773.0 493.1 767.4 490.9 large-vehicle 0
769.2 449.4 774.5 452.2 753.1 492.9 747.8 490.1 large-vehicle 0
719.4 419.3 731.2 426.9 684.8 499.3 673.0 491.7 large-vehicle 0
691.5 424.5 696.4 427.9 656.5 485.5 651.6 482.1 large-vehicle 0
686.1 397.6 691.3 400.6 628.9 505.4 623.7 502.4 large-vehicle 0
657.0 393.5 668.4 401.6 599.5 497.5 588.2 489.3 large-vehicle 0
984.5 356.0 1014.5 356.0 1014.6 422.0 984.6 422.0 large-vehicle 0
914.3 350.3 933.7 339.9 966.7 401.7 947.3 412.1 large-vehicle 0
835.1 321.8 848.7 318.5 867.9 398.2 854.3 401.5 large-vehicle 0
798.5 326.0 807.0 320.6 844.3 379.9 835.9 385.2 large-vehicle 0
769.6 309.3 791.5 310.1 789.3 380.0 767.3 379.3 large-vehicle 0
749.6 280.8 759.1 283.8 723.3 396.2 713.8 393.2 large-vehicle 0
725.0 295.8 734.7 298.2 716.1 374.0 706.4 371.6 large-vehicle 0
697.2 292.9 710.3 297.9 683.8 367.0 670.7 362.0 large-vehicle 0
1.2 701.1 13.8 688.3 35.3 709.3 22.7 722.1 small-vehicle 0
70.3 735.6 87.4 721.7 106.3 745.0 89.2 758.9 small-vehicle 0
265.3 794.8 266.4 800.7 252.7 803.2 251.6 797.3 small-vehicle 0
857.4 995.5 863.3 994.2 870.1 1023.4 864.3 1024.7 small-vehicle 0
988.4 150.7 1005.6 164.5 989.3 184.8 972.1 171.0 small-vehicle 0
875.8 108.7 896.1 100.3 906.1 124.3 885.7 132.8 small-vehicle 0
910.2 878.8 916.0 880.5 906.8 913.2 901.0 911.5 small-vehicle 0
881.6 871.5 887.0 869.0 906.5 910.7 901.1 913.2 small-vehicle 0
935.1 1019.3 936.7 1018.1 937.9 1019.7 936.3 1020.9 small-vehicle 0
911.7 1011.8 927.3 1002.7 940.3 1025.2 924.7 1034.3 small-vehicle 0
921.8 1000.6 929.1 1012.5 896.7 1032.3 889.4 1020.4 small-vehicle 0
902.7 1004.9 906.0 1009.9 884.3 1024.1 881.0 1019.1 small-vehicle 0
873.4 997.3 879.4 997.7 877.8 1019.7 871.8 1019.2 small-vehicle 0
854.5 993.2 860.1 995.4 850.5 1019.6 845.0 1017.4 small-vehicle 0
726.7 968.8 740.7 980.2 729.3 994.2 715.3 982.8 small-vehicle 0
840.0 1003.0 841.4 1004.3 840.1 1005.8 838.6 1004.4 small-vehicle 0
824.9 990.2 830.3 992.8 820.9 1012.7 815.5 1010.1 small-vehicle 0
814.5 985.4 819.9 987.9 810.6 1007.9 805.2 1005.3 small-vehicle 0
803.1 985.2 808.3 988.3 799.1 1003.7 793.9 1000.7 small-vehicle 0
788.7 984.5 794.5 986.0 790.3 1003.5 784.5 1002.0 small-vehicle 0
777.7 980.9 783.7 981.1 783.1 999.1 777.1 998.9 small-vehicle 0
771.2 981.2 776.5 984.1 767.8 999.8 762.5 996.9 small-vehicle 0
758.3 979.1 764.1 980.4 760.4 998.0 754.6 996.7 small-vehicle 0
755.6 973.7 759.9 978.0 741.5 996.3 737.2 992.1 small-vehicle 0
994.9 4.8 1011.8 10.9 1003.1 35.4 986.1 29.3 small-vehicle 0
1004.6 7.2 1010.5 6.2 1015.6 35.8 1009.7 36.8 small-vehicle 0
1015.6 10.0 1021.5 8.9 1026.3 34.4 1020.4 35.5 small-vehicle 0
740.5 974.3 745.5 977.7 735.5 992.7 730.5 989.3 small-vehicle 0
849.5 967.0 857.2 973.4 845.7 987.2 838.0 980.8 small-vehicle 0
280.0 802.2 281.8 807.9 257.0 815.8 255.2 810.1 small-vehicle 0
710.3 40.6 711.9 41.9 710.6 43.4 709.1 42.2 small-vehicle 0
780.9 191.3 809.3 200.8 792.1 252.0 763.6 242.4 small-vehicle 0
784.1 131.8 810.9 118.4 815.4 127.4 788.6 140.8 small-vehicle 0
805.7 111.1 808.7 116.3 782.8 131.5 779.8 126.3 small-vehicle 0
798.0 103.7 801.2 108.8 786.0 118.3 782.8 113.2 small-vehicle 0
790.5 92.0 794.6 96.4 781.3 108.6 777.3 104.2 small-vehicle 0
779.3 115.3 783.1 120.0 759.9 139.1 756.1 134.4 small-vehicle 0
749.4 112.0 751.7 106.5 779.5 117.8 777.2 123.4 small-vehicle 0
736.5 70.6 762.5 71.4 761.5 101.4 735.5 100.6 small-vehicle 0
727.2 44.4 732.2 41.1 746.8 62.6 741.8 65.9 small-vehicle 0
367.1 193.7 390.0 181.4 406.2 211.3 383.3 223.6 small-vehicle 0
827.3 962.9 835.0 969.4 823.4 983.1 815.8 976.7 small-vehicle 0
543.9 470.8 563.5 480.9 546.2 514.7 526.6 504.6 small-vehicle 0
470.0 990.7 489.2 1008.2 469.0 1030.3 449.8 1012.8 small-vehicle 0
389.2 950.2 405.7 970.3 391.8 981.8 375.3 961.7 small-vehicle 0
372.3 970.5 391.9 980.5 383.7 996.5 364.1 986.5 small-vehicle 0
312.8 952.2 334.6 950.0 337.2 975.8 315.4 978.0 small-vehicle 0
297.3 861.2 314.6 847.6 325.7 861.8 308.4 875.4 small-vehicle 0
293.2 832.6 295.2 832.2 298.4 849.9 296.4 850.3 small-vehicle 0
292.9 823.3 297.0 827.6 281.1 842.7 277.0 838.4 small-vehicle 0
286.4 808.0 290.5 812.4 268.6 833.0 264.5 828.6 small-vehicle 0
610.8 474.1 616.4 476.5 595.3 526.2 589.8 523.9 small-vehicle 0
618.9 475.8 624.9 476.3 620.1 526.1 614.2 525.5 small-vehicle 0
638.0 483.9 643.7 485.7 631.4 525.9 625.7 524.1 small-vehicle 0
655.7 497.6 659.7 502.1 640.3 519.4 636.3 514.9 small-vehicle 0
799.0 961.8 809.0 961.0 810.4 979.0 800.4 979.8 small-vehicle 0
786.7 958.8 791.8 961.9 782.3 977.2 777.2 974.1 small-vehicle 0
775.7 956.3 780.8 959.4 771.3 974.7 766.2 971.6 small-vehicle 0
764.5 946.8 770.3 948.1 763.1 981.3 757.2 980.0 small-vehicle 0
758.4 945.7 763.9 948.3 749.4 979.1 743.9 976.5 small-vehicle 0
722.6 947.8 744.4 950.3 742.4 968.2 720.6 965.7 small-vehicle 0
691.8 935.4 713.8 934.3 715.3 964.3 693.3 965.4 small-vehicle 0
690.4 1002.9 694.3 1007.4 671.6 1027.0 667.7 1022.4 small-vehicle 0
680.1 997.4 683.9 1002.0 663.9 1018.6 660.1 1014.0 small-vehicle 0
674.5 990.3 678.2 995.1 657.4 1010.8 653.8 1006.0 small-vehicle 0
664.5 983.3 668.6 987.7 652.5 1002.7 648.4 998.3 small-vehicle 0
661.0 973.5 664.5 978.4 640.3 996.1 636.8 991.2 small-vehicle 0
653.8 966.5 657.3 971.4 636.2 986.5 632.7 981.6 small-vehicle 0
646.3 954.0 650.4 958.3 628.7 979.0 624.6 974.7 small-vehicle 0
612.3 961.3 644.2 949.4 647.7 958.7 615.8 970.6 small-vehicle 0
748.3 888.2 754.2 887.3 758.7 916.9 752.7 917.8 small-vehicle 0
740.3 885.8 756.1 894.4 741.6 920.7 725.9 912.1 small-vehicle 0
604.9 838.6 630.7 834.8 635.1 864.4 609.3 868.2 small-vehicle 0
186.5 287.5 202.0 248.5 252.2 268.5 236.6 307.5 large-vehicle 0
