806.1 618.1 808.4 604.3 960.3 629.8 958.0 643.6 large-vehicle 0
321.8 189.4 342.6 167.8 482.2 302.6 461.4 324.2 large-vehicle 0
-14.0 588.8 -3.8 579.2 86.0 673.2 75.8 682.8 large-vehicle 0
-2.7 562.9 6.8 552.6 116.5 655.0 107.0 665.2 large-vehicle 0
58.8 535.5 79.4 494.4 199.2 554.4 178.6 595.5 large-vehicle 0
393.4 877.9 414.3 918.9 298.6 978.1 277.7 937.1 large-vehicle 0
694.0 520.8 695.5 506.9 848.6 524.1 847.0 538.0 large-vehicle 0
799.5 562.2 802.1 548.5 835.5 554.8 832.9 568.5 large-vehicle 0
764.3 587.5 765.9 573.6 942.7 594.5 941.1 608.4 large-vehicle 0
835.7 770.6 855.5 753.7 952.8 867.9 933.0 884.8 small-vehicle 0
895.9 796.9 902.7 789.5 936.6 820.6 929.8 828.0 small-vehicle 0
908.3 772.6 915.8 766.0 951.7 806.4 944.2 813.0 small-vehicle 0
928.4 757.3 938.1 747.2 979.6 787.7 969.9 797.8 small-vehicle 0
959.3 761.7 974.3 745.7 1016.7 785.3 1001.7 801.3 small-vehicle 0
287.8 231.7 297.7 221.8 429.3 353.2 419.4 363.1 large-vehicle 0
268.1 255.5 277.9 245.5 410.5 375.9 400.7 385.9 large-vehicle 0
131.5 260.7 154.3 241.3 238.5 340.3 215.7 359.7 large-vehicle 0
94.7 317.4 106.7 304.0 203.5 390.8 191.5 404.2 large-vehicle 0
-17.0 82.3 -7.5 72.1 76.0 149.7 66.5 159.9 large-vehicle 0
-4.5 47.0 5.5 37.2 105.5 138.0 95.5 147.8 large-vehicle 0
5.0 12.0 15.0 2.2 136.7 126.6 126.7 136.4 large-vehicle 0
27.9 -7.0 37.7 -16.9 155.8 99.7 146.0 109.7 large-vehicle 0
67.1 -5.4 76.1 -16.2 157.4 51.9 148.4 62.7 large-vehicle 0
75.4 335.2 88.9 323.3 177.6 423.8 164.1 435.7 large-vehicle 0
