971.8 895.4 978.7 888.2 1020.8 928.0 1013.9 935.3 small-vehicle 0
959.1 914.1 966.3 907.1 1003.9 945.9 996.7 952.9 small-vehicle 0
661.9 631.2 662.4 613.2 792.4 616.7 791.9 634.7 large-vehicle 0
179.6 211.4 224.2 174.4 312.4 280.6 267.8 317.6 large-vehicle 0
225.0 880.6 247.6 916.0 155.0 975.4 132.4 940.0 large-vehicle 0
549.4 535.7 551.4 501.7 681.1 509.3 679.2 543.2 large-vehicle 0
636.2 589.4 658.2 518.7 686.8 527.6 664.8 598.3 large-vehicle 0
766.5 582.0 766.5 600.0 628.5 600.0 628.5 582.0 large-vehicle 0
715.2 804.3 722.1 797.0 761.3 834.2 754.4 841.5 small-vehicle 0
737.6 805.7 746.9 790.2 782.9 811.8 773.6 827.3 small-vehicle 0
754.2 776.7 761.3 769.7 793.8 802.3 786.7 809.3 small-vehicle 0
775.0 765.4 782.9 753.8 821.0 779.6 813.1 791.2 small-vehicle 0
830.6 773.6 831.9 772.1 833.4 773.4 832.1 774.9 small-vehicle 0
858.8 746.9 876.4 727.7 925.2 772.1 907.7 791.4 small-vehicle 0
941.8 928.2 948.7 921.0 996.2 966.8 989.3 974.0 small-vehicle 0
127.7 237.9 152.5 214.6 277.4 347.0 252.6 370.3 large-vehicle 0
207.8 303.9 209.8 309.6 158.8 327.4 156.8 321.8 large-vehicle 0
-29.9 296.0 11.0 244.2 87.9 305.0 47.0 356.8 large-vehicle 0
