290.3 486.2 341.1 504.4 327.0 543.9 276.1 525.7 small-vehicle 0
351.9 499.1 365.9 500.0 363.1 545.9 349.1 545.0 small-vehicle 0
272.7 220.5 304.7 158.3 445.3 230.5 413.3 292.7 large-vehicle 0
247.2 255.4 254.0 243.2 395.8 321.6 389.0 333.8 large-vehicle 0
235.9 281.6 242.1 269.0 391.1 342.4 384.9 355.0 large-vehicle 0
223.5 297.0 228.4 288.3 373.5 369.0 368.6 377.7 large-vehicle 0
217.0 320.1 221.9 311.4 363.0 390.9 358.1 399.6 large-vehicle 0
205.4 337.1 210.9 328.8 349.6 419.9 344.1 428.2 large-vehicle 0
191.0 362.1 195.9 353.5 340.0 435.9 335.1 444.5 large-vehicle 0
173.7 409.2 177.1 395.7 334.1 435.7 330.6 449.3 large-vehicle 0
545.6 194.7 578.4 142.1 729.4 236.3 696.6 288.9 large-vehicle 0
531.8 246.7 537.7 234.1 742.2 330.3 736.3 342.9 large-vehicle 0
532.2 273.7 538.2 261.1 727.8 351.3 721.8 363.9 large-vehicle 0
547.8 302.1 552.2 293.1 723.2 375.9 718.8 384.9 large-vehicle 0
535.3 325.8 539.3 316.6 716.7 395.2 712.7 404.4 large-vehicle 0
540.7 365.1 543.7 355.6 713.7 408.2 710.7 417.8 large-vehicle 0
540.4 381.2 544.2 371.9 716.6 441.8 712.8 451.1 large-vehicle 0
538.7 401.1 542.9 392.0 711.4 470.7 707.2 479.7 large-vehicle 0
535.7 423.2 540.1 414.2 699.9 492.5 695.5 501.5 large-vehicle 0
531.6 452.6 537.7 440.0 680.0 508.8 673.9 521.4 large-vehicle 0
515.4 470.3 522.2 458.0 657.2 531.9 650.5 544.2 large-vehicle 0
514.1 497.4 521.1 485.2 647.8 557.8 640.8 570.0 large-vehicle 0
683.3 306.1 768.7 316.2 763.7 357.9 678.3 347.8 small-vehicle 0
414.6 575.3 444.2 570.5 453.4 627.7 423.8 632.5 small-vehicle 0
400.1 578.1 414.1 578.4 412.9 632.4 398.9 632.1 small-vehicle 0
367.6 585.3 381.3 582.2 394.4 638.7 380.7 641.8 small-vehicle 0
326.8 589.2 331.2 585.1 382.2 638.8 377.8 642.9 small-vehicle 0
318.9 585.2 332.8 583.8 337.9 633.5 324.0 635.0 small-vehicle 0
391.3 500.6 399.8 505.8 373.7 548.4 365.2 543.2 small-vehicle 0
298.0 146.8 310.6 110.9 471.0 167.2 458.4 203.1 large-vehicle 0
