802.9 234.1 804.9 233.9 805.1 235.9 803.1 236.1 large-vehicle 0
681.3 240.8 683.2 241.3 682.7 243.2 680.8 242.7 large-vehicle 0
100.5 648.2 101.1 682.2 15.2 683.8 14.6 649.8 large-vehicle 0
37.8 306.4 61.4 330.9 2.2 387.6 -21.4 363.1 large-vehicle 0
107.3 298.1 118.8 306.2 51.0 402.8 39.6 394.7 large-vehicle 0
141.8 296.3 161.3 313.5 91.1 392.9 71.6 375.7 large-vehicle 0
199.7 287.9 232.7 314.0 164.4 400.3 131.5 374.2 large-vehicle 0
273.7 287.9 291.2 301.2 222.3 392.1 204.8 378.8 large-vehicle 0
370.4 395.5 371.7 409.4 258.1 419.6 256.9 405.6 large-vehicle 0
260.3 433.5 263.3 419.9 370.7 443.5 367.7 457.1 large-vehicle 0
368.7 452.7 369.7 482.7 259.8 486.3 258.8 456.3 large-vehicle 0
263.0 524.1 266.6 510.6 369.0 537.9 365.4 551.4 large-vehicle 0
374.7 550.3 375.2 564.3 257.3 568.7 256.8 554.7 large-vehicle 0
367.8 565.2 372.2 578.4 264.2 614.8 259.8 601.6 large-vehicle 0
367.7 603.6 370.7 617.2 267.3 640.4 264.3 626.8 large-vehicle 0
820.6 42.6 837.7 48.0 827.4 80.4 810.3 75.0 small-vehicle 0
876.0 48.0 897.4 43.0 906.0 80.0 884.6 85.0 small-vehicle 0
976.8 956.7 989.8 934.2 1019.2 951.3 1006.2 973.8 small-vehicle 0
