770.9 130.4 776.7 155.7 720.1 168.6 714.3 143.3 large-vehicle 0
503.1 492.9 513.9 590.3 488.1 593.2 477.3 495.8 large-vehicle 0
503.1 541.8 534.0 527.6 549.9 562.2 519.0 576.4 large-vehicle 0
496.6 480.4 508.2 488.4 468.5 546.0 457.0 538.1 large-vehicle 0
359.0 502.2 366.4 495.5 429.5 565.3 422.1 572.0 large-vehicle 0
358.1 474.8 365.6 468.3 437.9 551.2 430.4 557.7 large-vehicle 0
349.1 455.1 368.2 437.5 437.4 512.4 418.3 530.0 large-vehicle 0
355.7 381.4 362.7 374.3 429.3 440.6 422.3 447.7 large-vehicle 0
353.4 367.5 359.0 359.2 433.6 409.5 428.0 417.8 large-vehicle 0
357.7 332.8 364.5 325.5 436.3 392.2 429.5 399.5 large-vehicle 0
350.8 293.1 375.0 269.2 441.2 335.9 417.0 359.8 large-vehicle 0
359.2 205.2 366.7 198.5 432.3 271.3 424.8 278.0 large-vehicle 0
353.8 177.0 360.7 169.7 437.2 243.0 430.3 250.3 large-vehicle 0
353.0 158.7 359.4 151.0 435.0 213.3 428.6 221.0 large-vehicle 0
350.2 95.2 368.4 76.6 429.8 136.8 411.6 155.4 large-vehicle 0
705.9 117.0 706.1 107.0 772.1 108.0 771.9 118.0 large-vehicle 0
351.7 581.2 369.1 561.8 409.3 597.8 391.9 617.2 large-vehicle 0
348.0 620.9 366.7 602.9 443.0 682.1 424.3 700.1 large-vehicle 0
361.8 651.8 369.2 645.1 429.7 711.7 422.3 718.4 large-vehicle 0
241.6 427.6 248.6 420.6 326.4 498.4 319.4 505.4 large-vehicle 0
248.8 149.4 255.6 142.1 321.2 203.6 314.4 210.9 large-vehicle 0
248.0 192.1 255.4 185.3 324.4 260.4 317.1 267.1 large-vehicle 0
248.9 219.3 256.6 212.9 316.6 285.2 308.9 291.6 large-vehicle 0
260.8 329.6 291.7 301.2 309.3 320.4 278.4 348.8 large-vehicle 0
282.3 355.5 292.7 346.3 310.0 365.7 299.5 375.0 large-vehicle 0
246.0 364.2 255.9 354.3 325.0 423.8 315.1 433.7 large-vehicle 0
236.6 462.9 253.6 443.2 324.8 504.5 307.9 524.2 large-vehicle 0
354.2 714.5 361.2 707.3 434.0 778.8 427.0 785.9 large-vehicle 0
259.7 573.0 280.7 557.7 298.3 582.0 277.3 597.3 large-vehicle 0
280.2 609.2 294.4 598.1 312.8 621.8 298.6 632.9 large-vehicle 0
237.2 620.1 250.0 607.4 321.8 679.9 309.0 692.6 large-vehicle 0
240.2 676.6 261.0 655.0 323.0 714.6 302.2 736.2 large-vehicle 0
362.6 846.2 367.5 879.8 278.4 892.8 273.5 859.2 large-vehicle 0
357.0 748.1 363.1 740.2 431.0 792.9 424.9 800.8 large-vehicle 0
771.8 119.4 774.1 129.1 706.1 145.5 703.7 135.8 large-vehicle 0
698.6 227.1 699.2 205.1 761.2 206.9 760.5 228.9 large-vehicle 0
740.3 263.0 743.6 284.7 702.1 291.0 698.8 269.3 large-vehicle 0
767.7 819.7 769.1 845.6 683.3 850.3 681.9 824.4 large-vehicle 0
825.1 508.7 830.9 500.5 884.8 538.6 879.0 546.8 large-vehicle 0
839.5 330.4 846.1 309.4 878.5 319.6 871.9 340.6 large-vehicle 0
756.0 326.8 757.7 340.7 712.0 346.2 710.3 332.3 large-vehicle 0
772.3 352.7 775.0 366.5 714.1 378.2 711.4 364.5 large-vehicle 0
709.1 406.6 711.1 380.7 772.9 385.4 770.9 411.3 large-vehicle 0
840.1 441.4 854.1 424.5 886.5 451.2 872.4 468.2 large-vehicle 0
771.7 508.5 775.6 538.3 690.3 549.5 686.4 519.7 large-vehicle 0
828.8 539.4 841.5 521.5 882.2 550.6 869.5 568.5 large-vehicle 0
694.2 809.2 696.4 803.6 757.8 827.8 755.6 833.4 large-vehicle 0
832.4 619.7 849.3 605.6 891.6 656.3 874.7 670.4 large-vehicle 0
807.1 657.7 810.7 652.9 894.9 717.3 891.3 722.1 large-vehicle 0
826.3 693.5 829.7 688.6 890.7 730.5 887.3 735.4 large-vehicle 0
812.1 774.5 817.3 766.0 897.6 814.9 892.4 823.4 large-vehicle 0
816.2 798.6 821.4 790.1 894.6 835.3 889.3 843.9 large-vehicle 0
821.0 828.9 835.8 807.5 883.5 840.5 868.7 861.9 large-vehicle 0
248.7 127.5 255.2 120.0 326.3 181.5 319.8 189.0 large-vehicle 0
