801.1 658.0 814.2 675.7 793.2 691.1 780.2 673.4 large-vehicle 0
811.7 617.2 818.7 633.8 776.3 651.8 769.3 635.2 large-vehicle 0
316.7 120.4 317.4 110.4 379.3 114.6 378.6 124.6 large-vehicle 0
316.8 144.2 318.4 122.2 380.2 126.8 378.6 148.8 large-vehicle 0
465.0 123.7 471.1 115.8 542.0 171.3 535.8 179.2 large-vehicle 0
458.3 138.7 464.8 131.1 539.7 194.3 533.2 201.9 large-vehicle 0
466.7 170.2 479.6 157.6 520.1 199.0 507.3 211.6 large-vehicle 0
461.1 223.6 467.4 215.8 543.7 277.3 537.4 285.1 large-vehicle 0
474.0 246.6 485.2 238.3 527.0 294.4 515.8 302.8 large-vehicle 0
335.8 541.4 357.8 541.6 357.2 583.6 335.2 583.4 large-vehicle 0
367.4 521.3 377.1 523.6 358.6 603.5 348.9 601.2 large-vehicle 0
357.9 522.7 367.1 518.7 403.1 601.3 393.9 605.3 large-vehicle 0
383.2 520.0 393.0 517.8 410.8 597.9 401.0 600.0 large-vehicle 0
291.9 671.6 348.6 659.5 363.2 728.0 306.4 740.1 large-vehicle 0
397.8 662.8 439.4 669.0 430.2 730.3 388.7 724.2 large-vehicle 0
596.7 185.8 613.8 191.5 599.3 235.2 582.2 229.5 large-vehicle 0
814.5 609.5 815.3 619.5 753.5 624.5 752.7 614.5 large-vehicle 0
317.7 103.0 318.6 93.0 384.3 99.0 383.4 109.0 large-vehicle 0
383.1 76.4 383.7 86.4 313.9 90.6 313.3 80.6 large-vehicle 0
