303.6 75.4 309.4 74.1 315.2 99.4 309.4 100.8 small-vehicle 0
29.3 116.9 33.7 130.2 12.8 137.2 8.4 123.9 small-vehicle 0
253.1 83.0 259.0 83.9 254.8 113.6 248.8 112.8 small-vehicle 0
257.4 81.5 263.0 79.4 273.8 107.4 268.2 109.5 small-vehicle 0
277.1 78.5 279.0 79.2 269.9 103.5 268.0 102.8 small-vehicle 0
279.7 78.2 285.6 77.2 290.3 102.8 284.4 103.8 small-vehicle 0
303.7 72.5 308.7 75.9 289.3 103.8 284.4 100.4 small-vehicle 0
307.1 72.9 311.7 69.1 330.9 92.1 326.3 95.9 small-vehicle 0
243.1 85.3 248.7 87.3 239.9 111.7 234.3 109.7 small-vehicle 0
335.2 66.0 340.7 68.3 330.7 92.3 325.2 90.0 small-vehicle 0
355.1 66.4 372.4 61.4 378.5 82.5 361.2 87.5 small-vehicle 0
389.8 63.2 405.6 54.5 416.2 73.8 400.4 82.5 small-vehicle 0
310.4 17.7 316.3 18.8 312.4 40.4 306.5 39.4 small-vehicle 0
316.1 35.7 322.4 18.8 331.7 22.3 325.4 39.2 small-vehicle 0
339.7 12.8 345.6 12.3 347.3 34.2 341.4 34.7 small-vehicle 0
152.7 149.5 159.7 156.6 152.6 163.6 145.6 156.5 small-vehicle 0
206.6 94.8 210.9 90.6 231.8 112.1 227.5 116.3 small-vehicle 0
369.1 7.3 374.5 10.0 362.8 33.2 357.5 30.5 small-vehicle 0
87.3 122.5 99.3 115.3 110.6 134.2 98.6 141.4 small-vehicle 0
268.4 23.4 273.6 26.4 258.5 52.3 253.3 49.3 small-vehicle 0
270.7 24.7 276.6 23.6 280.6 45.2 274.7 46.3 small-vehicle 0
281.4 23.0 287.2 21.3 294.8 46.1 289.1 47.9 small-vehicle 0
290.6 20.7 295.8 17.8 308.5 40.5 303.2 43.5 small-vehicle 0
53.1 122.3 54.7 121.1 55.9 122.7 54.3 123.9 small-vehicle 0
81.1 127.4 82.6 126.1 83.9 127.6 82.4 128.9 small-vehicle 0
99.2 115.1 103.8 111.2 120.8 130.9 116.2 134.8 small-vehicle 0
203.0 93.0 209.0 92.2 213.0 122.0 207.0 122.8 small-vehicle 0
112.2 108.6 117.8 106.3 127.8 130.4 122.2 132.7 small-vehicle 0
135.8 114.3 137.1 115.8 126.2 124.7 124.9 123.2 small-vehicle 0
140.5 106.0 146.5 106.0 146.5 132.0 140.5 132.0 small-vehicle 0
146.8 102.8 152.0 99.9 166.4 126.3 161.1 129.1 small-vehicle 0
172.5 102.8 178.5 102.5 179.6 124.5 173.6 124.8 small-vehicle 0
181.9 122.7 187.3 97.2 197.1 99.3 191.7 124.8 small-vehicle 0
348.9 12.0 354.4 9.7 362.8 30.1 357.3 32.4 small-vehicle 0
371.4 5.9 377.1 3.9 385.9 28.3 380.3 30.4 small-vehicle 0
229.6 35.8 234.6 32.6 246.4 51.2 241.4 54.4 small-vehicle 0
300.7 445.4 318.7 444.9 319.5 470.9 301.5 471.4 small-vehicle 0
94.5 299.4 95.3 301.2 93.4 302.0 92.6 300.2 small-vehicle 0
183.1 287.8 184.0 273.8 205.9 275.2 205.0 289.2 small-vehicle 0
270.9 250.5 275.6 276.0 246.1 281.5 241.4 256.0 small-vehicle 0
289.7 382.4 307.6 380.8 310.3 410.6 292.4 412.2 small-vehicle 0
310.2 379.6 316.1 381.0 308.9 410.1 303.1 408.7 small-vehicle 0
317.6 379.4 323.6 379.7 322.4 413.6 316.4 413.4 small-vehicle 0
311.9 445.7 316.7 442.1 334.6 466.2 329.8 469.8 small-vehicle 0
47.6 201.5 58.5 210.3 47.2 224.3 36.3 215.5 small-vehicle 0
312.6 254.5 327.3 244.1 335.4 255.5 320.7 265.9 small-vehicle 0
313.8 220.3 334.9 226.8 327.2 251.7 306.1 245.2 small-vehicle 0
342.7 247.0 360.5 234.2 373.3 252.0 355.5 264.8 small-vehicle 0
322.0 440.0 326.7 436.3 347.6 463.1 342.8 466.8 small-vehicle 0
336.4 439.3 341.5 436.2 357.0 461.9 351.8 465.0 small-vehicle 0
346.7 436.7 351.4 433.0 370.1 456.5 365.4 460.3 small-vehicle 0
39.3 276.1 52.9 264.3 64.7 277.9 51.1 289.7 small-vehicle 0
45.1 11.6 46.9 12.6 45.9 14.4 44.1 13.4 small-vehicle 0
380.4 4.9 385.5 1.7 401.3 27.2 396.2 30.4 small-vehicle 0
497.4 35.6 503.1 37.4 496.6 58.4 490.9 56.6 small-vehicle 0
398.2 1.1 404.0 -0.4 410.5 24.8 404.7 26.3 small-vehicle 0
413.9 74.3 415.4 56.4 429.4 57.6 427.8 75.5 small-vehicle 0
449.8 39.3 455.8 39.8 453.2 77.7 447.2 77.2 small-vehicle 0
458.6 42.8 464.5 41.3 471.0 66.5 465.2 68.0 small-vehicle 0
470.5 43.1 476.3 41.7 481.5 63.0 475.7 64.5 small-vehicle 0
478.5 43.7 483.7 40.6 495.0 59.5 489.8 62.6 small-vehicle 0
513.8 33.5 519.0 36.5 504.2 62.5 499.0 59.5 small-vehicle 0
18.3 15.9 18.9 17.9 16.9 18.5 16.3 16.5 small-vehicle 0
515.0 36.3 520.9 35.1 525.0 56.7 519.1 57.9 small-vehicle 0
530.8 34.2 540.5 31.6 546.2 52.9 536.5 55.5 small-vehicle 0
552.4 24.9 557.7 22.1 571.8 48.6 566.5 51.4 small-vehicle 0
566.9 42.8 571.3 21.2 581.1 23.2 576.7 44.8 small-vehicle 0
580.8 18.5 586.8 17.8 589.6 43.7 583.6 44.3 small-vehicle 0
607.8 9.9 609.3 11.1 583.6 44.3 582.0 43.1 small-vehicle 0
237.6 32.8 241.5 28.3 264.3 47.7 260.4 52.3 small-vehicle 0
219.0 37.9 224.2 34.9 235.0 54.1 229.8 57.1 small-vehicle 0
371.9 434.6 376.7 431.0 392.2 451.8 387.4 455.4 small-vehicle 0
976.8 423.4 984.8 429.5 956.9 466.0 948.9 460.0 large-vehicle 0
1017.6 401.1 1025.3 407.5 965.4 479.9 957.7 473.5 large-vehicle 0
923.1 381.6 947.7 316.1 1046.9 353.4 1022.3 418.9 large-vehicle 0
884.1 217.4 885.1 215.6 886.9 216.6 885.9 218.4 large-vehicle 0
961.9 201.9 962.1 203.9 960.1 204.1 959.9 202.1 large-vehicle 0
971.9 193.5 976.8 180.4 1023.6 198.1 1018.6 211.2 large-vehicle 0
955.6 407.0 965.8 416.6 893.4 494.0 883.2 484.4 large-vehicle 0
864.5 428.3 873.3 433.1 834.7 505.4 825.8 500.6 large-vehicle 0
544.8 487.2 549.3 491.2 479.2 570.8 474.7 566.8 large-vehicle 0
302.6 303.7 318.9 392.2 285.4 398.3 269.1 309.8 large-vehicle 0
237.4 582.4 256.3 637.2 118.2 684.7 99.3 629.8 large-vehicle 0
545.9 294.3 547.7 316.3 469.9 322.5 468.2 300.6 large-vehicle 0
516.3 251.8 520.9 269.2 468.7 283.2 464.1 265.8 large-vehicle 0
601.4 290.0 605.4 264.3 674.6 275.0 670.6 300.7 large-vehicle 0
485.5 488.1 500.3 498.3 440.1 585.6 425.2 575.4 large-vehicle 0
548.5 483.9 557.5 488.2 520.1 565.7 511.1 561.3 large-vehicle 0
862.0 421.8 866.7 425.6 795.0 514.2 790.3 510.4 large-vehicle 0
568.7 491.3 577.3 496.4 541.4 556.6 532.8 551.4 large-vehicle 0
643.1 451.0 735.9 530.1 713.9 556.0 621.0 476.9 large-vehicle 0
758.0 443.7 765.9 450.0 707.2 523.4 699.4 517.2 large-vehicle 0
779.9 443.4 787.7 449.6 724.2 529.4 716.4 523.2 large-vehicle 0
728.8 420.9 840.9 520.6 828.9 534.1 716.9 434.3 large-vehicle 0
863.2 495.7 878.4 543.4 804.1 567.0 788.9 519.4 large-vehicle 0
206.2 43.0 211.4 39.9 222.7 58.8 217.6 61.9 small-vehicle 0
117.6 58.0 123.5 57.2 126.4 79.0 120.5 79.8 small-vehicle 0
37.4 73.2 43.3 74.0 40.6 95.8 34.7 95.0 small-vehicle 0
38.1 77.3 54.1 69.1 64.1 88.7 48.1 96.9 small-vehicle 0
50.7 67.8 55.2 63.8 75.3 86.2 70.8 90.2 small-vehicle 0
83.6 63.2 89.1 65.6 80.4 85.8 74.9 83.4 small-vehicle 0
88.6 59.4 94.5 58.7 97.4 84.6 91.5 85.3 small-vehicle 0
97.4 58.7 102.9 56.5 112.5 80.7 106.9 82.9 small-vehicle 0
142.6 51.1 144.2 52.3 124.4 79.9 122.8 78.7 small-vehicle 0
136.4 54.8 141.4 51.6 155.6 73.3 150.6 76.6 small-vehicle 0
147.4 50.5 152.3 47.0 169.6 71.5 164.7 75.0 small-vehicle 0
165.9 47.5 171.9 47.5 172.1 69.5 166.1 69.5 small-vehicle 0
176.1 47.4 182.1 46.4 185.9 68.0 180.0 69.1 small-vehicle 0
185.0 41.6 190.8 40.2 197.0 65.4 191.2 66.8 small-vehicle 0
199.4 39.6 205.3 39.3 206.7 65.3 200.7 65.6 small-vehicle 0
12.4 98.8 16.9 77.3 30.6 80.2 26.1 101.7 small-vehicle 0
366.7 432.2 372.7 431.8 374.3 457.8 368.3 458.2 small-vehicle 0
385.9 429.7 391.7 428.2 398.0 453.4 392.2 454.9 small-vehicle 0
937.5 260.8 943.4 260.2 946.5 290.1 940.6 290.7 small-vehicle 0
978.9 310.2 984.8 311.2 980.1 340.8 974.2 339.8 small-vehicle 0
986.3 312.9 992.1 311.8 997.1 337.3 991.2 338.4 small-vehicle 0
998.7 310.6 1004.3 308.4 1015.3 336.4 1009.7 338.6 small-vehicle 0
1011.7 309.6 1017.4 307.8 1026.3 336.4 1020.6 338.2 small-vehicle 0
943.2 261.4 948.3 258.3 963.8 284.0 958.6 287.1 small-vehicle 0
946.2 326.5 951.8 324.5 959.2 345.3 953.5 347.3 small-vehicle 0
964.8 255.5 970.8 256.5 966.0 286.1 960.1 285.1 small-vehicle 0
982.4 252.0 988.1 254.0 976.6 286.0 970.9 284.0 small-vehicle 0
988.6 254.5 994.1 252.2 1005.6 279.9 1000.1 282.2 small-vehicle 0
997.2 252.2 1002.2 248.9 1019.0 273.7 1014.0 277.1 small-vehicle 0
1016.2 248.3 1022.1 247.2 1026.8 272.7 1020.9 273.8 small-vehicle 0
957.2 317.4 962.5 314.6 976.7 341.0 971.4 343.8 small-vehicle 0
933.7 323.6 939.3 321.6 949.4 349.8 943.8 351.9 small-vehicle 0
871.9 271.6 877.6 273.6 866.1 305.6 860.5 303.6 small-vehicle 0
871.2 334.6 877.1 333.7 881.8 363.4 875.9 364.3 small-vehicle 0
806.2 290.4 821.3 280.5 837.8 305.6 822.7 315.5 small-vehicle 0
836.6 233.3 840.7 250.9 815.4 256.7 811.3 239.1 small-vehicle 0
828.0 279.2 833.8 277.9 840.2 307.3 834.3 308.5 small-vehicle 0
835.7 282.8 840.8 279.6 856.5 305.2 851.3 308.3 small-vehicle 0
850.1 277.8 855.9 276.2 863.9 305.1 858.1 306.7 small-vehicle 0
870.5 276.6 885.3 266.4 904.6 294.4 889.8 304.6 small-vehicle 0
922.7 326.8 928.6 325.7 933.3 351.2 927.4 352.3 small-vehicle 0
891.1 272.3 896.6 270.0 906.8 293.9 901.3 296.2 small-vehicle 0
901.0 266.4 906.5 263.9 922.0 298.6 916.5 301.1 small-vehicle 0
912.0 264.8 917.3 262.0 933.0 292.2 927.7 295.0 small-vehicle 0
881.9 333.3 887.4 331.0 899.1 358.7 893.6 361.0 small-vehicle 0
895.1 331.9 900.4 329.2 913.9 356.0 908.5 358.7 small-vehicle 0
912.9 327.6 918.9 327.9 917.6 353.8 911.7 353.6 small-vehicle 0
841.0 343.4 847.0 342.7 850.0 368.6 844.0 369.3 small-vehicle 0
851.1 340.6 856.6 338.4 867.8 366.2 862.2 368.4 small-vehicle 0
823.9 351.9 828.5 348.1 845.1 368.1 840.5 371.9 small-vehicle 0
393.5 424.3 399.0 422.0 412.4 453.2 406.9 455.6 small-vehicle 0
500.9 342.7 506.8 341.4 513.1 370.7 507.3 372.0 small-vehicle 0
422.9 356.5 428.7 355.2 435.1 384.5 429.3 385.8 small-vehicle 0
438.2 352.9 444.1 353.4 441.7 383.3 435.7 382.8 small-vehicle 0
451.1 353.6 457.0 352.8 460.8 382.6 454.9 383.3 small-vehicle 0
464.6 353.0 470.0 350.3 481.6 373.6 476.2 376.3 small-vehicle 0
472.3 349.6 477.4 346.3 493.4 371.7 488.4 374.9 small-vehicle 0
482.7 343.6 488.0 340.7 506.2 374.1 500.9 376.9 small-vehicle 0
506.0 343.9 511.0 340.5 530.1 368.7 525.1 372.0 small-vehicle 0
385.9 356.7 391.3 354.1 411.5 395.4 406.1 398.0 small-vehicle 0
523.4 337.4 529.4 336.8 532.4 370.7 526.4 371.2 small-vehicle 0
532.8 338.3 538.8 337.6 542.0 367.4 536.0 368.1 small-vehicle 0
544.1 336.9 550.0 335.7 555.9 365.1 550.0 366.3 small-vehicle 0
554.2 335.1 559.9 333.3 568.8 361.9 563.1 363.7 small-vehicle 0
568.1 331.3 574.1 331.0 575.8 360.9 569.8 361.3 small-vehicle 0
594.7 425.4 610.8 417.3 624.4 444.0 608.3 452.2 small-vehicle 0
408.3 360.6 414.2 359.8 418.0 389.6 412.0 390.4 small-vehicle 0
375.6 367.7 380.4 364.0 403.4 394.3 398.6 398.0 small-vehicle 0
609.1 479.3 626.8 476.0 630.8 497.6 613.1 500.9 small-vehicle 0
474.6 410.3 480.4 408.8 487.7 437.9 481.8 439.4 small-vehicle 0
408.6 425.0 414.5 423.7 420.1 449.1 414.2 450.4 small-vehicle 0
419.1 419.9 424.9 418.4 432.3 447.5 426.5 449.0 small-vehicle 0
430.8 417.3 436.6 416.1 442.4 445.5 436.5 446.7 small-vehicle 0
442.7 418.2 448.6 417.2 452.9 442.9 447.0 443.9 small-vehicle 0
450.0 418.7 455.2 415.7 468.0 438.3 462.8 441.3 small-vehicle 0
472.9 421.5 474.3 423.0 466.9 429.7 465.6 428.3 small-vehicle 0
484.9 409.1 490.3 406.3 504.1 432.9 498.7 435.7 small-vehicle 0
367.0 371.1 372.1 368.0 390.0 396.9 384.9 400.0 small-vehicle 0
515.5 404.4 520.4 407.8 503.5 432.6 498.6 429.2 small-vehicle 0
538.7 399.2 542.8 403.5 515.3 429.8 511.2 425.5 small-vehicle 0
322.5 380.5 327.8 377.8 341.5 404.5 336.2 407.2 small-vehicle 0
335.2 378.4 340.7 376.0 352.8 403.5 347.3 405.9 small-vehicle 0
352.0 372.3 358.0 372.7 356.0 402.7 350.0 402.3 small-vehicle 0
365.7 367.8 371.6 369.0 365.1 402.4 359.2 401.2 small-vehicle 0
603.8 456.0 621.1 451.1 626.1 468.4 608.8 473.3 small-vehicle 0
608.9 513.2 626.5 500.0 642.1 520.8 624.5 534.0 small-vehicle 0
805.8 350.1 811.0 347.1 826.0 373.1 820.8 376.1 small-vehicle 0
700.6 369.3 704.9 365.2 728.4 389.7 724.1 393.8 small-vehicle 0
749.5 295.7 754.8 292.7 771.5 322.3 766.2 325.3 small-vehicle 0
764.6 292.2 770.0 289.7 784.4 320.5 778.9 323.0 small-vehicle 0
784.5 290.2 790.5 289.6 793.4 319.4 787.4 320.0 small-vehicle 0
792.6 288.1 798.0 285.6 812.5 316.4 807.0 318.9 small-vehicle 0
690.5 370.0 696.0 372.4 685.5 396.2 680.0 393.7 small-vehicle 0
702.2 364.8 708.1 366.2 699.8 399.2 693.9 397.8 small-vehicle 0
722.8 362.7 728.7 361.8 733.0 391.5 727.1 392.4 small-vehicle 0
730.8 301.2 736.7 300.1 742.1 329.6 736.2 330.7 small-vehicle 0
750.1 359.5 755.0 363.0 733.1 394.0 728.2 390.6 small-vehicle 0
742.3 357.1 747.3 353.9 767.7 385.9 762.7 389.1 small-vehicle 0
763.3 359.3 769.3 358.3 773.7 383.9 767.8 384.9 small-vehicle 0
781.7 349.0 787.5 350.5 779.2 383.5 773.4 382.0 small-vehicle 0
800.9 350.8 805.9 354.1 785.0 385.8 780.0 382.5 small-vehicle 0
797.4 354.0 802.8 351.4 814.3 374.7 808.9 377.3 small-vehicle 0
740.7 298.9 746.3 296.9 756.3 325.1 750.7 327.1 small-vehicle 0
720.3 302.4 726.3 301.8 729.4 331.6 723.5 332.3 small-vehicle 0
615.2 533.7 635.9 526.3 647.4 558.4 626.6 565.7 small-vehicle 0
594.9 324.0 603.9 319.6 619.1 350.0 610.1 354.4 small-vehicle 0
634.8 555.3 652.8 567.9 640.3 585.9 622.2 573.4 small-vehicle 0
637.7 630.6 659.3 626.3 665.2 655.7 643.6 660.0 small-vehicle 0
641.7 655.6 658.8 650.2 670.3 686.4 653.2 691.8 small-vehicle 0
648.7 689.0 670.7 687.0 672.6 709.0 650.7 710.9 small-vehicle 0
654.4 714.7 676.3 716.4 674.6 738.3 652.7 736.6 small-vehicle 0
578.3 331.0 586.7 325.6 602.7 351.0 594.3 356.4 small-vehicle 0
617.6 321.9 623.4 320.3 631.2 349.3 625.4 350.8 small-vehicle 0
709.9 299.0 715.9 299.0 716.1 337.0 710.1 337.0 small-vehicle 0
625.3 322.1 630.3 318.8 646.7 343.9 641.7 347.2 small-vehicle 0
636.9 315.3 642.2 312.4 658.3 342.4 653.0 345.2 small-vehicle 0
657.0 313.1 663.0 312.9 664.0 342.9 658.0 343.1 small-vehicle 0
663.5 313.4 669.2 311.4 679.5 339.6 673.8 341.6 small-vehicle 0
688.0 305.7 694.0 306.0 691.9 340.0 685.9 339.6 small-vehicle 0
694.9 304.1 700.7 302.8 708.1 335.9 702.3 337.2 small-vehicle 0
273.4 321.3 278.4 334.4 209.3 360.9 204.3 347.8 large-vehicle 0
