893.6 271.6 912.4 260.2 925.9 282.5 907.1 293.9 small-vehicle 0
461.0 302.1 475.4 366.6 379.8 387.9 365.4 323.5 large-vehicle 0
303.6 423.8 311.3 430.1 282.1 465.7 274.4 459.4 large-vehicle 0
350.3 401.4 354.7 405.5 284.7 479.6 280.3 475.5 large-vehicle 0
321.2 395.2 380.8 457.3 367.8 469.8 308.2 407.7 large-vehicle 0
403.0 400.9 410.7 407.3 376.4 449.0 368.7 442.6 large-vehicle 0
443.4 381.6 450.9 388.1 386.8 462.2 379.2 455.7 large-vehicle 0
271.5 393.1 295.6 323.1 350.5 341.9 326.4 411.9 large-vehicle 0
517.7 282.0 550.2 339.5 489.3 374.0 456.8 316.5 large-vehicle 0
210.1 217.4 211.1 215.6 212.9 216.6 211.9 218.4 large-vehicle 0
302.7 188.5 305.1 214.4 271.3 217.5 268.9 191.6 large-vehicle 0
296.0 193.0 300.8 179.8 351.5 198.6 346.6 211.8 large-vehicle 0
395.9 181.1 397.6 182.3 396.4 183.9 394.8 182.8 large-vehicle 0
422.7 186.9 424.1 164.9 454.0 166.7 452.7 188.7 large-vehicle 0
463.3 175.8 465.8 158.0 495.5 162.1 493.0 180.0 large-vehicle 0
493.9 364.9 501.8 371.1 441.1 448.1 433.2 441.9 large-vehicle 0
285.9 407.8 295.5 418.1 215.1 493.2 205.5 482.9 large-vehicle 0
196.3 436.0 201.0 439.8 154.9 497.7 150.2 493.9 large-vehicle 0
562.6 360.2 567.3 363.9 514.4 431.8 509.7 428.1 large-vehicle 0
185.1 427.0 189.6 430.9 124.0 508.9 119.4 505.1 large-vehicle 0
80.0 446.0 88.1 451.9 37.2 521.2 29.1 515.3 large-vehicle 0
102.7 443.7 110.8 449.6 53.4 529.1 45.3 523.2 large-vehicle 0
89.6 476.8 91.0 471.0 120.2 478.1 118.7 484.0 large-vehicle 0
191.5 500.4 204.0 532.0 127.8 562.3 115.3 530.7 large-vehicle 0
526.9 360.5 531.3 364.6 461.1 438.5 456.7 434.4 large-vehicle 0
570.7 372.6 575.6 376.0 544.7 420.3 539.8 416.9 large-vehicle 0
855.4 297.4 860.0 301.2 812.8 358.2 808.2 354.4 large-vehicle 0
814.1 324.6 818.4 328.8 802.9 344.4 798.6 340.2 large-vehicle 0
591.1 374.6 595.6 378.5 581.4 395.2 576.8 391.4 large-vehicle 0
707.5 100.7 716.1 105.9 688.5 152.3 679.9 147.1 large-vehicle 0
633.2 342.4 638.2 345.8 591.4 413.2 586.5 409.7 large-vehicle 0
602.4 277.7 616.7 333.9 556.6 349.3 542.3 293.1 large-vehicle 0
526.9 147.5 540.9 130.5 579.5 162.3 565.6 179.3 large-vehicle 0
570.9 118.7 606.9 153.4 591.6 169.2 555.6 134.5 large-vehicle 0
611.7 157.4 614.0 123.5 643.9 125.5 641.6 159.4 large-vehicle 0
676.6 117.2 685.6 149.9 664.4 155.8 655.4 123.1 large-vehicle 0
728.6 95.3 746.9 128.6 727.6 139.2 709.3 105.9 large-vehicle 0
804.1 303.9 812.1 309.9 755.2 384.7 747.2 378.7 large-vehicle 0
774.2 114.1 774.9 112.2 776.8 112.9 776.1 114.8 large-vehicle 0
648.9 339.8 657.4 344.9 616.9 411.6 608.4 406.4 large-vehicle 0
672.3 335.4 680.8 340.5 636.7 414.3 628.1 409.2 large-vehicle 0
699.9 332.4 707.9 338.4 661.5 401.0 653.4 395.1 large-vehicle 0
758.5 304.0 767.0 309.4 727.5 372.0 719.0 366.6 large-vehicle 0
775.9 309.4 784.2 315.0 740.5 379.6 732.2 374.0 large-vehicle 0
886.6 190.3 900.2 187.0 905.4 208.4 891.8 211.7 small-vehicle 0
256.9 262.2 262.1 259.2 279.1 288.7 273.8 291.7 small-vehicle 0
296.9 310.6 302.5 308.5 314.1 340.4 308.5 342.5 small-vehicle 0
307.7 311.0 313.1 308.4 327.6 339.2 322.2 341.7 small-vehicle 0
332.1 308.2 338.0 309.0 333.9 338.8 328.0 338.0 small-vehicle 0
340.0 306.5 345.9 305.8 350.0 339.5 344.1 340.2 small-vehicle 0
342.9 306.9 347.6 303.2 371.1 333.1 366.4 336.8 small-vehicle 0
366.6 297.9 372.6 298.1 371.4 332.1 365.4 331.9 small-vehicle 0
270.9 260.0 276.4 257.7 288.0 285.4 282.5 287.7 small-vehicle 0
267.3 322.9 272.4 319.8 290.0 348.9 284.9 352.0 small-vehicle 0
284.5 257.1 290.3 255.5 298.3 284.4 292.5 286.0 small-vehicle 0
310.7 248.4 316.2 250.7 300.3 289.6 294.8 287.3 small-vehicle 0
309.7 253.4 314.6 250.0 336.5 281.0 331.6 284.5 small-vehicle 0
320.9 249.0 325.9 245.6 347.2 277.0 342.3 280.4 small-vehicle 0
337.6 246.4 343.0 243.8 357.4 274.6 352.0 277.2 small-vehicle 0
351.2 245.1 356.7 242.8 369.7 274.2 364.2 276.5 small-vehicle 0
278.9 319.1 283.2 314.9 307.0 339.3 302.7 343.5 small-vehicle 0
258.4 322.1 264.0 319.8 276.7 351.4 271.1 353.6 small-vehicle 0
378.1 237.5 384.0 236.1 391.9 269.1 386.1 270.5 small-vehicle 0
188.5 272.6 194.4 271.4 201.5 304.6 195.7 305.9 small-vehicle 0
194.7 338.2 200.3 335.8 210.3 359.8 204.7 362.2 small-vehicle 0
138.9 283.4 144.4 281.1 157.1 312.6 151.6 314.9 small-vehicle 0
156.8 227.3 169.7 249.8 147.2 262.7 134.3 240.2 small-vehicle 0
156.1 276.4 162.1 276.1 164.0 310.0 158.0 310.4 small-vehicle 0
166.0 275.7 171.9 274.8 178.2 312.2 172.3 313.2 small-vehicle 0
173.3 279.6 178.6 276.8 192.7 303.3 187.4 306.1 small-vehicle 0
201.2 270.7 206.4 267.6 225.8 300.3 220.7 303.4 small-vehicle 0
243.3 325.4 248.6 322.6 264.7 352.6 259.4 355.4 small-vehicle 0
220.9 264.3 226.9 264.0 229.0 301.9 223.0 302.2 small-vehicle 0
234.9 265.4 240.9 265.6 240.1 299.6 234.1 299.4 small-vehicle 0
242.5 264.4 248.4 263.2 254.5 292.6 248.6 293.8 small-vehicle 0
209.0 330.5 214.8 328.8 224.0 361.5 218.2 363.2 small-vehicle 0
216.9 330.3 221.7 326.8 244.1 357.5 239.2 361.1 small-vehicle 0
234.4 327.1 240.1 325.5 248.2 354.4 242.4 356.0 small-vehicle 0
360.6 243.2 365.9 240.3 382.4 270.0 377.2 272.9 small-vehicle 0
381.8 297.2 387.6 298.4 381.1 331.7 375.2 330.6 small-vehicle 0
163.5 345.3 168.9 342.9 179.5 366.7 174.1 369.1 small-vehicle 0
489.2 277.7 494.2 274.3 515.6 305.6 510.7 309.0 small-vehicle 0
412.5 291.7 418.0 289.3 431.6 320.5 426.1 322.9 small-vehicle 0
420.9 283.8 426.1 280.7 449.2 320.5 444.0 323.5 small-vehicle 0
440.1 282.0 446.0 280.9 453.1 318.2 447.2 319.3 small-vehicle 0
457.0 282.1 463.0 281.9 464.0 315.9 458.0 316.1 small-vehicle 0
466.4 284.6 471.8 282.1 485.7 313.1 480.3 315.6 small-vehicle 0
476.1 280.0 480.8 276.3 501.9 303.0 497.2 306.7 small-vehicle 0
512.4 267.7 518.4 266.8 524.6 304.3 518.6 305.2 small-vehicle 0
634.6 188.9 639.8 186.0 654.4 212.2 649.2 215.1 small-vehicle 0
517.6 270.5 522.8 267.4 540.4 296.5 535.2 299.6 small-vehicle 0
529.6 266.2 535.1 263.7 549.5 294.5 544.1 297.0 small-vehicle 0
547.8 262.6 553.7 261.7 558.9 295.3 552.9 296.2 small-vehicle 0
867.1 116.7 882.5 107.5 897.9 133.3 882.5 142.5 small-vehicle 0
876.1 144.1 893.1 138.3 899.0 155.4 881.9 161.2 small-vehicle 0
876.9 162.6 893.5 155.6 905.1 183.3 888.5 190.2 small-vehicle 0
398.6 296.2 404.5 295.1 410.3 324.5 404.4 325.7 small-vehicle 0
628.1 189.4 634.1 188.8 637.9 222.6 631.9 223.2 small-vehicle 0
386.0 301.7 391.7 300.1 398.8 325.1 393.0 326.8 small-vehicle 0
459.5 223.1 464.6 220.0 482.3 249.0 477.2 252.1 small-vehicle 0
387.4 239.3 392.9 237.0 404.6 264.7 399.1 267.0 small-vehicle 0
397.2 237.7 402.3 234.6 417.8 260.3 412.7 263.4 small-vehicle 0
411.5 232.2 416.7 229.2 433.5 258.8 428.3 261.8 small-vehicle 0
424.4 229.5 430.0 227.6 440.7 259.9 435.0 261.8 small-vehicle 0
439.1 227.6 444.9 226.2 451.9 255.4 446.1 256.8 small-vehicle 0
460.3 218.9 466.1 220.5 455.7 257.1 449.9 255.5 small-vehicle 0
473.0 216.5 478.7 214.6 491.0 250.5 485.3 252.4 small-vehicle 0
613.6 193.6 619.4 192.2 626.4 221.4 620.6 222.8 small-vehicle 0
487.0 216.0 492.7 214.0 505.0 250.0 499.3 252.0 small-vehicle 0
502.0 213.7 507.7 211.8 517.0 240.3 511.3 242.2 small-vehicle 0
518.8 208.3 533.6 234.4 524.9 239.3 510.1 213.2 small-vehicle 0
555.1 203.5 559.5 207.6 528.3 241.4 523.9 237.3 small-vehicle 0
572.7 202.9 577.3 206.7 553.2 236.1 548.6 232.3 small-vehicle 0
607.8 193.8 613.7 194.9 608.3 224.4 602.4 223.3 small-vehicle 0
175.0 342.2 180.1 339.0 195.8 364.6 190.7 367.8 small-vehicle 0
149.8 349.0 154.9 345.8 171.2 371.0 166.1 374.2 small-vehicle 0
130.3 351.6 135.1 347.9 153.5 371.6 148.8 375.3 small-vehicle 0
31.0 367.5 36.3 364.8 50.0 391.5 44.7 394.2 small-vehicle 0
73.7 294.7 78.7 291.4 99.3 323.3 94.3 326.6 small-vehicle 0
96.3 289.6 102.3 289.2 104.6 323.1 98.7 323.5 small-vehicle 0
104.0 291.4 109.3 288.5 125.9 318.2 120.7 321.1 small-vehicle 0
121.5 286.5 127.3 285.0 135.6 318.0 129.8 319.5 small-vehicle 0
8.6 370.9 14.5 369.7 19.4 395.3 13.5 396.4 small-vehicle 0
18.6 369.2 24.2 367.0 35.4 394.8 29.8 397.0 small-vehicle 0
45.0 362.3 50.6 360.2 62.8 391.9 57.2 394.1 small-vehicle 0
49.2 301.5 54.1 298.1 75.8 329.3 70.8 332.7 small-vehicle 0
62.2 360.4 68.2 359.5 73.0 393.2 67.0 394.0 small-vehicle 0
74.0 355.7 79.8 354.3 88.0 387.3 82.2 388.7 small-vehicle 0
80.6 358.4 85.3 354.7 108.5 384.9 103.7 388.5 small-vehicle 0
100.4 352.2 106.2 351.0 112.5 380.3 106.6 381.6 small-vehicle 0
118.4 351.0 124.4 351.9 119.6 385.5 113.6 384.7 small-vehicle 0
120.3 351.5 125.4 348.3 143.4 377.1 138.3 380.3 small-vehicle 0
62.7 299.4 67.7 296.1 86.3 324.6 81.3 327.9 small-vehicle 0
41.3 300.4 46.9 298.2 60.5 333.7 54.9 335.8 small-vehicle 0
29.8 301.1 35.5 299.1 48.2 334.9 42.5 336.9 small-vehicle 0
6.1 306.3 11.6 304.1 25.8 339.3 20.3 341.6 small-vehicle 0
15.1 300.4 20.6 297.9 39.9 339.6 34.4 342.1 small-vehicle 0
