337.2 452.6 362.3 424.0 387.8 446.4 362.7 475.0 harbor 0
687.9 206.7 706.9 195.6 730.1 235.3 711.1 246.4 harbor 0
639.6 255.3 641.2 254.1 642.4 255.7 640.8 256.9 harbor 0
585.1 282.5 586.5 281.1 587.9 282.5 586.5 283.9 harbor 0
509.8 622.6 532.5 609.8 549.2 639.4 526.5 652.2 harbor 0
502.2 556.9 525.4 581.7 491.8 613.1 468.6 588.3 harbor 0
456.2 519.0 482.3 540.8 452.8 576.0 426.7 554.2 harbor 0
415.3 439.5 445.9 454.4 411.7 524.5 381.1 509.6 harbor 0
109.0 295.3 119.2 250.5 164.0 260.7 153.8 305.5 harbor 0
312.9 382.1 314.4 383.4 313.1 384.9 311.6 383.6 harbor 0
746.1 207.0 757.8 199.2 798.8 260.8 787.2 268.6 harbor 0
935.6 185.1 955.3 175.3 972.1 209.4 952.4 219.2 harbor 0
843.8 160.4 861.1 146.8 919.2 220.6 901.9 234.2 harbor 0
801.6 190.0 821.6 173.4 881.7 245.7 861.7 262.3 harbor 0
