429.1 96.4 431.0 95.6 431.8 97.4 430.0 98.2 harbor 0
483.1 48.2 484.8 47.1 485.9 48.8 484.2 49.9 harbor 0
538.1 37.0 539.5 35.6 540.9 37.0 539.5 38.4 harbor 0
359.6 132.7 361.2 133.8 360.1 135.4 358.5 134.3 harbor 0
303.1 154.1 304.9 153.1 305.9 154.9 304.1 155.9 harbor 0
235.6 172.5 237.0 171.1 238.4 172.5 237.0 173.9 harbor 0
193.1 211.6 194.4 213.1 192.9 214.4 191.6 212.9 harbor 0
128.5 196.9 130.2 195.9 131.2 197.6 129.5 198.6 harbor 0
56.1 190.3 57.7 189.1 58.9 190.7 57.3 191.9 harbor 0
16.3 217.9 17.7 216.5 19.1 217.9 17.7 219.3 harbor 0
