684.2 953.3 711.0 939.7 731.8 980.7 705.0 994.3 harbor 0
638.7 1001.0 640.5 1000.2 641.3 1002.0 639.5 1002.8 harbor 0
744.3 957.1 767.1 944.7 798.7 1002.7 775.8 1015.1 harbor 0
514.2 723.3 537.5 704.4 574.1 749.4 550.8 768.3 harbor 0
473.4 522.3 474.8 520.9 476.2 522.2 474.9 523.7 harbor 0
404.1 516.9 406.1 516.8 406.2 518.8 404.2 518.9 harbor 0
932.3 914.3 957.5 908.1 973.4 972.2 948.2 978.4 harbor 0
828.5 894.8 852.0 876.2 932.5 978.2 909.0 996.8 harbor 0
782.2 920.2 808.3 898.5 899.2 1007.5 873.1 1029.3 harbor 0
176.3 -33.6 194.7 -15.3 83.1 96.6 64.7 78.3 harbor 0
168.5 61.8 195.7 82.4 165.5 122.2 138.4 101.7 harbor 0
134.4 169.9 144.3 160.0 165.6 181.1 155.7 191.0 harbor 0
166.9 248.0 168.1 246.4 169.7 247.6 168.5 249.2 harbor 0
234.4 314.4 258.4 332.5 209.1 398.0 185.1 380.0 harbor 0
313.9 330.0 331.4 349.3 229.1 442.0 211.6 422.7 harbor 0
298.0 435.1 317.6 452.2 282.0 492.9 262.4 475.8 harbor 0
371.6 453.2 395.4 477.5 313.9 557.2 290.1 532.9 harbor 0
