510.1 723.4 511.9 724.3 511.0 726.1 509.2 725.2 harbor 0
437.5 678.8 458.0 687.0 427.5 763.2 407.0 755.0 harbor 0
388.9 631.0 417.2 640.7 372.5 771.3 344.2 761.5 harbor 0
592.3 580.7 623.7 593.8 595.2 662.1 563.8 649.0 harbor 0
560.0 696.2 589.1 713.8 553.0 773.8 523.9 756.2 harbor 0
623.6 726.2 637.9 709.5 669.7 737.0 655.4 753.6 harbor 0
733.5 681.0 761.1 692.6 718.5 794.0 690.9 782.4 harbor 0
1012.8 827.2 1029.2 841.9 1006.6 867.2 990.1 852.6 harbor 0
925.2 750.3 952.6 776.6 882.0 850.2 854.6 823.9 harbor 0
765.0 795.5 823.2 726.8 858.3 756.5 800.1 825.2 harbor 0
