185.2 339.5 197.3 346.6 163.8 403.5 151.7 396.4 large-vehicle 0
205.8 351.7 218.3 358.0 190.2 413.3 177.7 407.0 large-vehicle 0
259.9 354.5 282.0 368.3 230.1 451.5 208.0 437.7 large-vehicle 0
141.4 405.7 191.3 435.2 135.4 529.9 85.5 500.4 large-vehicle 0
210.8 438.6 222.4 446.4 163.0 534.2 151.4 526.3 large-vehicle 0
218.7 467.5 231.0 474.2 203.1 525.1 190.8 518.3 large-vehicle 0
244.0 474.4 256.1 481.4 227.0 531.6 214.9 524.6 large-vehicle 0
213.2 568.4 225.1 575.8 194.1 624.9 182.2 617.4 large-vehicle 0
206.0 539.4 217.4 547.5 149.0 643.6 137.6 635.5 large-vehicle 0
172.2 529.2 184.7 535.5 135.2 633.7 122.7 627.4 large-vehicle 0
166.4 636.7 215.2 659.6 173.6 748.3 124.8 725.4 large-vehicle 0
259.2 731.3 268.6 720.9 379.8 821.7 370.4 832.1 large-vehicle 0
255.6 776.2 264.1 765.1 370.4 846.8 361.9 857.9 large-vehicle 0
245.7 801.6 254.6 790.8 352.3 870.4 343.4 881.2 large-vehicle 0
-15.0 846.0 1.1 816.1 90.9 864.5 74.7 894.4 large-vehicle 0
-10.1 863.4 -2.5 851.7 66.1 896.6 58.5 908.3 large-vehicle 0
627.9 84.9 643.2 105.9 606.1 133.1 590.8 112.1 small-vehicle 0
537.6 139.6 545.8 145.3 512.6 192.8 504.4 187.1 small-vehicle 0
475.7 172.1 484.8 176.2 472.4 203.5 463.3 199.4 small-vehicle 0
460.6 154.1 469.3 159.0 442.9 206.1 434.2 201.2 small-vehicle 0
476.0 122.1 484.1 127.8 466.9 152.4 458.7 146.6 small-vehicle 0
506.3 155.1 507.9 156.3 506.7 157.9 505.1 156.7 small-vehicle 0
427.9 142.6 436.5 147.6 409.5 194.3 400.8 189.3 small-vehicle 0
450.7 118.3 460.5 120.3 454.3 149.7 444.5 147.7 small-vehicle 0
406.4 142.5 415.2 147.2 393.8 187.9 385.0 183.2 small-vehicle 0
417.6 108.7 426.5 113.3 412.9 140.0 404.0 135.5 small-vehicle 0
436.7 110.5 445.4 115.5 430.3 141.5 421.6 136.5 small-vehicle 0
573.5 45.7 582.2 50.5 552.1 104.7 543.4 99.9 small-vehicle 0
586.2 64.5 594.9 69.4 578.5 99.1 569.8 94.3 small-vehicle 0
555.3 40.2 563.9 45.4 533.6 94.9 525.1 89.7 small-vehicle 0
533.6 37.8 542.3 42.8 517.4 86.2 508.7 81.2 small-vehicle 0
517.3 32.1 525.8 37.3 499.7 79.9 491.2 74.7 small-vehicle 0
501.4 25.8 509.7 31.3 481.8 72.8 473.5 67.3 small-vehicle 0
477.6 17.1 496.0 35.4 469.2 62.3 450.8 44.0 small-vehicle 0
454.5 11.1 472.3 24.1 447.5 57.9 429.7 44.9 small-vehicle 0
991.3 74.1 1041.7 122.8 1009.7 155.9 959.3 107.2 small-vehicle 0
547.9 158.9 557.0 163.1 542.9 194.0 533.8 189.8 small-vehicle 0
644.3 101.6 651.5 108.5 616.7 144.4 609.5 137.5 small-vehicle 0
659.4 115.2 666.9 121.7 634.0 159.4 626.5 152.8 small-vehicle 0
654.8 257.6 662.7 263.7 644.2 287.4 636.3 281.3 small-vehicle 0
638.8 250.0 646.1 256.8 628.4 275.8 621.1 269.0 small-vehicle 0
620.8 271.6 628.0 278.5 593.2 314.4 586.0 307.5 small-vehicle 0
606.2 260.4 613.5 267.2 582.3 301.0 574.9 294.2 small-vehicle 0
628.4 235.3 635.0 242.8 612.6 262.7 606.0 255.2 small-vehicle 0
591.9 243.1 598.7 250.4 565.1 281.9 558.3 274.6 small-vehicle 0
611.5 221.7 618.7 228.7 600.5 247.3 593.3 240.3 small-vehicle 0
773.6 240.0 784.7 248.6 763.9 275.5 752.8 267.0 small-vehicle 0
762.3 212.5 769.1 219.8 735.7 251.5 728.9 244.2 small-vehicle 0
748.0 194.0 755.1 201.0 714.5 242.5 707.4 235.5 small-vehicle 0
729.5 178.5 737.2 184.9 705.6 223.6 697.9 217.3 small-vehicle 0
598.6 208.0 605.4 215.3 586.4 233.0 579.6 225.7 small-vehicle 0
574.6 229.1 582.0 235.9 548.4 272.9 541.0 266.1 small-vehicle 0
562.4 218.3 569.7 225.2 535.6 261.7 528.3 254.8 small-vehicle 0
582.3 194.2 589.5 201.2 568.7 222.8 561.5 215.8 small-vehicle 0
544.5 204.4 551.8 211.3 517.5 247.6 510.2 240.7 small-vehicle 0
567.9 182.1 575.3 188.8 555.1 210.9 547.7 204.2 small-vehicle 0
712.8 169.0 720.6 175.3 694.2 208.0 686.4 201.7 small-vehicle 0
700.8 155.6 708.2 162.4 677.2 196.4 669.8 189.6 small-vehicle 0
687.4 144.7 693.6 152.5 660.6 178.5 654.4 170.7 small-vehicle 0
671.2 124.9 679.4 130.6 651.1 171.8 642.9 166.1 small-vehicle 0
670.6 273.7 677.7 280.8 659.4 299.2 652.3 292.2 small-vehicle 0
634.5 286.1 642.0 292.8 608.5 329.9 601.0 323.2 small-vehicle 0
651.4 294.4 659.1 300.7 627.6 339.6 619.9 333.3 small-vehicle 0
344.1 116.5 364.0 126.0 340.7 174.7 320.9 165.3 small-vehicle 0
379.8 97.7 388.3 103.0 374.5 125.0 366.0 119.8 small-vehicle 0
398.0 102.7 406.4 108.2 390.0 133.3 381.6 127.8 small-vehicle 0
364.9 119.5 388.4 130.6 367.0 175.8 343.5 164.6 small-vehicle 0
390.8 136.3 399.2 141.8 373.9 180.3 365.6 174.8 small-vehicle 0
245.7 176.1 264.7 187.3 237.3 233.9 218.3 222.7 small-vehicle 0
267.6 189.6 275.9 195.2 250.4 233.4 242.1 227.8 small-vehicle 0
275.0 188.6 296.3 194.4 282.0 246.4 260.7 240.6 small-vehicle 0
308.1 202.5 316.7 207.6 290.9 250.5 282.3 245.4 small-vehicle 0
323.1 212.7 356.2 220.8 345.2 265.5 312.2 257.4 small-vehicle 0
377.7 233.9 386.1 239.3 361.3 278.1 352.9 272.7 small-vehicle 0
395.7 241.0 404.8 245.2 384.0 290.6 374.9 286.5 small-vehicle 0
202.0 935.9 209.6 942.4 190.0 965.1 182.4 958.6 small-vehicle 0
219.3 946.6 227.3 952.6 211.7 973.4 203.7 967.4 small-vehicle 0
255.3 957.6 279.5 981.5 247.1 1014.2 222.9 990.2 small-vehicle 0
164.7 950.1 172.6 956.1 142.3 995.9 134.4 989.9 small-vehicle 0
182.0 961.0 190.0 967.0 160.0 1007.0 152.0 1001.0 small-vehicle 0
204.7 982.5 225.5 989.5 213.3 1025.5 192.5 1018.5 small-vehicle 0
360.9 88.9 369.8 93.4 356.1 120.1 347.2 115.6 small-vehicle 0
211.2 129.6 217.9 122.2 257.8 158.5 251.1 165.9 small-vehicle 0
217.3 112.7 223.1 104.6 263.8 133.5 258.1 141.7 small-vehicle 0
243.9 43.2 258.3 26.5 290.1 53.8 275.8 70.5 small-vehicle 0
237.4 66.6 241.4 57.4 283.5 75.8 279.5 85.0 small-vehicle 0
221.3 96.7 226.1 88.0 276.7 116.3 271.9 125.0 small-vehicle 0
666.4 310.3 673.2 317.7 636.6 351.7 629.8 344.3 small-vehicle 0
663.3 428.8 670.4 435.9 632.2 474.1 625.1 467.0 small-vehicle 0
672.9 450.8 679.5 458.3 648.1 486.2 641.5 478.7 small-vehicle 0
608.1 394.5 614.1 393.5 624.9 454.5 618.9 455.5 small-vehicle 0
613.4 396.7 620.6 403.7 588.4 436.6 581.2 429.6 small-vehicle 0
573.1 350.6 579.8 358.0 539.9 394.4 533.2 387.0 small-vehicle 0
552.3 340.6 560.0 347.0 530.7 382.4 523.0 376.0 small-vehicle 0
538.5 328.1 545.9 334.9 517.5 365.9 510.1 359.1 small-vehicle 0
525.4 310.5 533.2 316.8 501.6 355.5 493.8 349.2 small-vehicle 0
507.9 303.0 514.7 310.2 484.1 339.0 477.3 331.8 small-vehicle 0
725.7 363.2 733.3 369.7 698.3 410.8 690.7 404.3 small-vehicle 0
707.9 356.4 714.3 364.0 679.1 393.7 672.7 386.0 small-vehicle 0
744.7 342.0 752.2 348.6 732.3 371.0 724.8 364.4 small-vehicle 0
693.1 340.7 699.7 348.2 664.9 378.3 658.3 370.8 small-vehicle 0
722.2 332.3 730.7 337.7 716.8 359.7 708.3 354.3 small-vehicle 0
713.9 319.4 719.8 327.5 698.9 342.9 692.9 334.8 small-vehicle 0
699.8 302.9 707.3 309.5 690.2 329.1 682.7 322.5 small-vehicle 0
678.2 323.1 685.7 329.8 654.8 363.9 647.3 357.2 small-vehicle 0
686.2 289.4 692.0 297.6 670.8 312.6 665.0 304.4 small-vehicle 0
