466.2 336.0 489.9 346.9 430.8 476.0 407.1 465.1 large-vehicle 0
517.2 360.8 540.4 372.6 475.8 499.1 452.7 487.3 large-vehicle 0
571.1 386.0 583.6 392.3 519.9 519.2 507.4 512.9 large-vehicle 0
607.1 400.8 618.4 409.1 532.0 526.8 520.7 518.5 large-vehicle 0
327.8 581.7 348.2 549.7 451.1 615.2 430.7 647.2 large-vehicle 0
641.5 308.7 653.3 316.3 608.9 385.3 597.1 377.7 large-vehicle 0
668.3 320.7 679.2 329.5 627.7 393.3 616.8 384.5 large-vehicle 0
686.0 334.8 697.8 342.3 660.0 401.2 648.2 393.7 large-vehicle 0
712.7 341.9 724.5 349.5 684.6 411.8 672.8 404.3 large-vehicle 0
661.8 407.5 714.6 440.0 642.2 557.5 589.4 525.0 large-vehicle 0
427.7 319.2 439.9 326.2 369.6 449.6 357.4 442.6 large-vehicle 0
404.8 319.1 416.2 327.3 335.1 439.0 323.8 430.8 large-vehicle 0
391.3 285.1 402.7 293.3 317.7 411.9 306.3 403.7 large-vehicle 0
244.5 29.0 254.6 19.3 339.5 107.0 329.4 116.7 large-vehicle 0
225.1 40.5 235.8 31.5 322.2 133.9 311.5 142.9 large-vehicle 0
579.6 249.7 633.4 280.5 568.8 393.3 515.0 362.5 large-vehicle 0
215.5 76.4 226.2 67.4 315.5 172.6 304.8 181.6 large-vehicle 0
206.1 106.9 216.8 97.8 295.6 191.0 284.9 200.0 large-vehicle 0
165.5 175.2 188.3 162.8 257.8 291.2 234.9 303.6 large-vehicle 0
111.5 291.4 116.2 261.8 252.5 283.6 247.8 313.2 large-vehicle 0
412.1 199.9 427.2 209.7 386.9 271.7 371.8 261.9 large-vehicle 0
439.8 223.3 451.2 231.4 408.2 291.7 396.8 283.6 large-vehicle 0
464.9 228.9 476.6 236.6 433.3 301.6 421.7 293.8 large-vehicle 0
487.2 240.2 499.0 247.6 457.8 313.8 446.0 306.4 large-vehicle 0
141.1 497.8 156.3 472.0 202.9 499.3 187.7 525.2 small-vehicle 0
927.0 108.3 935.1 83.6 975.0 96.7 966.9 121.4 small-vehicle 0
529.6 640.6 552.9 610.7 592.4 641.4 569.1 671.3 small-vehicle 0
922.5 127.7 928.6 115.1 959.3 129.8 953.2 142.4 small-vehicle 0
212.9 536.6 220.3 543.3 184.1 583.4 176.7 576.7 small-vehicle 0
179.5 984.0 195.0 963.2 228.7 988.3 213.1 1009.1 small-vehicle 0
231.8 543.3 239.9 549.2 205.2 595.7 197.1 589.8 small-vehicle 0
252.8 556.6 260.0 563.5 225.2 599.4 218.0 592.5 small-vehicle 0
270.3 562.2 278.2 568.4 244.7 610.8 236.8 604.6 small-vehicle 0
291.1 570.4 299.0 576.6 263.2 622.2 255.3 616.0 small-vehicle 0
90.7 895.2 92.1 885.3 173.3 896.8 171.9 906.7 small-vehicle 0
90.3 898.9 94.7 890.0 178.8 932.1 174.3 941.0 small-vehicle 0
202.6 929.1 207.5 920.4 244.2 940.8 239.3 949.5 small-vehicle 0
191.1 954.7 192.3 944.8 237.9 950.3 236.7 960.2 small-vehicle 0
169.8 998.7 173.5 989.4 216.2 1006.3 212.5 1015.6 small-vehicle 0
350.0 966.3 384.1 983.0 355.1 1042.3 321.0 1025.6 small-vehicle 0
350.7 912.8 394.7 899.2 411.8 954.7 367.9 968.3 small-vehicle 0
