652.8 44.1 656.7 39.6 700.2 77.9 696.3 82.4 large-vehicle 0
657.3 34.2 660.8 29.3 704.7 60.7 701.2 65.6 large-vehicle 0
728.9 61.4 730.3 67.2 705.1 73.6 703.7 67.8 large-vehicle 0
695.5 27.6 696.4 33.5 674.6 36.5 673.7 30.6 large-vehicle 0
706.4 42.1 710.4 37.7 729.8 55.0 725.8 59.4 large-vehicle 0
675.7 7.0 680.3 3.1 694.3 20.0 689.7 23.9 large-vehicle 0
703.5 25.1 706.1 19.6 729.5 30.9 726.9 36.4 large-vehicle 0
700.3 -0.5 704.3 -5.0 738.7 25.5 734.7 30.0 large-vehicle 0
470.6 62.3 474.9 66.5 431.4 110.7 427.1 106.5 large-vehicle 0
412.3 147.0 439.1 28.0 452.7 31.0 425.9 150.0 large-vehicle 0
465.7 40.0 471.0 48.4 452.3 60.0 447.0 51.6 large-vehicle 0
439.8 53.8 443.7 63.0 427.2 70.2 423.3 61.0 large-vehicle 0
702.6 81.9 704.8 76.3 729.0 85.8 726.8 91.4 large-vehicle 0
701.6 97.5 704.1 92.0 724.1 101.3 721.6 106.7 large-vehicle 0
665.4 76.0 669.0 71.1 690.0 86.4 686.5 91.2 large-vehicle 0
590.0 184.5 654.0 99.9 665.1 108.4 601.2 192.9 large-vehicle 0
611.6 168.1 615.7 172.4 597.0 190.5 592.8 186.2 large-vehicle 0
587.4 133.4 593.3 132.2 598.6 157.6 592.7 158.8 large-vehicle 0
595.0 131.5 599.9 128.2 616.7 153.1 611.7 156.4 large-vehicle 0
610.4 164.3 615.6 161.3 636.6 197.7 631.4 200.7 large-vehicle 0
697.1 112.1 699.9 106.8 722.9 118.9 720.1 124.2 large-vehicle 0
629.0 170.6 634.1 167.4 648.0 189.4 642.9 192.6 large-vehicle 0
643.7 173.6 647.7 169.0 673.3 191.4 669.3 196.0 large-vehicle 0
666.9 165.8 672.1 162.8 697.1 206.2 691.9 209.2 large-vehicle 0
641.3 148.4 645.3 143.9 658.8 155.8 654.8 160.3 large-vehicle 0
645.5 131.8 650.0 127.8 672.5 153.2 668.0 157.2 large-vehicle 0
678.2 158.3 683.2 155.1 712.0 200.8 706.9 204.0 large-vehicle 0
703.0 170.8 708.2 167.9 715.0 180.2 709.8 183.1 large-vehicle 0
675.9 130.4 685.4 133.4 680.1 150.6 670.6 147.6 large-vehicle 0
697.8 149.5 701.3 144.6 719.2 157.5 715.7 162.4 large-vehicle 0
648.4 104.3 651.6 99.2 700.5 130.6 697.2 135.6 large-vehicle 0
699.1 139.1 701.6 129.4 722.9 134.9 720.4 144.6 large-vehicle 0
665.6 98.7 668.5 93.4 691.2 106.2 688.3 111.4 large-vehicle 0
261.2 74.4 263.8 68.9 290.9 81.7 288.4 87.1 large-vehicle 0
474.7 146.2 480.6 147.2 473.2 192.6 467.3 191.6 large-vehicle 0
478.0 149.4 483.5 147.1 501.2 189.5 495.6 191.8 large-vehicle 0
511.4 151.4 522.9 191.8 509.4 195.6 497.9 155.2 large-vehicle 0
508.6 161.8 519.8 153.4 547.4 190.2 536.2 198.6 large-vehicle 0
526.7 164.3 537.3 155.1 562.3 183.7 551.7 192.9 large-vehicle 0
568.5 149.6 577.6 153.9 556.2 199.1 547.2 194.8 large-vehicle 0
561.5 148.4 570.4 143.9 600.5 202.6 591.6 207.1 large-vehicle 0
247.8 116.8 248.5 110.8 294.2 116.5 293.4 122.5 large-vehicle 0
286.4 99.2 287.3 105.2 257.6 109.8 256.7 103.8 large-vehicle 0
194.3 101.5 194.4 95.5 252.4 96.5 252.3 102.5 large-vehicle 0
255.7 90.7 257.0 84.9 286.3 91.3 285.0 97.1 large-vehicle 0
194.9 86.7 195.7 80.7 253.1 88.4 252.3 94.4 large-vehicle 0
203.8 64.1 206.8 58.9 250.2 83.9 247.2 89.1 large-vehicle 0
417.8 143.6 422.4 139.8 462.2 187.4 457.6 191.2 large-vehicle 0
261.7 64.9 262.7 59.0 296.2 64.4 295.3 70.3 large-vehicle 0
205.2 53.8 207.4 48.2 257.5 68.3 255.3 73.9 large-vehicle 0
263.7 51.2 265.2 45.4 294.3 52.8 292.8 58.6 large-vehicle 0
259.9 43.2 260.1 49.2 202.1 50.8 201.9 44.8 large-vehicle 0
270.6 25.4 278.0 18.6 306.4 49.6 299.0 56.4 large-vehicle 0
209.2 23.9 211.8 18.5 256.9 40.1 254.3 45.5 large-vehicle 0
466.3 144.6 471.5 147.6 446.2 190.8 441.0 187.7 large-vehicle 0
436.1 143.8 440.5 147.9 406.5 184.6 402.1 180.5 large-vehicle 0
414.0 135.8 419.3 138.5 393.5 190.4 388.1 187.8 large-vehicle 0
326.6 147.7 330.7 143.3 367.4 177.3 363.3 181.7 large-vehicle 0
357.1 143.2 366.6 140.2 381.9 187.8 372.4 190.8 large-vehicle 0
376.1 140.2 381.7 138.0 399.8 184.6 394.2 186.8 large-vehicle 0
465.1 15.2 469.7 19.1 457.9 32.8 453.3 28.9 large-vehicle 0
398.8 69.5 410.8 62.2 420.2 77.5 408.2 84.8 large-vehicle 0
437.3 26.3 442.4 29.5 432.7 44.7 427.6 41.5 large-vehicle 0
408.5 33.8 418.4 35.6 414.5 57.2 404.6 55.4 large-vehicle 0
424.7 14.7 428.9 -2.8 450.3 2.3 446.1 19.8 large-vehicle 0
418.8 6.9 423.2 11.0 411.1 24.3 406.6 20.3 large-vehicle 0
374.0 49.0 394.3 32.8 408.0 50.0 387.7 66.2 large-vehicle 0
372.7 15.4 379.4 8.0 410.6 36.1 403.9 43.5 large-vehicle 0
538.0 71.7 542.3 80.7 526.0 88.3 521.7 79.3 large-vehicle 0
530.3 30.0 593.5 99.6 580.2 111.7 517.0 42.1 large-vehicle 0
573.3 6.6 605.5 44.8 591.7 56.4 559.5 18.2 large-vehicle 0
546.8 41.8 550.5 32.5 570.9 40.7 567.2 49.9 large-vehicle 0
545.5 19.6 548.9 10.2 569.6 17.6 566.2 27.0 large-vehicle 0
534.2 48.7 540.8 56.2 527.3 68.1 520.7 60.5 large-vehicle 0
530.6 15.2 540.6 15.1 540.8 37.1 530.8 37.2 large-vehicle 0
497.8 60.5 505.1 53.6 520.2 69.5 512.9 76.4 large-vehicle 0
499.0 32.8 506.4 26.0 521.2 42.3 513.8 49.0 large-vehicle 0
489.2 8.5 530.5 0.8 533.8 18.5 492.5 26.2 large-vehicle 0
