-0.6 97.6 0.3 91.6 53.6 100.4 52.7 106.4 large-vehicle 0
-0.7 112.1 4.7 94.9 52.4 109.9 47.0 127.1 large-vehicle 0
-3.0 51.9 3.1 44.0 52.0 82.1 45.9 90.0 large-vehicle 0
426.1 195.6 448.1 195.0 448.9 221.0 426.9 221.6 small-vehicle 0
451.7 199.9 457.4 198.1 465.3 222.8 459.6 224.7 small-vehicle 0
461.1 197.6 466.0 194.1 481.1 215.3 476.2 218.8 small-vehicle 0
591.8 846.2 606.8 836.2 621.2 857.9 606.2 867.9 small-vehicle 0
594.7 820.7 620.6 822.3 619.3 844.3 593.4 842.7 small-vehicle 0
618.9 837.4 619.3 831.5 637.2 832.6 636.9 838.6 small-vehicle 0
619.8 850.3 622.4 836.5 636.2 839.1 633.6 852.9 small-vehicle 0
132.9 263.0 148.3 272.3 139.0 287.7 123.6 278.4 small-vehicle 0
117.6 258.6 128.7 267.1 115.4 284.5 104.2 276.0 small-vehicle 0
86.0 266.9 97.1 258.4 108.0 272.7 96.9 281.2 small-vehicle 0
86.0 175.0 99.9 177.3 97.0 195.0 83.1 192.7 small-vehicle 0
398.3 187.7 423.0 196.0 414.7 220.7 390.0 212.4 small-vehicle 0
286.2 667.6 302.2 675.8 292.0 695.4 276.0 687.1 small-vehicle 0
392.2 677.7 410.1 675.5 412.8 697.3 394.9 699.5 small-vehicle 0
