219.0 565.6 219.0 571.6 125.0 572.4 125.0 566.4 large-vehicle 0
573.8 361.9 574.7 367.8 521.2 375.1 520.3 369.2 large-vehicle 0
163.7 275.3 169.5 258.2 209.3 271.7 203.5 288.8 large-vehicle 0
162.0 327.5 183.7 301.3 213.0 325.5 191.3 351.7 large-vehicle 0
204.3 372.7 206.5 410.7 128.7 415.3 126.5 377.3 large-vehicle 0
131.0 448.2 132.8 434.3 218.0 445.8 216.2 459.7 large-vehicle 0
219.8 459.3 221.3 465.1 134.2 487.7 132.7 481.9 large-vehicle 0
187.1 481.3 189.9 486.7 170.3 496.7 167.5 491.3 large-vehicle 0
191.7 493.2 195.2 498.0 177.3 510.8 173.8 506.0 large-vehicle 0
166.3 504.2 170.1 513.4 149.7 521.8 145.9 512.6 large-vehicle 0
164.9 524.6 168.2 519.5 183.2 529.5 179.9 534.5 large-vehicle 0
120.9 540.0 121.3 534.0 219.1 541.0 218.7 547.0 large-vehicle 0
221.7 548.0 222.1 554.0 124.3 560.0 123.9 554.0 large-vehicle 0
175.5 580.1 176.8 581.6 175.3 582.9 174.0 581.4 large-vehicle 0
131.5 609.8 142.7 590.9 168.5 606.2 157.3 625.1 large-vehicle 0
195.2 642.8 202.6 667.8 150.8 683.2 143.4 658.2 large-vehicle 0
129.7 753.4 130.3 731.4 216.3 733.6 215.7 755.6 large-vehicle 0
337.9 685.1 339.4 686.4 338.1 687.9 336.6 686.6 large-vehicle 0
298.3 453.2 307.7 442.8 344.7 476.4 335.3 486.8 large-vehicle 0
349.2 425.5 352.4 435.0 308.8 449.5 305.6 440.0 large-vehicle 0
350.5 359.7 357.3 367.1 314.5 406.3 307.7 398.9 large-vehicle 0
350.3 351.4 354.4 360.5 290.7 389.6 286.6 380.5 large-vehicle 0
423.8 448.8 424.0 478.8 354.0 479.2 353.8 449.2 large-vehicle 0
442.0 414.0 443.0 419.9 358.0 433.0 357.0 427.1 large-vehicle 0
354.9 412.1 355.2 406.1 445.1 410.9 444.8 416.9 large-vehicle 0
355.7 400.0 355.7 394.0 445.7 394.0 445.7 400.0 large-vehicle 0
292.0 281.4 296.1 263.9 337.0 273.6 332.9 291.1 large-vehicle 0
224.6 267.8 234.9 253.0 269.4 276.9 259.2 291.7 large-vehicle 0
402.2 317.1 403.4 318.7 401.8 319.9 400.6 318.3 large-vehicle 0
550.2 391.8 564.7 413.4 539.8 430.2 525.3 408.6 large-vehicle 0
572.4 376.9 573.1 382.9 519.4 389.0 518.7 383.1 large-vehicle 0
202.9 196.4 210.6 229.6 154.1 242.6 146.4 209.4 large-vehicle 0
