560.3 280.9 561.4 270.9 662.7 282.1 661.6 292.1 large-vehicle 0
574.3 246.3 579.1 233.1 663.7 263.7 658.9 276.9 large-vehicle 0
587.3 200.3 594.4 193.3 660.6 260.0 653.5 267.0 large-vehicle 0
593.3 204.6 596.0 195.0 682.7 219.4 680.0 229.0 large-vehicle 0
609.8 157.0 617.1 150.1 679.4 215.0 672.2 221.9 large-vehicle 0
626.3 142.4 633.5 135.5 687.7 191.6 680.5 198.5 large-vehicle 0
932.6 147.7 942.6 147.4 945.4 245.3 935.4 245.6 large-vehicle 0
967.5 183.5 971.3 188.1 957.5 199.6 953.7 195.0 large-vehicle 0
998.4 150.4 1007.5 154.6 970.2 236.5 961.1 232.3 large-vehicle 0
1030.1 164.4 1037.5 171.2 984.7 228.7 977.4 221.9 large-vehicle 0
998.5 234.0 1038.9 256.0 1003.5 321.0 963.1 299.0 large-vehicle 0
653.8 391.7 656.4 353.7 750.2 360.3 747.6 398.3 large-vehicle 0
996.8 379.9 1001.5 388.8 925.6 429.2 920.9 420.4 large-vehicle 0
1004.5 402.9 1008.8 412.0 931.1 448.9 926.8 439.9 large-vehicle 0
837.4 472.6 845.8 477.9 795.6 557.4 787.2 552.1 large-vehicle 0
849.0 477.3 868.0 488.3 825.0 562.7 805.9 551.7 large-vehicle 0
992.0 440.6 1002.1 455.5 934.2 501.4 924.1 486.4 large-vehicle 0
990.3 488.6 995.9 496.8 911.7 554.4 906.1 546.2 large-vehicle 0
1005.1 509.1 1010.2 517.6 902.6 583.1 897.4 574.5 large-vehicle 0
983.1 563.4 995.0 556.1 1031.9 615.6 1020.0 622.9 large-vehicle 0
965.0 576.5 973.5 571.3 1016.0 641.5 1007.5 646.7 large-vehicle 0
951.3 593.7 959.8 588.5 981.7 624.3 973.2 629.5 large-vehicle 0
559.2 273.4 569.2 263.6 637.8 333.6 627.8 343.4 large-vehicle 0
514.1 981.0 549.8 925.5 595.2 954.8 559.5 1010.2 large-vehicle 0
246.7 933.7 251.7 920.6 343.2 955.8 338.2 968.9 large-vehicle 0
299.3 528.7 307.4 517.3 367.7 560.3 359.6 571.7 large-vehicle 0
358.8 263.7 364.3 255.4 493.2 339.6 487.7 348.0 large-vehicle 0
373.0 298.8 378.6 290.5 460.0 345.2 454.4 353.5 large-vehicle 0
365.5 321.3 370.9 312.9 453.5 365.7 448.1 374.1 large-vehicle 0
359.8 338.3 365.6 330.2 442.2 384.7 436.4 392.8 large-vehicle 0
343.4 356.8 348.8 348.3 448.6 411.2 443.2 419.7 large-vehicle 0
330.8 398.8 338.6 387.1 430.4 447.7 422.7 459.4 large-vehicle 0
509.2 450.8 514.5 442.3 587.7 487.3 582.5 495.9 large-vehicle 0
538.0 414.1 544.1 406.1 587.0 438.9 580.9 446.9 large-vehicle 0
504.4 469.9 509.8 461.5 578.6 506.1 573.2 514.5 large-vehicle 0
492.0 498.3 498.3 485.8 575.0 524.7 568.7 537.2 large-vehicle 0
327.1 429.2 332.2 420.5 416.9 469.8 411.8 478.5 large-vehicle 0
303.9 443.7 308.6 434.8 427.1 497.3 422.4 506.2 large-vehicle 0
305.9 503.5 313.9 491.9 398.1 549.5 390.1 561.1 large-vehicle 0
281.7 555.3 287.7 542.7 365.3 579.7 359.3 592.3 large-vehicle 0
174.5 935.3 208.8 869.8 246.0 889.2 211.7 954.8 large-vehicle 0
334.7 635.5 342.2 623.6 374.3 643.9 366.9 655.8 large-vehicle 0
328.4 664.0 333.5 655.4 362.6 673.0 357.5 681.6 large-vehicle 0
321.7 684.1 326.6 675.4 356.3 691.9 351.4 700.6 large-vehicle 0
288.4 686.7 293.7 678.2 376.9 730.0 371.6 738.5 large-vehicle 0
281.0 708.5 285.7 699.7 372.1 745.9 367.4 754.7 large-vehicle 0
392.7 650.4 426.0 668.8 390.3 733.6 357.0 715.2 large-vehicle 0
273.0 726.5 278.1 717.9 362.0 768.5 356.9 777.1 large-vehicle 0
269.8 749.0 274.9 740.4 348.9 784.2 343.8 792.8 large-vehicle 0
278.0 800.7 283.2 792.1 357.0 836.3 351.8 844.9 large-vehicle 0
259.3 812.6 264.7 804.2 363.7 868.4 358.3 876.8 large-vehicle 0
261.9 848.1 267.1 839.6 347.1 888.9 341.9 897.4 large-vehicle 0
253.8 868.3 259.5 860.1 340.2 915.7 334.5 923.9 large-vehicle 0
222.5 878.6 230.7 867.2 339.5 945.4 331.3 956.8 large-vehicle 0
915.8 589.7 923.7 583.5 987.2 663.3 979.3 669.5 large-vehicle 0
903.1 601.8 911.3 596.2 964.2 673.9 956.0 679.5 large-vehicle 0
884.5 614.7 892.7 608.9 942.3 679.2 934.1 685.0 large-vehicle 0
194.7 518.7 232.4 545.0 187.8 609.0 150.1 582.7 small-vehicle 0
158.1 615.9 189.9 636.6 177.9 655.1 146.1 634.4 small-vehicle 0
148.0 648.3 177.2 665.8 166.0 684.7 136.8 667.2 small-vehicle 0
131.0 599.1 147.0 607.4 114.8 669.5 98.8 661.2 large-vehicle 0
93.0 696.3 180.6 717.1 169.0 765.7 81.4 744.9 large-vehicle 0
101.8 775.8 127.6 791.1 102.2 834.2 76.4 818.9 large-vehicle 0
22.7 884.6 46.9 902.3 24.4 933.0 0.2 915.2 small-vehicle 0
56.6 926.1 83.9 946.4 37.4 1008.9 10.1 988.6 small-vehicle 0
591.6 50.2 625.4 53.8 619.3 111.5 585.5 107.9 small-vehicle 0
167.7 471.1 172.2 475.1 157.4 491.4 152.9 487.3 small-vehicle 0
174.8 477.8 188.2 489.9 170.8 509.2 157.4 497.1 small-vehicle 0
158.0 437.9 221.0 457.4 214.5 478.5 151.5 458.9 small-vehicle 0
876.7 669.2 890.3 657.5 946.3 722.8 932.7 734.5 large-vehicle 0
630.3 728.8 666.1 664.1 748.4 709.7 712.5 774.4 large-vehicle 0
850.1 794.9 869.4 805.5 822.4 891.4 803.1 880.9 large-vehicle 0
903.2 817.3 911.6 822.7 856.8 908.8 848.4 903.4 large-vehicle 0
924.0 827.5 932.5 832.7 879.0 919.5 870.5 914.3 large-vehicle 0
857.7 923.6 869.4 931.3 846.3 966.4 834.6 958.7 large-vehicle 0
584.7 990.1 605.7 958.4 677.3 1005.9 656.3 1037.6 large-vehicle 0
140.9 331.4 277.7 402.0 251.1 453.6 114.3 383.0 small-vehicle 0
932.3 836.8 954.6 850.1 910.6 924.0 888.3 910.7 large-vehicle 0
853.4 90.6 861.3 29.1 966.4 42.5 958.6 104.0 large-vehicle 0
377.9 255.0 384.3 242.6 482.1 292.9 475.7 305.3 large-vehicle 0
