531.6 480.7 532.3 482.6 530.4 483.3 529.7 481.4 swimming-pool 0
164.7 11.8 166.7 12.2 166.3 14.2 164.3 13.8 swimming-pool 0
504.2 55.8 506.2 56.2 505.8 58.2 503.8 57.8 swimming-pool 0
586.8 133.6 587.9 135.3 586.2 136.4 585.1 134.7 swimming-pool 0
153.5 184.7 155.3 185.5 154.5 187.3 152.7 186.5 swimming-pool 0
155.5 344.1 156.9 345.5 155.5 346.9 154.1 345.5 swimming-pool 0
220.6 782.0 222.0 780.6 223.4 782.0 222.0 783.4 swimming-pool 0
258.3 809.7 260.3 809.3 260.7 811.3 258.7 811.7 swimming-pool 0
723.6 697.1 725.4 696.1 726.4 697.9 724.6 698.9 swimming-pool 0
990.1 1001.8 991.7 1000.6 992.9 1002.2 991.3 1003.4 swimming-pool 0
301.4 398.6 302.7 397.1 304.2 398.4 302.9 399.9 swimming-pool 0
9.4 440.8 9.5 442.7 7.5 442.9 7.4 440.9 swimming-pool 0
745.2 226.9 746.6 225.4 748.1 226.7 746.7 228.2 swimming-pool 0
752.8 805.4 754.2 806.9 752.7 808.3 751.4 806.8 swimming-pool 0
552.2 984.0 553.9 985.1 552.8 986.8 551.1 985.7 swimming-pool 0
