300.6 50.8 302.2 49.6 303.4 51.2 301.8 52.4 swimming-pool 0
272.6 182.6 273.9 184.1 272.4 185.4 271.1 183.9 swimming-pool 0
446.9 320.6 448.4 321.9 447.1 323.4 445.6 322.1 swimming-pool 0
231.1 636.7 232.3 635.1 233.9 636.3 232.7 637.9 swimming-pool 0
575.3 820.1 576.4 821.8 574.7 822.9 573.6 821.2 swimming-pool 0
718.7 444.6 719.9 446.2 718.3 447.4 717.1 445.8 swimming-pool 0
482.4 226.7 484.3 227.4 483.6 229.3 481.7 228.6 swimming-pool 0
577.1 79.6 578.4 81.1 576.9 82.4 575.6 80.9 swimming-pool 0
988.3 12.2 990.3 11.8 990.7 13.8 988.7 14.2 swimming-pool 0
977.2 184.8 979.2 185.2 978.8 187.2 976.8 186.8 swimming-pool 0
979.4 344.1 980.9 345.4 979.6 346.9 978.1 345.6 swimming-pool 0
377.6 279.7 378.8 278.1 380.4 279.3 379.2 280.9 swimming-pool 0
821.1 180.6 822.6 181.8 821.4 183.4 819.8 182.2 swimming-pool 0
645.2 858.7 646.4 857.2 648.0 858.4 646.8 860.0 swimming-pool 0
831.1 442.0 832.3 440.4 833.9 441.6 832.6 443.2 swimming-pool 0
