603.6 323.8 629.6 322.0 651.4 631.2 625.4 633.0 basketball-court 0
466.7 364.0 483.8 350.2 678.3 591.6 661.2 605.4 basketball-court 0
241.7 183.1 266.8 189.9 244.3 272.9 219.2 266.1 tennis-court 0
251.9 275.2 313.4 165.2 343.1 181.8 281.6 291.8 tennis-court 0
324.2 156.5 349.7 151.4 379.8 302.5 354.3 307.6 tennis-court 0
462.1 200.0 478.4 214.7 377.9 326.0 361.6 311.3 tennis-court 0
438.6 217.6 461.8 205.8 513.4 307.4 490.2 319.2 tennis-court 0
200.2 318.5 314.0 325.2 307.8 431.0 194.0 424.3 tennis-court 0
190.0 470.1 215.8 473.9 202.0 566.9 176.2 563.1 tennis-court 0
254.8 475.5 278.7 485.7 246.2 561.0 222.3 550.8 tennis-court 0
351.8 469.0 363.3 482.9 260.2 568.5 248.7 554.6 tennis-court 0
334.3 465.3 359.6 459.1 387.6 573.7 362.4 579.9 tennis-court 0
138.7 795.7 203.8 683.2 233.3 700.3 168.2 812.8 tennis-court 0
261.2 663.4 285.3 673.3 218.8 834.1 194.7 824.2 tennis-court 0
264.6 692.8 289.6 685.4 325.3 806.2 300.4 813.6 tennis-court 0
431.6 736.1 456.6 728.9 488.4 838.4 463.4 845.6 tennis-court 0
499.8 733.4 525.7 731.8 532.2 841.6 506.3 843.2 tennis-court 0
556.2 735.6 582.2 734.9 584.8 840.9 558.8 841.5 tennis-court 0
665.3 733.1 678.3 745.5 585.7 842.4 572.7 830.0 tennis-court 0
206.0 156.2 229.7 167.0 169.0 299.8 145.3 289.0 tennis-court 0
