474.3 465.6 498.7 456.7 511.7 492.4 487.3 501.3 small-vehicle 0
185.2 877.9 187.3 883.5 147.9 898.2 145.8 892.6 small-vehicle 0
307.6 786.4 307.9 788.4 274.3 793.5 274.0 791.5 small-vehicle 0
243.4 745.3 248.7 742.5 264.5 772.6 259.2 775.4 small-vehicle 0
232.4 758.9 237.0 755.1 255.9 778.5 251.2 782.2 small-vehicle 0
263.8 805.5 281.7 792.8 296.9 813.9 278.9 826.7 small-vehicle 0
220.7 788.0 222.1 782.2 251.3 789.0 249.9 794.8 small-vehicle 0
214.7 790.4 218.2 785.5 245.7 805.5 242.2 810.4 small-vehicle 0
210.4 797.6 239.8 803.7 237.7 813.5 208.4 807.4 small-vehicle 0
246.1 834.5 249.6 829.6 270.9 844.5 267.4 849.4 small-vehicle 0
191.9 817.1 196.1 812.9 220.1 836.9 215.9 841.1 small-vehicle 0
238.8 841.8 242.4 837.0 266.2 855.2 262.6 860.0 small-vehicle 0
234.9 851.8 238.6 847.1 259.1 863.2 255.4 867.9 small-vehicle 0
234.3 853.7 252.6 872.1 245.5 879.2 227.2 860.7 small-vehicle 0
228.8 858.3 230.7 857.7 242.2 889.7 240.3 890.3 small-vehicle 0
184.9 828.9 188.3 823.9 216.4 843.0 213.1 848.0 small-vehicle 0
182.9 837.5 186.7 832.8 210.1 851.5 206.3 856.2 small-vehicle 0
178.1 845.3 202.4 854.4 198.9 863.7 174.6 854.6 small-vehicle 0
213.3 878.2 215.2 872.5 247.3 883.6 245.4 889.3 small-vehicle 0
210.4 881.4 214.8 877.4 237.6 902.6 233.2 906.6 small-vehicle 0
222.8 896.7 223.1 898.7 213.2 900.3 212.9 898.3 small-vehicle 0
288.7 771.9 307.9 782.7 303.0 791.4 283.8 780.6 small-vehicle 0
293.7 757.9 297.6 753.3 317.4 770.2 313.5 774.8 small-vehicle 0
313.4 737.3 324.1 769.6 314.7 772.7 303.9 740.5 small-vehicle 0
238.6 311.0 263.4 294.1 269.0 302.3 244.2 319.2 small-vehicle 0
931.1 150.4 956.5 166.3 842.9 347.6 817.5 331.7 tennis-court 0
976.5 207.2 1000.3 225.5 901.5 353.8 877.7 335.5 tennis-court 0
323.4 883.5 402.6 775.4 652.6 958.5 573.4 1066.6 soccer-ball-field 0
703.3 319.7 724.2 312.6 821.5 598.5 800.6 605.6 tennis-court 0
984.2 959.4 986.2 959.1 986.5 961.1 984.5 961.4 baseball-diamond 0
219.5 277.9 234.1 261.5 250.5 276.1 235.9 292.5 small-vehicle 0
243.8 278.5 260.3 285.9 246.5 316.9 230.0 309.6 small-vehicle 0
170.5 497.1 192.8 477.0 210.2 496.3 187.9 516.4 small-vehicle 0
308.9 728.8 313.2 724.6 334.1 746.2 329.8 750.4 small-vehicle 0
137.3 480.4 153.2 454.9 185.4 475.0 169.5 500.5 small-vehicle 0
294.9 665.0 299.1 660.8 320.2 682.2 315.9 686.4 small-vehicle 0
287.9 676.9 291.1 671.8 316.5 687.6 313.4 692.7 small-vehicle 0
283.5 685.0 287.6 680.6 309.5 701.0 305.4 705.4 small-vehicle 0
274.8 692.2 278.8 687.8 304.1 710.4 300.2 714.9 small-vehicle 0
269.3 707.1 271.7 701.6 299.2 713.6 296.8 719.1 small-vehicle 0
265.3 710.7 269.5 706.5 293.7 730.3 289.5 734.5 small-vehicle 0
261.6 724.1 265.0 719.2 283.1 731.6 279.7 736.6 small-vehicle 0
196.7 894.6 198.1 893.2 218.3 915.4 216.9 916.8 small-vehicle 0
212.9 910.1 215.1 915.7 202.0 920.8 199.8 915.2 small-vehicle 0
466.6 491.5 491.3 499.6 484.4 520.5 459.7 512.4 small-vehicle 0
196.0 912.3 215.0 930.1 208.2 937.4 189.2 919.6 small-vehicle 0
379.4 675.7 380.2 677.6 337.6 694.9 336.8 693.0 small-vehicle 0
346.0 679.4 346.2 673.4 380.2 674.8 380.0 680.8 small-vehicle 0
352.8 669.1 353.5 663.1 383.3 666.7 382.6 672.7 small-vehicle 0
310.5 647.0 315.7 644.0 330.5 670.0 325.3 673.0 small-vehicle 0
315.0 641.8 319.0 637.3 338.6 654.4 334.6 658.9 small-vehicle 0
315.3 641.0 316.3 635.1 345.9 640.1 344.9 646.0 small-vehicle 0
323.4 620.2 327.9 616.2 347.6 638.8 343.1 642.8 small-vehicle 0
326.0 622.9 326.0 620.9 356.0 622.1 356.0 624.1 small-vehicle 0
376.5 636.6 395.8 654.0 386.5 664.4 367.2 647.0 small-vehicle 0
379.1 624.8 386.9 618.5 405.6 642.0 397.8 648.2 small-vehicle 0
393.0 608.8 421.5 618.2 418.3 627.7 389.8 618.3 small-vehicle 0
417.0 604.4 417.9 606.2 402.0 614.6 401.1 612.8 small-vehicle 0
367.5 555.9 370.8 550.9 399.4 569.2 396.2 574.2 small-vehicle 0
371.7 553.3 372.3 547.4 406.1 550.6 405.6 556.6 small-vehicle 0
426.2 567.5 443.0 581.7 428.8 598.5 412.0 584.3 small-vehicle 0
434.1 543.0 459.4 559.1 451.9 571.0 426.6 554.9 small-vehicle 0
440.2 537.0 446.5 529.2 469.8 548.0 463.5 555.8 small-vehicle 0
396.9 519.7 418.3 534.5 408.1 549.3 386.7 534.5 small-vehicle 0
408.3 499.2 431.8 517.9 420.5 532.0 397.1 513.3 small-vehicle 0
340.5 688.9 344.1 684.0 371.5 704.1 367.9 709.0 small-vehicle 0
337.9 695.8 342.7 692.2 358.1 713.2 353.3 716.8 small-vehicle 0
328.9 706.7 332.3 701.8 353.8 716.3 350.5 721.3 small-vehicle 0
128.0 921.6 132.4 917.6 149.9 936.8 145.5 940.8 small-vehicle 0
152.0 886.3 177.2 902.6 171.7 911.0 146.6 894.7 small-vehicle 0
181.0 923.7 184.9 919.1 208.0 938.3 204.1 942.9 small-vehicle 0
170.8 941.7 171.3 935.7 205.2 938.3 204.7 944.3 small-vehicle 0
172.0 951.8 172.3 945.8 198.3 947.4 197.9 953.4 small-vehicle 0
167.8 949.6 172.5 945.9 191.2 969.4 186.5 973.1 small-vehicle 0
160.7 960.4 164.9 956.2 186.1 977.4 181.9 981.6 small-vehicle 0
154.1 965.0 158.7 961.2 180.2 987.6 175.6 991.3 small-vehicle 0
148.1 912.0 150.1 912.5 145.9 930.0 143.9 929.5 small-vehicle 0
117.8 933.1 122.1 928.9 146.2 952.8 142.0 957.0 small-vehicle 0
317.6 722.2 321.3 717.5 341.8 733.4 338.1 738.2 small-vehicle 0
112.1 937.4 117.2 934.1 137.7 966.1 132.6 969.4 small-vehicle 0
146.5 976.5 150.8 972.3 171.7 993.9 167.4 998.0 small-vehicle 0
148.1 990.3 161.8 1002.0 152.8 1012.6 139.1 1001.0 small-vehicle 0
97.6 961.1 104.3 953.7 126.4 973.9 119.7 981.3 small-vehicle 0
151.7 1009.6 153.8 1015.3 121.9 1027.0 119.8 1021.4 small-vehicle 0
89.9 984.2 109.0 995.1 100.1 1010.8 81.0 999.9 small-vehicle 0
85.3 995.9 103.1 1014.8 81.3 1035.4 63.4 1016.5 small-vehicle 0
750.5 318.9 862.8 486.9 834.5 505.8 722.3 337.8 tennis-court 0
