424.0 -8.0 457.9 9.2 435.3 53.8 401.4 36.6 small-vehicle 0
238.0 852.5 299.5 859.9 275.8 1056.5 214.3 1049.1 tennis-court 0
202.5 329.1 263.9 337.4 226.5 612.9 165.1 604.6 tennis-court 0
285.0 343.9 346.3 334.4 388.9 609.1 327.6 618.6 tennis-court 0
471.9 273.2 533.7 278.8 512.1 515.8 450.3 510.2 tennis-court 0
614.6 271.1 671.0 284.7 612.4 527.7 556.1 514.2 tennis-court 0
746.6 253.7 802.4 269.5 721.4 556.3 665.6 540.5 tennis-court 0
822.6 830.7 887.6 842.1 851.4 1048.9 786.4 1037.5 tennis-court 0
659.5 842.4 725.1 834.8 747.4 1027.5 681.9 1035.1 tennis-court 0
560.3 810.8 624.9 824.3 578.8 1045.5 514.1 1032.1 tennis-court 0
359.7 848.6 421.3 855.9 395.8 1072.4 334.2 1065.1 tennis-court 0
110.6 847.8 172.4 852.8 156.4 1050.2 94.6 1045.2 tennis-court 0
55.5 332.2 117.5 329.0 131.5 598.6 69.6 601.8 tennis-court 0
