503.9 799.2 521.0 793.3 536.1 836.8 519.0 842.7 small-vehicle 0
265.2 450.8 269.2 441.7 307.8 458.2 303.8 467.3 small-vehicle 0
424.4 607.0 425.7 620.9 391.8 624.1 390.5 610.1 small-vehicle 0
340.6 635.7 342.6 617.8 384.4 622.3 382.4 640.2 small-vehicle 0
484.7 700.6 488.7 674.9 518.3 679.4 514.3 705.1 small-vehicle 0
87.7 706.0 90.7 684.2 128.4 689.5 125.3 711.3 small-vehicle 0
204.7 700.3 212.0 679.5 244.1 690.8 236.8 711.6 small-vehicle 0
131.7 604.1 133.0 614.0 95.3 618.9 94.0 609.0 small-vehicle 0
244.9 641.9 248.3 667.7 206.6 673.1 203.3 647.3 small-vehicle 0
253.1 540.6 258.6 561.9 217.9 572.4 212.4 551.1 small-vehicle 0
285.4 523.5 292.7 544.3 260.6 555.5 253.3 534.7 small-vehicle 0
250.5 520.8 257.5 500.0 293.5 512.2 286.5 533.0 small-vehicle 0
218.2 502.9 219.1 484.9 257.0 486.7 256.2 504.7 small-vehicle 0
141.6 482.8 144.9 504.5 107.4 510.2 104.1 488.5 small-vehicle 0
296.3 463.1 301.4 480.4 272.7 488.9 267.6 471.6 small-vehicle 0
222.0 471.2 224.7 461.6 269.0 473.8 266.3 483.4 small-vehicle 0
275.8 433.3 280.2 424.3 303.6 435.7 299.2 444.7 small-vehicle 0
438.6 517.1 446.5 541.8 402.7 555.9 394.8 531.1 small-vehicle 0
211.0 419.0 288.5 427.5 287.0 441.4 209.5 432.9 small-vehicle 0
302.2 406.9 302.7 416.9 276.8 418.1 276.3 408.1 small-vehicle 0
265.9 393.6 271.4 401.9 233.1 427.4 227.6 419.1 small-vehicle 0
275.6 397.7 276.5 387.8 302.4 390.3 301.5 400.2 small-vehicle 0
270.9 384.4 271.1 394.4 225.1 395.6 224.9 385.6 small-vehicle 0
300.8 352.7 311.4 372.0 278.2 390.3 267.6 371.0 small-vehicle 0
229.2 361.4 232.7 356.6 266.4 381.6 262.9 386.5 small-vehicle 0
270.7 347.4 282.1 324.0 316.3 340.6 304.9 364.0 small-vehicle 0
113.3 401.8 113.6 379.8 151.6 380.3 151.3 402.3 small-vehicle 0
115.5 371.2 116.7 361.2 154.4 366.0 153.2 375.9 small-vehicle 0
117.1 341.6 122.7 333.3 160.9 358.8 155.4 367.2 small-vehicle 0
119.9 328.4 122.4 318.8 159.1 328.6 156.6 338.2 small-vehicle 0
262.8 264.8 288.7 265.3 288.2 291.2 262.3 290.7 small-vehicle 0
26.2 103.8 26.7 105.7 24.8 106.2 24.3 104.3 small-vehicle 0
392.0 556.4 393.2 582.4 347.3 584.5 346.1 558.6 small-vehicle 0
529.7 574.2 533.5 591.8 496.3 599.8 492.5 582.2 small-vehicle 0
628.9 362.2 641.1 398.2 612.7 407.8 600.5 371.8 small-vehicle 0
360.1 405.4 363.4 396.0 403.0 409.8 399.7 419.3 small-vehicle 0
604.1 494.2 609.4 477.0 630.4 483.5 625.1 500.7 small-vehicle 0
580.0 572.7 582.3 563.0 631.0 574.3 628.7 584.0 small-vehicle 0
616.0 576.5 626.8 590.9 596.3 613.6 585.5 599.1 small-vehicle 0
585.4 622.1 592.3 601.2 624.6 611.9 617.7 632.8 small-vehicle 0
575.7 664.0 578.8 642.3 620.4 648.1 617.3 669.9 small-vehicle 0
512.9 415.6 517.0 406.5 548.0 420.6 543.8 429.7 small-vehicle 0
506.4 397.0 508.3 387.2 553.5 396.0 551.6 405.8 small-vehicle 0
511.0 382.9 511.5 372.9 553.4 375.1 552.9 385.1 small-vehicle 0
549.4 344.8 552.6 354.3 520.3 365.0 517.2 355.5 small-vehicle 0
554.0 328.4 554.8 338.3 521.0 341.2 520.1 331.2 small-vehicle 0
548.5 304.8 552.3 314.0 524.5 325.2 520.7 316.0 small-vehicle 0
373.2 356.3 375.1 342.4 412.7 347.5 410.9 361.4 small-vehicle 0
445.4 341.5 457.4 359.9 429.0 378.5 416.9 360.1 small-vehicle 0
375.4 364.4 407.9 374.4 402.6 391.6 370.1 381.6 small-vehicle 0
410.1 418.2 413.3 396.4 442.9 400.8 439.7 422.6 small-vehicle 0
502.4 552.0 509.5 531.1 541.7 542.0 534.7 562.9 small-vehicle 0
546.3 454.0 547.4 464.0 505.7 469.0 504.6 459.0 small-vehicle 0
357.5 425.3 360.9 415.9 408.0 432.7 404.6 442.1 small-vehicle 0
540.4 424.6 544.1 446.3 502.6 453.4 498.9 431.7 small-vehicle 0
501.1 487.8 505.7 466.3 538.9 473.4 534.3 494.9 small-vehicle 0
439.5 424.7 441.1 434.5 411.5 439.3 409.9 429.5 small-vehicle 0
356.7 441.8 360.7 432.6 399.3 449.2 395.3 458.4 small-vehicle 0
499.4 503.4 501.0 493.5 538.6 499.6 537.0 509.5 small-vehicle 0
539.2 514.4 541.7 524.1 501.0 534.5 498.5 524.8 small-vehicle 0
401.4 457.9 408.1 437.0 436.6 446.1 429.9 467.0 small-vehicle 0
353.5 472.8 357.7 451.2 398.9 459.1 394.7 480.7 small-vehicle 0
443.5 461.8 445.8 467.4 399.6 486.5 397.3 481.0 small-vehicle 0
396.0 491.7 398.3 482.0 443.0 492.7 440.7 502.4 small-vehicle 0
438.8 497.7 442.4 507.1 403.2 522.3 399.6 512.9 small-vehicle 0
363.3 513.9 365.0 500.0 394.8 503.6 393.1 517.5 small-vehicle 0
32.6 7.4 40.9 27.8 5.7 42.1 -2.6 21.7 small-vehicle 0
