346.2 977.9 354.0 984.2 337.6 1004.4 329.9 998.1 small-vehicle 0
389.6 940.1 397.9 945.7 367.2 990.2 359.0 984.5 small-vehicle 0
363.0 986.3 371.1 992.1 353.6 1016.5 345.5 1010.7 small-vehicle 0
405.1 951.7 413.6 957.0 386.9 999.3 378.4 994.0 small-vehicle 0
384.7 993.7 395.2 1013.0 372.3 1025.3 361.8 1006.0 small-vehicle 0
425.1 961.3 433.0 967.3 402.6 1007.0 394.7 1000.9 small-vehicle 0
445.1 968.2 452.9 974.4 416.9 1019.8 409.1 1013.6 small-vehicle 0
459.0 976.9 467.3 982.4 439.7 1024.1 431.4 1018.5 small-vehicle 0
471.5 989.8 480.5 994.2 463.5 1028.2 454.5 1023.8 small-vehicle 0
551.7 773.7 559.9 779.4 531.3 820.3 523.1 814.6 small-vehicle 0
371.1 932.3 379.3 938.1 350.4 978.9 342.2 973.2 small-vehicle 0
328.4 967.6 335.6 974.6 317.6 993.4 310.4 986.4 small-vehicle 0
355.4 922.7 363.3 928.9 332.6 968.3 324.7 962.1 small-vehicle 0
312.5 955.4 319.4 962.7 300.5 980.6 293.6 973.3 small-vehicle 0
586.1 799.8 592.2 807.7 571.5 823.5 565.5 815.6 small-vehicle 0
392.6 788.8 411.5 800.0 388.0 839.6 369.1 828.3 small-vehicle 0
438.9 814.2 446.8 820.3 416.4 859.9 408.4 853.9 small-vehicle 0
452.3 824.3 460.5 830.1 433.7 867.6 425.6 861.8 small-vehicle 0
326.6 799.5 334.7 805.3 310.4 839.5 302.3 833.7 small-vehicle 0
344.4 804.8 352.9 810.1 328.6 849.2 320.1 843.9 small-vehicle 0
360.4 823.3 368.4 829.3 345.6 859.7 337.6 853.7 small-vehicle 0
381.4 832.6 389.0 839.1 361.8 871.1 354.2 864.6 small-vehicle 0
393.6 844.8 401.8 850.5 378.0 885.1 369.8 879.4 small-vehicle 0
408.6 857.1 416.3 863.4 397.3 886.6 389.6 880.3 small-vehicle 0
429.2 865.7 437.0 871.9 420.8 892.3 413.0 886.0 small-vehicle 0
473.7 829.4 482.0 835.0 454.3 876.6 446.0 871.0 small-vehicle 0
490.7 843.3 498.5 849.5 467.3 888.7 459.5 882.5 small-vehicle 0
450.8 878.5 456.7 886.6 435.6 901.8 429.7 893.7 small-vehicle 0
465.2 888.2 472.8 894.7 455.9 914.5 448.3 908.0 small-vehicle 0
511.4 843.3 520.0 848.4 492.5 894.8 483.9 889.7 small-vehicle 0
485.0 889.6 492.9 895.7 474.6 919.4 466.7 913.3 small-vehicle 0
529.5 859.5 537.0 866.1 506.5 900.5 499.0 893.9 small-vehicle 0
503.8 902.5 510.8 909.5 492.4 927.9 485.4 920.8 small-vehicle 0
538.4 873.1 552.9 883.8 525.6 920.9 511.1 910.2 small-vehicle 0
528.4 910.4 535.4 917.6 499.6 952.6 492.6 945.4 small-vehicle 0
539.8 921.6 547.5 928.0 520.7 960.3 513.0 953.9 small-vehicle 0
571.4 904.1 579.3 910.2 563.3 930.8 555.4 924.6 small-vehicle 0
553.2 937.9 560.8 944.4 543.8 964.1 536.2 957.6 small-vehicle 0
601.3 900.0 609.0 906.4 574.7 948.0 567.0 941.6 small-vehicle 0
321.8 898.9 329.9 904.9 298.0 948.4 289.9 942.5 small-vehicle 0
337.4 914.6 345.1 921.0 315.6 956.4 307.9 950.0 small-vehicle 0
567.1 787.9 574.7 794.5 554.9 817.1 547.4 810.5 small-vehicle 0
534.1 767.4 541.5 774.1 513.2 805.2 505.8 798.4 small-vehicle 0
865.5 951.9 882.5 965.9 863.5 989.1 846.5 975.1 small-vehicle 0
551.4 727.9 564.6 740.2 536.0 771.0 522.8 758.7 small-vehicle 0
268.3 721.8 291.0 734.5 266.7 778.2 244.0 765.5 small-vehicle 0
254.0 775.5 259.8 783.6 238.6 798.7 232.8 790.5 small-vehicle 0
273.0 777.8 280.8 784.2 254.1 816.6 246.3 810.2 small-vehicle 0
293.0 789.1 299.7 796.5 268.6 824.7 261.9 817.3 small-vehicle 0
318.2 797.6 321.4 802.7 285.9 825.2 282.7 820.1 small-vehicle 0
40.3 899.9 53.2 882.1 80.7 902.1 67.8 919.9 small-vehicle 0
145.6 874.1 147.4 875.1 146.4 876.9 144.6 875.9 small-vehicle 0
176.5 866.8 183.8 873.6 152.5 907.2 145.2 900.4 small-vehicle 0
205.1 842.1 214.2 846.2 193.9 891.9 184.8 887.8 small-vehicle 0
183.1 886.6 191.2 892.4 175.9 913.5 167.9 907.6 small-vehicle 0
232.8 853.9 239.8 861.0 204.2 896.1 197.2 889.0 small-vehicle 0
213.2 896.3 218.9 904.5 184.4 928.5 178.7 920.3 small-vehicle 0
224.3 904.0 232.5 909.7 208.5 944.2 200.3 938.5 small-vehicle 0
246.5 862.2 254.6 868.0 225.6 908.7 217.4 902.9 small-vehicle 0
269.4 874.9 276.0 882.3 238.8 915.8 232.2 908.3 small-vehicle 0
236.9 919.3 245.4 924.5 229.5 950.0 221.1 944.7 small-vehicle 0
279.1 886.4 287.4 891.9 259.9 933.6 251.6 928.1 small-vehicle 0
298.0 890.6 306.6 895.7 281.0 938.7 272.4 933.5 small-vehicle 0
257.0 927.6 264.9 933.7 249.0 954.4 241.1 948.3 small-vehicle 0
253.1 994.0 276.0 911.1 289.5 914.8 266.6 997.7 small-vehicle 0
297.0 946.0 304.3 952.9 283.6 974.6 276.4 967.8 small-vehicle 0
103.5 939.6 124.9 954.2 99.0 992.2 77.6 977.6 small-vehicle 0
79.6 997.1 81.4 998.1 80.4 999.9 78.6 998.9 small-vehicle 0
146.0 961.3 153.8 967.6 124.8 1003.2 117.0 996.9 small-vehicle 0
160.1 969.1 176.3 984.0 147.9 1014.9 131.7 1000.0 small-vehicle 0
180.9 1004.5 189.5 999.4 200.7 1018.3 192.1 1023.4 small-vehicle 0
504.6 384.1 521.8 397.8 495.6 430.6 478.4 416.9 small-vehicle 0
382.7 514.2 404.2 528.9 375.8 570.1 354.4 555.4 small-vehicle 0
411.0 536.9 428.7 561.2 401.2 581.2 383.6 556.9 small-vehicle 0
477.7 520.5 494.9 534.2 461.3 576.5 444.1 562.8 small-vehicle 0
544.9 557.6 566.1 572.7 537.1 613.4 515.9 598.3 small-vehicle 0
588.3 585.8 595.9 592.3 560.7 633.2 553.1 626.7 small-vehicle 0
522.4 596.4 546.0 615.0 519.9 648.0 496.4 629.4 small-vehicle 0
368.1 660.6 390.7 673.5 363.9 720.4 341.3 707.5 small-vehicle 0
399.0 685.1 426.4 705.2 404.0 735.9 376.6 715.8 small-vehicle 0
459.3 674.5 477.0 687.5 449.7 724.5 432.0 711.5 small-vehicle 0
484.3 738.5 490.6 746.3 457.7 772.5 451.4 764.7 small-vehicle 0
493.0 738.0 511.4 750.1 486.3 788.6 467.9 776.5 small-vehicle 0
988.7 67.5 1001.6 49.7 1029.2 69.6 1016.3 87.4 small-vehicle 0
903.2 140.8 918.5 156.6 885.5 188.6 870.2 172.8 small-vehicle 0
932.8 210.3 948.4 225.7 921.7 252.8 906.1 237.3 small-vehicle 0
975.6 232.6 1000.2 241.0 985.3 284.5 960.7 276.1 small-vehicle 0
900.2 605.3 908.3 611.1 879.5 651.9 871.3 646.2 small-vehicle 0
909.8 606.0 929.8 615.2 908.8 660.6 888.9 651.4 small-vehicle 0
897.9 657.4 904.6 664.9 876.3 690.2 869.6 682.8 small-vehicle 0
915.8 662.7 923.3 669.3 892.9 703.9 885.4 697.3 small-vehicle 0
937.0 674.4 944.5 680.9 917.0 712.6 909.5 706.1 small-vehicle 0
962.5 626.6 970.2 632.9 935.9 674.6 928.2 668.3 small-vehicle 0
977.9 637.6 985.7 643.9 956.9 679.8 949.1 673.5 small-vehicle 0
983.4 670.6 984.4 672.3 982.7 673.3 981.7 671.6 small-vehicle 0
947.5 703.2 948.8 704.6 947.4 706.0 946.0 704.6 small-vehicle 0
977.7 719.3 979.2 720.6 977.8 722.1 976.4 720.7 small-vehicle 0
850.9 732.5 859.3 738.0 834.1 776.5 825.7 771.0 small-vehicle 0
867.9 746.5 876.2 752.0 850.7 790.3 842.4 784.8 small-vehicle 0
847.5 790.4 853.6 798.3 833.1 814.3 827.0 806.4 small-vehicle 0
886.2 750.2 894.8 755.3 869.5 798.4 860.8 793.3 small-vehicle 0
862.5 796.3 870.5 802.2 852.7 826.3 844.7 820.4 small-vehicle 0
904.9 761.5 913.2 767.1 885.1 808.5 876.8 802.9 small-vehicle 0
933.3 765.4 940.4 772.4 905.4 808.1 898.3 801.1 small-vehicle 0
889.5 799.4 896.8 806.2 862.5 842.6 855.2 835.8 small-vehicle 0
900.4 816.2 907.8 823.0 882.0 851.0 874.7 844.2 small-vehicle 0
943.4 783.2 951.1 789.6 919.4 828.2 911.7 821.8 small-vehicle 0
917.0 828.4 923.9 835.7 905.0 853.6 898.1 846.3 small-vehicle 0
952.1 788.7 970.6 800.8 943.2 842.6 924.8 830.6 small-vehicle 0
928.6 833.9 945.9 847.4 927.4 871.1 910.1 857.6 small-vehicle 0
859.9 891.5 867.9 897.4 838.1 937.5 830.1 931.6 small-vehicle 0
874.2 896.5 883.2 900.8 860.2 949.7 851.2 945.4 small-vehicle 0
853.0 945.7 860.3 952.5 839.9 974.5 832.6 967.6 small-vehicle 0
892.1 905.6 910.5 917.7 882.9 959.4 864.5 947.3 small-vehicle 0
883.4 652.2 886.8 661.6 858.6 671.8 855.2 662.4 small-vehicle 0
855.6 639.2 864.1 644.4 850.5 666.6 842.0 661.3 small-vehicle 0
884.4 590.1 892.8 595.5 863.6 640.9 855.2 635.5 small-vehicle 0
958.0 320.6 978.7 336.2 948.7 376.1 927.9 360.5 small-vehicle 0
979.4 336.3 1005.0 358.6 972.2 396.4 946.6 374.1 small-vehicle 0
907.6 343.1 915.4 349.4 883.6 388.0 875.9 381.7 small-vehicle 0
919.6 359.5 927.5 365.6 909.2 389.4 901.2 383.2 small-vehicle 0
936.9 369.5 944.4 376.1 924.6 398.6 917.1 392.0 small-vehicle 0
952.5 381.6 959.9 388.4 939.5 410.4 932.1 403.6 small-vehicle 0
966.1 388.7 984.4 400.9 965.4 429.2 947.2 416.9 small-vehicle 0
854.9 423.0 873.1 435.5 844.7 476.7 826.6 464.2 small-vehicle 0
895.0 448.1 903.0 454.1 872.9 494.1 864.9 488.0 small-vehicle 0
967.8 478.6 987.5 461.6 1012.2 490.4 992.5 507.4 small-vehicle 0
913.4 458.0 921.4 464.1 888.6 507.0 880.6 500.9 small-vehicle 0
853.8 477.7 861.6 483.9 845.3 504.2 837.5 497.9 small-vehicle 0
869.9 494.5 877.3 501.3 857.1 523.5 849.7 516.7 small-vehicle 0
886.4 503.0 894.4 508.9 876.6 533.0 868.6 527.1 small-vehicle 0
931.0 466.9 939.1 472.7 909.9 513.3 901.8 507.5 small-vehicle 0
904.4 512.1 912.2 518.2 893.7 541.8 885.8 535.6 small-vehicle 0
949.3 482.3 956.4 489.3 923.8 521.8 916.7 514.7 small-vehicle 0
922.5 516.7 935.7 528.9 909.8 556.8 896.6 544.5 small-vehicle 0
968.3 486.6 976.4 492.5 944.4 536.0 936.3 530.1 small-vehicle 0
982.2 494.7 1000.6 506.8 968.8 555.3 950.4 543.2 small-vehicle 0
961.4 547.4 965.3 552.0 942.6 571.6 938.7 567.0 small-vehicle 0
980.7 541.0 989.2 546.2 967.3 582.0 958.8 576.8 small-vehicle 0
1002.8 554.2 1010.5 560.5 981.5 596.1 973.7 589.8 small-vehicle 0
846.9 575.5 855.1 581.3 826.3 622.1 818.1 616.4 small-vehicle 0
866.5 585.7 874.5 591.6 845.1 632.0 837.0 626.1 small-vehicle 0
841.4 629.8 849.0 636.3 829.6 659.2 822.0 652.7 small-vehicle 0
806.4 607.5 814.2 613.8 797.9 634.1 790.1 627.8 small-vehicle 0
597.7 586.4 616.7 597.4 593.5 637.2 574.5 626.1 small-vehicle 0
638.8 618.0 646.0 624.9 614.2 658.0 607.0 651.1 small-vehicle 0
657.5 631.1 664.0 638.7 629.1 668.7 622.6 661.1 small-vehicle 0
665.4 632.5 683.9 644.5 656.6 686.4 638.2 674.4 small-vehicle 0
692.0 643.8 700.3 649.4 672.5 690.9 664.2 685.4 small-vehicle 0
709.8 654.2 718.0 659.9 689.2 700.8 681.0 695.1 small-vehicle 0
717.0 673.7 725.7 678.6 713.0 701.3 704.3 696.4 small-vehicle 0
616.1 662.9 622.1 671.0 601.2 686.5 595.2 678.5 small-vehicle 0
629.8 674.1 637.1 681.0 619.2 699.8 611.9 692.9 small-vehicle 0
639.5 675.5 661.0 690.0 646.5 711.5 625.0 697.0 small-vehicle 0
684.6 699.2 692.4 705.6 673.4 728.8 665.6 722.4 small-vehicle 0
702.2 707.8 710.2 713.8 694.6 734.6 686.6 728.6 small-vehicle 0
745.6 671.8 753.7 677.6 724.8 718.4 716.7 712.6 small-vehicle 0
719.0 717.3 727.2 723.0 710.0 747.7 701.8 742.0 small-vehicle 0
764.6 688.5 772.4 694.8 743.4 730.5 735.6 724.2 small-vehicle 0
735.3 728.1 743.5 733.9 728.5 755.1 720.3 749.3 small-vehicle 0
756.9 741.0 764.6 747.4 747.9 767.4 740.2 761.0 small-vehicle 0
779.3 695.1 787.9 700.2 762.2 743.1 753.6 738.0 small-vehicle 0
790.0 717.2 798.7 722.1 786.0 744.8 777.3 739.9 small-vehicle 0
818.4 715.6 825.9 722.2 795.5 756.7 788.0 750.1 small-vehicle 0
832.6 724.7 841.1 730.0 814.4 772.3 805.9 767.0 small-vehicle 0
774.6 749.9 782.9 755.5 768.4 777.1 760.1 771.5 small-vehicle 0
791.0 756.3 799.5 761.5 786.0 783.7 777.5 778.5 small-vehicle 0
809.0 766.5 817.1 772.3 802.0 793.5 793.9 787.7 small-vehicle 0
826.9 775.8 834.6 782.2 818.1 802.2 810.4 795.8 small-vehicle 0
605.6 752.2 614.1 757.6 587.4 799.8 578.9 794.4 small-vehicle 0
619.0 755.9 638.6 765.9 615.8 810.4 596.2 800.4 small-vehicle 0
826.0 617.5 833.1 624.6 814.8 643.0 807.7 636.0 small-vehicle 0
788.7 601.7 796.0 608.6 778.2 627.5 770.9 620.7 small-vehicle 0
625.8 810.1 633.5 816.4 604.2 851.9 596.5 845.6 small-vehicle 0
762.3 589.9 778.0 598.8 763.3 624.9 747.6 616.0 small-vehicle 0
714.3 391.6 731.0 411.6 698.7 438.4 682.0 418.4 small-vehicle 0
768.6 376.1 777.3 381.1 750.4 427.9 741.7 422.9 small-vehicle 0
786.2 383.5 801.6 392.9 777.4 432.1 762.1 422.6 small-vehicle 0
741.9 425.2 755.6 436.9 736.1 459.8 722.4 448.1 small-vehicle 0
785.6 437.5 793.7 443.5 766.4 480.5 758.3 474.5 small-vehicle 0
803.1 443.2 811.3 448.9 780.3 493.1 772.1 487.4 small-vehicle 0
817.9 453.1 833.7 468.4 810.1 492.9 794.3 477.6 small-vehicle 0
675.0 474.1 682.5 480.7 649.6 518.2 642.0 511.6 small-vehicle 0
644.3 517.2 652.2 523.4 633.9 547.1 625.9 541.0 small-vehicle 0
693.0 488.1 700.2 495.0 668.4 528.2 661.2 521.3 small-vehicle 0
665.6 530.3 671.5 538.4 650.4 553.7 644.5 545.6 small-vehicle 0
705.4 502.3 713.0 508.9 682.7 543.5 675.1 537.0 small-vehicle 0
674.9 543.6 683.3 548.9 667.2 574.3 658.8 568.9 small-vehicle 0
720.2 507.2 734.1 518.7 702.1 557.2 688.3 545.7 small-vehicle 0
697.4 553.7 704.6 560.6 683.9 582.3 676.7 575.4 small-vehicle 0
723.3 556.6 733.2 576.3 699.3 593.4 689.4 573.8 small-vehicle 0
731.2 571.6 740.0 576.2 726.2 602.8 717.4 598.2 small-vehicle 0
764.5 527.2 771.8 534.0 735.0 573.5 727.7 566.7 small-vehicle 0
778.5 535.4 786.5 541.3 759.5 578.6 751.5 572.7 small-vehicle 0
798.1 545.5 805.8 551.9 771.4 593.5 763.7 587.1 small-vehicle 0
812.3 556.0 820.3 562.0 790.4 602.1 782.4 596.1 small-vehicle 0
832.1 563.6 840.0 569.8 809.1 609.1 801.2 602.9 small-vehicle 0
751.2 582.0 759.1 588.2 740.5 611.7 732.6 605.5 small-vehicle 0
603.9 807.1 610.9 814.3 592.3 832.4 585.3 825.3 small-vehicle 0
663.7 782.4 671.7 788.4 639.3 831.6 631.3 825.6 small-vehicle 0
640.3 986.0 648.8 991.2 635.3 1013.4 626.8 1008.2 small-vehicle 0
659.9 993.2 668.6 998.1 655.7 1020.7 647.0 1015.8 small-vehicle 0
705.9 961.3 713.2 968.0 679.4 1004.9 672.1 998.1 small-vehicle 0
722.7 970.1 731.0 975.7 698.4 1023.7 690.2 1018.0 small-vehicle 0
715.7 1018.0 732.2 983.8 744.8 989.8 728.3 1024.1 small-vehicle 0
732.4 1023.7 756.1 984.3 768.1 991.5 744.4 1031.0 small-vehicle 0
685.1 951.7 693.0 957.8 664.9 994.3 657.0 988.2 small-vehicle 0
664.8 941.6 673.6 946.3 650.2 990.4 641.4 985.7 small-vehicle 0
637.4 830.7 644.4 837.9 622.9 858.8 615.9 851.6 small-vehicle 0
627.3 978.5 634.4 985.6 613.1 1006.7 606.0 999.6 small-vehicle 0
677.3 790.2 694.9 803.4 662.4 846.6 644.8 833.4 small-vehicle 0
653.8 838.9 661.7 845.1 643.2 868.7 635.3 862.6 small-vehicle 0
641.8 902.8 674.4 823.3 691.1 830.1 658.5 909.7 small-vehicle 0
699.2 804.4 707.3 810.3 678.2 850.9 670.1 845.1 small-vehicle 0
706.7 825.0 714.9 830.8 699.8 852.0 691.6 846.2 small-vehicle 0
733.4 819.2 741.8 824.6 714.7 866.6 706.3 861.2 small-vehicle 0
689.7 858.7 697.9 864.5 682.8 885.7 674.7 879.9 small-vehicle 0
705.5 865.7 714.2 870.6 701.4 893.2 692.7 888.3 small-vehicle 0
725.8 873.1 733.8 879.1 718.2 899.9 710.2 893.9 small-vehicle 0
752.8 831.2 760.7 837.3 732.8 873.9 724.9 867.8 small-vehicle 0
768.8 843.4 776.3 850.0 743.2 887.6 735.7 881.0 small-vehicle 0
743.5 888.3 750.7 895.2 732.8 914.0 725.6 907.1 small-vehicle 0
789.6 848.1 797.8 853.9 766.4 897.9 758.2 892.1 small-vehicle 0
759.1 894.1 767.6 899.3 751.9 924.9 743.4 919.7 small-vehicle 0
802.5 860.3 810.9 865.8 783.5 907.7 775.1 902.2 small-vehicle 0
778.0 902.6 786.6 907.7 773.3 930.0 764.7 924.9 small-vehicle 0
819.1 870.1 827.7 875.3 804.0 914.7 795.4 909.6 small-vehicle 0
798.5 914.7 806.3 920.9 787.7 944.4 779.9 938.2 small-vehicle 0
841.5 883.2 849.1 889.6 819.5 924.8 811.9 918.4 small-vehicle 0
815.1 924.0 823.1 930.1 804.9 954.0 796.9 947.9 small-vehicle 0
833.3 933.8 841.5 939.6 826.5 960.8 818.3 955.1 small-vehicle 0
610.7 910.5 619.4 915.3 595.5 959.2 586.7 954.4 small-vehicle 0
572.6 946.4 580.1 953.0 560.4 975.6 552.9 969.0 small-vehicle 0
589.0 953.5 597.1 959.3 582.0 980.5 573.9 974.7 small-vehicle 0
633.4 918.1 641.5 924.0 609.5 967.5 601.5 961.6 small-vehicle 0
605.5 966.2 613.9 971.7 597.3 996.7 589.0 991.2 small-vehicle 0
650.5 931.0 658.3 937.3 626.9 976.2 619.1 969.9 small-vehicle 0
231.0 703.7 254.4 722.6 228.0 755.3 204.6 736.4 small-vehicle 0
