439.0 581.9 455.5 561.9 491.0 591.1 474.5 611.1 small-vehicle 0
540.9 620.1 575.2 573.4 683.1 652.9 648.8 699.6 large-vehicle 0
267.5 998.8 273.3 990.7 301.0 1010.4 295.2 1018.5 small-vehicle 0
210.3 992.4 216.0 984.2 253.7 1010.6 248.0 1018.8 small-vehicle 0
276.3 978.9 282.5 971.0 306.1 989.4 300.0 997.3 small-vehicle 0
217.9 973.3 222.9 964.6 266.1 989.7 261.1 998.4 small-vehicle 0
229.8 952.7 235.4 944.4 280.1 974.6 274.5 982.9 small-vehicle 0
275.7 871.4 282.1 863.7 323.3 898.6 316.9 906.3 small-vehicle 0
128.7 817.7 134.9 809.9 177.3 843.3 171.1 851.1 small-vehicle 0
171.0 852.8 190.5 825.0 215.0 842.2 195.5 870.0 small-vehicle 0
159.3 857.3 165.7 849.6 204.5 881.1 198.1 888.9 small-vehicle 0
157.5 885.5 163.7 877.7 190.3 899.0 184.0 906.8 small-vehicle 0
296.9 839.6 309.7 821.7 347.1 848.4 334.3 866.3 small-vehicle 0
290.3 851.3 296.8 843.7 331.7 873.7 325.2 881.3 small-vehicle 0
313.6 908.8 335.5 882.8 358.4 902.2 336.5 928.2 small-vehicle 0
286.8 957.7 292.4 949.4 317.2 966.3 311.6 974.6 small-vehicle 0
135.5 899.3 141.3 891.1 188.5 924.7 182.7 932.9 small-vehicle 0
137.3 928.6 143.3 920.6 167.3 938.7 161.2 946.7 small-vehicle 0
266.0 888.6 272.4 880.9 314.0 915.4 307.6 923.1 small-vehicle 0
250.5 911.7 256.5 903.7 299.5 936.3 293.5 944.3 small-vehicle 0
295.0 941.9 309.5 925.3 332.0 945.1 317.5 961.7 small-vehicle 0
233.0 925.1 239.2 917.2 285.0 952.9 278.8 960.8 small-vehicle 0
372.6 1018.2 378.6 1005.5 413.0 1021.6 407.1 1034.3 small-vehicle 0
418.1 1020.3 420.5 1010.6 461.3 1020.7 458.8 1030.5 small-vehicle 0
380.7 985.7 387.2 978.1 422.3 1007.8 415.8 1015.4 small-vehicle 0
474.0 818.5 489.4 797.5 529.8 826.9 514.4 847.9 small-vehicle 0
582.9 939.5 589.5 932.0 626.9 965.2 620.3 972.7 small-vehicle 0
590.2 919.0 596.5 911.2 638.6 945.0 632.4 952.8 small-vehicle 0
492.5 869.5 498.6 861.6 541.5 894.5 535.4 902.4 small-vehicle 0
468.9 829.3 475.1 821.4 511.3 849.9 505.1 857.7 small-vehicle 0
516.5 855.3 523.0 847.7 545.8 867.3 539.3 874.8 small-vehicle 0
366.0 820.7 383.0 801.0 423.9 836.3 406.9 855.9 small-vehicle 0
527.3 811.7 533.4 803.8 569.9 831.7 563.9 839.6 small-vehicle 0
434.7 995.2 440.3 987.0 465.0 1004.0 459.3 1012.3 small-vehicle 0
527.2 838.1 532.6 829.7 557.8 845.9 552.4 854.3 small-vehicle 0
630.1 967.8 636.2 959.9 659.9 978.2 653.8 986.1 small-vehicle 0
641.5 947.6 648.0 940.0 670.8 959.5 664.2 967.1 small-vehicle 0
766.5 875.5 783.6 889.3 752.3 928.2 735.1 914.4 small-vehicle 0
603.3 693.8 626.0 663.4 662.9 690.8 640.2 721.3 small-vehicle 0
661.8 895.0 677.5 874.3 714.2 902.0 698.5 922.7 small-vehicle 0
611.9 990.1 620.6 979.2 644.1 997.9 635.4 1008.8 small-vehicle 0
562.7 956.6 569.0 948.8 607.8 980.4 601.4 988.1 small-vehicle 0
332.4 862.1 353.6 835.6 392.6 866.9 371.4 893.4 small-vehicle 0
475.3 884.5 481.4 876.6 527.3 912.2 521.1 920.1 small-vehicle 0
480.7 918.8 485.8 910.2 511.6 925.5 506.5 934.1 small-vehicle 0
432.2 895.5 447.7 874.7 487.8 904.5 472.3 925.3 small-vehicle 0
404.1 928.3 423.4 905.3 461.6 937.5 442.3 960.5 small-vehicle 0
464.0 932.7 469.6 924.4 511.0 952.3 505.4 960.6 small-vehicle 0
448.6 943.8 454.8 936.0 497.2 969.5 491.0 977.3 small-vehicle 0
449.3 967.0 456.4 959.9 477.7 981.0 470.6 988.1 small-vehicle 0
396.0 947.1 401.6 938.8 443.0 966.9 437.3 975.2 small-vehicle 0
388.9 964.3 394.8 956.2 435.1 985.7 429.2 993.8 small-vehicle 0
554.1 980.0 560.0 971.9 600.2 1001.7 594.3 1009.7 small-vehicle 0
544.3 998.3 550.6 990.5 589.7 1021.7 583.4 1029.5 small-vehicle 0
142.8 796.6 149.0 788.8 191.2 822.4 185.0 830.2 small-vehicle 0
158.6 779.7 164.9 771.8 200.8 800.6 194.5 808.4 small-vehicle 0
313.3 795.6 332.8 772.8 370.7 805.4 351.2 828.2 small-vehicle 0
208.8 793.1 223.6 771.8 248.2 788.9 233.4 810.2 small-vehicle 0
31.9 466.5 53.1 439.9 89.1 468.5 67.9 495.1 small-vehicle 0
58.3 755.2 63.4 746.6 92.7 763.8 87.6 772.4 small-vehicle 0
7.9 731.9 24.1 711.5 60.1 740.1 43.9 760.5 small-vehicle 0
60.1 740.3 73.9 718.3 112.9 742.7 99.1 764.7 small-vehicle 0
81.3 703.3 98.1 673.7 138.1 696.4 121.3 726.0 small-vehicle 0
59.1 648.9 64.6 640.6 102.9 666.1 97.4 674.4 small-vehicle 0
62.7 625.0 68.9 617.2 108.3 648.0 102.1 655.8 small-vehicle 0
69.7 385.9 90.7 359.2 136.3 395.1 115.3 421.8 small-vehicle 0
171.5 442.0 190.4 418.8 226.1 447.8 207.2 471.0 small-vehicle 0
209.6 437.4 249.4 384.7 321.2 438.9 281.4 491.6 large-vehicle 0
248.2 711.9 264.3 686.6 299.8 709.1 283.7 734.4 small-vehicle 0
239.1 722.8 247.9 711.9 286.9 743.2 278.1 754.1 small-vehicle 0
166.3 743.3 184.3 719.3 227.5 751.7 209.5 775.7 small-vehicle 0
163.7 762.7 169.2 754.3 211.1 781.7 205.6 790.1 small-vehicle 0
117.1 838.4 122.8 830.2 163.9 858.6 158.2 866.8 small-vehicle 0
28.2 795.9 43.8 775.1 83.8 805.1 68.2 825.9 small-vehicle 0
26.5 807.1 33.2 799.6 70.5 832.9 63.8 840.4 small-vehicle 0
105.5 857.6 111.2 849.4 155.5 880.4 149.8 888.6 small-vehicle 0
98.6 875.3 104.6 867.4 138.0 892.9 132.0 900.8 small-vehicle 0
88.9 898.8 94.9 890.8 138.1 923.2 132.1 931.2 small-vehicle 0
122.5 945.1 128.4 937.0 152.5 954.9 146.6 963.0 small-vehicle 0
80.7 913.5 87.7 906.4 123.3 941.5 116.3 948.6 small-vehicle 0
66.6 935.7 72.9 928.0 108.4 957.3 102.1 965.0 small-vehicle 0
54.4 961.1 59.1 952.3 99.8 973.6 95.2 982.5 small-vehicle 0
80.4 1005.7 99.1 972.7 142.6 997.3 123.9 1030.3 small-vehicle 0
-14.3 846.9 8.8 827.8 40.7 866.3 17.6 885.4 small-vehicle 0
