725.3 442.2 730.4 455.2 713.7 461.8 708.6 448.8 small-vehicle 0
228.5 -4.8 232.9 12.7 188.3 23.9 183.9 6.4 large-vehicle 0
184.0 20.7 185.3 14.9 230.3 24.3 229.1 30.2 large-vehicle 0
179.9 27.6 182.1 22.0 232.1 42.4 229.9 48.0 large-vehicle 0
177.3 47.4 178.1 41.5 231.7 48.6 230.9 54.5 large-vehicle 0
226.0 50.1 228.0 55.8 181.0 72.9 179.0 67.2 large-vehicle 0
176.3 96.6 178.1 90.9 225.7 106.4 223.9 112.1 large-vehicle 0
706.8 468.2 723.6 461.7 728.6 474.7 711.9 481.2 small-vehicle 0
298.1 -0.0 304.0 -1.3 313.0 39.7 307.1 41.0 large-vehicle 0
313.6 -4.2 319.6 -4.7 323.4 41.2 317.4 41.7 large-vehicle 0
334.7 -3.5 340.6 -2.1 329.3 42.5 323.4 41.1 large-vehicle 0
350.1 -3.0 355.8 -1.0 338.9 46.0 333.2 44.0 large-vehicle 0
364.4 -1.2 369.9 1.1 350.6 47.2 345.1 44.9 large-vehicle 0
370.7 0.8 376.6 1.5 371.3 47.2 365.4 46.5 large-vehicle 0
386.2 0.4 392.1 1.5 382.8 50.6 376.9 49.5 large-vehicle 0
407.5 2.2 413.5 2.2 413.5 52.2 407.5 52.2 large-vehicle 0
424.4 3.8 430.3 4.7 422.5 54.1 416.6 53.1 large-vehicle 0
438.4 2.9 444.3 3.8 436.6 57.2 430.7 56.4 large-vehicle 0
432.4 5.3 437.7 2.4 467.6 56.7 462.3 59.6 large-vehicle 0
495.6 8.5 501.3 10.5 483.4 61.5 477.7 59.5 large-vehicle 0
528.8 18.0 534.3 15.5 555.2 61.0 549.7 63.5 large-vehicle 0
587.7 17.7 593.3 19.9 575.3 66.6 569.7 64.4 large-vehicle 0
600.3 18.6 605.9 20.8 587.7 67.4 582.1 65.2 large-vehicle 0
306.2 237.9 310.7 234.0 337.8 266.1 333.3 270.0 large-vehicle 0
440.8 172.5 466.7 169.7 470.2 203.5 444.3 206.3 large-vehicle 0
549.7 176.5 553.6 138.7 599.4 143.5 595.4 181.2 large-vehicle 0
739.1 209.4 764.2 193.1 784.9 224.9 759.7 241.3 large-vehicle 0
766.9 7.3 792.9 5.8 795.1 43.7 769.1 45.2 large-vehicle 0
299.1 260.4 300.2 254.5 317.9 257.6 316.8 263.5 large-vehicle 0
261.3 240.1 268.5 233.2 305.7 272.4 298.4 279.3 large-vehicle 0
338.6 135.4 346.4 94.2 403.4 104.9 395.6 146.1 large-vehicle 0
485.5 9.8 490.9 12.5 468.4 57.1 463.0 54.4 large-vehicle 0
606.1 19.4 612.1 19.6 610.9 69.6 604.9 69.4 large-vehicle 0
620.1 19.9 626.1 20.2 623.9 70.1 617.9 69.8 large-vehicle 0
292.0 129.1 292.8 79.1 338.8 79.9 338.0 129.9 large-vehicle 0
270.5 125.4 276.5 125.6 275.5 171.6 269.5 171.4 large-vehicle 0
294.0 125.8 299.4 128.5 277.0 173.2 271.6 170.5 large-vehicle 0
392.8 2.4 398.8 1.8 404.1 51.5 398.1 52.1 large-vehicle 0
524.9 16.0 530.1 19.0 507.1 58.9 501.9 55.9 large-vehicle 0
386.2 136.8 412.0 133.5 416.8 171.2 391.0 174.5 large-vehicle 0
545.6 23.3 551.2 21.1 565.4 56.4 559.8 58.6 large-vehicle 0
495.5 11.2 501.4 10.3 508.5 59.8 502.6 60.7 large-vehicle 0
292.1 169.0 303.4 124.4 320.9 128.8 309.6 173.4 large-vehicle 0
325.0 172.3 326.1 126.3 344.0 126.7 342.9 172.7 large-vehicle 0
370.1 132.8 377.4 139.6 348.9 170.4 341.6 163.6 large-vehicle 0
377.8 131.9 387.8 131.1 391.1 172.9 381.2 173.7 large-vehicle 0
170.8 112.3 171.6 106.4 225.2 113.7 224.4 119.6 large-vehicle 0
218.8 142.7 220.7 148.4 169.4 165.2 167.5 159.5 large-vehicle 0
166.3 164.3 167.4 158.4 220.5 168.7 219.3 174.5 large-vehicle 0
236.7 990.1 237.9 991.7 236.3 992.9 235.1 991.3 small-vehicle 0
268.4 983.1 273.9 985.5 266.6 1001.9 261.1 999.5 small-vehicle 0
276.5 981.9 291.6 991.8 279.5 1010.1 264.4 1000.2 small-vehicle 0
288.6 995.4 290.6 995.6 290.4 997.6 288.4 997.4 small-vehicle 0
312.1 987.7 317.4 990.5 308.9 1006.3 303.6 1003.5 small-vehicle 0
316.1 990.6 329.4 995.1 324.9 1008.4 311.6 1003.9 small-vehicle 0
374.2 839.7 383.8 849.9 370.8 862.3 361.2 852.1 small-vehicle 0
487.5 556.6 502.1 567.2 491.5 581.8 477.0 571.2 small-vehicle 0
425.6 606.8 427.1 605.5 428.4 607.0 426.9 608.3 small-vehicle 0
420.7 515.0 434.4 518.2 430.3 535.8 416.6 532.6 small-vehicle 0
378.8 527.7 388.8 547.3 369.2 557.3 359.2 537.7 small-vehicle 0
363.6 510.4 366.7 532.2 344.9 535.3 341.8 513.5 small-vehicle 0
490.0 454.7 495.4 457.4 491.0 466.3 485.6 463.6 small-vehicle 0
500.6 454.9 506.1 457.3 500.4 470.1 494.9 467.7 small-vehicle 0
509.2 462.0 511.0 461.2 511.8 463.0 510.0 463.8 small-vehicle 0
513.2 444.5 513.8 434.5 531.8 435.5 531.2 445.5 small-vehicle 0
251.8 984.9 257.7 984.3 259.8 1006.2 253.9 1006.8 small-vehicle 0
305.3 438.2 314.4 448.9 294.7 465.8 285.6 455.1 small-vehicle 0
164.9 176.8 166.1 170.9 219.1 181.2 217.9 187.1 large-vehicle 0
322.9 365.1 331.4 376.3 317.0 387.1 308.6 376.0 small-vehicle 0
272.5 746.3 278.4 747.3 271.5 788.7 265.6 787.7 large-vehicle 0
283.5 747.4 289.5 747.6 288.5 789.6 282.5 789.4 large-vehicle 0
296.2 747.3 302.2 747.3 301.8 793.3 295.8 793.3 large-vehicle 0
313.6 745.1 319.5 746.2 310.4 795.4 304.5 794.3 large-vehicle 0
326.0 750.0 331.9 751.0 324.0 796.3 318.1 795.3 large-vehicle 0
341.2 748.9 347.1 750.2 336.8 799.1 330.9 797.8 large-vehicle 0
353.6 753.0 359.4 754.4 348.4 799.0 342.6 797.6 large-vehicle 0
357.3 753.3 363.2 752.3 370.7 797.7 364.8 798.7 large-vehicle 0
373.8 753.5 379.8 753.5 380.2 799.5 374.2 799.5 large-vehicle 0
382.7 754.5 388.6 753.3 397.3 798.5 391.4 799.7 large-vehicle 0
408.6 759.2 414.1 761.4 398.3 800.3 392.8 798.1 large-vehicle 0
418.6 763.9 424.3 765.6 414.4 798.1 408.7 796.4 large-vehicle 0
441.2 650.8 442.1 649.0 443.9 649.9 443.0 651.7 small-vehicle 0
283.9 361.0 288.6 378.4 275.1 382.0 270.4 364.6 small-vehicle 0
305.3 364.9 310.4 377.9 293.7 384.5 288.6 371.4 small-vehicle 0
540.1 442.1 541.4 440.6 542.9 441.9 541.6 443.4 small-vehicle 0
561.5 443.4 561.5 441.4 563.5 441.5 563.5 443.5 small-vehicle 0
580.2 445.4 582.1 444.7 582.8 446.6 580.9 447.3 small-vehicle 0
483.0 437.2 484.4 438.6 483.0 440.0 481.6 438.6 small-vehicle 0
571.8 338.9 573.4 337.7 584.2 352.1 582.6 353.3 small-vehicle 0
571.9 336.4 575.3 345.8 562.1 350.6 558.7 341.2 small-vehicle 0
593.2 294.4 595.0 293.5 595.9 295.3 594.1 296.2 small-vehicle 0
532.5 292.9 535.3 310.7 513.5 314.1 510.7 296.3 small-vehicle 0
459.2 284.8 461.2 285.2 460.8 287.2 458.8 286.8 small-vehicle 0
445.8 270.3 462.2 277.7 453.2 297.7 436.8 290.3 small-vehicle 0
435.5 276.8 441.4 276.3 442.5 290.2 436.6 290.7 small-vehicle 0
443.1 262.7 443.8 264.6 441.9 265.3 441.2 263.4 small-vehicle 0
423.7 275.4 437.1 279.7 430.3 300.6 416.9 296.3 small-vehicle 0
417.3 272.7 423.1 274.5 417.7 291.7 412.0 289.9 small-vehicle 0
404.7 271.9 410.7 272.1 410.3 290.1 404.3 289.9 small-vehicle 0
399.7 271.2 404.9 274.1 392.3 296.8 387.1 293.9 small-vehicle 0
382.5 267.2 388.5 267.4 387.5 293.4 381.5 293.2 small-vehicle 0
367.3 268.7 373.1 267.2 379.7 292.3 373.9 293.8 small-vehicle 0
670.3 455.2 670.8 453.3 672.7 453.8 672.2 455.7 small-vehicle 0
470.5 335.4 471.3 337.3 469.5 338.1 468.7 336.2 small-vehicle 0
490.1 333.2 507.4 319.6 521.0 336.9 503.7 350.5 small-vehicle 0
347.2 377.4 349.0 376.6 349.8 378.5 347.9 379.2 small-vehicle 0
423.2 416.8 436.7 428.7 424.8 442.2 411.3 430.3 small-vehicle 0
469.1 428.1 475.1 427.9 475.9 445.9 469.9 446.1 small-vehicle 0
453.3 431.9 466.1 426.3 471.7 439.1 458.9 444.7 small-vehicle 0
448.3 443.2 448.8 429.3 458.8 429.7 458.3 443.7 small-vehicle 0
430.7 454.9 431.6 453.2 433.3 454.1 432.4 455.8 small-vehicle 0
433.0 438.0 443.1 418.4 452.0 423.0 441.9 442.6 small-vehicle 0
406.5 441.3 420.5 442.8 418.5 460.7 404.5 459.2 small-vehicle 0
393.1 427.2 404.6 419.2 414.9 433.9 403.4 442.0 small-vehicle 0
359.0 376.7 360.8 377.5 360.0 379.3 358.2 378.5 small-vehicle 0
384.2 417.5 393.1 422.0 386.8 434.5 377.9 430.0 small-vehicle 0
444.5 388.5 446.5 388.5 446.5 390.5 444.5 390.5 small-vehicle 0
476.4 377.6 482.1 379.3 475.7 400.4 470.0 398.6 small-vehicle 0
484.7 391.1 485.4 389.2 487.3 389.9 486.6 391.8 small-vehicle 0
586.8 383.4 594.8 371.8 616.2 386.6 608.2 398.2 small-vehicle 0
607.0 342.4 607.8 344.2 606.0 345.0 605.2 343.2 small-vehicle 0
258.0 745.3 264.0 746.0 259.0 787.7 253.0 787.0 large-vehicle 0
240.7 744.7 246.7 744.2 250.4 786.0 244.4 786.6 large-vehicle 0
238.0 743.9 243.6 746.1 228.0 785.1 222.4 782.9 large-vehicle 0
188.4 532.9 193.9 535.1 173.6 585.1 168.1 582.9 large-vehicle 0
77.8 562.2 90.5 544.2 118.2 563.8 105.5 581.8 large-vehicle 0
117.6 579.8 119.3 585.5 75.4 599.2 73.7 593.5 large-vehicle 0
120.5 584.2 123.5 589.4 69.5 619.8 66.5 614.6 large-vehicle 0
66.9 619.6 67.1 613.6 121.1 615.4 120.9 621.4 large-vehicle 0
67.6 629.4 68.5 623.5 117.9 631.5 116.9 637.5 large-vehicle 0
67.0 652.5 68.7 646.7 112.9 659.6 111.2 665.4 large-vehicle 0
108.7 659.0 110.7 664.6 67.3 680.0 65.3 674.4 large-vehicle 0
60.8 707.3 61.7 701.3 111.2 708.7 110.3 714.7 large-vehicle 0
64.4 689.6 66.6 684.0 109.6 700.4 107.4 706.0 large-vehicle 0
197.1 499.2 203.0 500.4 196.8 529.8 190.9 528.5 large-vehicle 0
213.4 501.2 219.2 502.8 211.6 531.8 205.8 530.2 large-vehicle 0
222.4 501.8 228.4 502.2 226.6 532.2 220.6 531.8 large-vehicle 0
237.2 492.8 243.2 493.7 235.8 543.2 229.8 542.3 large-vehicle 0
255.3 495.6 261.0 497.3 247.7 541.4 242.0 539.7 large-vehicle 0
268.4 501.8 274.0 504.1 259.6 539.2 254.0 536.9 large-vehicle 0
87.6 507.3 92.5 503.8 121.4 544.7 116.5 548.2 large-vehicle 0
99.8 486.6 105.5 484.7 123.2 540.0 117.5 541.8 large-vehicle 0
100.2 485.4 102.0 479.6 149.8 494.6 148.0 500.4 large-vehicle 0
151.4 316.9 151.5 310.9 209.5 312.0 209.4 318.0 large-vehicle 0
166.3 194.7 166.4 188.7 216.4 189.5 216.3 195.5 large-vehicle 0
165.1 196.8 167.8 191.5 215.9 216.1 213.1 221.4 large-vehicle 0
163.5 215.2 164.9 209.3 213.5 220.8 212.1 226.7 large-vehicle 0
158.6 233.8 158.7 227.8 216.7 229.2 216.5 235.2 large-vehicle 0
213.8 241.1 214.1 247.1 160.2 249.9 159.9 243.9 large-vehicle 0
160.4 247.6 163.3 242.4 210.6 268.5 207.7 273.7 large-vehicle 0
207.3 319.1 208.1 325.0 154.7 332.9 153.9 327.0 large-vehicle 0
108.5 467.3 112.0 462.4 152.5 491.7 149.0 496.6 large-vehicle 0
152.1 350.4 156.7 337.1 203.9 353.6 199.3 366.9 large-vehicle 0
151.5 378.1 156.3 365.0 199.5 380.9 194.7 394.0 large-vehicle 0
149.0 394.4 153.2 390.2 188.7 425.4 184.5 429.6 large-vehicle 0
139.7 405.1 143.7 400.6 187.3 438.9 183.3 443.4 large-vehicle 0
134.6 420.5 138.2 415.6 178.6 445.1 175.0 450.0 large-vehicle 0
118.1 457.8 121.6 452.9 155.9 477.2 152.4 482.1 large-vehicle 0
282.0 504.6 287.4 507.1 271.0 541.4 265.6 538.9 large-vehicle 0
181.5 539.2 186.9 536.5 207.5 577.6 202.1 580.3 large-vehicle 0
217.0 740.0 223.0 740.0 223.0 778.0 217.0 778.0 large-vehicle 0
206.6 536.1 212.6 536.5 209.3 582.4 203.4 581.9 large-vehicle 0
263.4 662.4 268.6 665.3 242.5 712.6 237.3 709.7 large-vehicle 0
277.3 663.7 283.3 664.0 280.7 714.0 274.7 713.7 large-vehicle 0
289.4 662.7 295.4 662.8 294.5 716.8 288.5 716.7 large-vehicle 0
302.8 667.3 308.8 667.4 308.1 713.4 302.1 713.3 large-vehicle 0
343.5 669.2 349.3 667.7 360.5 712.3 354.7 713.8 large-vehicle 0
360.7 662.7 366.7 662.4 369.3 716.3 363.3 716.6 large-vehicle 0
363.3 670.1 368.5 667.1 393.8 710.2 388.6 713.2 large-vehicle 0
120.0 733.7 125.5 736.3 107.9 774.4 102.5 771.9 large-vehicle 0
128.8 733.2 134.7 734.4 126.2 779.6 120.3 778.4 large-vehicle 0
136.2 732.0 142.1 731.3 147.5 781.0 141.6 781.7 large-vehicle 0
161.5 734.4 167.0 736.8 147.3 782.7 141.8 780.3 large-vehicle 0
171.6 737.1 177.3 738.9 163.5 782.8 157.8 781.0 large-vehicle 0
176.2 738.3 182.2 737.8 185.8 783.7 179.8 784.2 large-vehicle 0
187.2 740.7 193.1 739.8 199.8 781.3 193.9 782.2 large-vehicle 0
191.2 745.1 196.2 741.7 221.8 779.9 216.8 783.3 large-vehicle 0
240.6 658.2 246.5 659.1 238.6 712.5 232.7 711.7 large-vehicle 0
220.7 656.6 226.3 658.7 207.2 709.2 201.6 707.1 large-vehicle 0
206.4 655.5 212.1 657.2 196.6 708.9 190.9 707.2 large-vehicle 0
243.8 626.8 249.6 628.5 241.3 657.3 235.5 655.7 large-vehicle 0
223.5 544.0 229.2 546.0 218.3 578.2 212.6 576.2 large-vehicle 0
161.0 618.6 167.0 618.6 167.1 648.6 161.1 648.6 large-vehicle 0
175.9 619.4 181.9 619.7 180.1 649.6 174.1 649.3 large-vehicle 0
193.5 620.8 198.9 623.3 186.6 650.6 181.1 648.2 large-vehicle 0
204.9 622.3 210.7 624.0 202.4 652.8 196.7 651.2 large-vehicle 0
226.0 629.0 232.0 628.5 233.9 654.4 228.0 654.9 large-vehicle 0
256.6 627.9 262.4 629.4 255.3 658.5 249.5 657.1 large-vehicle 0
190.5 654.0 196.4 655.2 185.4 708.1 179.5 706.9 large-vehicle 0
262.7 631.3 268.5 629.7 276.3 658.7 270.5 660.3 large-vehicle 0
276.0 629.2 281.8 628.0 288.0 657.3 282.1 658.6 large-vehicle 0
296.2 629.2 302.0 630.7 294.8 659.8 289.0 658.3 large-vehicle 0
311.2 630.9 316.9 633.0 306.7 661.2 301.0 659.1 large-vehicle 0
162.5 653.4 168.4 654.7 158.3 703.6 152.4 702.4 large-vehicle 0
166.2 653.2 172.1 652.1 181.9 705.2 176.0 706.3 large-vehicle 0
