313.3 6.2 421.8 -65.5 506.7 62.9 398.3 134.6 tennis-court 0
150.9 418.4 226.3 369.3 297.2 478.3 221.8 527.4 tennis-court 0
299.6 341.6 408.6 278.5 495.8 429.1 386.7 492.2 tennis-court 0
443.2 277.9 497.0 239.7 604.8 391.2 551.1 429.5 tennis-court 0
630.0 167.0 756.0 164.1 761.0 378.0 635.0 380.9 tennis-court 0
838.7 126.8 884.7 146.4 810.3 321.2 764.3 301.6 tennis-court 0
457.2 671.7 525.3 633.7 555.5 687.8 487.4 725.8 tennis-court 0
639.0 629.9 639.7 631.8 637.8 632.5 637.1 630.6 tennis-court 0
781.9 542.8 801.9 533.6 829.3 593.7 809.3 602.8 tennis-court 0
876.2 494.3 984.9 477.1 995.8 546.3 887.1 563.4 tennis-court 0
128.8 737.6 154.2 771.0 124.0 794.0 98.6 760.6 small-vehicle 0
37.1 737.5 43.3 745.3 13.4 768.8 7.3 760.9 small-vehicle 0
34.9 758.9 49.4 769.5 31.7 793.7 17.2 783.0 small-vehicle 0
197.3 54.7 320.4 1.6 367.1 109.9 244.1 163.0 tennis-court 0
