280.5 275.8 672.7 556.0 492.5 808.2 100.3 528.0 ground-track-field 0
685.7 666.2 697.5 652.7 810.4 751.5 798.5 765.0 tennis-court 0
696.2 643.9 721.5 649.9 690.7 780.3 665.4 774.3 tennis-court 0
632.8 649.4 658.6 652.5 643.2 781.6 617.4 778.5 tennis-court 0
804.6 519.5 812.4 531.2 674.4 623.5 666.6 611.8 tennis-court 0
675.6 508.5 724.8 628.9 693.3 641.7 644.2 521.4 tennis-court 0
678.9 508.4 692.4 520.3 580.1 647.8 566.6 636.0 tennis-court 0
712.0 371.6 729.6 384.9 639.0 504.4 621.4 491.1 tennis-court 0
722.7 327.6 735.4 340.4 518.4 556.1 505.7 543.4 tennis-court 0
624.2 159.1 625.4 160.7 623.8 161.9 622.6 160.3 baseball-diamond 0
