624.7 217.6 628.8 213.2 673.8 255.9 669.7 260.2 large-vehicle 0
234.0 585.1 249.9 564.5 311.8 612.0 295.9 632.6 large-vehicle 0
271.1 554.2 275.7 550.3 320.9 603.8 316.3 607.7 large-vehicle 0
419.1 423.3 423.3 419.0 478.9 473.7 474.7 478.0 large-vehicle 0
376.0 463.0 380.1 458.6 434.2 509.1 430.1 513.5 large-vehicle 0
364.0 468.6 368.3 464.4 425.6 523.1 421.3 527.3 large-vehicle 0
684.3 114.0 689.0 117.8 652.7 163.0 648.0 159.2 large-vehicle 0
678.1 99.7 682.8 103.5 633.9 164.3 629.2 160.5 large-vehicle 0
643.8 212.2 651.4 205.7 681.2 240.8 673.6 247.3 large-vehicle 0
274.8 347.5 288.0 335.2 330.1 380.8 316.8 393.0 large-vehicle 0
429.8 271.1 433.8 275.5 381.8 322.4 377.8 318.0 large-vehicle 0
418.0 260.5 422.4 264.6 377.0 312.5 372.6 308.4 large-vehicle 0
394.0 238.1 401.0 245.2 357.0 288.9 350.0 281.8 large-vehicle 0
385.2 224.8 392.0 232.1 343.9 277.2 337.0 269.9 large-vehicle 0
424.1 118.0 428.2 122.3 366.1 181.8 362.0 177.5 large-vehicle 0
411.5 109.7 415.6 114.1 359.5 168.3 355.4 163.9 large-vehicle 0
263.3 157.3 267.9 153.4 310.7 203.7 306.1 207.6 large-vehicle 0
248.6 162.5 253.2 158.6 299.2 211.3 294.6 215.3 large-vehicle 0
238.5 173.9 242.8 169.8 288.2 217.7 283.9 221.9 large-vehicle 0
209.8 213.8 224.2 197.1 265.2 232.2 250.8 248.9 large-vehicle 0
191.0 224.7 206.8 209.4 252.6 256.9 236.8 272.2 large-vehicle 0
281.0 546.0 285.5 542.0 335.0 597.0 330.5 601.0 large-vehicle 0
259.9 562.8 264.4 558.8 311.0 611.1 306.5 615.1 large-vehicle 0
615.8 229.0 619.9 224.6 665.2 267.0 661.1 271.4 large-vehicle 0
290.8 537.4 295.0 533.2 347.2 585.6 343.0 589.8 large-vehicle 0
605.8 239.4 610.0 235.1 654.6 278.1 650.5 282.4 large-vehicle 0
597.2 250.4 601.3 246.0 646.9 288.0 642.8 292.4 large-vehicle 0
584.5 270.9 595.5 256.7 641.5 292.1 630.5 306.3 large-vehicle 0
559.1 316.5 565.5 308.8 606.9 343.5 600.5 351.2 large-vehicle 0
538.5 320.1 542.8 315.9 594.5 368.9 590.2 373.1 large-vehicle 0
527.9 331.1 532.0 326.8 588.1 380.9 584.0 385.2 large-vehicle 0
480.8 372.7 484.3 367.9 544.2 411.3 540.7 416.1 large-vehicle 0
463.8 382.9 468.4 379.0 519.2 438.1 514.6 442.0 large-vehicle 0
451.7 392.2 456.1 388.2 511.3 448.8 506.9 452.8 large-vehicle 0
474.7 376.3 479.0 372.1 535.3 431.7 531.0 435.9 large-vehicle 0
438.4 403.8 442.4 399.3 500.6 451.2 496.6 455.7 large-vehicle 0
432.7 415.3 437.0 411.2 490.5 467.9 486.2 472.0 large-vehicle 0
410.3 436.7 414.4 432.4 470.7 486.3 466.6 490.6 large-vehicle 0
402.3 442.9 406.7 438.9 458.7 497.1 454.3 501.1 large-vehicle 0
347.5 491.5 351.8 487.3 403.4 540.4 399.1 544.6 large-vehicle 0
338.3 498.7 342.9 494.8 390.7 551.3 386.1 555.2 large-vehicle 0
325.2 504.8 329.9 501.0 376.8 558.2 372.1 562.0 large-vehicle 0
312.1 516.3 316.5 512.2 366.7 566.5 362.3 570.6 large-vehicle 0
302.0 526.5 306.3 522.3 355.0 572.5 350.7 576.7 large-vehicle 0
285.0 69.6 332.6 36.5 368.0 87.4 320.4 120.5 large-vehicle 0
