742.4 680.0 752.0 690.1 721.6 719.0 712.0 708.9 large-vehicle 0
656.5 512.4 895.3 296.5 923.5 327.6 684.7 543.5 basketball-court 0
148.2 314.3 173.4 307.9 286.8 755.7 261.6 762.1 tennis-court 0
180.2 369.8 378.5 618.5 348.8 642.2 150.5 393.5 tennis-court 0
233.3 330.7 423.3 605.4 392.1 627.0 202.1 352.3 tennis-court 0
369.4 324.7 385.6 574.1 351.6 576.3 335.4 326.9 tennis-court 0
370.6 319.8 477.4 505.2 444.4 524.2 337.6 338.8 tennis-court 0
377.8 242.5 563.7 524.8 532.0 545.7 346.0 263.4 tennis-court 0
417.4 254.6 439.4 240.8 586.7 476.6 564.6 490.4 tennis-court 0
533.6 170.0 600.7 497.2 567.4 504.0 500.3 176.8 tennis-court 0
575.4 312.6 579.2 295.0 620.3 303.9 616.5 321.5 tennis-court 0
606.7 245.1 616.1 234.7 647.3 262.9 637.9 273.3 tennis-court 0
638.8 300.8 648.0 290.3 679.5 318.1 670.3 328.6 tennis-court 0
667.0 281.9 678.0 273.2 704.0 306.1 693.0 314.8 tennis-court 0
691.2 269.7 701.6 260.2 729.8 291.3 719.4 300.8 tennis-court 0
718.4 253.4 728.9 244.1 756.6 275.6 746.1 284.9 tennis-court 0
631.7 207.8 644.7 202.6 672.3 271.2 659.3 276.4 tennis-court 0
668.2 149.4 710.1 293.5 689.0 299.6 647.0 155.6 tennis-court 0
707.8 188.6 717.0 192.5 700.8 231.2 691.6 227.3 tennis-court 0
187.7 477.8 615.6 405.5 667.3 711.2 239.4 783.5 soccer-ball-field 0
675.5 382.5 698.1 402.2 657.4 449.0 634.7 429.3 basketball-court 0
762.0 330.2 786.0 348.2 748.9 397.8 724.9 379.9 basketball-court 0
706.4 431.4 732.6 445.9 696.6 510.6 670.4 496.1 basketball-court 0
71.1 435.5 122.5 408.7 269.6 690.6 218.2 717.4 tennis-court 0
