452.0 420.9 459.9 427.0 434.0 460.1 426.1 454.0 ship 0
436.1 408.2 443.1 415.3 413.2 444.7 406.2 437.6 ship 0
487.3 346.2 497.8 355.5 451.5 408.0 441.0 398.7 ship 0
472.1 324.4 480.2 330.3 431.9 396.6 423.8 390.7 ship 0
739.5 387.1 746.9 393.8 705.5 439.9 698.1 433.2 ship 0
743.2 361.5 749.5 369.3 670.1 433.4 663.8 425.6 ship 0
701.1 363.8 708.4 370.6 685.4 395.6 678.0 388.8 ship 0
686.1 337.4 697.2 345.9 659.5 395.2 648.4 386.7 ship 0
597.7 378.8 653.1 288.4 678.7 304.1 623.3 394.5 ship 0
618.0 290.8 625.2 297.7 599.0 325.2 591.8 318.3 ship 0
606.7 272.4 614.3 278.9 579.4 320.1 571.8 313.7 ship 0
561.5 251.1 577.5 266.2 551.5 293.9 535.5 278.8 ship 0
590.8 179.5 641.6 227.7 596.2 275.5 545.4 227.3 ship 0
655.2 233.4 672.1 247.5 629.9 298.2 613.0 284.2 ship 0
687.9 262.3 699.6 270.0 663.2 325.1 651.5 317.4 ship 0
711.0 282.3 721.4 291.6 680.0 337.7 669.6 328.4 ship 0
683.2 256.3 813.7 377.3 771.6 422.8 641.1 301.8 ship 0
794.0 539.7 860.8 452.3 891.0 475.3 824.2 562.7 ship 0
921.5 465.3 939.6 484.0 900.7 521.5 882.7 502.8 ship 0
516.6 361.2 547.7 389.4 497.9 444.2 466.8 415.9 ship 0
483.3 430.5 492.5 441.1 442.7 484.5 433.5 473.9 ship 0
522.0 452.8 529.2 459.7 472.3 518.8 465.1 511.9 ship 0
379.7 669.0 397.6 687.9 358.3 725.0 340.4 706.1 ship 0
330.0 497.6 342.6 510.5 286.8 565.0 274.2 552.2 ship 0
274.4 556.3 289.4 586.9 226.6 617.7 211.6 587.1 ship 0
364.1 515.0 371.4 521.7 313.5 585.3 306.1 578.6 ship 0
376.9 535.8 386.9 545.7 332.1 601.2 322.1 591.3 ship 0
388.8 549.7 410.1 570.8 355.2 626.3 333.9 605.2 ship 0
316.7 600.2 326.4 610.3 290.3 644.8 280.6 634.7 ship 0
332.9 619.4 340.3 626.2 306.2 662.8 298.9 656.0 ship 0
357.8 618.1 375.2 637.4 320.2 686.9 302.8 667.6 ship 0
453.9 626.4 477.2 651.2 432.1 693.7 408.8 668.9 ship 0
582.3 437.6 606.3 461.7 559.5 508.2 535.5 484.1 ship 0
608.8 610.1 615.0 602.3 638.4 621.1 632.2 628.9 ship 0
622.7 595.7 638.7 580.6 659.3 602.5 643.2 617.6 ship 0
628.9 557.5 651.3 531.9 716.1 588.5 693.7 614.1 ship 0
616.9 549.8 624.1 556.8 578.1 604.2 570.9 597.2 ship 0
610.3 551.3 611.4 561.2 553.7 567.7 552.6 557.8 ship 0
626.7 471.5 662.9 499.8 622.1 551.8 585.9 523.4 ship 0
583.4 516.6 590.9 523.2 549.6 569.4 542.1 562.8 ship 0
513.8 463.4 523.6 465.6 506.2 541.6 496.4 539.4 ship 0
915.4 449.2 922.6 456.1 876.9 503.8 869.7 496.9 ship 0
899.6 432.3 906.6 439.5 859.4 485.7 852.4 478.5 ship 0
882.5 420.1 889.9 426.8 848.3 472.8 840.9 466.0 ship 0
798.8 133.9 815.4 148.3 777.5 192.1 760.8 177.7 ship 0
919.7 230.5 926.5 237.7 884.3 277.5 877.5 270.3 ship 0
900.0 208.9 908.2 214.5 871.0 269.1 862.8 263.5 ship 0
858.0 263.9 866.0 269.9 843.0 300.1 835.0 294.1 ship 0
837.9 232.4 845.0 239.4 801.4 283.5 794.3 276.4 ship 0
856.3 177.7 863.3 184.9 821.7 225.3 814.8 218.2 ship 0
815.2 227.9 821.5 235.7 792.2 259.8 785.8 252.1 ship 0
835.8 166.1 843.3 172.7 807.9 213.4 800.3 206.8 ship 0
754.3 174.1 783.9 203.9 759.7 227.9 730.1 198.1 ship 0
929.0 241.2 937.0 247.1 902.6 293.8 894.5 287.8 ship 0
988.5 157.6 996.6 163.5 974.5 194.4 966.4 188.5 ship 0
876.6 281.1 883.7 288.2 859.9 312.4 852.8 305.4 ship 0
891.5 294.2 898.3 301.5 873.5 324.8 866.7 317.5 ship 0
868.3 404.2 875.7 410.9 828.7 462.8 821.3 456.1 ship 0
804.0 458.3 821.3 463.2 811.0 499.7 793.7 494.8 ship 0
844.7 394.8 852.4 401.2 812.8 449.0 805.1 442.6 ship 0
792.6 442.0 794.2 447.8 757.6 458.1 756.0 452.3 ship 0
826.8 380.6 834.6 386.9 793.2 438.4 785.4 432.1 ship 0
765.4 421.7 773.2 428.0 749.3 457.6 741.5 451.3 ship 0
811.6 370.5 818.9 377.3 776.4 422.5 769.1 415.7 ship 0
755.9 396.2 763.8 402.3 723.6 454.6 715.6 448.5 ship 0
904.0 306.3 911.2 313.2 885.0 340.7 877.8 333.8 ship 0
1002.7 336.6 1029.1 358.0 982.4 415.5 956.0 394.0 ship 0
918.5 282.9 1019.3 462.5 1000.1 473.3 899.3 293.6 ship 0
1014.6 304.3 1022.1 310.9 978.2 360.2 970.7 353.5 ship 0
943.6 327.5 951.1 334.1 918.4 371.9 910.9 365.4 ship 0
993.6 291.4 1001.7 297.3 965.4 347.6 957.3 341.7 ship 0
986.2 283.6 992.7 291.2 945.7 331.6 939.2 324.0 ship 0
921.4 321.0 928.5 328.1 901.6 355.0 894.5 347.9 ship 0
962.0 263.7 970.2 269.5 932.0 323.3 923.8 317.5 ship 0
249.5 540.3 259.2 550.5 223.0 585.0 213.3 574.9 ship 0
801.3 101.9 1033.4 353.1 946.7 433.1 714.6 181.9 harbor 0
572.9 175.1 962.8 471.9 886.5 572.1 496.6 275.3 harbor 0
475.3 408.0 602.6 381.9 640.7 568.0 513.4 594.1 harbor 0
287.7 463.0 497.1 663.7 393.3 772.0 183.9 571.3 harbor 0
974.4 148.2 981.3 155.5 956.6 178.8 949.7 171.5 ship 0
1022.5 104.5 1040.2 117.5 1010.7 157.9 992.9 144.9 ship 0
1016.3 96.3 1023.6 103.1 983.9 145.4 976.6 138.6 ship 0
993.9 82.2 1002.5 87.3 973.0 137.2 964.4 132.1 ship 0
901.5 16.0 908.7 23.0 876.3 55.7 869.2 48.7 ship 0
959.6 133.4 966.5 140.7 941.8 164.1 934.9 156.8 ship 0
952.0 112.6 959.5 119.2 921.4 162.9 913.9 156.4 ship 0
931.5 99.1 939.4 105.3 906.1 147.8 898.2 141.6 ship 0
941.4 37.4 972.6 65.5 933.7 108.6 902.5 80.5 ship 0
865.0 114.8 905.2 73.0 915.3 82.7 875.1 124.5 ship 0
880.4 73.2 887.8 79.9 865.1 105.2 857.7 98.5 ship 0
839.5 18.3 862.0 38.0 815.9 90.7 793.3 70.9 ship 0
920.0 27.4 927.4 34.1 891.1 74.1 883.7 67.4 ship 0
