716.8 100.9 728.3 87.0 745.2 101.1 733.7 115.0 small-vehicle 0
237.4 1.3 247.0 -1.4 253.0 19.8 243.4 22.5 small-vehicle 0
265.2 14.8 267.2 15.2 266.8 17.2 264.8 16.8 small-vehicle 0
213.3 20.4 223.5 10.7 233.1 20.9 223.0 30.5 small-vehicle 0
220.8 32.5 221.3 26.5 255.2 29.5 254.7 35.5 small-vehicle 0
228.8 49.4 229.1 31.4 251.1 31.7 250.8 49.7 small-vehicle 0
269.0 44.7 269.2 50.7 247.3 51.6 247.0 45.6 small-vehicle 0
272.9 51.9 276.5 56.6 259.1 70.1 255.5 65.4 small-vehicle 0
283.7 67.3 283.9 69.2 281.9 69.5 281.7 67.5 small-vehicle 0
661.6 352.6 903.6 352.0 904.4 662.0 662.4 662.6 soccer-ball-field 0
223.2 114.9 252.5 363.1 218.8 367.1 189.5 118.9 basketball-court 0
203.4 358.0 314.6 112.0 345.6 126.0 234.4 372.0 basketball-court 0
332.8 117.1 367.8 364.6 330.2 369.9 295.2 122.4 basketball-court 0
253.9 166.7 261.3 154.8 524.1 319.3 516.7 331.2 basketball-court 0
560.4 488.1 803.3 282.8 1003.4 519.6 760.5 724.9 ground-track-field 0
