550.2 639.7 578.5 608.7 603.7 631.6 575.4 662.6 plane 0
508.3 6.2 563.5 24.0 553.1 56.4 497.9 38.6 plane 0
484.4 68.3 537.9 61.1 541.9 90.8 488.4 98.0 plane 0
676.3 -16.0 732.3 10.5 695.7 88.2 639.6 61.8 plane 0
446.5 595.6 477.7 561.7 520.3 601.0 489.2 634.8 plane 0
407.3 586.7 436.2 550.9 462.7 572.3 433.8 608.1 plane 0
359.9 541.5 371.2 533.2 410.1 586.5 398.8 594.8 plane 0
610.6 647.5 621.3 638.5 640.6 661.4 629.9 670.4 plane 0
643.3 648.6 688.1 637.9 700.7 690.4 655.9 701.1 plane 0
650.5 781.3 704.4 759.8 714.0 783.9 660.2 805.4 plane 0
654.7 839.2 718.5 781.6 735.9 800.9 672.1 858.5 plane 0
521.0 851.3 574.5 843.7 582.0 897.1 528.6 904.7 plane 0
622.4 883.3 638.1 874.5 670.6 931.9 654.9 940.8 plane 0
673.2 901.6 689.5 894.1 717.1 954.0 700.8 961.5 plane 0
733.2 918.3 755.0 921.1 748.8 970.7 727.0 967.9 plane 0
718.3 823.7 725.1 816.4 764.4 853.5 757.6 860.7 plane 0
683.9 810.2 767.6 767.4 779.4 790.5 695.8 833.4 plane 0
779.9 784.4 793.2 788.7 774.1 847.6 760.8 843.3 plane 0
288.8 629.0 350.2 653.3 327.4 710.9 266.0 686.7 plane 0
696.0 697.4 723.1 665.3 746.0 684.7 718.9 716.8 plane 0
742.3 716.4 764.8 681.0 790.1 697.1 767.6 732.5 plane 0
789.1 732.0 811.6 701.4 839.0 721.4 816.6 752.1 plane 0
829.2 743.4 853.6 714.3 891.9 746.4 867.5 775.5 plane 0
426.7 655.2 471.4 685.5 441.1 730.2 396.4 699.9 plane 0
353.7 681.4 394.9 640.6 418.8 664.7 377.6 705.6 plane 0
113.5 654.7 163.3 675.6 140.8 729.1 91.0 708.1 plane 0
804.9 760.5 850.5 796.3 822.1 832.5 776.5 796.7 plane 0
97.9 715.3 147.5 736.7 134.1 767.9 84.5 746.5 plane 0
105.7 817.1 116.3 831.7 75.8 861.0 65.3 846.4 plane 0
43.4 824.7 74.6 775.7 96.5 789.7 65.3 838.6 plane 0
198.8 1012.1 213.1 990.4 238.2 1006.9 223.9 1028.6 large-vehicle 0
171.3 870.9 191.6 848.8 213.7 869.1 193.4 891.2 large-vehicle 0
