951.2 784.1 1019.4 799.9 1001.8 875.9 933.6 860.1 plane 0
578.4 981.0 616.2 954.9 640.1 989.4 602.3 1015.6 plane 0
643.7 913.9 660.5 899.8 695.3 941.1 678.5 955.2 plane 0
638.1 822.3 782.7 945.6 763.2 968.4 618.6 845.1 plane 0
688.8 876.2 698.8 835.4 766.8 852.2 756.7 893.0 plane 0
677.7 802.1 717.7 779.4 742.3 822.9 702.3 845.6 plane 0
319.5 654.7 384.0 705.4 335.8 766.7 271.3 716.1 plane 0
840.6 613.9 896.1 649.6 860.3 705.1 804.9 669.3 plane 0
500.9 469.8 558.9 467.4 561.0 521.4 503.1 523.7 plane 0
398.8 572.1 453.9 535.8 490.2 590.9 435.1 627.2 plane 0
380.1 593.8 442.9 624.7 427.9 655.2 365.1 624.3 plane 0
363.0 620.4 381.0 620.6 380.0 706.6 362.0 706.4 plane 0
588.8 275.1 634.5 270.0 640.5 323.6 594.8 328.8 plane 0
640.7 288.4 662.6 257.4 723.0 300.1 701.1 331.2 plane 0
688.9 368.8 697.9 353.2 748.1 382.2 739.1 397.8 plane 0
714.1 345.9 721.8 329.6 777.9 356.1 770.2 372.4 plane 0
974.8 160.1 982.5 166.5 953.2 201.9 945.5 195.5 large-vehicle 0
993.2 178.0 999.3 185.9 962.8 214.0 956.7 206.1 large-vehicle 0
938.4 202.8 951.1 215.5 918.7 248.1 905.9 235.4 large-vehicle 0
978.7 238.3 982.0 251.9 937.3 262.7 934.0 249.1 large-vehicle 0
838.4 368.3 933.8 313.6 982.6 398.6 887.2 453.3 plane 0
926.2 446.1 1013.0 422.3 1036.8 509.1 950.0 532.9 plane 0
