404.5 487.3 435.9 520.9 396.5 557.7 365.1 524.1 plane 0
-11.9 615.7 61.5 625.1 49.5 718.4 -23.9 709.0 plane 0
179.2 742.4 222.0 697.6 266.8 740.3 224.1 785.2 plane 0
215.5 649.6 232.5 635.7 261.7 671.2 244.7 685.2 plane 0
246.1 618.5 264.2 606.0 294.9 650.5 276.8 663.0 plane 0
324.3 603.9 344.8 611.6 325.7 662.1 305.2 654.4 plane 0
367.2 609.3 388.7 614.0 377.4 666.8 355.9 662.1 plane 0
403.1 620.4 424.9 617.8 431.3 671.5 409.5 674.1 plane 0
305.5 858.5 329.1 847.8 349.7 893.4 326.1 904.1 plane 0
348.0 827.3 362.9 817.2 400.0 871.7 385.1 881.8 plane 0
396.4 826.5 415.5 815.5 452.6 879.5 433.5 890.5 plane 0
478.3 859.6 499.3 881.0 440.7 938.4 419.7 917.0 plane 0
490.9 919.8 508.9 919.6 509.7 977.5 491.7 977.8 plane 0
492.4 1005.7 559.2 951.6 585.6 984.3 518.8 1038.4 plane 0
