510.9 450.2 530.5 440.2 553.1 484.8 533.5 494.8 plane 0
490.9 441.9 509.3 484.1 481.8 496.1 463.4 454.0 plane 0
84.0 356.4 117.1 348.9 129.0 401.6 95.9 409.1 plane 0
418.1 448.2 437.8 438.4 461.9 486.8 442.2 496.6 plane 0
324.5 461.7 336.8 448.5 370.5 479.8 358.3 493.0 plane 0
275.4 453.2 299.8 444.2 318.6 494.8 294.2 503.8 plane 0
283.8 550.4 305.0 544.6 318.2 592.9 297.0 598.7 plane 0
145.6 447.4 167.6 447.2 168.4 509.2 146.4 509.4 plane 0
281.7 316.8 303.3 321.3 291.5 378.1 269.9 373.6 plane 0
236.5 800.1 317.0 769.7 337.5 823.9 257.0 854.3 plane 0
0.0 349.7 44.7 360.6 32.9 409.2 -11.8 398.3 plane 0
198.7 324.0 206.9 329.7 153.4 407.0 145.2 401.3 plane 0
194.4 317.0 212.1 313.5 226.5 386.1 208.9 389.6 plane 0
309.0 332.8 326.1 327.0 349.7 397.2 332.6 402.9 plane 0
-6.8 457.3 43.2 457.7 42.8 507.7 -7.2 507.3 plane 0
94.2 455.0 116.0 451.6 123.8 501.0 102.0 504.4 plane 0
183.8 455.7 204.6 448.4 222.6 499.3 201.9 506.6 plane 0
326.9 550.2 346.8 540.8 370.1 589.5 350.2 599.0 plane 0
372.8 549.6 391.9 538.6 418.9 585.4 399.9 596.4 plane 0
550.4 526.4 574.1 579.3 517.6 604.7 493.8 551.8 plane 0
