718.5 343.8 792.3 338.4 799.5 436.2 725.7 441.6 plane 0
266.3 557.8 332.0 563.5 325.7 637.2 260.0 631.5 plane 0
634.3 329.9 724.3 332.1 721.7 442.1 631.7 439.9 plane 0
485.1 330.9 574.3 360.5 540.9 461.1 451.7 431.5 plane 0
530.4 367.1 550.7 425.7 431.6 466.9 411.3 408.3 large-vehicle 0
344.4 378.9 503.2 346.8 520.2 431.1 361.4 463.2 plane 0
231.2 337.6 303.8 323.0 319.9 403.4 247.4 418.0 plane 0
142.4 332.3 172.1 367.4 124.8 407.5 95.1 372.4 plane 0
893.9 606.3 902.5 590.5 946.4 614.4 937.8 630.2 large-vehicle 0
883.3 423.1 928.3 459.7 886.7 510.9 841.7 474.3 helicopter 0
628.9 629.3 699.4 606.8 721.9 677.3 651.4 699.8 plane 0
797.5 680.6 856.0 719.2 817.4 777.6 759.0 739.1 plane 0
83.6 517.2 106.4 529.6 73.0 591.1 50.2 578.7 plane 0
141.8 526.0 165.1 537.4 134.4 600.3 111.1 588.9 plane 0
37.0 497.0 59.9 509.3 19.4 585.1 -3.5 572.8 plane 0
198.8 541.4 220.7 555.5 187.2 607.6 165.3 593.5 plane 0
782.3 321.1 853.4 300.5 889.7 425.3 818.6 446.0 plane 0
