308.3 364.6 325.0 371.4 315.2 395.5 298.5 388.7 plane 0
538.0 592.9 544.7 638.4 526.9 641.1 520.2 595.5 plane 0
499.5 585.5 515.3 594.1 489.5 641.5 473.7 632.9 plane 0
465.1 586.3 469.3 632.1 447.4 634.1 443.2 588.3 plane 0
438.1 583.9 448.2 593.6 410.8 632.6 400.7 622.9 plane 0
410.6 780.8 423.7 732.5 483.5 748.7 470.5 797.0 plane 0
408.3 831.4 482.2 833.6 479.7 919.6 405.8 917.4 plane 0
316.0 853.3 333.6 849.6 342.3 890.6 324.7 894.4 plane 0
309.2 843.1 317.3 854.5 273.1 885.6 265.0 874.1 plane 0
251.2 786.6 296.5 778.4 306.8 835.4 261.5 843.6 plane 0
331.1 665.9 369.7 649.4 390.8 699.1 352.2 715.6 plane 0
466.7 387.9 506.8 417.7 479.3 454.6 439.2 424.8 plane 0
501.6 549.1 504.5 507.2 542.4 509.9 539.5 551.8 large-vehicle 0
407.1 345.6 464.9 306.2 477.3 324.4 419.5 363.8 plane 0
484.7 309.6 494.6 311.0 487.0 364.5 477.1 363.1 plane 0
479.8 362.8 493.8 364.3 490.6 394.1 476.7 392.7 plane 0
452.7 317.2 462.6 316.2 470.3 397.8 460.4 398.8 plane 0
423.6 368.7 435.8 361.8 452.5 391.4 440.3 398.3 plane 0
370.2 442.0 404.6 312.4 429.8 319.1 395.3 448.6 plane 0
381.1 343.6 387.6 322.6 416.2 331.4 409.8 352.4 plane 0
550.0 599.1 560.0 598.9 561.0 652.9 551.0 653.1 plane 0
571.9 305.8 587.7 326.4 567.1 342.2 551.3 321.6 large-vehicle 0
326.9 49.8 336.8 39.9 372.1 75.2 362.2 85.1 plane 0
290.2 233.2 291.9 243.1 262.3 248.3 260.6 238.4 plane 0
483.4 261.6 501.8 223.8 521.6 233.4 503.2 271.2 plane 0
460.9 265.1 575.7 162.5 590.3 178.9 475.5 281.5 plane 0
465.3 218.6 476.0 204.1 497.0 219.4 486.3 233.9 plane 0
416.6 258.5 470.0 201.7 500.6 230.5 447.1 287.3 plane 0
405.8 255.1 446.6 174.9 466.2 184.9 425.4 265.1 plane 0
374.7 222.9 375.4 212.9 405.3 215.1 404.6 225.1 plane 0
359.4 216.0 395.0 251.1 379.5 266.7 343.9 231.6 plane 0
298.8 249.9 326.7 213.2 344.2 226.6 316.4 263.2 plane 0
302.6 200.0 313.4 208.8 294.4 232.0 283.6 223.2 plane 0
403.3 40.1 417.4 83.9 392.7 91.9 378.6 48.1 plane 0
527.3 170.5 542.9 161.6 569.7 208.5 554.1 217.4 plane 0
381.3 216.5 521.8 135.9 534.7 158.5 394.2 239.1 plane 0
333.4 222.2 482.6 132.6 496.0 154.9 346.8 244.5 plane 0
325.3 193.2 404.6 159.9 414.7 183.8 335.4 217.1 plane 0
312.0 162.5 325.7 159.6 336.0 208.5 322.3 211.4 plane 0
237.1 192.9 309.9 155.2 321.8 178.3 249.0 216.0 plane 0
488.8 38.5 516.7 69.8 482.4 100.4 454.4 69.1 plane 0
421.0 80.6 427.5 47.2 457.0 53.0 450.5 86.3 plane 0
335.0 379.2 354.9 337.8 382.0 350.8 362.1 392.2 plane 0
294.2 330.8 318.5 321.8 327.6 346.1 303.2 355.2 plane 0
284.1 308.6 294.1 308.2 295.9 350.2 285.9 350.6 plane 0
118.6 52.7 166.5 67.1 147.4 130.3 99.5 115.9 plane 0
122.6 125.6 140.1 129.8 131.3 166.7 113.8 162.5 plane 0
46.3 184.7 55.4 188.7 45.1 212.6 35.9 208.6 plane 0
260.7 333.9 269.0 328.4 283.3 350.2 274.9 355.6 plane 0
250.3 372.6 258.9 361.6 298.3 392.4 289.7 403.4 plane 0
217.4 371.5 227.6 361.9 253.6 389.5 243.4 399.1 plane 0
246.8 285.1 256.0 398.7 230.1 400.8 220.9 287.2 plane 0
184.8 304.3 193.8 300.1 223.2 363.7 214.2 367.9 plane 0
178.8 282.1 188.8 281.9 190.2 411.9 180.2 412.1 plane 0
54.5 235.3 69.4 245.4 48.0 276.8 33.1 266.7 plane 0
-44.8 243.4 93.9 197.7 100.8 218.6 -37.9 264.3 plane 0
23.7 166.9 33.5 156.8 49.3 172.1 39.5 182.2 plane 0
101.3 190.2 146.1 179.8 154.7 216.8 109.9 227.2 plane 0
-3.0 98.6 123.0 172.4 111.8 191.4 -14.1 117.6 plane 0
29.7 114.6 39.2 104.4 55.3 119.4 45.8 129.6 plane 0
61.8 79.0 65.7 88.2 38.1 100.0 34.2 90.8 plane 0
36.0 223.7 151.1 249.7 146.2 271.2 31.1 245.2 plane 0
44.5 184.2 144.6 229.8 135.5 249.8 35.4 204.2 plane 0
77.8 75.5 136.8 260.3 108.2 269.5 49.2 84.7 plane 0
33.4 219.2 133.4 16.5 156.7 28.0 56.7 230.7 plane 0
70.7 88.0 89.6 50.5 116.3 64.0 97.4 101.5 plane 0
534.8 249.8 539.4 236.6 560.2 243.9 555.5 257.1 plane 0
519.2 265.9 605.3 168.5 621.8 183.1 535.7 280.5 plane 0
518.5 226.1 655.5 132.5 670.2 154.0 533.1 247.6 plane 0
551.1 289.9 610.2 192.5 629.0 203.9 569.9 301.3 plane 0
898.9 868.5 940.9 867.5 941.7 897.5 899.7 898.5 plane 0
896.0 830.7 940.3 818.4 948.3 847.3 904.0 859.6 plane 0
901.7 790.5 937.5 777.8 946.2 802.3 910.4 815.0 plane 0
934.4 731.3 945.1 740.3 915.5 775.5 904.8 766.5 plane 0
905.7 689.3 942.0 700.4 933.3 729.1 896.9 718.0 plane 0
934.3 640.8 942.5 646.4 909.7 694.2 901.5 688.6 plane 0
973.8 325.5 1000.8 367.6 965.4 390.3 938.4 348.2 plane 0
979.6 607.2 1029.5 610.5 1026.5 656.4 976.6 653.1 plane 0
977.7 657.0 986.8 646.4 1030.9 684.0 1021.8 694.7 plane 0
961.4 385.1 1001.4 397.8 982.6 456.9 942.6 444.2 plane 0
858.4 213.8 1029.5 140.9 1047.6 183.2 876.5 256.1 plane 0
539.2 68.6 564.0 39.9 601.8 72.6 577.0 101.3 plane 0
981.8 706.0 994.5 693.3 1024.2 723.0 1011.5 735.7 plane 0
973.4 749.3 1018.1 738.5 1025.2 767.7 980.5 778.5 plane 0
975.3 814.6 986.8 778.4 1030.7 792.4 1019.2 828.6 plane 0
818.5 248.1 838.7 202.4 862.5 212.9 842.3 258.6 plane 0
851.9 54.4 861.3 91.2 836.1 97.6 826.7 60.8 plane 0
720.6 67.5 757.2 39.7 787.4 79.5 750.8 107.3 plane 0
962.2 188.2 1006.1 262.2 983.7 275.5 939.9 201.5 plane 0
967.7 178.5 982.0 167.6 1029.5 229.4 1015.2 240.4 plane 0
914.1 229.2 918.2 220.1 941.9 230.8 937.8 239.9 plane 0
892.4 193.5 907.5 183.7 921.6 205.6 906.5 215.3 plane 0
857.9 215.0 870.4 202.1 912.1 242.3 899.6 255.3 plane 0
778.6 247.9 781.5 206.0 811.4 208.1 808.5 250.0 plane 0
908.5 87.6 928.1 55.0 953.8 70.4 934.2 103.0 plane 0
729.5 240.0 740.1 207.7 768.6 217.0 758.0 249.3 plane 0
686.0 242.3 692.5 208.9 722.0 214.7 715.5 248.1 plane 0
472.8 202.3 985.0 159.8 987.2 185.7 475.0 228.2 plane 0
674.7 182.8 684.6 181.4 688.3 207.2 678.4 208.6 plane 0
646.1 223.2 654.0 211.7 678.7 228.8 670.7 240.3 plane 0
619.5 169.6 636.4 163.5 654.7 214.4 637.7 220.5 plane 0
617.9 235.9 626.2 224.6 660.0 249.5 651.7 260.8 plane 0
585.2 270.3 622.3 171.0 642.9 178.7 605.8 278.0 plane 0
869.3 71.3 874.8 63.0 899.7 79.7 894.2 88.0 plane 0
954.2 99.6 956.9 57.7 1002.8 60.6 1000.1 102.6 plane 0
