172.7 911.6 174.0 917.5 160.3 920.4 159.0 914.5 plane 0
198.8 916.1 199.1 922.1 181.2 922.9 180.9 916.9 plane 0
203.3 924.3 203.8 918.3 221.7 919.7 221.2 925.7 plane 0
205.7 897.3 212.8 890.2 245.3 922.7 238.3 929.7 plane 0
229.7 927.2 252.1 891.6 267.3 901.2 244.9 936.8 plane 0
104.1 710.0 112.7 704.8 130.2 734.0 121.6 739.1 plane 0
154.0 710.8 157.1 736.6 127.3 740.2 124.2 714.4 plane 0
160.0 597.9 196.6 587.7 208.9 632.0 172.3 642.2 plane 0
215.4 534.4 224.1 558.9 165.6 579.6 156.9 555.1 plane 0
239.6 440.6 261.5 454.7 219.2 520.3 197.4 506.2 plane 0
176.5 445.0 196.3 461.9 156.1 509.1 136.3 492.2 plane 0
166.5 911.3 182.2 890.5 193.4 898.9 177.7 919.7 plane 0
157.6 895.4 163.1 897.8 157.4 910.6 151.9 908.2 plane 0
152.6 909.3 153.5 915.2 135.6 917.7 134.8 911.8 plane 0
137.5 773.2 139.3 767.5 156.5 772.8 154.7 778.5 plane 0
148.0 789.3 149.6 783.6 166.9 788.5 165.3 794.2 plane 0
161.0 777.4 165.4 768.4 178.0 774.6 173.6 783.6 plane 0
115.9 774.8 116.1 768.8 134.1 769.2 133.9 775.2 plane 0
143.0 894.7 144.9 900.3 127.9 906.2 126.0 900.6 plane 0
137.4 777.6 143.6 785.5 132.6 794.1 126.4 786.3 plane 0
187.7 782.7 190.5 792.3 173.3 797.3 170.5 787.7 plane 0
89.8 841.0 96.2 833.3 119.2 852.6 112.8 860.2 plane 0
108.2 837.5 108.9 831.6 126.8 833.5 126.1 839.4 plane 0
130.5 836.1 132.7 830.5 149.5 837.1 147.3 842.7 plane 0
170.1 833.1 173.2 842.6 159.9 846.9 156.8 837.4 plane 0
143.3 850.4 145.7 844.9 158.5 850.6 156.1 856.1 plane 0
189.2 840.8 193.7 849.7 159.7 866.7 155.2 857.7 plane 0
122.3 50.9 184.2 83.6 149.6 149.0 87.7 116.3 plane 0
