838.5 565.6 839.9 567.0 838.5 568.4 837.1 567.0 ship 0
43.2 171.6 61.1 170.8 62.2 192.8 44.2 193.6 ship 0
56.7 169.1 62.1 166.5 71.4 186.5 65.9 189.0 ship 0
66.7 166.9 72.3 164.8 80.2 185.4 74.6 187.5 ship 0
74.8 161.8 80.2 159.2 93.2 186.2 87.8 188.8 ship 0
88.9 154.7 94.9 154.3 97.1 188.2 91.1 188.6 ship 0
105.3 160.2 111.1 161.4 105.7 186.8 99.9 185.6 ship 0
110.0 163.1 115.8 161.9 122.0 191.3 116.1 192.5 ship 0
120.2 162.5 126.1 161.2 131.8 186.5 125.9 187.8 ship 0
133.8 158.9 139.8 158.5 141.2 184.5 135.2 184.8 ship 0
163.6 152.1 179.6 143.8 195.4 173.9 179.4 182.2 ship 0
142.7 153.9 159.2 146.7 171.3 174.1 154.8 181.3 ship 0
182.7 146.7 188.5 145.2 195.3 170.3 189.5 171.8 ship 0
200.9 149.5 218.9 148.7 220.0 174.7 202.0 175.5 ship 0
213.7 152.6 219.1 150.0 230.3 173.4 224.9 176.0 ship 0
229.3 145.7 241.7 139.3 253.6 162.5 241.2 168.9 ship 0
258.7 139.4 264.6 138.3 270.4 167.7 264.5 168.9 ship 0
248.8 140.6 254.8 140.3 256.0 170.3 250.0 170.5 ship 0
295.6 136.0 299.8 131.7 315.4 147.2 311.2 151.5 ship 0
310.6 123.5 316.6 122.9 319.4 148.7 313.5 149.4 ship 0
328.8 121.2 334.4 123.5 321.5 155.0 315.9 152.7 ship 0
330.0 121.6 335.9 120.2 343.0 149.4 337.1 150.8 ship 0
339.4 123.4 344.9 121.0 356.6 148.6 351.1 151.0 ship 0
346.3 120.5 351.3 117.3 367.4 142.6 362.4 145.8 ship 0
362.9 117.0 368.8 115.7 375.1 145.1 369.2 146.3 ship 0
813.3 552.2 818.6 549.3 835.1 579.0 829.8 581.9 ship 0
28.6 918.1 49.1 926.0 32.4 968.9 11.9 961.0 ship 0
67.4 927.8 84.9 931.8 75.5 972.8 57.9 968.7 ship 0
96.2 930.7 101.2 934.1 73.5 975.7 68.5 972.4 ship 0
107.0 932.0 116.9 933.7 108.0 987.0 98.1 985.3 ship 0
124.6 937.8 130.5 938.7 124.4 980.2 118.5 979.3 ship 0
149.4 940.8 154.6 943.8 129.9 987.2 124.6 984.2 ship 0
160.4 946.4 178.4 947.8 174.6 997.6 156.6 996.2 ship 0
180.4 957.0 194.1 945.3 213.6 968.0 199.9 979.7 ship 0
196.0 1006.2 198.0 1024.0 176.1 1026.5 174.1 1008.6 ship 0
381.6 118.6 387.0 116.0 398.5 139.3 393.2 141.9 ship 0
394.5 110.3 400.5 109.5 404.4 139.2 398.4 140.0 ship 0
399.9 115.5 404.9 112.3 421.1 137.5 416.1 140.7 ship 0
173.8 464.8 188.5 481.1 166.2 501.2 151.5 484.9 ship 0
59.1 768.5 66.0 780.7 46.9 791.5 40.0 779.3 ship 0
150.8 452.4 167.0 467.3 149.3 486.4 133.2 471.4 ship 0
203.1 557.9 221.3 515.6 259.9 532.1 241.7 574.4 ship 0
103.0 580.5 119.8 586.9 112.0 607.5 95.2 601.1 ship 0
315.3 470.8 321.2 471.7 318.4 489.5 312.5 488.6 ship 0
334.7 498.2 347.0 511.3 333.8 523.6 321.5 510.5 ship 0
334.1 520.7 352.0 522.5 349.8 544.3 331.9 542.5 ship 0
358.1 528.9 361.9 533.6 341.8 550.0 338.0 545.4 ship 0
371.2 546.2 374.7 551.1 353.4 566.0 349.9 561.1 ship 0
377.2 554.3 380.9 559.0 357.2 577.5 353.5 572.8 ship 0
381.6 562.5 386.0 566.6 368.3 585.6 363.9 581.5 ship 0
428.2 623.1 444.6 615.6 473.5 679.4 457.1 686.8 ship 0
457.9 633.4 463.8 632.1 471.9 669.2 466.0 670.5 ship 0
464.4 630.8 469.6 627.8 490.7 664.1 485.5 667.1 ship 0
479.2 622.9 484.8 620.8 499.3 660.3 493.7 662.3 ship 0
488.6 627.8 493.8 624.8 515.2 660.9 510.0 663.9 ship 0
504.4 623.4 509.6 620.5 524.4 646.6 519.2 649.6 ship 0
524.9 619.3 529.6 615.5 550.6 642.2 545.9 646.0 ship 0
538.0 609.2 543.3 606.4 561.1 640.0 555.8 642.8 ship 0
557.5 607.2 563.4 606.3 568.0 636.0 562.1 636.9 ship 0
563.9 605.0 569.0 601.8 589.1 634.0 584.0 637.2 ship 0
569.4 599.5 573.8 595.4 602.5 626.1 598.1 630.2 ship 0
640.8 585.1 646.3 582.6 660.0 613.8 654.5 616.2 ship 0
629.9 591.3 635.4 588.9 647.4 616.4 641.9 618.8 ship 0
598.6 595.2 612.0 591.1 623.0 627.5 609.7 631.5 ship 0
185.9 659.6 190.6 655.8 209.1 679.4 204.4 683.2 ship 0
207.9 633.8 216.4 658.4 188.1 668.2 179.5 643.6 ship 0
143.4 595.6 146.6 600.7 117.6 618.4 114.4 613.3 ship 0
117.7 595.0 119.2 589.2 148.2 597.0 146.7 602.8 ship 0
153.7 582.2 154.2 588.1 116.3 590.8 115.8 584.9 ship 0
106.6 578.5 111.2 561.1 163.4 575.0 158.7 592.4 ship 0
410.2 107.5 415.6 104.8 430.7 135.3 425.3 137.9 ship 0
768.2 246.5 772.2 251.0 744.1 276.6 740.1 272.1 ship 0
781.9 266.6 786.2 270.7 760.1 298.4 755.8 294.3 ship 0
789.7 280.9 793.1 285.8 765.5 305.5 762.0 300.7 ship 0
793.0 294.7 796.6 299.5 776.0 315.3 772.4 310.5 ship 0
801.1 309.1 820.3 319.9 809.5 339.1 790.3 328.3 ship 0
706.3 310.4 719.7 327.9 692.7 348.6 679.3 331.1 ship 0
718.8 335.8 724.8 343.8 694.5 366.6 688.4 358.6 ship 0
724.7 392.2 732.4 403.9 704.1 422.6 696.3 410.9 ship 0
741.1 414.3 752.4 428.4 725.9 449.7 714.6 435.6 ship 0
755.2 441.5 764.8 451.7 745.8 469.5 736.2 459.3 ship 0
817.8 349.1 825.9 360.5 811.2 370.9 803.1 359.5 ship 0
819.1 371.6 820.4 373.1 818.9 374.4 817.6 372.9 ship 0
842.2 367.3 850.3 383.4 823.5 396.9 815.4 380.8 ship 0
841.5 387.3 845.5 391.8 826.0 409.0 822.0 404.5 ship 0
852.1 422.2 859.0 438.8 834.9 448.8 828.0 432.2 ship 0
858.2 439.7 861.1 445.0 834.8 459.3 831.9 454.0 ship 0
868.3 457.7 875.6 474.2 851.8 484.7 844.5 468.2 ship 0
875.0 473.6 878.5 478.5 851.0 498.4 847.5 493.5 ship 0
883.3 484.5 887.1 489.1 860.7 510.5 856.9 505.9 ship 0
886.9 500.1 889.8 505.3 867.1 517.9 864.2 512.7 ship 0
900.9 521.2 920.9 512.0 940.1 553.8 920.1 563.0 ship 0
694.0 572.2 711.8 575.2 707.0 604.8 689.2 601.8 ship 0
703.1 573.3 708.6 571.0 724.9 609.7 719.4 612.0 ship 0
713.1 567.3 718.6 564.9 737.2 607.0 731.7 609.4 ship 0
753.9 580.0 766.0 572.8 775.2 588.3 763.1 595.5 ship 0
764.6 564.6 769.8 561.7 788.4 594.8 783.1 597.8 ship 0
787.9 575.0 789.6 573.8 790.7 575.5 789.1 576.6 ship 0
802.2 570.5 812.2 560.7 827.6 576.4 817.7 586.2 ship 0
776.3 256.7 779.9 261.5 752.5 281.8 749.0 277.0 ship 0
767.4 240.3 770.7 245.4 738.6 265.7 735.3 260.6 ship 0
751.7 228.7 755.5 233.3 732.3 252.3 728.5 247.7 ship 0
129.1 648.0 141.7 635.1 166.0 658.8 153.4 671.7 ship 0
692.5 110.0 704.4 123.5 682.0 143.4 670.0 129.9 ship 0
709.0 152.8 712.4 157.7 684.4 177.0 681.0 172.1 ship 0
712.1 163.2 716.1 167.6 693.9 187.8 689.9 183.4 ship 0
726.1 177.9 737.1 192.1 710.2 212.9 699.2 198.7 ship 0
738.5 191.8 742.1 196.7 711.4 219.1 707.9 214.3 ship 0
749.6 216.8 752.7 222.0 727.1 237.6 724.0 232.5 ship 0
308.1 468.5 313.2 471.5 304.0 487.0 298.8 483.9 ship 0
299.1 457.3 303.1 461.8 286.4 476.2 282.5 471.6 ship 0
286.1 449.9 296.7 459.0 287.5 469.6 276.9 460.5 ship 0
456.0 206.9 466.9 215.8 448.0 239.1 437.1 230.2 ship 0
473.1 233.5 476.7 238.3 459.0 251.5 455.4 246.7 ship 0
490.8 260.2 504.7 277.3 481.5 296.2 467.6 279.2 ship 0
480.0 247.0 483.9 251.5 467.3 265.9 463.4 261.3 ship 0
511.6 275.6 526.4 297.0 498.4 316.4 483.6 295.0 ship 0
532.2 322.9 533.6 324.4 532.1 325.7 530.8 324.3 ship 0
550.1 325.7 553.6 330.6 525.8 350.3 522.4 345.4 ship 0
485.2 304.9 497.1 318.4 471.7 340.9 459.7 327.5 ship 0
493.3 319.7 497.5 323.9 476.6 345.4 472.3 341.2 ship 0
499.9 329.6 504.0 334.0 484.8 351.6 480.8 347.2 ship 0
506.6 346.1 515.5 356.9 492.4 375.9 483.5 365.1 ship 0
515.1 356.5 519.6 360.5 499.7 383.0 495.2 379.0 ship 0
525.1 384.3 544.0 395.6 530.6 417.9 511.8 406.6 ship 0
551.9 406.9 562.7 421.4 535.4 441.7 524.7 427.2 ship 0
559.6 420.8 563.5 425.4 537.4 447.2 533.5 442.6 ship 0
583.3 419.1 586.8 424.0 526.4 466.9 523.0 462.0 ship 0
574.9 442.6 578.0 447.8 545.5 467.5 542.4 462.4 ship 0
574.1 455.0 578.0 459.5 555.6 479.3 551.6 474.8 ship 0
598.5 457.3 601.9 462.3 550.4 496.8 547.0 491.8 ship 0
427.5 241.9 428.0 243.8 426.1 244.4 425.5 242.5 ship 0
435.0 241.5 443.4 252.7 429.0 263.5 420.6 252.3 ship 0
447.9 248.5 452.0 252.9 427.3 276.1 423.2 271.7 ship 0
456.0 255.1 459.9 259.6 431.4 284.7 427.4 280.2 ship 0
460.3 265.3 464.5 269.6 440.5 293.6 436.2 289.4 ship 0
463.7 281.3 467.0 286.3 452.0 296.2 448.7 291.2 ship 0
590.7 477.0 594.0 482.1 562.3 503.0 559.0 497.9 ship 0
558.0 334.8 561.8 339.5 532.1 363.2 528.3 358.5 ship 0
562.8 349.0 565.7 354.3 535.8 370.6 533.0 365.4 ship 0
466.9 223.4 470.6 228.1 453.6 241.9 449.8 237.3 ship 0
670.1 342.4 675.9 350.6 644.9 372.6 639.1 364.4 ship 0
230.6 428.9 234.5 403.2 260.2 407.1 256.3 432.8 ship 0
660.1 322.3 666.1 330.4 632.3 355.4 626.4 347.4 ship 0
423.0 105.2 428.7 103.2 438.9 131.4 433.3 133.4 ship 0
444.5 97.3 450.5 96.3 455.9 129.9 449.9 130.9 ship 0
453.5 98.6 459.2 96.6 470.4 128.7 464.7 130.7 ship 0
466.6 97.3 472.4 95.7 480.4 124.7 474.6 126.3 ship 0
553.7 82.0 558.6 95.1 526.7 106.9 521.8 93.8 ship 0
520.9 104.4 533.4 127.2 507.1 141.6 494.6 118.8 ship 0
582.8 95.4 597.1 117.1 558.8 142.5 544.4 120.8 ship 0
583.1 127.4 595.2 145.8 566.9 164.6 554.8 146.2 ship 0
529.8 126.7 539.7 141.8 511.2 160.3 501.3 145.2 ship 0
534.1 149.9 540.5 157.6 517.4 176.8 511.0 169.1 ship 0
560.0 155.3 566.1 163.2 514.0 203.7 507.9 195.8 ship 0
450.2 187.5 461.2 201.7 437.5 220.1 426.5 205.9 ship 0
590.1 159.1 591.4 160.6 589.9 161.9 588.6 160.4 ship 0
609.3 155.2 616.9 161.8 591.8 190.4 584.3 183.8 ship 0
624.5 170.4 631.7 177.4 602.5 207.6 595.3 200.6 ship 0
629.5 187.5 645.3 202.7 619.0 230.1 603.1 214.8 ship 0
575.1 168.1 586.7 181.9 542.3 219.2 530.7 205.4 ship 0
588.9 209.9 603.9 225.9 579.1 249.1 564.1 233.1 ship 0
603.0 227.4 619.9 247.1 582.1 279.8 565.1 260.1 ship 0
644.4 205.7 660.9 225.7 619.3 260.1 602.7 240.1 ship 0
658.9 227.5 672.4 244.8 633.0 275.6 619.5 258.2 ship 0
611.9 257.3 618.3 265.0 592.1 286.7 585.7 279.0 ship 0
661.0 252.5 674.2 270.1 647.0 290.5 633.8 272.9 ship 0
624.4 276.6 629.4 285.2 603.5 300.3 598.4 291.6 ship 0
632.9 290.8 639.4 298.4 610.2 322.8 603.8 315.2 ship 0
668.9 275.1 675.3 282.8 652.1 301.9 645.7 294.2 ship 0
651.0 301.4 657.8 308.8 621.0 342.6 614.2 335.2 ship 0
577.9 370.7 578.1 388.7 552.1 388.9 551.9 370.9 ship 0
577.5 379.0 581.9 383.1 555.7 410.6 551.4 406.5 ship 0
29.7 261.9 43.7 262.0 43.5 292.0 29.5 291.9 ship 0
56.3 262.5 61.3 265.8 42.6 294.2 37.6 290.9 ship 0
412.9 389.4 417.3 393.6 399.5 412.5 395.1 408.4 ship 0
422.8 400.0 426.4 404.8 405.7 420.5 402.1 415.7 ship 0
430.8 414.1 435.6 417.7 420.2 438.6 415.4 435.1 ship 0
453.2 440.1 457.1 444.6 434.7 464.5 430.7 460.0 ship 0
443.4 419.3 447.8 423.4 424.8 448.3 420.4 444.3 ship 0
461.8 449.7 465.4 454.6 441.2 472.3 437.6 467.4 ship 0
469.0 461.5 471.0 467.1 439.0 478.5 437.0 472.9 ship 0
497.7 511.2 501.4 515.9 474.8 537.1 471.1 532.4 ship 0
482.9 506.2 486.3 519.8 476.6 522.2 473.2 508.6 ship 0
474.0 547.5 481.7 559.2 460.0 573.5 452.3 561.8 ship 0
457.5 514.8 461.0 519.7 430.1 541.8 426.6 536.9 ship 0
448.3 505.0 452.2 509.6 426.2 531.5 422.3 526.9 ship 0
442.9 493.0 446.4 497.9 422.0 515.3 418.5 510.5 ship 0
435.2 480.4 439.3 484.8 414.3 507.9 410.3 503.5 ship 0
429.2 471.8 432.8 476.6 405.8 497.2 402.2 492.4 ship 0
419.2 461.6 423.0 466.3 402.9 482.7 399.1 478.0 ship 0
407.5 436.7 411.2 441.4 384.8 462.8 381.0 458.1 ship 0
409.5 452.8 412.9 457.7 395.0 470.5 391.5 465.6 ship 0
403.1 422.9 407.4 427.2 377.9 457.1 373.6 452.8 ship 0
392.3 415.4 396.5 419.7 369.4 446.3 365.2 442.0 ship 0
383.8 406.9 387.5 411.6 360.6 432.5 356.9 427.7 ship 0
371.5 395.0 379.5 406.4 361.5 419.0 353.5 407.6 ship 0
180.1 348.9 193.9 360.4 184.9 371.1 171.1 359.6 ship 0
205.8 362.0 209.9 366.4 190.7 383.9 186.6 379.5 ship 0
214.5 372.8 218.0 377.7 196.8 392.7 193.3 387.8 ship 0
234.1 372.9 244.2 382.6 220.8 407.2 210.6 397.5 ship 0
241.5 383.9 246.4 387.4 228.8 411.7 224.0 408.2 ship 0
408.3 381.4 412.0 386.1 388.3 404.5 384.6 399.8 ship 0
406.9 375.1 408.8 380.8 384.1 388.9 382.2 383.2 ship 0
398.5 357.6 407.4 368.3 390.5 382.4 381.6 371.7 ship 0
324.2 225.3 328.2 229.7 305.8 249.7 301.8 245.3 ship 0
63.8 272.3 68.5 275.9 50.2 299.7 45.5 296.1 ship 0
74.6 274.2 79.4 277.8 59.0 305.0 54.2 301.4 ship 0
81.3 278.9 86.6 281.6 71.1 311.9 65.8 309.2 ship 0
93.0 283.7 98.0 287.0 81.8 312.2 76.8 309.0 ship 0
103.0 291.6 107.8 295.2 92.2 315.9 87.4 312.3 ship 0
124.9 278.8 133.1 273.0 148.1 294.2 139.9 300.0 ship 0
127.7 261.6 141.2 249.8 158.3 269.4 144.8 281.2 ship 0
136.3 250.7 140.3 246.3 162.7 266.3 158.7 270.7 ship 0
139.5 245.1 148.6 234.4 171.5 253.9 162.4 264.6 ship 0
276.7 217.3 280.3 222.0 243.7 249.9 240.1 245.2 ship 0
286.5 230.5 289.5 235.7 242.8 262.7 239.7 257.5 ship 0
312.6 211.6 324.1 225.6 300.9 244.6 289.5 230.7 ship 0
329.0 243.5 335.7 250.8 316.6 268.4 309.8 261.1 ship 0
387.2 339.0 391.0 343.7 364.5 365.1 360.8 360.4 ship 0
316.3 276.6 323.0 284.0 294.9 309.6 288.2 302.2 ship 0
300.5 258.3 314.6 275.2 285.3 299.5 271.3 282.6 ship 0
344.8 280.6 350.3 283.1 339.3 306.7 333.9 304.1 ship 0
363.2 289.6 367.0 294.2 343.8 313.2 340.0 308.6 ship 0
366.9 302.1 369.8 307.3 347.1 319.9 344.2 314.7 ship 0
341.5 313.2 349.4 324.7 311.5 350.8 303.6 339.3 ship 0
369.5 311.6 372.6 316.7 350.5 330.4 347.4 325.3 ship 0
379.3 329.2 382.6 334.1 357.7 350.8 354.4 345.9 ship 0
343.6 333.3 347.5 337.9 321.4 359.7 317.5 355.1 ship 0
354.2 342.5 358.1 347.0 329.5 372.0 325.6 367.5 ship 0
346.5 373.7 347.3 375.5 345.5 376.3 344.7 374.5 ship 0
363.0 374.7 366.9 379.3 341.0 401.3 337.1 396.7 ship 0
