732.2 761.1 735.1 766.4 708.8 780.9 705.9 775.6 ship 0
612.2 586.1 616.6 590.3 595.8 611.9 591.4 607.7 ship 0
643.0 681.5 654.6 695.4 610.0 732.5 598.4 718.6 ship 0
530.1 637.1 531.4 638.6 529.9 639.9 528.6 638.4 harbor 0
618.2 692.1 628.5 711.5 580.8 736.9 570.5 717.5 harbor 0
662.1 792.4 663.5 793.9 662.0 795.2 660.7 793.8 harbor 0
734.4 750.8 737.2 756.1 696.5 777.5 693.7 772.2 ship 0
729.9 776.2 730.4 778.1 709.1 783.8 708.6 781.9 ship 0
724.6 779.4 728.5 788.6 719.3 792.5 715.4 783.3 ship 0
626.2 848.8 628.1 849.6 627.3 851.4 625.4 850.6 ship 0
639.3 841.8 639.5 843.8 597.7 848.5 597.5 846.5 ship 0
616.2 593.1 621.0 596.7 607.5 614.1 602.8 610.5 ship 0
