83.5 214.7 97.5 226.1 78.5 249.3 64.5 237.9 ship 0
116.5 218.2 127.0 227.5 88.5 270.8 78.0 261.5 ship 0
159.2 261.7 174.2 271.5 151.3 306.7 136.2 296.9 ship 0
175.1 290.2 181.3 298.1 157.9 316.8 151.7 308.9 ship 0
37.6 160.2 51.2 172.1 18.4 209.8 4.8 197.9 ship 0
70.3 200.1 81.3 208.8 52.7 244.9 41.7 236.2 ship 0
7.3 170.0 9.0 171.0 8.1 172.7 6.3 171.8 ship 0
404.6 52.9 420.3 37.5 455.4 73.1 439.7 88.5 ship 0
251.2 2.8 264.9 14.5 232.4 52.4 218.7 40.7 ship 0
110.4 15.4 111.7 16.9 110.3 18.2 108.9 16.8 ship 0
129.7 30.2 131.2 31.5 129.9 33.1 128.4 31.8 ship 0
157.6 23.0 170.4 35.6 149.4 57.0 136.6 44.4 ship 0
174.1 41.5 188.3 52.6 164.9 82.5 150.7 71.4 ship 0
212.8 53.8 229.6 68.1 197.2 106.2 180.4 91.9 ship 0
346.3 407.5 360.5 390.7 389.5 415.3 375.3 432.1 ship 0
337.9 484.3 353.0 468.4 389.4 502.7 374.3 518.7 ship 0
384.3 515.2 400.1 530.5 381.9 549.2 366.2 533.8 ship 0
363.1 537.7 364.3 536.1 365.9 537.3 364.7 538.9 ship 0
317.9 556.3 332.3 539.7 367.1 569.7 352.7 586.3 ship 0
280.2 518.3 290.0 508.3 322.7 540.7 312.8 550.7 ship 0
610.5 62.0 610.5 64.0 608.5 64.0 608.5 62.0 harbor 0
66.9 615.1 68.4 616.4 67.1 617.9 65.6 616.6 roundabout 0
692.9 46.7 694.8 47.4 694.1 49.3 692.2 48.6 ship 0
956.6 53.6 958.4 54.6 957.4 56.4 955.6 55.4 ship 0
928.4 16.3 946.1 19.9 934.6 76.7 916.9 73.1 ship 0
873.9 10.2 887.8 12.2 877.1 85.4 863.2 83.4 ship 0
845.6 55.0 847.5 55.1 847.4 57.0 845.5 56.9 ship 0
797.5 51.2 799.3 51.9 798.7 53.8 796.8 53.1 ship 0
775.1 50.4 777.1 50.6 776.9 52.6 774.9 52.4 ship 0
742.8 25.8 760.5 29.0 752.2 74.2 734.5 71.0 ship 0
724.0 47.0 726.0 47.0 726.0 49.0 724.0 49.0 ship 0
