884.7 472.5 886.5 471.7 887.3 473.5 885.5 474.3 baseball-diamond 0
1006.2 588.5 1011.9 596.7 872.8 694.5 867.1 686.3 tennis-court 0
862.1 570.4 874.8 564.6 943.9 715.6 931.2 721.4 tennis-court 0
868.3 640.9 868.5 642.9 866.5 643.1 866.3 641.1 tennis-court 0
887.7 686.2 899.2 678.1 944.3 741.8 932.8 749.9 basketball-court 0
883.9 673.4 900.7 679.7 872.1 756.6 855.3 750.3 basketball-court 0
920.3 533.7 937.7 529.1 958.7 608.3 941.3 612.9 basketball-court 0
901.6 528.1 919.2 532.0 900.4 615.9 882.8 612.0 basketball-court 0
842.0 534.1 859.0 528.0 888.0 608.9 871.0 615.0 basketball-court 0
428.2 634.3 753.5 317.6 969.8 539.7 644.5 856.4 ground-track-field 0
