99.8 871.4 154.3 915.5 95.2 988.6 40.7 944.5 plane 0
156.3 903.7 230.9 880.8 266.7 997.4 192.1 1020.3 plane 0
252.6 888.9 325.7 861.6 358.6 949.6 285.5 976.9 plane 0
344.0 867.9 393.5 812.9 454.5 867.6 405.0 922.7 plane 0
534.0 593.3 580.6 558.7 620.0 611.7 573.4 646.3 plane 0
394.2 624.2 456.4 592.2 486.6 650.9 424.3 682.9 plane 0
529.8 480.4 635.7 485.7 632.2 555.6 526.3 550.3 plane 0
491.1 365.7 499.9 332.9 579.1 354.2 570.3 387.0 plane 0
531.9 225.2 566.5 276.7 478.4 335.7 443.9 284.2 plane 0
503.6 118.4 556.4 164.4 439.4 298.6 386.6 252.6 plane 0
286.5 219.6 341.6 176.4 399.5 250.4 344.4 293.6 plane 0
837.5 -21.6 875.1 27.7 717.5 147.6 679.9 98.3 plane 0
836.4 107.2 867.8 165.3 774.6 215.8 743.2 157.7 plane 0
696.4 919.7 753.9 879.8 805.2 953.7 747.7 993.6 plane 0
761.2 864.4 805.4 810.0 878.3 869.3 834.2 923.6 plane 0
839.2 792.6 899.5 749.7 949.4 819.8 889.1 862.7 plane 0
863.2 171.7 919.4 206.3 813.5 378.3 757.3 343.7 plane 0
