316.9 962.8 331.5 979.2 318.1 991.2 303.5 974.8 small-vehicle 0
266.8 694.9 302.9 723.4 244.6 797.1 208.5 768.6 tennis-court 0
920.1 454.8 976.6 496.1 939.9 546.2 883.4 504.9 large-vehicle 0
310.4 511.4 310.6 513.4 308.6 513.6 308.4 511.6 bridge 0
548.1 844.3 581.1 852.4 569.2 901.0 536.2 892.9 tennis-court 0
481.2 810.9 513.4 837.8 483.8 873.1 451.6 846.2 tennis-court 0
415.1 775.1 428.8 786.8 386.2 837.1 372.5 825.5 tennis-court 0
332.3 737.9 355.4 749.7 323.7 812.1 300.6 800.3 tennis-court 0
170.1 667.6 230.1 703.6 194.2 763.6 134.2 727.7 tennis-court 0
974.2 379.0 976.0 378.2 976.8 380.0 975.0 380.8 small-vehicle 0
592.1 706.1 593.6 707.4 592.3 708.9 590.8 707.6 tennis-court 0
404.5 583.5 427.4 595.7 388.7 668.0 365.8 655.8 tennis-court 0
323.7 554.0 344.6 560.9 320.3 635.0 299.4 628.1 tennis-court 0
249.6 561.1 250.9 562.6 249.4 563.9 248.1 562.4 tennis-court 0
337.6 442.0 536.5 101.9 745.4 224.0 546.5 564.1 soccer-ball-field 0
-81.4 335.6 213.2 -105.1 414.4 29.4 119.8 470.1 soccer-ball-field 0
961.1 428.8 962.2 427.1 963.9 428.2 962.8 429.9 small-vehicle 0
985.1 356.6 986.4 355.1 987.9 356.4 986.6 357.9 small-vehicle 0
289.1 958.1 305.4 950.5 318.0 977.6 301.7 985.2 small-vehicle 0
999.7 698.1 1000.3 684.1 1018.3 684.9 1017.7 698.9 small-vehicle 0
722.1 762.9 742.5 740.9 752.8 750.5 732.3 772.4 small-vehicle 0
743.3 768.9 750.4 752.4 770.7 761.1 763.6 777.6 small-vehicle 0
919.1 864.8 934.9 849.5 952.9 868.2 937.1 883.5 small-vehicle 0
865.0 848.5 878.4 826.2 904.1 841.7 890.7 864.0 small-vehicle 0
773.3 810.6 797.3 786.5 812.8 802.0 788.8 826.1 small-vehicle 0
676.1 725.0 691.8 733.8 680.9 753.0 665.3 744.1 small-vehicle 0
679.4 706.6 697.4 708.4 695.6 726.4 677.6 724.6 small-vehicle 0
693.8 667.2 718.7 674.9 708.7 707.4 683.9 699.7 small-vehicle 0
969.0 683.1 977.7 667.3 997.0 677.9 988.3 693.7 small-vehicle 0
941.2 668.9 953.0 655.3 972.6 672.5 960.7 686.0 small-vehicle 0
787.3 603.6 802.3 593.6 812.3 608.6 797.3 618.6 small-vehicle 0
