437.9 553.9 826.4 718.9 634.8 1169.9 246.4 1004.9 soccer-ball-field 0
153.3 305.4 182.9 310.7 167.0 399.3 137.4 394.0 tennis-court 0
64.0 467.7 85.2 482.8 -4.1 608.2 -25.3 593.2 tennis-court 0
74.8 480.5 111.5 470.9 136.5 565.6 99.7 575.3 tennis-court 0
33.3 336.8 70.7 317.6 113.7 401.2 76.3 420.4 tennis-court 0
169.5 457.8 203.3 454.6 212.7 552.1 178.8 555.4 tennis-court 0
191.8 303.5 223.0 290.1 260.2 376.5 229.0 389.9 tennis-court 0
220.7 456.7 251.4 442.0 291.8 526.9 261.1 541.5 tennis-court 0
332.2 335.2 361.8 340.6 310.2 621.9 280.7 616.5 tennis-court 0
231.5 124.3 247.5 139.4 177.5 213.7 161.5 198.6 tennis-court 0
248.6 75.1 286.3 70.5 306.5 235.3 268.8 239.9 tennis-court 0
405.6 -4.9 439.5 -2.3 421.9 227.1 388.0 224.5 tennis-court 0
399.5 35.3 420.9 14.3 559.5 155.7 538.1 176.7 tennis-court 0
475.2 52.0 485.8 32.7 624.3 108.7 613.7 128.0 tennis-court 0
639.1 73.7 693.2 52.6 735.9 162.6 681.9 183.6 tennis-court 0
650.7 245.6 783.5 167.6 863.6 303.8 730.8 381.8 tennis-court 0
