940.4 406.4 946.8 381.2 979.7 389.6 973.3 414.8 large-vehicle 0
264.8 514.8 298.5 551.8 220.2 623.2 186.5 586.2 large-vehicle 0
234.3 644.1 235.9 645.3 234.7 646.9 233.1 645.7 roundabout 0
618.7 387.7 660.7 387.8 660.6 421.8 618.6 421.7 large-vehicle 0
761.5 84.3 781.2 34.0 831.5 53.7 811.8 104.0 large-vehicle 0
572.9 63.9 673.8 -4.6 704.1 40.1 603.2 108.6 large-vehicle 0
678.5 378.3 685.7 371.4 717.7 404.5 710.5 411.4 large-vehicle 0
704.7 363.2 714.2 360.2 729.3 407.8 719.8 410.8 large-vehicle 0
732.4 367.4 742.4 367.1 743.5 409.1 733.5 409.4 large-vehicle 0
774.2 359.2 793.9 349.3 812.8 386.8 793.1 396.7 large-vehicle 0
874.5 418.7 875.3 420.5 873.5 421.3 872.7 419.5 large-vehicle 0
362.3 95.4 370.1 89.1 396.5 121.7 388.7 128.0 small-vehicle 0
434.6 14.4 439.2 -3.0 464.4 3.6 459.8 21.0 small-vehicle 0
460.8 51.3 476.2 72.3 455.2 87.7 439.8 66.7 small-vehicle 0
410.7 239.5 418.1 246.3 392.3 274.2 384.9 267.4 small-vehicle 0
416.9 251.2 434.3 264.6 408.8 297.9 391.3 284.5 small-vehicle 0
329.8 204.6 350.6 189.1 366.2 209.9 345.4 225.5 small-vehicle 0
298.5 189.9 331.9 158.2 349.8 177.0 316.5 208.7 small-vehicle 0
636.2 177.2 645.3 173.1 659.2 204.1 650.1 208.2 small-vehicle 0
664.6 163.0 685.5 169.7 671.6 213.6 650.6 206.9 small-vehicle 0
688.8 160.7 698.7 161.7 694.8 199.5 684.8 198.5 small-vehicle 0
653.1 254.9 676.3 235.8 697.9 262.1 674.7 281.2 small-vehicle 0
796.9 225.6 809.9 207.9 830.9 223.2 817.9 241.0 small-vehicle 0
692.0 164.9 699.0 157.7 729.0 187.1 722.0 194.3 small-vehicle 0
719.5 155.1 728.6 150.9 746.5 188.9 737.4 193.1 small-vehicle 0
741.8 143.9 763.8 143.2 765.3 189.2 743.3 189.9 small-vehicle 0
776.4 139.7 786.1 142.1 776.9 179.0 767.2 176.6 small-vehicle 0
802.3 131.8 811.7 135.2 793.2 185.9 783.8 182.5 small-vehicle 0
809.6 138.9 819.6 138.0 823.1 179.9 813.2 180.7 small-vehicle 0
829.9 132.4 851.6 136.4 844.6 173.8 823.0 169.7 small-vehicle 0
1006.3 114.1 1007.4 115.8 1005.7 116.9 1004.6 115.2 small-vehicle 0
417.5 943.4 426.3 954.3 418.5 960.6 409.7 949.7 small-vehicle 0
396.7 917.3 422.7 917.1 422.8 935.1 396.8 935.3 small-vehicle 0
383.9 890.5 390.1 882.6 423.0 908.8 416.7 916.6 small-vehicle 0
387.6 827.8 406.7 845.4 378.2 876.3 359.1 858.7 small-vehicle 0
86.6 477.8 95.2 482.9 73.4 518.9 64.9 513.7 small-vehicle 0
62.0 469.8 71.6 472.6 60.0 513.0 50.4 510.2 small-vehicle 0
31.1 470.5 36.2 467.3 45.8 482.5 40.8 485.7 small-vehicle 0
3.1 458.5 7.8 454.7 29.1 481.2 24.4 485.0 small-vehicle 0
82.8 521.5 84.8 503.7 118.6 507.5 116.5 525.4 small-vehicle 0
