136.8 999.8 137.2 1001.7 135.3 1002.2 134.8 1000.2 large-vehicle 0
197.8 918.1 209.3 910.2 226.2 935.0 214.7 942.9 large-vehicle 0
487.5 562.9 533.4 561.8 534.3 595.8 488.3 596.9 large-vehicle 0
2.7 737.4 28.5 741.0 23.8 774.7 -2.0 771.1 small-vehicle 0
188.6 686.3 207.4 697.7 175.4 750.7 156.6 739.3 small-vehicle 0
209.4 692.3 218.5 696.3 201.6 734.7 192.5 730.7 small-vehicle 0
207.5 700.4 212.0 696.4 245.5 733.6 241.0 737.6 small-vehicle 0
243.3 687.2 253.3 687.0 254.3 729.0 244.3 729.2 small-vehicle 0
284.8 674.0 301.9 687.8 260.2 739.0 243.1 725.2 small-vehicle 0
285.2 682.8 307.0 680.4 310.8 714.2 289.0 716.6 small-vehicle 0
449.9 637.9 459.2 641.5 441.1 688.1 431.8 684.5 small-vehicle 0
460.3 648.0 478.3 649.0 476.7 679.0 458.7 678.0 small-vehicle 0
523.6 620.3 570.9 636.8 558.4 672.7 511.1 656.2 small-vehicle 0
632.0 551.7 650.6 528.2 671.0 544.3 652.4 567.8 small-vehicle 0
