227.8 365.6 242.7 349.4 288.2 391.4 273.3 407.6 small-vehicle 0
253.0 351.8 270.3 338.2 306.3 383.7 289.0 397.3 small-vehicle 0
279.7 337.6 300.2 329.9 319.3 380.4 298.8 388.1 small-vehicle 0
315.6 329.0 348.5 310.0 373.5 353.2 340.7 372.3 small-vehicle 0
279.4 273.5 312.9 255.5 336.6 299.5 303.1 317.5 small-vehicle 0
197.7 373.6 223.4 358.1 251.3 404.4 225.6 419.9 small-vehicle 0
114.3 407.4 136.3 393.6 160.7 432.6 138.7 446.4 small-vehicle 0
92.9 412.6 108.3 403.1 132.4 442.3 117.1 451.7 small-vehicle 0
66.0 425.6 89.1 413.6 112.1 458.0 89.0 470.0 small-vehicle 0
36.0 432.8 48.4 426.4 73.2 474.3 60.8 480.7 small-vehicle 0
9.7 437.6 18.5 433.0 49.0 491.5 40.2 496.1 small-vehicle 0
-8.3 447.4 13.1 442.0 24.3 486.6 2.9 492.0 small-vehicle 0
