590.3 863.1 621.1 885.4 591.7 925.9 560.9 903.6 ship 0
735.2 864.0 753.1 862.4 755.8 892.3 737.9 893.9 ship 0
308.4 823.7 310.3 824.4 309.6 826.3 307.7 825.6 ship 0
316.2 742.2 338.2 741.8 338.8 779.8 316.8 780.2 ship 0
824.8 562.8 839.8 572.7 821.2 601.2 806.2 591.3 ship 0
831.6 422.7 847.9 430.5 838.4 450.3 822.1 442.5 ship 0
704.9 687.1 721.9 701.1 700.3 727.4 683.3 713.4 ship 0
711.8 669.9 716.8 661.3 753.1 682.4 748.1 691.0 ship 0
717.6 648.4 721.2 643.6 757.7 671.7 754.0 676.5 ship 0
753.7 612.4 769.5 591.8 802.9 617.4 787.0 638.0 ship 0
667.0 694.9 688.4 709.6 673.6 731.0 652.2 716.3 ship 0
697.9 623.1 712.7 633.5 695.4 658.0 680.7 647.7 ship 0
684.1 617.2 692.3 622.9 672.9 650.8 664.7 645.1 ship 0
707.9 584.4 727.4 594.6 719.1 610.6 699.6 600.4 ship 0
653.4 572.4 661.3 556.2 706.2 578.1 698.3 594.3 ship 0
614.2 559.4 616.4 541.5 650.1 545.7 647.9 563.5 ship 0
554.6 534.1 564.1 518.8 596.4 538.9 586.9 554.2 ship 0
483.6 496.7 503.6 480.1 525.4 506.3 505.4 522.9 ship 0
423.7 475.5 434.4 461.1 464.9 483.8 454.1 498.2 ship 0
353.8 449.8 370.4 429.7 418.2 469.2 401.6 489.3 ship 0
737.5 258.7 763.4 260.8 760.6 294.7 734.7 292.6 ship 0
653.7 284.2 664.9 275.9 680.3 296.8 669.1 305.1 ship 0
717.0 331.5 738.8 328.7 742.0 354.5 720.2 357.3 ship 0
882.3 665.7 893.6 646.8 922.7 664.3 911.4 683.2 ship 0
912.6 692.7 930.1 688.3 940.4 729.0 922.9 733.4 ship 0
934.1 645.1 962.8 636.4 972.7 668.9 944.0 677.7 ship 0
219.1 834.9 226.1 818.3 286.9 844.1 279.9 860.7 ship 0
147.9 811.8 155.4 795.5 215.3 823.2 207.8 839.6 ship 0
111.4 799.1 112.5 797.5 114.2 798.5 113.1 800.2 ship 0
124.3 702.7 144.3 719.3 99.7 773.3 79.7 756.7 ship 0
158.7 645.6 173.4 656.0 137.3 706.4 122.6 696.0 ship 0
195.4 586.0 211.8 600.6 170.6 647.0 154.2 632.4 ship 0
230.1 553.7 247.2 567.6 220.9 600.3 203.8 586.4 ship 0
225.8 539.6 233.3 546.2 195.4 590.1 187.8 583.5 ship 0
266.9 494.4 296.5 511.0 268.1 561.6 238.5 545.0 ship 0
260.9 482.5 272.1 490.8 235.1 540.5 223.9 532.2 ship 0
704.1 659.7 705.3 658.1 706.9 659.4 705.6 661.0 harbor 0
944.8 714.2 951.6 689.0 972.8 694.7 966.1 719.8 ship 0
844.3 893.6 845.9 894.8 844.7 896.4 843.1 895.2 harbor 0
966.2 895.5 969.3 921.3 899.8 929.5 896.7 903.7 ship 0
876.6 848.2 900.7 830.3 923.4 860.8 899.3 878.7 ship 0
774.3 856.3 790.8 849.3 804.1 880.5 787.6 887.6 ship 0
957.7 836.1 976.1 824.0 992.6 849.1 974.2 861.1 ship 0
880.0 908.6 883.1 926.3 826.0 936.4 822.9 918.7 ship 0
827.5 837.9 835.4 844.1 809.5 877.1 801.6 870.9 ship 0
858.6 841.1 879.7 847.2 870.4 879.9 849.3 873.8 ship 0
937.2 830.8 955.1 832.3 951.7 874.1 933.8 872.7 ship 0
917.0 801.9 933.6 787.5 961.0 819.4 944.4 833.7 ship 0
955.6 741.6 977.6 741.1 978.4 775.1 956.4 775.6 ship 0
919.3 743.8 937.1 740.9 944.4 786.4 926.7 789.2 ship 0
