62.5 806.9 82.4 784.5 128.7 825.8 108.7 848.2 small-vehicle 0
366.4 841.5 367.6 863.4 329.6 865.5 328.4 843.6 small-vehicle 0
33.9 891.3 43.5 867.1 75.1 879.7 65.5 903.9 small-vehicle 0
352.8 748.6 381.9 741.3 397.2 801.4 368.1 808.7 small-vehicle 0
488.4 681.7 538.8 652.9 567.6 703.3 517.2 732.1 small-vehicle 0
552.0 657.8 560.9 653.4 583.0 698.2 574.1 702.6 small-vehicle 0
557.7 653.0 576.3 634.9 608.3 668.0 589.7 686.1 small-vehicle 0
440.6 691.8 544.1 635.2 583.4 707.2 479.9 763.8 large-vehicle 0
251.2 822.5 291.7 869.4 250.8 904.7 210.3 857.7 large-vehicle 0
933.4 451.7 983.4 415.0 1031.9 481.1 982.0 517.8 large-vehicle 0
442.0 475.2 449.9 469.1 478.1 505.4 470.2 511.6 small-vehicle 0
458.0 467.4 475.8 454.4 503.0 491.6 485.2 504.6 small-vehicle 0
480.8 578.9 501.5 563.1 522.1 590.2 501.4 605.9 small-vehicle 0
974.5 339.0 1000.9 317.5 1027.5 350.0 1001.1 371.5 small-vehicle 0
880.9 561.5 896.6 582.2 863.1 607.5 847.4 586.8 small-vehicle 0
830.1 610.6 831.4 612.1 829.9 613.4 828.6 611.9 small-vehicle 0
804.0 625.3 807.3 634.7 779.0 644.7 775.7 635.3 small-vehicle 0
758.2 634.4 774.9 648.8 744.8 683.6 728.1 669.2 small-vehicle 0
795.4 53.6 836.8 25.6 853.6 50.4 812.2 78.4 small-vehicle 0
846.7 55.7 882.7 90.4 839.6 135.0 803.7 100.3 small-vehicle 0
