41.0 265.2 65.8 282.0 49.0 306.8 24.2 290.0 small-vehicle 0
69.2 287.2 75.7 266.2 115.8 278.7 109.3 299.7 small-vehicle 0
750.1 1004.3 768.0 970.8 801.5 988.6 783.7 1022.2 large-vehicle 0
908.3 544.8 910.0 543.7 911.1 545.4 909.4 546.5 swimming-pool 0
206.2 280.6 206.9 278.7 208.8 279.4 208.1 281.3 small-vehicle 0
267.9 262.5 276.1 287.1 247.6 296.6 239.4 271.9 small-vehicle 0
287.6 278.4 290.6 268.9 315.4 276.6 312.4 286.1 small-vehicle 0
325.6 276.3 339.4 264.7 356.1 284.7 342.3 296.2 small-vehicle 0
632.2 290.9 650.8 272.7 671.8 294.1 653.2 312.3 small-vehicle 0
758.0 761.7 780.7 792.2 731.0 829.3 708.3 798.8 small-vehicle 0
224.0 490.0 246.0 476.1 274.9 521.7 252.9 535.6 small-vehicle 0
403.6 942.1 415.6 934.9 435.2 967.5 423.2 974.7 small-vehicle 0
470.6 989.5 476.2 964.1 501.6 969.7 496.0 995.1 small-vehicle 0
789.8 238.1 814.9 244.7 801.2 296.9 776.1 290.3 small-vehicle 0
756.5 152.7 778.0 148.2 786.5 189.3 765.0 193.8 small-vehicle 0
865.3 67.6 873.7 51.7 896.7 63.8 888.2 79.7 small-vehicle 0
