451.4 686.6 474.8 698.0 456.3 735.7 432.9 724.3 small-vehicle 0
499.8 634.1 528.1 653.0 498.2 697.9 469.9 679.0 small-vehicle 0
478.2 514.9 513.1 530.0 493.2 575.9 458.3 560.8 small-vehicle 0
630.2 537.2 639.2 496.2 742.8 518.8 733.8 559.8 small-vehicle 0
509.3 430.1 538.3 447.8 518.6 480.3 489.5 462.6 small-vehicle 0
546.1 328.2 584.7 360.0 547.9 404.8 509.3 373.0 small-vehicle 0
639.5 284.0 678.0 300.8 659.5 343.0 621.0 326.2 small-vehicle 0
603.9 171.2 641.8 189.2 622.1 230.8 584.2 212.8 small-vehicle 0
27.3 588.6 57.8 525.6 131.6 561.2 101.2 624.3 small-vehicle 0
753.1 25.5 784.7 46.5 754.9 91.5 723.2 70.5 small-vehicle 0
885.3 474.6 908.9 518.7 850.7 549.8 827.1 505.7 small-vehicle 0
766.7 496.1 804.1 489.8 814.3 550.9 776.9 557.2 small-vehicle 0
