910.4 364.0 910.9 350.0 940.9 351.1 940.4 365.0 large-vehicle 0
782.5 797.5 783.1 791.5 816.9 794.5 816.4 800.4 ship 0
777.0 752.9 777.3 746.9 815.2 748.2 815.0 754.2 ship 0
858.4 803.4 858.6 805.4 856.6 805.6 856.4 803.6 ship 0
835.6 792.3 836.4 778.3 878.4 780.7 877.6 794.7 ship 0
880.5 753.7 881.4 771.7 831.5 774.3 830.6 756.3 ship 0
871.3 735.8 871.4 753.8 825.4 754.2 825.3 736.2 ship 0
837.6 733.6 843.4 712.4 880.1 722.4 874.3 743.6 ship 0
866.9 697.2 868.8 711.1 835.1 715.8 833.2 701.9 ship 0
809.0 727.0 811.0 732.7 779.0 744.0 777.0 738.3 ship 0
775.8 721.0 777.2 715.1 810.2 723.0 808.8 728.9 ship 0
795.3 706.2 795.8 704.3 797.7 704.8 797.2 706.7 ship 0
835.7 757.6 854.6 795.1 806.3 819.4 787.4 781.9 harbor 0
650.0 728.9 652.7 738.5 643.1 741.3 640.3 731.6 ship 0
716.6 877.6 720.3 860.0 765.4 869.4 761.7 887.0 ship 0
691.9 814.2 709.8 812.3 715.1 862.1 697.2 864.0 ship 0
689.6 749.4 707.0 744.9 719.6 793.2 702.2 797.8 ship 0
694.5 682.7 712.2 686.0 704.5 727.3 686.8 724.0 ship 0
697.2 640.4 710.9 643.1 705.8 668.6 692.1 665.9 ship 0
709.6 639.2 713.1 621.5 750.4 628.8 746.9 646.5 ship 0
804.8 626.1 808.3 643.8 771.0 651.2 767.5 633.5 ship 0
839.0 643.9 840.2 630.0 890.0 634.1 888.8 648.0 ship 0
951.7 626.2 954.7 639.9 913.7 648.8 910.7 635.1 ship 0
1019.0 628.3 1020.4 646.3 978.6 649.7 977.1 631.7 ship 0
802.9 767.7 811.1 779.0 790.1 794.3 781.9 783.0 ship 0
811.5 807.6 811.9 813.6 781.9 815.4 781.6 809.4 ship 0
908.0 328.2 909.9 314.4 955.5 320.7 953.5 334.5 large-vehicle 0
774.0 826.4 775.9 820.7 812.0 832.6 810.1 838.3 ship 0
1012.8 786.2 1013.2 788.2 1011.2 788.6 1010.8 786.6 harbor 0
997.5 861.7 1001.4 879.3 956.5 889.3 952.6 871.7 ship 0
997.1 856.1 997.7 862.1 951.9 866.9 951.3 860.9 ship 0
955.3 839.4 957.2 833.7 1000.7 848.6 998.8 854.3 ship 0
957.9 822.3 960.2 816.7 999.1 832.7 996.8 838.3 ship 0
995.0 807.8 995.0 813.8 965.0 814.2 965.0 808.2 ship 0
1001.8 790.9 1002.1 796.9 960.2 799.1 959.9 793.1 ship 0
970.3 778.9 971.4 768.9 1001.2 772.1 1000.2 782.1 ship 0
963.5 761.0 964.8 751.0 1002.5 756.0 1001.2 766.0 ship 0
1003.3 728.3 1004.7 750.3 966.7 752.7 965.3 730.7 ship 0
995.9 696.0 998.8 713.8 973.1 718.0 970.2 700.2 ship 0
777.9 864.5 778.5 854.5 812.5 856.5 811.9 866.5 ship 0
813.5 839.4 814.2 845.4 780.5 849.6 779.8 843.6 ship 0
773.4 881.2 774.1 871.2 812.0 873.9 811.3 883.8 ship 0
881.5 864.1 884.7 881.8 839.5 889.9 836.3 872.2 ship 0
861.3 844.2 869.4 860.3 842.7 873.8 834.6 857.7 ship 0
832.6 845.2 833.6 835.2 871.4 838.8 870.4 848.8 ship 0
834.4 831.1 838.0 809.4 871.6 814.9 868.0 836.6 ship 0
442.0 494.8 449.0 524.0 377.0 541.2 370.0 512.0 large-vehicle 0
307.5 14.7 339.8 34.8 334.5 43.3 302.2 23.2 storage-tank 0
304.3 13.2 305.8 7.4 338.7 15.8 337.2 21.6 storage-tank 0
714.7 258.1 718.0 244.5 778.3 258.9 775.0 272.5 large-vehicle 0
770.5 282.6 783.3 264.7 830.5 298.4 817.7 316.3 large-vehicle 0
818.2 1000.4 820.2 999.9 820.7 1001.8 818.7 1002.3 ship 0
