841.0 248.6 849.1 242.8 869.0 270.4 860.9 276.2 small-vehicle 0
472.1 113.9 522.1 178.8 482.5 209.4 432.5 144.4 small-vehicle 0
644.9 336.1 663.4 324.1 684.1 355.9 665.6 367.9 small-vehicle 0
666.8 325.0 674.6 318.7 696.2 345.0 688.4 351.3 small-vehicle 0
698.6 316.7 716.2 303.5 741.4 337.1 723.8 350.3 small-vehicle 0
724.0 296.5 733.3 292.8 747.3 328.1 738.1 331.8 small-vehicle 0
739.4 295.2 748.1 290.3 768.7 327.0 759.9 331.9 small-vehicle 0
755.6 286.5 763.8 280.7 783.4 308.5 775.2 314.3 small-vehicle 0
789.9 269.5 806.2 261.8 822.4 296.2 806.2 303.9 small-vehicle 0
812.1 268.0 817.3 264.9 834.9 294.0 829.7 297.1 small-vehicle 0
546.3 13.1 558.5 -0.1 574.7 14.9 562.5 28.1 small-vehicle 0
865.3 249.1 996.1 153.5 1035.0 206.7 904.3 302.4 large-vehicle 0
92.3 93.2 179.2 -8.8 299.4 93.8 212.5 195.7 large-vehicle 0
49.9 179.0 106.5 137.8 204.1 272.0 147.5 313.2 large-vehicle 0
210.9 250.8 255.4 145.8 327.2 176.2 282.7 281.2 large-vehicle 0
380.5 465.4 572.6 403.1 579.4 424.0 387.3 486.3 large-vehicle 0
418.0 344.6 537.9 367.1 514.7 490.9 394.8 468.5 large-vehicle 0
324.4 411.1 359.9 319.8 421.4 343.7 385.9 435.0 large-vehicle 0
457.1 -3.2 524.0 79.0 429.4 156.0 362.5 73.8 large-vehicle 0
473.9 81.9 645.1 264.1 550.3 353.1 379.1 171.0 large-vehicle 0
620.7 278.0 626.9 285.8 534.3 359.0 528.1 351.2 large-vehicle 0
629.7 305.7 637.2 317.5 544.3 376.3 536.8 364.5 large-vehicle 0
484.5 524.7 537.1 773.1 503.9 780.2 451.3 531.7 large-vehicle 0
511.9 728.6 546.2 594.9 579.1 603.4 544.8 737.1 large-vehicle 0
780.1 265.1 1152.7 114.0 1174.5 167.7 801.9 318.8 large-vehicle 0
824.9 257.3 833.3 251.9 856.3 287.1 847.9 292.5 small-vehicle 0
855.4 240.2 863.7 234.6 887.4 269.2 879.1 274.9 small-vehicle 0
997.4 732.7 1006.3 728.2 1021.7 758.5 1012.8 763.0 small-vehicle 0
971.3 739.0 995.2 728.7 1008.7 760.0 984.8 770.3 small-vehicle 0
897.7 866.2 954.5 854.3 963.9 899.3 907.2 911.3 small-vehicle 0
878.6 232.4 887.2 227.4 908.4 263.6 899.8 268.6 small-vehicle 0
299.4 284.9 300.8 275.0 322.6 278.1 321.2 288.0 small-vehicle 0
304.9 305.2 306.4 295.3 336.1 299.8 334.6 309.7 small-vehicle 0
276.8 310.9 279.7 305.6 316.7 325.4 313.9 330.7 small-vehicle 0
323.2 326.3 326.8 317.0 354.8 327.7 351.2 337.0 small-vehicle 0
265.9 333.4 268.5 323.7 340.1 342.6 337.5 352.3 small-vehicle 0
175.9 287.2 198.8 306.6 171.6 338.6 148.8 319.2 small-vehicle 0
198.9 309.9 208.1 313.9 185.1 367.1 175.9 363.1 small-vehicle 0
215.7 333.4 224.5 338.1 198.8 385.6 190.0 380.8 small-vehicle 0
227.1 365.8 236.1 370.2 213.9 415.1 205.0 410.7 small-vehicle 0
245.7 387.1 253.8 393.1 226.3 429.9 218.2 423.9 small-vehicle 0
441.6 373.1 463.5 375.5 459.3 413.3 437.4 410.8 small-vehicle 0
348.0 431.5 356.1 420.1 393.6 446.8 385.5 458.2 small-vehicle 0
368.0 399.1 425.0 432.4 416.0 447.9 359.0 414.6 small-vehicle 0
396.2 455.3 407.4 427.5 427.8 435.7 416.6 463.5 small-vehicle 0
399.7 469.5 402.8 460.0 450.3 475.7 447.1 485.2 small-vehicle 0
485.7 450.4 511.0 456.4 502.2 493.4 476.9 487.4 small-vehicle 0
511.0 466.9 520.7 469.2 511.0 510.1 501.3 507.8 small-vehicle 0
509.4 494.6 535.2 491.6 538.6 521.4 512.8 524.4 small-vehicle 0
369.1 480.7 373.0 471.5 415.3 489.4 411.4 498.6 small-vehicle 0
418.0 504.5 419.5 482.5 465.4 485.6 463.9 507.5 small-vehicle 0
384.6 513.9 405.7 487.2 429.2 505.8 408.2 532.5 small-vehicle 0
439.5 522.3 440.7 512.4 466.5 515.7 465.3 525.6 small-vehicle 0
435.5 524.1 437.0 534.0 399.5 539.9 398.0 530.0 small-vehicle 0
453.3 548.6 455.0 538.8 476.7 542.6 474.9 552.5 small-vehicle 0
394.4 571.3 444.6 516.9 472.6 542.7 422.4 597.1 small-vehicle 0
459.8 570.3 462.2 560.6 495.2 568.9 492.7 578.6 small-vehicle 0
433.9 583.6 447.7 561.6 480.0 581.7 466.2 603.7 small-vehicle 0
485.2 615.6 494.0 595.4 539.8 615.4 531.0 635.6 small-vehicle 0
469.1 684.9 495.0 637.5 559.9 673.1 534.0 720.5 small-vehicle 0
276.7 294.4 277.6 292.7 279.3 293.6 278.4 295.3 small-vehicle 0
239.0 270.6 241.6 260.9 290.0 273.4 287.4 283.1 small-vehicle 0
287.2 262.3 288.8 252.4 314.5 256.5 312.9 266.4 small-vehicle 0
989.6 331.8 995.4 339.9 967.6 359.6 961.8 351.5 small-vehicle 0
910.8 219.6 926.4 210.5 943.5 239.9 927.9 249.0 small-vehicle 0
982.6 186.4 1008.6 187.0 1007.9 221.0 981.9 220.4 small-vehicle 0
994.3 356.8 1001.7 368.7 969.5 388.8 962.1 376.9 small-vehicle 0
667.7 469.9 686.6 451.9 712.8 479.5 693.9 497.4 small-vehicle 0
726.6 532.9 742.5 524.5 762.2 561.6 746.3 570.0 small-vehicle 0
27.5 15.1 40.2 -7.6 69.8 9.1 57.1 31.7 small-vehicle 0
13.9 26.6 22.6 15.6 49.3 36.8 40.5 47.7 small-vehicle 0
52.3 82.3 75.1 94.6 51.4 138.6 28.6 126.3 small-vehicle 0
73.7 104.9 82.4 109.7 60.3 150.1 51.6 145.3 small-vehicle 0
90.8 132.7 100.0 143.3 65.2 173.4 56.0 162.8 small-vehicle 0
98.8 148.3 108.4 150.9 94.4 203.0 84.8 200.5 small-vehicle 0
82.6 193.0 136.5 196.5 135.1 218.4 81.2 215.0 small-vehicle 0
116.4 79.5 127.2 55.8 183.6 81.5 172.8 105.2 small-vehicle 0
145.4 86.5 171.9 26.0 221.4 47.7 194.9 108.1 small-vehicle 0
138.9 100.7 142.8 91.5 196.1 114.3 192.2 123.5 small-vehicle 0
190.5 127.1 205.2 96.5 225.0 106.0 210.3 136.6 small-vehicle 0
167.2 125.8 170.3 120.7 199.3 138.5 196.1 143.6 small-vehicle 0
203.1 141.9 205.6 132.2 253.9 145.1 251.4 154.8 small-vehicle 0
170.3 156.8 171.8 147.0 213.3 153.2 211.8 163.1 small-vehicle 0
229.0 169.6 230.2 159.7 252.0 162.2 250.9 172.2 small-vehicle 0
198.3 177.3 201.4 172.1 216.8 181.4 213.7 186.6 small-vehicle 0
235.3 193.0 237.5 183.3 266.7 190.0 264.5 199.7 small-vehicle 0
210.1 201.2 213.5 196.2 228.4 206.4 225.0 211.3 small-vehicle 0
223.3 224.5 225.9 219.1 245.7 228.5 243.1 233.9 small-vehicle 0
290.1 198.0 296.8 271.7 274.9 273.7 268.2 200.0 small-vehicle 0
243.8 247.4 246.7 242.2 265.9 252.8 263.0 258.1 small-vehicle 0
523.3 997.5 530.3 1022.6 489.8 1033.9 482.8 1008.9 small-vehicle 0
-12.7 884.2 18.8 871.3 53.0 954.5 21.6 967.4 small-vehicle 0
