466.2 878.5 539.5 826.2 591.8 899.5 518.5 951.8 roundabout 0
632.2 335.6 654.7 322.6 683.7 372.9 661.2 385.9 large-vehicle 0
655.3 29.3 659.1 38.6 627.7 51.7 623.9 42.4 small-vehicle 0
670.6 88.5 673.6 98.0 637.4 109.5 634.4 100.0 small-vehicle 0
671.8 119.3 679.0 144.3 650.2 152.7 643.0 127.7 small-vehicle 0
631.2 270.7 648.8 267.1 665.4 347.4 647.7 351.0 small-vehicle 0
669.7 473.2 689.2 490.3 669.3 512.8 649.8 495.7 small-vehicle 0
567.5 413.3 573.3 426.1 538.6 441.6 532.9 428.9 small-vehicle 0
555.0 380.8 567.7 403.5 538.0 420.2 525.3 397.5 small-vehicle 0
542.1 349.7 558.8 374.6 533.9 391.3 517.2 366.4 small-vehicle 0
451.0 370.3 464.3 387.8 434.0 410.7 420.7 393.2 small-vehicle 0
454.1 362.2 454.8 372.2 416.9 374.8 416.2 364.8 small-vehicle 0
441.9 315.5 445.6 320.2 419.0 341.3 415.3 336.6 small-vehicle 0
442.0 295.7 447.4 304.2 411.8 326.5 406.5 318.0 small-vehicle 0
521.6 256.9 532.3 276.2 499.1 294.6 488.4 275.4 small-vehicle 0
418.2 176.1 429.9 199.3 388.8 219.9 377.1 196.7 small-vehicle 0
422.5 205.9 425.5 215.4 385.5 228.1 382.5 218.6 small-vehicle 0
481.0 185.1 510.3 178.6 516.0 203.9 486.7 210.4 small-vehicle 0
429.5 232.5 438.7 256.8 399.4 271.7 390.2 247.4 small-vehicle 0
476.4 175.6 477.9 169.8 514.6 179.4 513.1 185.2 small-vehicle 0
516.3 215.8 527.6 239.3 500.6 252.3 489.3 228.9 small-vehicle 0
509.1 240.2 524.8 249.1 515.9 264.8 500.2 255.9 small-vehicle 0
401.4 273.0 404.9 263.6 436.8 275.2 433.4 284.6 small-vehicle 0
413.6 346.5 440.7 333.6 446.7 346.3 419.6 359.2 small-vehicle 0
495.9 581.5 506.8 600.7 477.2 617.4 466.4 598.3 small-vehicle 0
578.6 7.4 588.6 6.6 590.4 28.6 580.4 29.4 small-vehicle 0
464.9 862.9 488.3 874.3 468.2 915.6 444.8 904.3 small-vehicle 0
888.8 453.7 906.0 467.4 877.2 503.3 860.0 489.6 small-vehicle 0
630.6 77.0 646.4 56.3 673.4 77.0 657.6 97.7 small-vehicle 0
650.2 6.0 657.0 31.1 620.3 41.1 613.5 16.0 small-vehicle 0
