660.9 335.8 671.4 316.5 761.1 365.2 750.6 384.5 small-vehicle 0
134.0 544.4 146.9 531.9 223.4 611.0 210.4 623.5 large-vehicle 0
519.8 367.2 538.2 379.4 506.2 427.8 487.8 415.6 large-vehicle 0
471.1 341.6 490.8 351.2 452.9 428.4 433.2 418.8 large-vehicle 0
438.0 323.6 457.1 334.6 408.0 419.4 388.9 408.4 large-vehicle 0
385.7 313.0 405.6 322.4 377.3 382.0 357.4 372.6 large-vehicle 0
352.3 295.4 368.2 303.8 331.8 372.8 315.9 364.4 large-vehicle 0
310.3 295.6 326.6 303.1 295.7 370.4 279.4 362.9 large-vehicle 0
256.5 265.0 274.5 265.0 274.6 359.0 256.6 359.0 large-vehicle 0
237.5 253.0 249.5 260.1 205.5 334.0 193.5 326.9 large-vehicle 0
193.3 233.7 210.7 238.0 181.6 356.4 164.1 352.1 large-vehicle 0
160.5 238.0 177.7 243.3 149.0 337.0 131.8 331.7 large-vehicle 0
104.6 227.0 142.5 228.8 137.4 334.7 99.5 332.9 large-vehicle 0
55.0 230.7 83.9 239.0 58.0 329.3 29.1 321.0 large-vehicle 0
134.6 650.1 136.1 648.7 137.5 650.1 136.0 651.5 large-vehicle 0
122.1 601.0 145.0 581.5 221.4 671.4 198.5 690.9 large-vehicle 0
569.3 384.7 586.0 399.0 540.5 452.2 523.8 437.9 large-vehicle 0
601.3 400.0 620.9 410.0 583.7 483.0 564.1 473.0 large-vehicle 0
687.7 422.6 708.0 431.3 669.3 521.4 649.0 512.7 large-vehicle 0
792.6 729.2 798.3 750.4 711.4 773.8 705.7 752.6 large-vehicle 0
804.5 762.6 816.6 798.6 731.3 827.4 719.2 791.4 large-vehicle 0
846.9 745.4 847.1 743.4 849.1 743.6 848.9 745.6 large-vehicle 0
722.2 439.4 743.7 444.4 727.8 512.6 706.3 507.6 large-vehicle 0
811.4 705.0 820.4 700.6 831.6 724.0 822.6 728.4 large-vehicle 0
875.5 664.8 878.8 678.5 775.7 703.1 772.5 689.5 large-vehicle 0
753.4 659.6 753.6 645.6 863.6 647.4 863.4 661.4 large-vehicle 0
776.7 625.9 778.7 612.0 867.8 625.1 865.7 639.0 large-vehicle 0
870.3 568.2 876.2 580.9 776.7 627.8 770.8 615.1 large-vehicle 0
769.2 552.8 774.6 539.9 864.9 578.2 859.4 591.1 large-vehicle 0
790.4 522.9 795.6 501.5 863.6 518.1 858.4 539.5 large-vehicle 0
223.7 647.5 233.9 637.9 265.3 671.5 255.1 681.1 large-vehicle 0
151.3 512.3 164.6 500.2 244.1 587.5 230.8 599.6 large-vehicle 0
943.8 450.5 953.2 435.2 999.2 463.5 989.8 478.8 small-vehicle 0
243.4 626.9 252.9 616.5 301.6 661.1 292.1 671.5 large-vehicle 0
210.9 744.7 243.6 771.0 192.3 835.0 159.5 808.7 large-vehicle 0
263.2 754.3 277.1 765.7 227.8 826.1 213.8 814.8 large-vehicle 0
301.5 764.9 315.6 776.0 265.0 840.4 250.8 829.3 large-vehicle 0
404.0 758.5 411.3 765.4 352.2 827.9 344.9 821.1 large-vehicle 0
449.9 741.0 457.3 747.7 376.1 838.7 368.6 832.0 large-vehicle 0
488.5 746.3 506.3 748.5 493.5 849.7 475.7 847.5 large-vehicle 0
558.2 762.5 564.9 769.9 492.1 835.5 485.4 828.1 large-vehicle 0
972.1 176.2 1000.8 194.3 976.3 233.3 947.6 215.2 small-vehicle 0
911.6 268.9 914.4 235.0 968.2 239.4 965.4 273.3 small-vehicle 0
739.4 280.6 746.3 264.0 766.6 272.4 759.7 289.0 small-vehicle 0
965.2 368.3 975.1 353.2 1050.3 402.6 1040.5 417.6 small-vehicle 0
413.9 525.7 424.2 516.3 460.8 556.0 450.5 565.4 large-vehicle 0
308.2 637.1 309.9 636.2 310.8 637.9 309.1 638.8 large-vehicle 0
330.6 624.8 343.8 612.6 380.4 652.2 367.2 664.4 large-vehicle 0
372.7 637.6 393.6 616.0 435.3 656.4 414.4 678.0 large-vehicle 0
421.8 631.6 431.7 621.7 472.7 662.7 462.8 672.6 large-vehicle 0
450.3 622.4 459.8 612.1 505.4 654.1 496.0 664.4 large-vehicle 0
483.9 593.5 500.1 585.7 527.1 641.5 510.9 649.3 large-vehicle 0
491.9 568.4 504.4 555.4 546.1 595.6 533.6 608.6 large-vehicle 0
374.7 544.1 399.1 520.4 442.3 564.9 417.9 588.6 large-vehicle 0
380.4 544.5 384.6 557.8 359.8 565.7 355.6 552.4 large-vehicle 0
302.6 537.5 313.3 528.4 348.4 569.5 337.7 578.6 large-vehicle 0
270.1 547.5 280.5 538.1 311.6 571.9 301.2 581.4 large-vehicle 0
272.3 539.3 278.9 546.7 229.7 590.7 223.1 583.3 large-vehicle 0
316.0 120.4 332.5 95.3 421.0 153.6 404.5 178.7 large-vehicle 0
643.4 772.9 643.6 818.9 585.6 819.1 585.4 773.1 large-vehicle 0
649.3 411.7 667.6 423.9 624.5 488.9 606.2 476.7 large-vehicle 0
