15.3 1002.6 16.9 1003.8 15.7 1005.4 14.1 1004.2 large-vehicle 0
65.6 962.2 79.3 959.4 95.4 1039.8 81.7 1042.6 large-vehicle 0
102.1 960.3 120.1 959.7 122.9 1037.7 104.9 1038.3 large-vehicle 0
119.6 963.3 156.6 954.6 175.4 1034.4 138.4 1043.1 large-vehicle 0
210.7 963.7 275.2 950.0 291.3 1026.3 226.8 1040.0 large-vehicle 0
968.9 536.1 1003.1 479.7 1056.1 511.9 1021.9 568.3 large-vehicle 0
445.9 81.9 508.8 62.0 548.0 186.0 485.1 205.9 large-vehicle 0
592.4 44.4 630.4 43.7 633.6 213.6 595.6 214.4 large-vehicle 0
338.5 954.2 364.5 953.8 365.5 1031.8 339.5 1032.2 large-vehicle 0
412.4 950.7 426.4 950.9 424.6 1044.9 410.6 1044.7 large-vehicle 0
421.5 952.8 446.2 944.6 474.5 1030.0 449.9 1038.2 large-vehicle 0
458.9 944.3 488.9 943.3 492.1 1037.3 462.2 1038.3 large-vehicle 0
500.4 942.9 514.4 943.5 510.5 1041.4 496.6 1040.9 large-vehicle 0
668.9 937.8 722.9 937.3 723.7 1015.3 669.7 1015.8 large-vehicle 0
815.4 938.0 828.0 944.0 796.6 1011.0 784.0 1005.0 large-vehicle 0
839.2 961.5 854.3 971.4 837.9 996.5 822.8 986.7 large-vehicle 0
859.6 926.5 881.3 922.9 898.4 1027.5 876.7 1031.1 large-vehicle 0
927.1 929.2 975.1 943.4 951.8 1022.0 903.9 1007.9 large-vehicle 0
