662.1 612.1 667.3 625.0 542.9 674.9 537.7 662.0 large-vehicle 0
904.9 226.9 909.2 260.7 796.1 275.1 791.8 241.3 large-vehicle 0
906.7 178.2 913.4 190.5 792.3 256.8 785.6 244.5 large-vehicle 0
907.4 174.4 907.6 192.4 785.6 193.6 785.4 175.6 large-vehicle 0
891.0 60.1 894.2 98.0 752.7 109.9 749.5 72.0 large-vehicle 0
661.5 522.8 663.9 536.6 563.5 554.4 561.1 540.6 large-vehicle 0
563.0 569.6 564.7 555.7 662.0 567.7 660.3 581.6 large-vehicle 0
665.3 589.0 665.7 603.0 555.7 606.0 555.3 592.0 large-vehicle 0
599.7 666.1 605.8 674.0 585.3 689.9 579.2 682.0 large-vehicle 0
579.5 699.8 584.3 708.6 561.4 721.1 556.6 712.3 large-vehicle 0
599.2 717.1 604.8 729.9 507.4 771.9 501.9 759.0 large-vehicle 0
890.8 659.3 902.4 682.5 786.2 740.7 774.6 717.5 large-vehicle 0
754.2 670.4 755.1 656.4 920.8 666.6 919.9 680.6 large-vehicle 0
918.1 614.3 920.7 628.1 796.9 651.4 794.3 637.6 large-vehicle 0
878.4 519.9 897.6 578.9 793.1 613.0 773.8 554.1 large-vehicle 0
246.6 846.8 259.9 899.1 153.3 926.2 140.0 873.9 large-vehicle 0
354.9 849.0 367.6 889.1 285.5 914.9 272.9 874.9 large-vehicle 0
463.5 852.9 468.3 902.6 410.5 908.1 405.8 858.4 large-vehicle 0
558.3 845.5 572.3 880.8 499.7 909.5 485.7 874.2 large-vehicle 0
699.6 839.3 710.6 879.9 604.4 908.7 593.4 868.1 large-vehicle 0
1013.6 801.7 1027.4 832.8 963.4 861.3 949.6 830.2 large-vehicle 0
