887.8 350.3 931.1 405.3 835.2 480.7 791.9 425.7 large-vehicle 0
821.3 168.9 851.6 198.1 794.7 257.1 764.4 227.9 large-vehicle 0
813.5 149.4 825.8 162.5 754.0 229.3 741.8 216.1 large-vehicle 0
787.7 49.5 816.9 25.2 846.3 60.5 817.1 84.8 large-vehicle 0
722.7 -1.6 736.7 -12.9 783.3 44.6 769.3 55.9 large-vehicle 0
681.9 7.0 695.9 -4.3 780.1 100.0 766.1 111.3 large-vehicle 0
651.0 30.9 665.0 19.6 736.5 108.4 722.5 119.7 large-vehicle 0
588.6 78.0 605.4 63.9 681.3 154.3 664.4 168.4 large-vehicle 0
556.6 127.8 585.6 97.4 668.1 176.1 639.1 206.5 large-vehicle 0
73.6 24.9 87.5 13.4 180.4 126.1 166.5 137.6 large-vehicle 0
148.7 2.2 162.2 -9.7 240.1 79.0 226.5 90.9 large-vehicle 0
33.3 33.8 47.1 22.3 145.9 140.4 132.1 151.9 large-vehicle 0
-0.3 46.1 14.2 35.3 111.3 164.9 96.8 175.7 large-vehicle 0
-26.2 86.3 -12.9 74.1 67.0 161.0 53.7 173.1 large-vehicle 0
208.0 19.1 221.2 6.8 269.0 57.9 255.8 70.2 large-vehicle 0
