913.8 288.3 924.7 302.7 840.2 366.7 829.3 352.3 large-vehicle 0
885.1 252.0 898.9 263.5 836.0 338.7 822.2 327.1 large-vehicle 0
602.5 458.1 634.8 431.3 710.2 522.1 677.8 548.9 large-vehicle 0
253.1 878.8 279.2 911.7 136.9 1025.2 110.8 992.3 large-vehicle 0
222.3 859.1 234.9 872.0 118.7 984.9 106.1 972.0 large-vehicle 0
141.9 832.9 153.8 846.4 77.4 913.9 65.5 900.4 large-vehicle 0
241.3 685.8 268.2 718.0 24.0 921.7 -2.9 889.4 large-vehicle 0
106.9 651.7 116.2 662.1 -10.4 775.6 -19.7 765.2 large-vehicle 0
103.5 614.3 114.9 628.2 -10.3 731.0 -21.7 717.1 large-vehicle 0
521.8 486.0 533.8 499.4 394.9 623.2 383.0 609.7 large-vehicle 0
895.5 711.8 909.8 700.8 1008.5 829.2 994.2 840.2 large-vehicle 0
847.4 717.2 861.1 705.5 981.8 847.0 968.1 858.7 large-vehicle 0
818.2 742.0 831.9 730.2 942.8 859.0 929.1 870.8 large-vehicle 0
773.5 752.9 786.8 740.8 917.3 884.3 904.0 896.4 large-vehicle 0
719.6 801.6 732.9 789.4 853.4 920.4 840.1 932.6 large-vehicle 0
678.1 817.1 690.9 804.5 829.6 945.8 816.8 958.4 large-vehicle 0
488.4 709.6 526.5 758.6 417.6 843.4 379.5 794.4 large-vehicle 0
623.4 632.0 637.5 648.8 534.8 734.9 520.7 718.0 large-vehicle 0
582.9 593.4 601.0 611.9 485.3 725.2 467.1 706.6 large-vehicle 0
573.7 555.5 588.1 572.1 487.0 660.1 472.5 643.5 large-vehicle 0
550.7 521.2 565.3 537.6 465.3 626.8 450.7 610.4 large-vehicle 0
513.7 441.7 525.9 455.0 397.3 572.3 385.1 559.0 large-vehicle 0
460.7 422.0 475.6 438.2 353.0 550.2 338.2 533.9 large-vehicle 0
442.0 372.2 457.5 387.7 323.3 522.3 307.8 506.7 large-vehicle 0
366.8 234.4 417.5 192.2 482.8 270.5 432.1 312.8 large-vehicle 0
826.1 159.4 854.2 190.6 781.5 256.2 753.3 225.1 large-vehicle 0
814.7 137.6 826.9 150.8 754.9 217.3 742.7 204.1 large-vehicle 0
795.5 106.6 807.9 119.7 736.6 187.0 724.2 173.9 large-vehicle 0
756.4 45.4 769.7 57.4 698.6 136.0 685.2 123.9 large-vehicle 0
736.3 16.0 749.3 28.4 673.7 108.3 660.7 95.9 large-vehicle 0
