312.3 82.9 325.1 77.3 378.7 200.1 365.9 205.7 large-vehicle 0
568.6 436.0 582.1 432.3 614.4 550.0 600.9 553.7 large-vehicle 0
636.4 460.6 649.9 457.0 662.6 505.4 649.1 509.0 large-vehicle 0
668.5 457.7 682.4 456.4 686.7 502.2 672.8 503.5 large-vehicle 0
701.8 449.9 715.6 451.9 708.6 501.4 694.7 499.4 large-vehicle 0
747.7 532.1 748.2 566.1 626.3 567.9 625.8 533.9 large-vehicle 0
519.3 244.0 533.2 242.7 543.9 356.2 530.0 357.5 large-vehicle 0
523.8 248.0 536.0 241.1 592.1 340.4 579.9 347.3 large-vehicle 0
228.6 76.4 241.7 71.6 298.6 227.6 285.5 232.4 large-vehicle 0
263.4 84.1 276.7 79.8 320.6 214.9 307.3 219.2 large-vehicle 0
286.5 76.8 299.7 72.1 349.8 213.5 336.6 218.2 large-vehicle 0
342.3 86.0 355.2 80.5 401.7 189.0 388.8 194.5 large-vehicle 0
375.4 76.1 388.8 72.1 423.8 189.0 410.4 193.0 large-vehicle 0
396.7 74.9 409.7 69.5 456.3 182.3 443.4 187.6 large-vehicle 0
419.3 69.9 432.1 64.2 484.7 183.1 471.9 188.8 large-vehicle 0
456.0 58.7 469.6 55.2 501.0 177.3 487.4 180.8 large-vehicle 0
473.6 57.5 486.4 52.0 537.4 171.5 524.6 177.0 large-vehicle 0
499.3 52.0 512.1 46.3 566.6 168.7 553.8 174.4 large-vehicle 0
523.2 40.6 536.2 35.3 591.8 170.3 578.8 175.6 large-vehicle 0
546.2 28.5 559.3 23.4 618.0 174.4 604.9 179.5 large-vehicle 0
580.0 44.6 593.0 39.4 636.4 149.2 623.3 154.3 large-vehicle 0
351.5 5.8 383.5 -5.8 404.7 52.4 372.8 64.1 large-vehicle 0
544.3 439.4 558.0 436.8 580.7 552.6 567.0 555.2 large-vehicle 0
741.9 706.8 753.9 714.1 684.0 828.4 672.1 821.1 large-vehicle 0
712.7 686.2 725.4 692.0 661.2 832.0 648.5 826.1 large-vehicle 0
697.8 683.9 709.5 691.6 624.8 820.3 613.1 812.6 large-vehicle 0
73.6 542.8 81.5 567.6 -7.9 596.4 -15.9 571.6 large-vehicle 0
169.0 526.7 180.2 535.2 89.0 654.3 77.8 645.8 large-vehicle 0
199.0 531.6 210.0 540.1 110.6 668.0 99.5 659.4 large-vehicle 0
229.2 544.3 239.8 553.5 138.8 669.7 128.2 660.5 large-vehicle 0
244.9 546.2 256.8 553.6 176.1 684.7 164.2 677.4 large-vehicle 0
272.2 562.7 283.5 570.9 200.1 685.8 188.8 677.6 large-vehicle 0
305.6 565.1 316.7 573.7 220.4 698.9 209.3 690.3 large-vehicle 0
327.3 574.0 338.9 581.9 254.7 706.0 243.1 698.1 large-vehicle 0
354.0 581.1 365.7 588.8 283.0 713.9 271.3 706.2 large-vehicle 0
379.5 595.1 390.9 603.4 307.3 718.2 296.0 710.0 large-vehicle 0
401.7 594.9 413.8 601.9 339.3 732.1 327.2 725.1 large-vehicle 0
421.1 610.7 433.7 616.9 374.9 737.3 362.3 731.1 large-vehicle 0
447.4 611.5 460.1 617.2 400.6 750.5 387.9 744.8 large-vehicle 0
475.7 619.0 488.3 625.0 424.4 760.7 411.8 754.7 large-vehicle 0
502.5 631.2 514.8 637.8 447.5 762.8 435.2 756.2 large-vehicle 0
565.1 649.5 584.6 666.7 490.7 773.1 471.2 755.9 large-vehicle 0
612.8 667.6 624.7 674.9 552.5 792.5 540.6 785.2 large-vehicle 0
654.5 663.8 665.7 672.1 562.5 812.2 551.3 803.9 large-vehicle 0
667.9 671.4 680.2 678.1 604.1 816.6 591.8 809.9 large-vehicle 0
386.4 -1.1 399.2 -6.8 424.5 49.8 411.8 55.5 large-vehicle 0
