457.2 455.0 464.0 442.7 493.8 459.0 487.0 471.3 small-vehicle 0
25.2 151.3 39.2 129.4 67.8 147.7 53.8 169.6 small-vehicle 0
253.4 491.2 265.3 498.4 212.6 585.8 200.7 578.6 large-vehicle 0
232.5 473.2 244.6 480.3 184.5 581.8 172.4 574.7 large-vehicle 0
207.4 470.4 218.9 478.4 158.6 565.6 147.1 557.6 large-vehicle 0
132.5 454.8 161.1 473.3 116.5 542.2 87.9 523.7 large-vehicle 0
114.2 433.8 129.8 442.8 78.8 531.2 63.2 522.2 large-vehicle 0
10.0 200.3 21.2 181.4 53.9 200.7 42.7 219.7 small-vehicle 0
33.5 115.5 42.6 104.9 80.5 137.5 71.4 148.1 small-vehicle 0
363.9 535.8 376.1 542.8 329.4 624.4 317.3 617.4 large-vehicle 0
334.5 201.4 356.7 175.6 409.7 221.3 387.5 247.1 small-vehicle 0
553.7 328.8 589.9 340.2 577.3 380.2 541.1 368.8 small-vehicle 0
145.5 204.5 156.4 190.2 202.5 225.5 191.6 239.8 small-vehicle 0
156.7 183.0 162.0 174.5 211.3 205.0 206.0 213.5 small-vehicle 0
204.1 43.9 216.0 51.4 191.2 90.2 179.4 82.7 small-vehicle 0
220.7 81.0 221.5 79.2 223.3 80.0 222.5 81.8 small-vehicle 0
268.3 78.0 280.4 85.2 254.7 128.0 242.6 120.8 small-vehicle 0
290.9 84.3 303.5 90.3 283.5 131.8 270.9 125.7 small-vehicle 0
306.6 97.1 329.3 109.8 310.8 143.0 288.1 130.3 small-vehicle 0
304.4 507.1 328.4 517.0 289.4 611.3 265.4 601.3 large-vehicle 0
393.8 538.3 406.2 544.7 361.2 631.7 348.8 625.3 large-vehicle 0
793.6 613.8 794.7 612.1 796.4 613.2 795.3 614.9 large-vehicle 0
643.0 445.2 650.2 433.2 748.0 491.8 740.8 503.8 large-vehicle 0
748.4 509.6 763.3 483.5 838.0 526.2 823.1 552.3 large-vehicle 0
776.1 455.5 797.5 419.3 871.6 463.0 850.2 499.2 large-vehicle 0
817.8 359.7 837.3 327.1 911.1 371.3 891.5 403.9 large-vehicle 0
799.9 410.1 808.8 394.4 890.6 440.7 881.7 456.4 large-vehicle 0
706.8 317.1 715.0 301.1 809.4 349.4 801.2 365.4 large-vehicle 0
692.9 341.3 700.1 329.3 794.4 386.0 787.2 398.0 large-vehicle 0
689.0 370.4 695.9 358.2 788.0 410.6 781.1 422.8 large-vehicle 0
673.8 393.5 684.1 378.8 738.2 416.5 727.9 431.2 small-vehicle 0
656.7 415.5 664.5 403.9 752.4 463.2 744.6 474.8 large-vehicle 0
639.8 498.5 645.9 486.0 741.2 532.5 735.1 545.0 large-vehicle 0
426.1 546.2 438.2 553.1 384.0 648.8 371.8 641.9 large-vehicle 0
632.7 521.5 639.7 509.4 738.3 566.5 731.3 578.6 large-vehicle 0
632.3 553.3 638.8 540.8 754.4 600.3 747.9 612.7 large-vehicle 0
619.2 660.2 692.0 524.4 774.8 568.8 702.0 704.6 large-vehicle 0
633.8 628.4 643.1 608.5 695.7 632.9 686.5 652.8 small-vehicle 0
590.2 608.9 616.3 630.8 566.2 690.5 540.1 668.7 large-vehicle 0
569.1 587.1 584.1 597.1 525.2 685.2 510.2 675.2 large-vehicle 0
486.3 560.4 502.0 569.3 451.4 657.9 435.8 649.0 large-vehicle 0
536.7 384.8 569.5 404.1 552.2 433.4 519.5 414.1 small-vehicle 0
464.6 558.4 475.1 567.5 400.4 653.6 389.9 644.5 large-vehicle 0
381.9 122.6 408.6 143.6 385.1 173.4 358.4 152.4 small-vehicle 0
