429.5 24.2 439.2 4.5 480.5 24.8 470.8 44.5 small-vehicle 0
656.5 656.1 670.4 654.7 673.4 684.6 659.5 686.0 small-vehicle 0
162.8 866.0 174.7 858.7 255.2 990.0 243.3 997.3 large-vehicle 0
134.8 389.8 135.3 375.9 241.2 380.2 240.7 394.1 large-vehicle 0
240.1 388.7 245.1 401.7 149.9 438.3 144.9 425.3 large-vehicle 0
248.3 427.7 249.9 441.6 140.7 454.3 139.1 440.4 large-vehicle 0
149.2 470.5 149.9 456.5 251.8 461.5 251.1 475.5 large-vehicle 0
252.8 470.1 256.6 483.6 154.7 512.8 150.9 499.3 large-vehicle 0
256.0 494.1 259.6 503.5 160.8 541.7 157.2 532.4 large-vehicle 0
266.3 527.0 268.0 536.8 155.7 556.0 154.0 546.2 large-vehicle 0
464.3 424.6 471.6 436.5 388.0 487.7 380.7 475.8 large-vehicle 0
477.5 448.6 484.2 461.0 387.5 513.4 380.8 501.0 large-vehicle 0
490.4 488.6 493.2 502.3 381.6 525.4 378.8 511.7 large-vehicle 0
316.8 544.8 322.6 566.1 174.2 607.2 168.4 585.9 large-vehicle 0
538.5 502.0 546.3 522.5 413.6 573.0 405.8 552.5 large-vehicle 0
766.7 641.4 790.8 631.5 805.3 666.6 781.3 676.6 small-vehicle 0
739.8 653.1 761.0 647.0 773.7 691.2 752.6 697.3 small-vehicle 0
733.9 658.8 742.9 663.1 735.1 679.3 726.1 675.0 small-vehicle 0
695.2 654.3 713.6 642.2 732.3 670.6 713.9 682.7 small-vehicle 0
693.2 653.3 703.0 655.5 695.6 688.7 685.9 686.5 small-vehicle 0
350.0 192.4 388.0 191.6 390.0 293.6 352.0 294.4 large-vehicle 0
227.5 332.0 233.3 344.7 140.5 387.0 134.7 374.3 large-vehicle 0
187.9 853.4 200.0 846.2 285.2 988.6 273.2 995.8 large-vehicle 0
221.2 304.1 226.9 316.9 133.6 358.1 127.9 345.3 large-vehicle 0
224.3 851.0 236.8 844.7 307.7 986.0 295.2 992.3 large-vehicle 0
254.3 842.4 267.2 837.0 329.7 986.5 316.8 991.9 large-vehicle 0
273.1 841.3 285.2 834.3 368.9 977.7 356.8 984.7 large-vehicle 0
310.8 831.2 323.7 825.9 385.2 975.8 372.3 981.1 large-vehicle 0
344.4 822.1 357.8 818.3 403.0 978.1 389.6 981.9 large-vehicle 0
362.8 851.7 374.0 843.4 444.2 938.3 433.0 946.6 large-vehicle 0
404.8 824.9 416.1 816.6 512.2 947.1 500.9 955.4 large-vehicle 0
444.0 844.6 454.3 835.0 532.0 918.4 521.7 928.0 large-vehicle 0
443.7 701.0 474.0 678.0 533.3 756.0 503.0 779.0 large-vehicle 0
339.1 705.9 349.8 696.9 417.9 778.1 407.2 787.1 large-vehicle 0
319.8 711.6 331.9 704.6 377.2 782.4 365.1 789.4 large-vehicle 0
295.0 719.2 307.5 712.9 346.1 789.8 333.6 796.0 large-vehicle 0
264.4 726.7 272.3 720.5 325.7 787.9 317.8 794.1 large-vehicle 0
230.1 696.3 243.0 690.9 299.9 829.7 287.0 835.1 large-vehicle 0
209.4 733.5 221.3 726.1 268.7 802.6 256.7 810.0 large-vehicle 0
182.2 736.2 194.3 729.1 239.8 806.8 227.7 813.9 large-vehicle 0
155.6 736.5 168.0 730.1 211.4 813.5 199.0 819.9 large-vehicle 0
213.3 212.9 216.0 222.6 117.7 250.1 115.0 240.4 large-vehicle 0
220.4 242.1 221.8 252.0 113.0 268.0 111.5 258.1 large-vehicle 0
216.5 255.5 220.0 264.9 124.5 300.5 121.0 291.1 large-vehicle 0
227.8 288.2 229.8 302.0 120.9 317.9 118.9 304.0 large-vehicle 0
