623.9 84.0 625.4 85.4 624.0 86.8 622.5 85.5 ship 0
761.0 288.5 778.3 307.9 693.5 384.0 676.1 364.7 ship 0
275.0 105.7 287.1 119.1 256.0 147.3 243.9 133.9 ship 0
362.8 184.8 364.4 183.5 365.6 185.0 364.1 186.3 ship 0
275.6 941.3 293.7 970.1 251.4 996.7 233.3 967.9 storage-tank 0
351.9 897.3 372.0 906.2 332.1 995.7 312.0 986.8 storage-tank 0
333.6 840.8 357.1 859.5 313.4 914.2 289.9 895.5 storage-tank 0
266.5 879.0 271.8 912.6 218.5 921.0 213.2 887.4 storage-tank 0
210.0 808.4 227.8 811.1 221.0 856.6 203.2 853.9 storage-tank 0
265.1 792.6 279.1 775.7 332.9 820.4 318.9 837.3 storage-tank 0
286.7 707.3 309.0 732.9 271.3 765.7 249.0 740.1 storage-tank 0
204.1 722.4 227.3 741.4 182.9 795.6 159.7 776.6 storage-tank 0
131.6 648.6 373.4 638.5 375.4 684.4 133.6 694.5 storage-tank 0
180.6 660.1 201.3 687.1 158.4 719.9 137.7 692.9 storage-tank 0
-7.5 516.0 91.9 426.1 133.5 472.0 34.1 561.9 storage-tank 0
94.0 421.1 113.2 393.0 257.0 490.9 237.8 519.0 storage-tank 0
210.5 340.1 212.5 430.1 174.5 430.9 172.5 340.9 storage-tank 0
140.6 299.9 169.1 309.2 130.4 429.1 101.9 419.8 storage-tank 0
-20.0 411.6 -12.5 370.3 76.0 386.4 68.5 427.7 storage-tank 0
117.1 254.4 139.7 267.4 102.9 331.6 80.3 318.6 storage-tank 0
9.9 251.1 145.5 155.3 172.1 192.9 36.5 288.7 storage-tank 0
520.2 79.6 522.7 105.5 425.2 114.9 422.7 89.0 harbor 0
