102.5 925.2 108.5 925.0 109.0 939.0 103.0 939.2 small-vehicle 0
41.5 1004.6 42.9 1006.0 41.5 1007.4 40.1 1006.0 small-vehicle 0
12.7 1014.8 14.5 1009.1 27.8 1013.3 26.1 1019.0 small-vehicle 0
26.8 958.6 28.4 959.8 27.2 961.4 25.6 960.2 small-vehicle 0
75.3 996.8 76.9 997.9 75.8 999.5 74.2 998.4 small-vehicle 0
25.0 921.2 34.5 936.4 12.6 950.3 3.0 935.1 small-vehicle 0
132.7 883.7 141.5 899.5 129.3 906.3 120.5 890.5 small-vehicle 0
70.4 943.6 72.4 943.4 72.6 945.4 70.6 945.6 small-vehicle 0
111.7 891.6 120.9 916.0 85.3 929.4 76.1 905.0 small-vehicle 0
132.8 975.2 134.6 976.1 133.6 977.9 131.8 976.9 small-vehicle 0
81.2 932.5 92.9 924.8 102.7 939.9 91.0 947.6 small-vehicle 0
66.3 879.4 107.8 920.0 61.6 967.2 20.1 926.6 storage-tank 0
98.7 989.5 99.1 987.5 101.1 987.9 100.7 989.9 small-vehicle 0
1033.3 625.8 1055.0 939.0 777.7 958.2 756.0 645.0 storage-tank 0
