298.5 221.4 317.1 233.1 298.9 261.8 280.3 250.1 small-vehicle 0
110.6 877.3 112.2 876.1 113.4 877.7 111.8 878.9 harbor 0
210.6 925.2 211.8 923.6 213.4 924.8 212.2 926.4 harbor 0
514.1 323.5 515.9 324.3 515.1 326.2 513.2 325.3 large-vehicle 0
605.9 929.4 606.1 927.4 608.1 927.6 607.9 929.6 ship 0
562.4 874.4 562.6 876.4 560.6 876.6 560.4 874.6 ship 0
532.9 499.6 545.5 486.9 561.1 502.4 548.5 515.1 ship 0
340.9 384.2 342.3 382.7 343.7 384.1 342.3 385.6 ship 0
357.8 366.6 359.4 367.8 358.2 369.4 356.6 368.2 large-vehicle 0
355.6 395.1 356.9 393.6 358.4 394.9 357.1 396.4 large-vehicle 0
202.4 953.9 202.6 951.9 204.6 952.1 204.4 954.1 ship 0
176.9 984.5 177.0 982.5 179.0 982.6 178.9 984.6 ship 0
534.6 905.8 536.2 904.6 537.4 906.2 535.8 907.4 ship 0
710.3 560.8 717.4 567.8 617.3 668.6 610.2 661.5 large-vehicle 0
639.1 598.9 641.0 599.6 640.3 601.5 638.4 600.8 large-vehicle 0
443.0 472.6 444.5 473.9 443.2 475.4 441.7 474.1 large-vehicle 0
573.2 555.1 574.9 556.2 573.8 557.9 572.1 556.8 large-vehicle 0
456.8 481.2 458.6 482.2 457.6 484.0 455.9 483.0 large-vehicle 0
817.6 685.8 819.0 684.3 820.5 685.7 819.1 687.1 large-vehicle 0
832.2 740.4 833.5 741.9 831.9 743.2 830.6 741.7 large-vehicle 0
844.1 693.4 845.8 692.3 846.9 694.0 845.2 695.1 large-vehicle 0
383.0 359.6 384.1 358.0 385.7 359.1 384.6 360.7 large-vehicle 0
403.5 323.1 416.9 311.0 431.6 327.4 418.2 339.4 large-vehicle 0
424.6 311.8 425.7 310.1 427.4 311.2 426.3 312.9 large-vehicle 0
373.7 217.1 374.9 218.7 373.3 219.9 372.1 218.3 large-vehicle 0
468.2 271.0 487.4 288.5 470.0 307.7 450.7 290.3 large-vehicle 0
