965.6 192.4 1014.0 263.5 959.4 300.6 911.0 229.5 storage-tank 0
810.4 564.9 830.8 532.8 977.6 626.1 957.2 658.2 storage-tank 0
796.1 561.6 822.0 583.7 755.9 661.4 730.0 639.3 storage-tank 0
680.4 563.4 737.5 610.4 662.6 701.6 605.5 654.6 storage-tank 0
984.4 327.7 1021.3 347.9 987.6 409.3 950.7 389.1 storage-tank 0
809.2 378.0 817.7 353.4 951.8 400.0 943.3 424.6 storage-tank 0
675.2 390.6 696.6 354.5 842.8 441.4 821.4 477.5 storage-tank 0
555.8 473.1 584.2 370.9 717.2 407.9 688.8 510.1 storage-tank 0
763.1 242.0 778.2 211.5 944.9 294.0 929.8 324.5 storage-tank 0
766.0 726.6 775.6 702.4 889.0 747.4 879.4 771.6 storage-tank 0
649.3 281.5 661.4 249.7 812.7 307.5 800.6 339.3 storage-tank 0
526.6 296.9 543.8 263.0 695.4 340.1 678.2 374.0 storage-tank 0
691.6 93.6 708.5 -7.0 860.4 18.4 843.5 119.0 storage-tank 0
518.9 108.5 582.8 4.5 690.1 70.5 626.2 174.5 storage-tank 0
761.3 688.9 771.2 802.5 649.7 813.1 639.8 699.5 storage-tank 0
894.7 665.8 986.2 687.5 966.3 771.2 874.8 749.5 storage-tank 0
779.2 888.2 858.9 937.9 802.8 1027.8 723.1 978.1 storage-tank 0
860.5 886.8 906.5 839.4 1008.5 938.2 962.5 985.6 storage-tank 0
