826.4 1008.3 832.3 1007.1 836.6 1028.7 830.7 1029.9 small-vehicle 0
823.4 935.8 824.5 957.7 794.6 959.2 793.5 937.3 small-vehicle 0
742.7 957.2 752.7 967.1 737.3 982.8 727.3 972.9 small-vehicle 0
916.1 931.0 929.9 919.4 941.4 933.2 927.6 944.8 small-vehicle 0
756.4 984.1 770.4 972.8 784.3 989.9 770.3 1001.2 small-vehicle 0
737.4 996.6 738.2 998.5 736.4 999.3 735.6 997.4 small-vehicle 0
865.1 990.2 879.5 1001.0 863.9 1021.8 849.5 1011.0 small-vehicle 0
511.8 240.7 532.3 248.6 523.0 272.9 502.5 265.0 small-vehicle 0
831.4 1008.0 835.2 1003.4 855.2 1020.1 851.3 1024.7 small-vehicle 0
856.7 942.0 868.7 955.4 843.3 978.0 831.3 964.6 small-vehicle 0
896.6 980.8 913.0 988.3 900.5 1015.5 884.1 1008.0 small-vehicle 0
851.5 918.7 858.6 925.7 832.0 952.8 824.9 945.8 small-vehicle 0
939.3 903.7 943.0 882.0 968.7 886.3 965.0 908.0 small-vehicle 0
707.4 893.0 711.5 888.6 724.6 901.0 720.5 905.4 small-vehicle 0
788.5 971.4 798.0 961.1 820.1 981.4 810.5 991.7 small-vehicle 0
881.4 949.9 891.8 930.5 907.6 939.1 897.2 958.5 small-vehicle 0
750.5 983.3 755.2 979.6 768.6 997.1 763.9 1000.7 small-vehicle 0
765.7 913.7 766.7 887.7 796.6 888.8 795.7 914.8 small-vehicle 0
728.2 913.1 749.8 898.5 762.1 916.8 740.5 931.3 small-vehicle 0
717.9 887.2 721.9 882.6 738.5 897.1 734.5 901.6 small-vehicle 0
751.0 866.5 766.6 881.9 748.3 900.4 732.7 885.0 small-vehicle 0
941.5 902.3 943.0 912.2 901.5 918.7 900.0 908.8 small-vehicle 0
946.1 974.6 952.5 966.9 966.3 978.4 959.9 986.1 small-vehicle 0
896.2 931.6 908.2 918.2 933.6 940.8 921.6 954.2 small-vehicle 0
950.7 812.9 1014.0 912.5 823.2 1033.7 759.9 934.1 storage-tank 0
715.9 892.0 748.9 939.8 734.1 950.0 701.1 902.2 small-vehicle 0
782.0 934.9 798.3 955.2 765.6 981.5 749.3 961.3 small-vehicle 0
921.6 989.1 922.5 987.4 924.2 988.3 923.3 990.0 small-vehicle 0
14.7 18.0 37.3 31.0 26.3 50.0 3.7 37.0 small-vehicle 0
