300.9 935.1 346.4 1003.4 308.1 1028.9 262.6 960.6 storage-tank 0
864.3 661.7 864.8 659.8 866.7 660.3 866.2 662.2 storage-tank 0
946.5 667.5 1012.5 669.5 1010.5 735.5 944.5 733.5 storage-tank 0
1002.2 630.4 1003.1 628.7 1004.8 629.6 1003.9 631.3 storage-tank 0
890.2 792.2 904.3 781.0 947.8 835.8 933.7 847.0 storage-tank 0
936.6 837.2 957.2 791.6 1006.4 813.8 985.8 859.4 storage-tank 0
841.6 845.8 856.1 893.6 804.4 909.2 789.9 861.4 storage-tank 0
853.4 907.9 853.6 861.9 907.6 862.1 907.4 908.1 storage-tank 0
906.1 882.3 952.3 863.2 969.9 905.7 923.7 924.8 storage-tank 0
958.0 908.5 979.7 863.4 1032.0 888.5 1010.3 933.6 storage-tank 0
805.0 918.4 816.7 910.7 844.0 952.6 832.3 960.3 storage-tank 0
846.9 936.3 887.4 907.0 919.1 950.7 878.6 980.0 storage-tank 0
911.9 926.0 965.9 927.0 965.1 977.0 911.1 976.0 storage-tank 0
965.1 977.0 969.1 931.1 1026.9 936.0 1022.9 981.9 storage-tank 0
215.8 976.1 242.9 963.3 271.2 1022.9 244.1 1035.7 storage-tank 0
408.0 920.2 409.1 898.2 463.0 900.8 461.9 922.8 storage-tank 0
919.0 511.2 919.8 513.0 918.0 513.8 917.2 512.0 storage-tank 0
144.6 262.1 145.9 263.6 144.4 264.9 143.1 263.4 storage-tank 0
14.1 298.4 15.1 296.6 16.9 297.6 15.9 299.4 storage-tank 0
88.2 334.1 88.9 332.2 90.8 332.9 90.1 334.8 storage-tank 0
502.1 872.4 518.4 892.6 488.9 916.6 472.6 896.4 storage-tank 0
172.1 356.6 173.4 355.1 174.9 356.4 173.6 357.9 storage-tank 0
569.3 848.7 581.8 866.8 540.7 895.3 528.2 877.2 storage-tank 0
470.1 937.3 477.0 962.4 424.9 976.7 418.0 951.6 storage-tank 0
521.4 918.9 538.6 932.6 502.6 978.1 485.4 964.4 storage-tank 0
592.7 904.9 595.0 926.8 545.3 932.1 543.0 910.2 storage-tank 0
473.5 971.7 494.3 1017.2 452.5 1036.3 431.7 990.8 storage-tank 0
533.4 960.4 568.1 1006.9 521.6 1041.6 486.9 995.1 storage-tank 0
549.8 980.8 563.2 932.7 615.2 947.2 601.8 995.3 storage-tank 0
609.7 978.8 630.1 1020.0 585.3 1042.2 564.9 1001.0 storage-tank 0
125.1 802.4 162.9 797.9 166.9 831.6 129.1 836.1 storage-tank 0
230.2 744.6 250.3 781.5 202.8 807.4 182.7 770.5 storage-tank 0
278.1 730.7 290.7 762.3 247.9 779.3 235.3 747.7 storage-tank 0
240.6 690.3 243.9 676.7 292.4 688.7 289.1 702.3 storage-tank 0
181.3 699.1 222.9 671.3 250.7 712.9 209.1 740.7 storage-tank 0
118.9 730.0 147.9 689.3 195.1 723.0 166.1 763.7 storage-tank 0
230.5 548.3 249.2 560.0 220.5 605.7 201.8 594.0 storage-tank 0
122.4 593.0 165.3 554.0 201.6 594.0 158.7 633.0 storage-tank 0
97.6 617.1 99.4 616.1 100.4 617.9 98.6 618.9 storage-tank 0
201.4 446.1 202.9 447.4 201.6 448.9 200.1 447.6 storage-tank 0
115.5 424.5 115.5 422.5 117.5 422.5 117.5 424.5 storage-tank 0
74.6 493.1 75.9 491.6 77.4 492.9 76.1 494.4 storage-tank 0
56.6 382.9 61.4 400.2 36.4 407.1 31.6 389.8 storage-tank 0
888.9 586.9 889.1 584.9 891.1 585.1 890.9 587.1 storage-tank 0
944.3 437.6 945.4 439.3 943.7 440.4 942.6 438.7 storage-tank 0
970.9 364.4 971.1 366.4 969.1 366.6 968.9 364.6 storage-tank 0
711.6 36.7 715.1 54.3 650.4 67.3 646.9 49.7 storage-tank 0
753.7 40.2 781.4 59.9 743.3 113.8 715.6 94.1 storage-tank 0
774.4 137.4 776.6 63.4 850.6 65.6 848.4 139.6 storage-tank 0
263.9 260.6 319.2 189.6 387.1 242.4 331.8 313.4 storage-tank 0
329.5 367.0 427.5 367.0 427.5 457.0 329.5 457.0 storage-tank 0
438.3 491.1 504.9 557.5 418.7 643.9 352.1 577.5 storage-tank 0
402.8 751.8 474.5 658.1 549.2 715.2 477.5 808.9 storage-tank 0
575.6 242.1 577.4 243.1 576.4 244.9 574.6 243.9 storage-tank 0
598.2 321.1 599.9 320.2 600.8 321.9 599.1 322.8 storage-tank 0
709.2 243.3 770.2 285.3 732.8 339.7 671.8 297.7 storage-tank 0
748.2 323.3 794.9 385.8 738.8 427.7 692.1 365.2 storage-tank 0
786.6 408.1 811.6 486.2 737.4 509.9 712.4 431.8 storage-tank 0
621.6 396.8 622.7 395.1 624.4 396.2 623.3 397.9 storage-tank 0
645.0 435.3 679.2 459.6 648.0 503.7 613.8 479.4 storage-tank 0
672.6 546.1 674.4 547.1 673.4 548.9 671.6 547.9 storage-tank 0
1027.6 50.1 1032.2 99.9 978.4 104.9 973.8 55.1 storage-tank 0
952.1 127.3 958.3 106.2 1013.9 122.7 1007.7 143.8 storage-tank 0
914.5 182.4 926.1 133.8 1017.5 155.6 1005.9 204.2 storage-tank 0
825.1 353.4 834.9 329.3 847.9 334.6 838.1 358.7 storage-tank 0
865.6 331.6 872.7 338.6 840.4 371.4 833.3 364.4 storage-tank 0
857.0 342.6 883.0 343.4 882.0 373.4 856.0 372.6 storage-tank 0
