637.8 671.0 698.8 645.7 747.2 762.0 686.2 787.3 basketball-court 0
723.1 454.3 751.6 413.2 874.9 498.7 846.4 539.8 basketball-court 0
766.8 658.0 817.6 622.4 885.2 719.0 834.4 754.6 basketball-court 0
430.3 660.0 466.3 619.7 697.7 826.0 661.7 866.3 basketball-court 0
449.6 19.3 527.5 113.2 470.5 160.4 392.6 66.5 basketball-court 0
703.6 486.0 704.5 487.8 630.4 523.0 629.5 521.2 basketball-court 0
570.4 279.3 583.8 777.1 497.8 779.5 484.4 281.6 basketball-court 0
706.4 225.1 759.4 193.1 824.6 300.9 771.6 332.9 basketball-court 0
575.2 251.1 627.9 218.3 694.4 325.3 641.8 358.1 basketball-court 0
449.2 257.5 511.9 237.2 553.2 364.6 490.4 385.0 basketball-court 0
485.7 -9.8 528.9 -48.5 698.3 140.8 655.1 179.5 basketball-court 0
