588.0 6.6 588.1 4.6 590.1 4.7 590.0 6.7 ship 0
536.9 -6.8 545.3 22.0 501.1 34.8 492.7 6.0 ship 0
269.6 381.4 271.1 380.1 272.4 381.6 270.9 382.9 ship 0
7.6 144.6 9.5 144.0 10.1 146.0 8.1 146.5 ship 0
273.8 659.0 293.4 669.1 257.6 738.4 238.1 728.3 ship 0
111.5 705.6 112.9 707.0 111.5 708.4 110.1 707.0 ship 0
93.5 750.2 95.3 751.1 94.4 752.9 92.6 752.0 ship 0
78.4 787.5 80.2 788.4 79.3 790.2 77.5 789.3 ship 0
307.0 458.0 309.0 458.0 309.0 460.0 307.0 460.0 ship 0
172.0 100.5 188.2 115.3 168.0 137.5 151.8 122.7 ship 0
219.1 296.8 220.7 295.6 221.9 297.2 220.3 298.4 ship 0
