600.7 162.4 632.9 151.5 650.3 202.6 618.1 213.5 storage-tank 0
982.7 175.6 983.4 173.7 985.3 174.4 984.6 176.3 ship 0
904.6 101.6 905.9 103.1 904.4 104.4 903.1 102.9 ship 0
902.3 126.3 903.4 124.7 905.1 125.8 903.9 127.5 ship 0
794.6 88.9 795.6 87.1 797.4 88.1 796.4 89.9 ship 0
705.9 61.4 706.1 63.4 704.1 63.6 703.9 61.6 ship 0
617.0 32.3 617.5 30.4 619.4 30.8 618.9 32.8 ship 0
623.1 19.7 624.3 18.1 625.9 19.3 624.7 20.9 ship 0
719.0 254.8 742.4 230.1 770.0 256.2 746.6 280.9 storage-tank 0
694.7 199.7 712.4 175.5 746.3 200.3 728.6 224.5 storage-tank 0
732.0 223.3 754.8 203.8 782.0 235.7 759.2 255.2 storage-tank 0
701.3 237.1 721.5 215.0 737.7 229.9 717.5 252.0 storage-tank 0
688.2 179.6 698.3 189.2 663.8 225.4 653.7 215.8 storage-tank 0
548.3 187.0 578.4 163.8 618.7 216.0 588.6 239.2 storage-tank 0
558.6 145.1 594.4 123.2 620.4 165.9 584.6 187.8 storage-tank 0
