857.5 434.6 866.6 458.9 838.5 469.4 829.4 445.1 small-vehicle 0
1008.5 727.2 1026.5 726.8 1027.1 760.8 1009.1 761.2 small-vehicle 0
557.1 957.3 558.2 955.6 559.9 956.7 558.8 958.4 harbor 0
575.0 823.5 589.2 863.0 515.8 889.4 501.6 849.9 harbor 0
570.7 734.8 576.4 756.0 497.3 777.5 491.5 756.3 harbor 0
735.4 889.2 754.7 871.7 777.6 896.8 758.3 914.3 ship 0
817.7 418.8 850.8 386.9 874.4 411.4 841.3 443.3 ship 0
96.5 496.8 105.7 500.8 85.7 546.7 76.6 542.7 small-vehicle 0
117.7 505.6 126.0 511.2 100.3 549.4 92.0 543.8 small-vehicle 0
131.8 513.5 140.9 517.6 123.6 555.9 114.4 551.8 small-vehicle 0
494.1 621.9 536.1 621.4 537.2 727.4 495.2 727.9 ship 0
