440.7 856.5 456.8 864.4 438.4 902.2 422.3 894.3 small-vehicle 0
501.9 977.3 518.2 984.8 504.1 1015.7 487.7 1008.3 small-vehicle 0
530.7 878.0 538.3 857.3 570.2 869.0 562.6 889.7 small-vehicle 0
547.3 947.6 555.5 922.9 591.5 935.0 583.3 959.6 small-vehicle 0
527.1 897.5 545.9 908.8 534.6 927.7 515.7 916.4 small-vehicle 0
460.8 144.0 476.8 159.1 456.2 181.0 440.2 165.9 small-vehicle 0
724.3 52.3 739.9 61.4 722.7 90.7 707.1 81.6 small-vehicle 0
397.2 241.6 406.1 225.9 439.1 244.8 430.1 260.5 small-vehicle 0
413.4 198.3 423.7 178.9 457.3 196.7 446.9 216.1 small-vehicle 0
489.7 149.5 497.2 156.2 464.1 193.7 456.6 187.0 small-vehicle 0
618.3 886.8 637.2 904.6 605.7 938.2 586.8 920.4 small-vehicle 0
534.7 241.7 544.2 213.3 580.3 225.3 570.8 253.7 small-vehicle 0
494.5 280.2 504.5 260.6 531.2 274.1 521.3 293.8 small-vehicle 0
575.9 423.5 592.7 430.0 579.1 465.5 562.3 459.0 small-vehicle 0
705.2 351.6 720.8 360.5 704.0 390.1 688.4 381.2 small-vehicle 0
600.0 572.7 616.5 579.7 600.0 618.3 583.5 611.3 small-vehicle 0
630.5 584.0 646.5 592.3 632.8 618.9 616.8 610.7 small-vehicle 0
617.8 619.7 636.7 631.0 617.1 663.6 598.3 652.3 small-vehicle 0
504.3 662.0 520.4 670.0 494.7 722.0 478.6 714.0 small-vehicle 0
508.1 738.2 529.6 752.7 503.9 790.8 482.4 776.3 small-vehicle 0
581.2 724.3 601.6 732.6 591.8 756.7 571.4 748.4 small-vehicle 0
574.1 752.7 596.0 766.8 573.3 802.1 551.4 788.0 small-vehicle 0
527.6 780.1 550.5 792.5 532.4 825.9 509.5 813.5 small-vehicle 0
635.9 912.0 663.2 899.5 679.1 934.0 651.8 946.5 small-vehicle 0
222.4 48.4 229.7 31.9 268.1 48.8 260.8 65.3 small-vehicle 0
175.7 50.6 183.3 57.2 155.8 88.9 148.2 82.3 small-vehicle 0
151.6 43.7 160.4 48.4 140.4 85.3 131.6 80.6 small-vehicle 0
133.4 32.0 147.5 48.9 112.2 78.3 98.1 61.4 small-vehicle 0
749.1 194.8 769.8 202.2 752.9 249.2 732.2 241.8 large-vehicle 0
556.1 475.6 582.0 490.6 558.9 530.4 533.0 515.4 large-vehicle 0
213.7 61.3 220.4 68.8 186.1 99.4 179.4 91.9 small-vehicle 0
228.9 71.3 235.8 78.6 208.1 104.7 201.2 97.4 small-vehicle 0
265.1 77.9 281.4 92.7 253.2 123.8 236.9 109.0 small-vehicle 0
293.1 86.5 300.0 93.7 266.8 125.6 259.9 118.4 small-vehicle 0
139.3 933.2 155.1 948.5 128.7 975.8 112.9 960.5 small-vehicle 0
116.2 384.4 144.2 410.2 129.3 426.4 101.3 400.6 large-vehicle 0
67.9 390.8 95.5 317.8 202.1 358.2 174.5 431.2 large-vehicle 0
110.0 412.4 126.2 360.8 151.0 368.6 134.8 420.2 small-vehicle 0
123.8 355.3 125.0 365.2 87.2 369.7 86.0 359.8 small-vehicle 0
145.7 418.6 148.6 409.1 173.5 416.7 170.6 426.3 small-vehicle 0
151.0 399.5 155.8 390.8 175.0 401.5 170.2 410.2 small-vehicle 0
156.9 381.0 163.0 373.1 189.9 393.9 183.8 401.8 small-vehicle 0
65.2 338.3 68.0 328.7 119.8 343.7 117.0 353.3 small-vehicle 0
191.6 180.1 199.5 163.9 230.1 178.8 222.2 195.0 small-vehicle 0
124.7 162.8 134.2 143.0 157.6 154.3 148.1 174.1 small-vehicle 0
952.9 24.3 962.0 -0.0 1001.4 14.7 992.2 39.1 small-vehicle 0
955.3 42.5 957.8 32.8 994.6 42.2 992.2 51.9 small-vehicle 0
955.3 65.2 958.6 55.7 990.7 66.8 987.4 76.3 small-vehicle 0
951.0 90.0 951.6 80.0 985.5 82.0 985.0 92.0 small-vehicle 0
922.6 159.6 940.1 163.6 934.4 189.0 916.9 185.0 small-vehicle 0
