729.3 779.4 740.4 760.4 769.7 777.7 758.6 796.7 small-vehicle 0
836.3 806.7 837.2 808.5 835.4 809.4 834.5 807.7 small-vehicle 0
704.0 613.0 705.5 614.3 704.2 615.8 702.7 614.5 small-vehicle 0
739.1 556.6 751.9 569.3 727.9 593.4 715.1 580.7 small-vehicle 0
992.5 575.4 994.0 576.7 992.7 578.2 991.2 576.9 small-vehicle 0
758.6 531.1 769.2 540.3 752.3 560.0 741.7 550.9 small-vehicle 0
804.3 448.3 822.3 460.9 805.2 485.5 787.1 473.0 small-vehicle 0
780.6 438.1 794.6 449.3 773.4 475.9 759.4 464.7 small-vehicle 0
849.1 366.9 865.9 381.2 843.9 407.1 827.1 392.8 small-vehicle 0
886.3 289.3 904.3 301.9 884.7 329.7 866.7 317.1 small-vehicle 0
955.4 11.1 966.4 19.7 950.4 40.2 939.4 31.6 small-vehicle 0
882.1 112.3 916.8 127.8 896.5 173.5 861.8 158.0 small-vehicle 0
943.0 156.6 944.4 158.0 943.0 159.4 941.6 158.0 small-vehicle 0
996.4 97.3 1007.7 111.4 993.6 122.7 982.3 108.6 small-vehicle 0
455.4 850.1 465.3 860.0 441.4 884.1 431.4 874.2 small-vehicle 0
310.8 919.5 328.9 932.0 307.4 963.3 289.3 950.8 small-vehicle 0
429.5 801.3 438.2 812.3 417.8 828.4 409.1 817.4 small-vehicle 0
