470.0 251.7 471.9 252.3 471.3 254.2 469.4 253.6 ship 0
273.0 179.3 314.7 184.3 305.8 257.8 264.1 252.7 ship 0
239.8 187.7 264.3 196.4 246.2 247.3 221.7 238.6 ship 0
490.3 59.1 519.9 63.9 506.7 144.9 477.1 140.1 ship 0
388.8 81.1 409.5 65.4 432.4 95.7 411.7 111.4 ship 0
308.8 70.5 328.6 60.9 352.2 109.5 332.4 119.1 ship 0
278.8 65.1 306.1 77.6 288.7 115.8 261.4 103.4 ship 0
230.1 67.4 259.8 71.6 253.4 117.1 223.7 112.9 ship 0
158.0 193.0 179.8 207.2 159.0 239.0 137.2 224.8 ship 0
113.7 174.9 143.7 191.0 116.3 242.1 86.3 226.0 ship 0
43.7 221.9 71.6 196.2 97.3 224.1 69.4 249.8 ship 0
26.4 191.9 46.3 201.2 23.6 250.1 3.6 240.9 ship 0
176.4 69.8 195.7 59.2 221.6 106.6 202.3 117.2 ship 0
126.5 83.2 149.4 70.8 171.3 111.2 148.5 123.6 ship 0
87.8 74.2 110.9 62.2 141.3 120.7 118.3 132.7 ship 0
68.3 54.6 89.0 62.2 67.7 120.4 47.0 112.8 ship 0
19.5 65.9 45.8 80.4 25.5 117.2 -0.8 102.7 ship 0
57.5 574.3 85.9 538.1 109.5 556.7 81.1 592.9 ship 0
37.2 661.1 71.9 676.8 39.8 747.9 5.1 732.2 ship 0
90.4 697.2 92.3 697.9 91.6 699.8 89.7 699.1 ship 0
