596.4 937.6 611.1 927.2 630.8 954.9 616.1 965.3 harbor 0
441.7 440.2 511.5 434.1 518.3 511.8 448.5 517.9 harbor 0
528.1 295.4 598.0 294.0 599.9 388.0 529.9 389.4 harbor 0
438.3 329.2 457.5 318.5 489.7 376.0 470.5 386.8 harbor 0
162.9 51.8 223.8 39.8 254.2 194.9 193.3 206.8 harbor 0
81.2 107.9 117.2 142.5 90.9 169.9 54.9 135.2 harbor 0
531.2 421.5 598.4 402.1 626.8 500.1 559.5 519.5 harbor 0
653.8 257.7 732.8 308.7 673.1 401.1 594.2 350.1 harbor 0
639.4 409.4 669.6 393.6 718.6 487.6 688.4 503.4 harbor 0
906.6 377.5 1052.6 375.8 1053.5 449.7 907.5 451.5 harbor 0
935.3 296.6 974.7 265.7 995.7 292.4 956.3 323.3 harbor 0
920.4 362.8 939.0 471.2 838.5 488.5 819.9 380.1 harbor 0
821.8 319.3 856.5 263.1 909.2 295.7 874.5 351.9 harbor 0
691.4 442.4 783.9 351.0 866.8 434.9 774.4 526.3 harbor 0
768.0 275.5 805.2 302.4 761.9 362.4 724.6 335.4 harbor 0
559.9 316.7 603.5 302.1 628.2 376.1 584.6 390.6 ship 0
720.9 399.7 745.2 390.5 784.1 493.3 759.8 502.5 ship 0
795.0 394.1 832.0 402.9 815.0 474.9 778.0 466.1 ship 0
668.5 372.2 672.4 286.3 714.3 288.2 710.5 374.1 ship 0
695.6 298.2 726.0 269.2 774.4 319.8 744.0 348.8 ship 0
768.7 286.6 806.7 287.5 805.3 345.4 767.3 344.5 ship 0
834.2 276.9 863.6 282.7 850.8 347.4 821.3 341.6 ship 0
822.4 389.9 854.6 378.9 883.8 464.0 851.7 475.1 ship 0
897.9 384.2 944.9 401.2 919.8 470.8 872.8 453.8 ship 0
922.2 381.9 949.6 369.6 989.9 458.9 962.5 471.3 ship 0
843.7 261.5 888.5 239.3 930.3 323.5 885.5 345.7 ship 0
922.9 254.5 952.9 252.7 958.1 338.5 928.1 340.3 ship 0
995.5 252.9 1022.9 279.2 985.5 318.1 958.1 291.8 ship 0
608.0 291.6 640.5 281.6 670.4 379.1 637.9 389.1 ship 0
629.7 402.2 659.4 397.9 674.3 498.8 644.6 503.1 ship 0
572.8 449.1 601.8 424.6 639.2 468.9 610.2 493.4 ship 0
859.8 816.2 862.2 694.2 896.2 694.8 893.8 816.8 ship 0
956.1 873.3 980.9 856.4 1031.5 930.8 1006.7 947.7 ship 0
925.4 877.5 946.0 936.0 898.8 952.6 878.3 894.1 ship 0
866.0 901.0 878.2 914.3 844.3 945.4 832.1 932.1 ship 0
751.1 863.5 776.5 858.1 801.1 973.5 775.7 978.9 ship 0
571.1 940.6 572.0 942.4 570.3 943.3 569.3 941.6 ship 0
638.4 906.5 675.6 956.0 645.3 978.9 608.0 929.3 ship 0
792.7 753.0 818.8 738.1 857.4 805.9 831.3 820.7 ship 0
772.1 748.0 802.9 792.3 771.7 814.0 740.9 769.7 ship 0
731.9 726.8 759.9 833.1 715.5 844.9 687.4 738.5 ship 0
641.6 785.4 672.1 762.8 704.2 806.2 673.7 828.8 ship 0
450.5 316.7 485.1 300.9 519.1 375.6 484.5 391.3 ship 0
517.1 274.7 538.6 270.0 563.9 385.3 542.4 390.0 ship 0
462.0 454.2 491.2 429.9 548.7 499.1 519.5 523.4 ship 0
519.9 449.8 547.4 429.9 593.1 493.2 565.6 513.1 ship 0
924.7 736.6 951.9 749.2 930.8 794.6 903.6 781.9 ship 0
981.9 734.0 1001.5 751.1 984.4 770.7 964.8 753.6 ship 0
411.8 38.8 441.2 21.7 478.3 85.8 448.9 102.8 ship 0
278.6 63.9 311.2 44.2 347.4 104.1 314.8 123.8 ship 0
208.2 54.6 242.2 52.6 246.8 130.4 212.8 132.4 ship 0
103.5 148.4 107.6 130.9 136.8 137.7 132.7 155.3 ship 0
174.0 84.7 212.5 152.5 176.0 173.3 137.5 105.5 ship 0
42.5 111.5 43.2 113.4 41.3 114.0 40.6 112.1 ship 0
377.1 43.8 392.4 34.2 433.9 100.3 418.6 109.9 ship 0
467.7 27.9 505.6 26.2 508.7 96.1 470.8 97.8 ship 0
505.7 31.7 525.9 22.9 552.3 83.3 532.1 92.1 ship 0
879.8 -4.2 906.5 9.4 889.2 43.2 862.5 29.6 ship 0
840.9 -13.2 871.7 35.9 836.1 58.2 805.3 9.1 ship 0
778.2 -5.4 812.0 -8.5 818.4 61.2 784.5 64.3 ship 0
725.8 4.3 753.9 -6.1 778.2 59.6 750.0 70.0 ship 0
674.8 8.2 705.2 -7.0 740.2 62.8 709.8 78.0 ship 0
641.1 29.4 661.6 13.4 689.9 49.6 669.4 65.6 ship 0
587.7 14.3 623.8 2.4 653.3 91.7 617.2 103.6 ship 0
543.5 20.6 578.7 6.4 609.5 82.4 574.3 96.6 ship 0
