750.9 30.5 760.1 34.5 740.0 80.3 730.8 76.3 small-vehicle 0
809.7 153.1 830.6 168.6 810.3 195.9 789.4 180.4 small-vehicle 0
879.5 168.3 888.8 172.0 873.2 211.0 863.9 207.3 small-vehicle 0
845.7 166.4 870.4 174.4 862.4 199.2 837.7 191.1 small-vehicle 0
744.3 150.6 760.6 158.2 744.4 192.6 728.1 184.9 small-vehicle 0
770.7 147.4 780.0 151.2 761.3 197.6 752.0 193.8 small-vehicle 0
627.2 155.6 641.6 134.0 676.6 157.3 662.1 178.9 small-vehicle 0
766.6 289.5 790.8 299.0 772.4 345.5 748.2 336.0 small-vehicle 0
870.1 298.8 891.7 303.2 881.9 352.2 860.3 347.8 small-vehicle 0
807.5 288.0 828.8 293.4 817.5 338.0 796.2 332.6 small-vehicle 0
590.0 231.0 603.7 209.0 639.4 231.2 625.7 253.2 small-vehicle 0
614.6 333.7 634.5 343.0 618.4 377.4 598.5 368.1 small-vehicle 0
721.9 25.6 742.6 33.1 727.1 76.4 706.4 68.9 small-vehicle 0
770.3 33.7 779.9 36.4 765.2 88.4 755.6 85.7 small-vehicle 0
803.6 40.8 824.5 47.7 811.4 87.6 790.5 80.7 small-vehicle 0
896.3 52.9 905.7 56.5 887.7 103.1 878.3 99.5 small-vehicle 0
872.1 44.2 881.9 46.3 867.9 110.8 858.1 108.7 small-vehicle 0
854.2 43.5 863.7 46.5 843.8 109.5 834.3 106.5 small-vehicle 0
820.1 43.7 842.0 45.5 837.9 95.3 816.0 93.5 small-vehicle 0
1015.6 499.4 1021.9 507.2 973.5 545.9 967.2 538.1 small-vehicle 0
900.6 138.8 916.0 117.9 943.4 138.0 927.9 159.0 small-vehicle 0
909.5 59.0 930.5 65.4 914.5 117.0 893.5 110.6 small-vehicle 0
816.6 218.4 820.6 200.9 853.7 208.4 849.7 226.0 small-vehicle 0
1022.3 393.5 1028.0 401.7 983.7 432.5 978.0 424.3 small-vehicle 0
1021.7 473.7 1027.1 482.1 978.3 513.3 972.9 504.9 small-vehicle 0
1013.9 448.8 1020.1 456.6 984.1 485.2 977.9 477.4 small-vehicle 0
1022.6 417.7 1029.0 425.4 984.4 462.3 978.0 454.6 small-vehicle 0
1014.1 365.3 1029.8 380.7 1014.4 396.4 998.7 381.0 small-vehicle 0
1023.0 335.0 1036.5 357.2 1004.0 377.0 990.5 354.8 small-vehicle 0
