216.2 130.0 222.3 68.3 319.8 78.0 313.7 139.7 large-vehicle 0
514.3 179.3 537.2 191.5 513.7 235.7 490.8 223.5 large-vehicle 0
650.5 332.3 682.2 359.9 657.2 388.5 625.5 361.0 large-vehicle 0
554.7 388.7 588.7 388.8 588.6 422.8 554.6 422.7 large-vehicle 0
525.4 407.2 558.1 416.3 550.0 445.2 517.3 436.0 large-vehicle 0
0.4 559.1 10.4 558.9 10.6 568.9 0.6 569.1 small-vehicle 0
32.3 539.5 43.6 553.5 29.6 564.8 18.3 550.8 small-vehicle 0
220.3 258.4 231.9 266.3 217.3 287.8 205.7 279.9 small-vehicle 0
207.4 244.8 216.9 241.7 222.4 258.8 212.9 261.9 small-vehicle 0
219.8 204.0 233.5 177.3 260.2 191.0 246.5 217.7 small-vehicle 0
203.0 232.6 203.7 234.5 201.9 235.2 201.2 233.3 small-vehicle 0
516.7 266.3 533.4 273.3 520.3 304.7 503.6 297.7 small-vehicle 0
668.2 177.4 686.2 177.2 686.8 223.2 668.8 223.4 small-vehicle 0
710.8 165.7 728.0 160.3 737.0 188.9 719.9 194.3 small-vehicle 0
745.3 169.2 747.0 168.2 748.0 169.9 746.3 170.9 small-vehicle 0
754.4 142.9 771.6 137.6 781.6 170.1 764.4 175.4 small-vehicle 0
783.0 115.4 804.9 116.7 802.0 162.6 780.1 161.3 small-vehicle 0
869.6 85.6 870.9 87.1 869.4 88.4 868.1 86.9 small-vehicle 0
973.0 53.9 974.9 53.3 975.5 55.2 973.6 55.8 small-vehicle 0
837.0 254.0 839.0 254.0 839.0 256.0 837.0 256.0 small-vehicle 0
553.7 998.8 569.9 1006.7 558.6 1030.0 542.4 1022.2 small-vehicle 0
339.0 561.2 358.1 550.3 375.0 579.8 355.9 590.7 small-vehicle 0
371.1 606.8 372.8 605.7 373.9 607.3 372.3 608.5 small-vehicle 0
321.1 569.6 329.0 563.4 357.5 599.6 349.6 605.8 small-vehicle 0
94.7 501.5 112.3 505.5 108.2 523.1 90.7 519.0 small-vehicle 0
135.8 550.0 136.0 552.0 134.0 552.1 133.8 550.2 small-vehicle 0
66.2 532.6 67.9 533.7 66.8 535.4 65.1 534.3 small-vehicle 0
117.3 616.9 119.3 617.5 118.7 619.4 116.8 618.9 small-vehicle 0
690.0 167.0 712.0 167.0 712.0 213.0 690.0 213.0 small-vehicle 0
634.8 213.3 653.9 195.7 674.2 217.7 655.1 235.3 small-vehicle 0
533.3 259.1 551.3 259.9 550.1 285.9 532.1 285.1 small-vehicle 0
624.7 213.5 642.5 215.7 639.3 241.5 621.5 239.3 small-vehicle 0
256.1 123.4 279.9 99.2 309.9 128.6 286.1 152.8 small-vehicle 0
255.3 83.9 255.5 81.9 257.5 82.1 257.3 84.1 small-vehicle 0
220.7 13.1 221.5 11.2 223.4 12.0 222.6 13.8 small-vehicle 0
559.0 245.1 576.7 248.3 572.0 273.9 554.3 270.7 small-vehicle 0
577.6 229.9 595.6 230.1 595.4 264.1 577.4 263.9 small-vehicle 0
594.4 226.8 615.7 221.2 623.4 250.2 602.1 255.8 small-vehicle 0
109.6 58.5 123.8 69.6 110.1 86.9 96.0 75.8 small-vehicle 0
104.7 36.1 114.7 55.7 95.0 65.6 85.1 46.0 small-vehicle 0
189.3 91.2 202.9 103.0 180.7 128.8 167.1 117.0 small-vehicle 0
170.5 93.1 171.9 94.5 170.5 95.9 169.1 94.5 small-vehicle 0
153.3 68.3 168.0 78.6 162.3 86.8 147.5 76.5 small-vehicle 0
148.5 34.9 165.1 49.3 142.9 75.0 126.3 60.7 small-vehicle 0
106.7 57.0 143.0 1.9 161.3 14.0 125.0 69.1 small-vehicle 0
122.2 12.1 123.9 13.2 122.8 14.9 121.1 13.8 small-vehicle 0
94.3 12.2 106.7 25.3 84.8 45.9 72.5 32.8 small-vehicle 0
76.7 8.1 78.3 9.4 77.1 10.9 75.5 9.7 small-vehicle 0
120.4 96.4 122.1 97.5 120.9 99.2 119.3 98.0 small-vehicle 0
130.6 105.8 143.9 117.9 134.4 128.2 121.1 116.1 small-vehicle 0
15.4 85.2 15.9 87.2 14.0 87.7 13.4 85.8 small-vehicle 0
22.5 105.2 23.3 107.0 21.5 107.8 20.7 106.0 small-vehicle 0
89.3 222.8 90.9 221.6 92.1 223.2 90.5 224.4 small-vehicle 0
71.1 189.1 88.5 193.6 83.1 214.9 65.6 210.4 small-vehicle 0
57.7 172.5 71.6 174.7 68.8 192.5 55.0 190.3 small-vehicle 0
62.1 147.7 68.4 155.5 42.0 176.9 35.7 169.2 small-vehicle 0
55.6 132.1 61.1 140.5 36.0 156.9 30.5 148.5 small-vehicle 0
37.1 125.1 38.6 126.4 37.3 127.9 35.8 126.6 small-vehicle 0
