116.7 321.6 140.2 356.4 125.3 366.4 101.8 331.6 ship 0
162.0 670.0 174.1 677.0 159.0 703.0 146.9 696.0 small-vehicle 0
344.4 725.8 351.0 733.3 343.5 739.9 336.9 732.4 small-vehicle 0
316.5 734.7 326.1 754.4 295.6 769.3 285.9 749.6 small-vehicle 0
272.0 769.4 273.3 770.9 271.7 772.2 270.5 770.6 small-vehicle 0
230.2 783.6 238.9 794.6 221.6 808.2 212.9 797.2 small-vehicle 0
51.3 791.9 57.6 799.7 28.0 823.5 21.7 815.7 small-vehicle 0
98.3 853.9 107.0 864.9 86.7 881.1 78.0 870.1 small-vehicle 0
61.1 875.4 68.4 887.4 46.2 900.9 38.9 888.9 small-vehicle 0
333.6 690.8 340.8 702.8 304.8 724.4 297.6 712.4 small-vehicle 0
70.8 384.4 72.2 383.0 73.6 384.4 72.3 385.8 harbor 0
143.8 344.6 144.9 346.3 143.2 347.4 142.1 345.7 harbor 0
595.3 137.1 596.7 71.2 674.7 72.9 673.3 138.8 large-vehicle 0
865.0 197.9 880.8 189.3 897.0 219.1 881.2 227.7 large-vehicle 0
913.2 393.7 943.6 378.6 964.1 419.8 933.7 434.9 large-vehicle 0
886.7 411.0 916.3 405.9 922.7 443.4 893.1 448.4 large-vehicle 0
211.9 638.8 224.1 645.5 209.8 671.8 197.5 665.1 small-vehicle 0
372.1 563.6 373.9 564.6 372.9 566.4 371.1 565.4 small-vehicle 0
58.8 358.1 75.5 343.8 113.2 387.9 96.5 402.2 ship 0
28.2 370.4 47.4 359.6 77.8 413.6 58.6 424.4 ship 0
391.5 537.4 412.4 544.2 404.4 568.9 383.4 562.1 small-vehicle 0
590.6 257.3 602.9 270.4 581.1 290.9 568.7 277.8 small-vehicle 0
584.0 238.7 595.3 257.6 579.8 266.9 568.5 248.0 small-vehicle 0
586.9 201.0 596.5 181.2 627.1 196.0 617.5 215.8 small-vehicle 0
578.4 221.0 585.9 232.9 560.5 248.8 553.0 237.0 small-vehicle 0
881.6 265.9 899.0 270.4 889.4 307.1 872.0 302.6 small-vehicle 0
919.1 1001.8 937.3 1014.1 927.2 1029.0 909.0 1016.7 small-vehicle 0
707.2 566.5 720.5 554.4 740.8 576.5 727.5 588.6 small-vehicle 0
723.4 599.2 734.3 590.4 755.7 616.9 744.8 625.7 small-vehicle 0
686.1 584.1 699.4 566.6 726.5 587.1 713.2 604.6 small-vehicle 0
464.6 499.0 478.3 502.2 472.4 527.5 458.7 524.3 small-vehicle 0
510.0 538.5 516.5 546.0 493.8 565.6 487.3 558.1 small-vehicle 0
434.6 518.5 446.9 525.3 432.4 551.5 420.1 544.7 small-vehicle 0
490.5 605.5 499.5 616.2 479.5 632.9 470.6 622.2 small-vehicle 0
903.8 258.5 913.8 258.6 913.5 288.6 903.5 288.5 small-vehicle 0
993.7 218.4 1007.5 220.9 1004.3 238.6 990.5 236.1 small-vehicle 0
670.3 111.6 674.7 133.2 629.7 142.4 625.3 120.8 small-vehicle 0
622.3 84.9 622.5 82.9 624.5 83.1 624.2 85.1 small-vehicle 0
587.9 14.4 588.2 12.4 590.2 12.6 589.9 14.6 small-vehicle 0
928.9 244.3 942.5 247.3 936.1 276.7 922.5 273.7 small-vehicle 0
947.0 235.7 956.9 234.5 960.0 260.3 950.1 261.5 small-vehicle 0
968.5 225.5 986.3 227.6 983.3 253.5 965.4 251.4 small-vehicle 0
486.3 48.8 500.0 60.5 467.5 98.5 453.8 86.8 small-vehicle 0
472.3 36.2 482.3 46.0 461.4 67.5 451.4 57.7 small-vehicle 0
555.6 90.3 570.3 100.7 548.4 131.7 533.7 121.3 small-vehicle 0
540.9 78.3 554.2 90.4 534.1 112.7 520.8 100.6 small-vehicle 0
524.6 77.1 526.2 78.3 525.0 79.9 523.4 78.7 small-vehicle 0
513.7 40.2 527.8 51.3 511.7 71.7 497.6 60.6 small-vehicle 0
504.0 17.5 518.4 28.3 498.0 55.5 483.6 44.7 small-vehicle 0
489.0 13.2 490.8 14.0 490.0 15.8 488.2 15.0 small-vehicle 0
361.9 48.8 362.4 50.7 360.5 51.2 360.0 49.3 small-vehicle 0
353.0 28.2 353.8 30.0 352.0 30.8 351.2 29.0 small-vehicle 0
342.5 9.2 343.3 11.0 341.5 11.8 340.7 10.0 small-vehicle 0
461.7 16.2 471.0 26.7 451.5 43.9 442.2 33.5 small-vehicle 0
444.0 9.1 445.3 10.6 443.8 11.9 442.5 10.5 small-vehicle 0
494.7 77.0 508.2 88.8 480.6 120.5 467.1 108.7 small-vehicle 0
503.1 103.7 513.5 113.2 495.9 132.3 485.5 122.8 small-vehicle 0
382.4 86.3 382.9 88.2 381.0 88.7 380.5 86.8 small-vehicle 0
389.7 106.3 390.2 108.2 388.3 108.7 387.8 106.8 small-vehicle 0
458.4 222.8 459.0 224.7 457.1 225.3 456.5 223.3 small-vehicle 0
430.7 213.5 431.5 191.5 457.5 192.5 456.7 214.5 small-vehicle 0
412.2 195.0 414.4 169.1 448.3 172.0 446.1 197.9 small-vehicle 0
432.1 154.4 434.8 164.0 406.0 172.3 403.2 162.7 small-vehicle 0
420.7 131.8 428.4 148.1 404.8 159.2 397.2 142.8 small-vehicle 0
404.5 126.1 405.6 127.8 403.9 128.9 402.8 127.2 small-vehicle 0
