672.4 198.7 672.6 184.7 698.6 185.2 698.4 199.2 small-vehicle 0
689.9 252.4 695.3 269.6 666.7 278.6 661.3 261.4 small-vehicle 0
662.5 285.8 664.0 275.9 701.5 281.5 700.0 291.4 small-vehicle 0
675.7 326.4 676.6 324.7 678.3 325.6 677.4 327.3 small-vehicle 0
661.4 306.8 663.0 297.0 696.6 302.2 695.0 312.0 small-vehicle 0
614.7 465.7 617.5 443.9 651.3 448.3 648.5 470.1 small-vehicle 0
613.8 483.0 614.1 473.0 648.0 474.0 647.8 484.0 small-vehicle 0
615.0 499.1 616.4 489.2 650.0 493.9 648.6 503.8 small-vehicle 0
619.1 539.7 621.9 521.9 643.7 525.4 640.8 543.2 small-vehicle 0
614.0 554.6 615.2 544.7 645.0 548.4 643.8 558.3 small-vehicle 0
648.4 565.6 648.6 575.6 610.6 576.4 610.4 566.4 small-vehicle 0
692.7 661.3 699.4 644.6 727.3 655.7 720.6 672.4 small-vehicle 0
604.0 650.9 613.6 631.1 644.2 646.0 634.5 665.8 small-vehicle 0
601.6 697.7 604.6 671.9 642.4 676.3 639.4 702.1 small-vehicle 0
606.4 709.3 606.6 699.3 636.6 699.8 636.4 709.8 small-vehicle 0
770.1 875.6 793.2 863.7 806.9 890.4 783.8 902.3 large-vehicle 0
861.0 869.3 878.9 882.2 859.1 909.8 841.2 897.0 small-vehicle 0
813.3 865.5 843.3 864.5 844.7 906.5 814.7 907.5 small-vehicle 0
703.5 137.7 704.5 159.7 670.5 161.3 669.5 139.3 small-vehicle 0
596.1 66.7 606.0 51.7 631.0 68.2 621.1 83.2 small-vehicle 0
589.9 39.6 604.1 22.8 633.1 47.4 618.9 64.2 small-vehicle 0
605.5 20.9 614.6 10.3 628.3 22.0 619.2 32.6 small-vehicle 0
28.9 569.9 34.4 552.8 51.6 558.3 46.1 575.4 small-vehicle 0
184.9 659.4 191.4 638.4 216.2 646.0 209.8 667.0 small-vehicle 0
55.9 671.7 59.1 654.0 92.6 660.0 89.4 677.7 small-vehicle 0
47.8 623.3 59.3 642.0 30.4 659.8 18.8 641.1 small-vehicle 0
63.1 593.2 65.4 579.4 91.1 583.7 88.7 597.5 small-vehicle 0
176.8 616.7 177.2 642.7 143.2 643.3 142.8 617.3 small-vehicle 0
178.7 615.0 187.3 594.8 222.3 609.6 213.7 629.9 small-vehicle 0
59.6 515.2 60.4 533.2 26.4 534.8 25.6 516.8 small-vehicle 0
179.8 673.3 181.0 663.4 218.7 667.7 217.6 677.7 small-vehicle 0
161.1 552.3 167.3 539.7 183.4 547.7 177.2 560.3 small-vehicle 0
243.3 499.3 257.2 501.1 251.7 542.7 237.8 540.9 small-vehicle 0
194.2 417.7 197.4 439.4 163.8 444.3 160.6 422.6 small-vehicle 0
166.6 363.7 167.4 345.7 201.4 347.3 200.6 365.3 small-vehicle 0
172.7 652.4 177.3 678.0 151.7 682.6 147.1 657.0 small-vehicle 0
206.7 684.3 207.3 694.3 185.3 695.7 184.7 685.7 small-vehicle 0
232.0 830.7 235.8 835.4 200.0 864.3 196.2 859.6 small-vehicle 0
357.1 1010.6 378.0 989.1 405.2 1015.6 384.3 1037.1 small-vehicle 0
366.1 963.6 377.5 949.7 409.9 976.4 398.5 990.3 small-vehicle 0
442.8 1020.6 443.2 1010.6 489.2 1012.4 488.8 1022.4 small-vehicle 0
444.1 991.5 457.1 973.7 490.9 998.5 477.9 1016.3 small-vehicle 0
469.6 970.9 471.1 969.6 472.4 971.1 470.9 972.4 small-vehicle 0
267.0 841.3 287.9 834.6 295.9 859.3 275.0 866.1 small-vehicle 0
570.7 494.8 607.4 515.2 583.1 558.9 546.4 538.5 large-vehicle 0
200.6 416.5 204.6 403.1 229.5 410.5 225.5 423.9 small-vehicle 0
224.4 831.2 246.4 829.9 248.6 867.8 226.6 869.1 small-vehicle 0
195.5 817.7 204.7 821.5 188.9 860.4 179.6 856.6 small-vehicle 0
157.6 686.4 158.6 684.6 160.4 685.6 159.4 687.4 small-vehicle 0
174.3 818.7 183.7 822.0 172.5 854.1 163.0 850.8 small-vehicle 0
163.3 813.0 171.1 819.1 145.2 852.2 137.3 846.0 small-vehicle 0
113.9 805.1 130.7 811.5 121.4 835.8 104.6 829.4 small-vehicle 0
107.0 797.3 115.1 803.2 95.0 830.7 86.9 824.8 small-vehicle 0
82.6 794.3 91.7 798.4 79.4 825.7 70.3 821.6 small-vehicle 0
15.8 664.4 18.4 654.7 51.2 663.6 48.6 673.3 small-vehicle 0
44.1 704.6 59.0 678.6 92.0 697.4 77.1 723.5 small-vehicle 0
141.3 738.4 157.2 691.0 253.9 723.4 238.0 770.8 large-vehicle 0
122.3 729.0 122.7 719.0 192.7 722.0 192.3 732.0 small-vehicle 0
179.0 696.9 179.0 718.9 141.0 718.9 141.0 696.9 small-vehicle 0
