885.7 437.3 899.1 449.4 884.3 465.7 870.9 453.6 small-vehicle 0
514.3 758.4 534.2 767.8 519.7 798.6 499.8 789.2 small-vehicle 0
147.3 730.5 215.6 795.1 153.7 860.5 85.4 795.9 plane 0
118.3 460.0 260.0 609.5 156.9 707.2 15.2 557.6 plane 0
582.0 612.1 583.4 613.5 582.0 614.9 580.6 613.5 small-vehicle 0
627.1 540.8 639.2 554.1 616.9 574.2 604.8 560.9 small-vehicle 0
815.9 508.1 830.3 491.5 862.1 519.0 847.7 535.6 small-vehicle 0
675.7 460.4 689.3 472.2 677.5 485.8 663.9 473.9 small-vehicle 0
846.8 416.8 860.7 428.2 849.2 442.1 835.4 430.7 small-vehicle 0
836.0 399.1 848.5 412.0 827.0 432.9 814.5 420.0 small-vehicle 0
824.8 388.7 831.8 395.9 807.6 419.7 800.6 412.6 small-vehicle 0
537.6 323.2 550.3 310.3 568.8 328.6 556.1 341.4 small-vehicle 0
773.9 365.0 787.9 386.9 755.8 407.3 741.8 385.4 large-vehicle 0
725.6 379.6 773.8 340.6 785.1 354.6 736.9 393.6 large-vehicle 0
693.7 352.3 716.6 307.9 743.3 321.7 720.4 366.1 large-vehicle 0
570.3 261.5 603.4 235.7 624.3 262.5 591.2 288.4 large-vehicle 0
576.2 43.7 645.1 7.2 664.8 44.3 595.9 80.8 large-vehicle 0
490.0 751.1 508.8 762.5 489.0 794.9 470.2 783.5 small-vehicle 0
476.5 746.9 484.7 752.6 467.5 777.1 459.3 771.4 small-vehicle 0
482.0 702.4 495.2 690.1 521.1 717.9 507.9 730.2 small-vehicle 0
209.3 529.6 223.7 540.4 210.5 558.0 196.1 547.2 small-vehicle 0
169.7 530.4 171.4 529.3 172.4 531.0 170.8 532.1 small-vehicle 0
319.7 74.9 320.8 73.2 322.5 74.3 321.4 76.0 small-vehicle 0
186.7 88.9 196.8 79.2 214.9 97.8 204.9 107.6 small-vehicle 0
-3.2 340.1 10.6 322.9 43.3 349.3 29.5 366.4 small-vehicle 0
-23.4 363.1 3.1 330.5 38.7 359.6 12.2 392.1 large-vehicle 0
