732.7 5.7 739.1 13.4 694.3 50.3 687.9 42.6 storage-tank 0
735.8 127.6 740.9 130.8 729.2 149.4 724.1 146.2 storage-tank 0
757.9 105.7 763.7 113.9 749.1 124.3 743.3 116.1 storage-tank 0
731.2 106.9 736.4 109.8 725.8 129.1 720.6 126.2 storage-tank 0
754.0 83.6 758.3 92.7 742.0 100.4 737.7 91.3 storage-tank 0
727.4 84.6 734.7 91.4 719.6 107.4 712.3 100.6 storage-tank 0
754.0 67.5 754.0 77.5 736.0 77.5 736.0 67.5 storage-tank 0
707.9 75.5 712.5 66.6 732.1 76.5 727.5 85.4 storage-tank 0
804.3 -10.1 815.1 26.3 778.7 37.1 767.9 0.7 storage-tank 0
732.2 1.4 746.2 1.6 745.8 47.6 731.8 47.4 storage-tank 0
665.9 -2.4 751.4 -11.5 754.1 14.4 668.6 23.5 storage-tank 0
594.9 7.3 600.9 7.9 597.1 45.7 591.1 45.1 storage-tank 0
567.8 9.6 573.0 6.6 596.2 46.4 591.0 49.4 storage-tank 0
575.8 10.2 581.2 12.8 563.2 50.8 557.8 48.2 storage-tank 0
518.7 430.9 519.0 436.9 349.3 447.1 349.0 441.1 storage-tank 0
512.6 425.2 514.5 430.9 361.4 483.8 359.5 478.1 storage-tank 0
448.4 462.3 450.7 467.9 426.6 477.7 424.3 472.1 storage-tank 0
450.6 477.8 453.4 483.1 430.4 495.2 427.6 489.9 storage-tank 0
415.1 484.8 418.2 489.9 395.9 503.2 392.8 498.1 storage-tank 0
418.2 495.0 422.8 512.4 393.8 520.0 389.2 502.6 storage-tank 0
464.5 489.9 470.8 497.6 410.5 547.1 404.2 539.4 storage-tank 0
727.6 134.6 783.3 118.1 788.4 135.4 732.7 151.9 storage-tank 0
787.2 87.1 791.5 65.5 828.8 72.9 824.5 94.5 storage-tank 0
841.5 86.1 867.1 129.0 803.5 166.9 777.9 124.0 storage-tank 0
724.4 214.2 744.1 204.5 755.6 227.8 735.9 237.5 storage-tank 0
846.9 258.9 855.5 269.9 819.1 298.1 810.5 287.1 storage-tank 0
849.0 226.1 855.0 243.1 804.0 260.9 798.0 243.9 storage-tank 0
840.2 182.8 849.4 193.3 802.8 234.2 793.6 223.7 storage-tank 0
777.7 229.3 795.9 258.0 777.3 269.7 759.1 241.0 storage-tank 0
759.8 209.9 773.1 205.3 780.2 226.1 766.9 230.7 storage-tank 0
752.2 230.7 769.8 249.9 738.8 278.3 721.2 259.1 storage-tank 0
472.1 496.7 480.1 502.7 410.9 593.3 402.9 587.3 storage-tank 0
