-289.5 370.2 192.5 -59.9 505.5 290.8 23.5 720.9 ground-track-field 0
549.0 45.8 551.0 45.9 550.9 47.9 548.9 47.8 ship 0
646.3 433.3 648.2 432.8 648.7 434.7 646.8 435.2 ship 0
389.4 183.3 389.6 181.3 391.6 181.6 391.4 183.6 ship 0
420.4 180.4 420.7 182.4 418.7 182.7 418.4 180.7 ship 0
346.3 420.8 347.9 419.6 349.1 421.3 347.4 422.4 ship 0
380.6 424.8 382.2 423.6 383.4 425.2 381.8 426.4 ship 0
414.9 423.6 416.4 424.9 415.1 426.4 413.6 425.1 ship 0
341.2 648.6 342.9 649.7 341.8 651.4 340.1 650.3 ship 0
371.2 652.4 373.1 651.7 373.8 653.6 371.9 654.3 ship 0
410.1 658.9 411.3 657.3 412.9 658.4 411.7 660.1 ship 0
332.8 895.0 334.7 895.4 334.4 897.3 332.4 896.9 ship 0
367.1 898.7 368.5 897.2 369.9 898.6 368.6 900.0 ship 0
384.6 901.1 395.1 886.4 419.4 903.9 408.9 918.6 ship 0
371.1 160.8 380.1 185.2 344.4 198.2 335.4 173.8 ship 0
