757.6 567.7 763.6 567.3 766.4 609.3 760.4 609.7 ship 0
746.8 556.3 752.7 555.9 757.2 617.7 751.3 618.1 ship 0
715.9 564.7 720.7 561.1 765.1 620.3 760.3 623.9 ship 0
697.0 564.1 705.5 558.8 751.0 631.8 742.5 637.1 ship 0
681.9 572.1 690.6 567.1 729.1 634.9 720.4 639.9 ship 0
648.7 446.9 657.6 442.4 696.8 518.9 687.9 523.5 ship 0
624.5 459.5 632.6 453.6 678.6 516.6 670.5 522.5 ship 0
542.6 247.0 554.2 239.1 629.4 350.0 617.8 357.9 ship 0
506.0 233.2 517.8 225.6 618.3 382.1 606.5 389.7 ship 0
478.6 248.9 509.2 234.0 588.7 397.7 558.1 412.6 ship 0
917.3 221.1 927.9 211.9 1002.7 297.9 992.1 307.1 ship 0
923.7 251.6 931.9 245.9 958.1 283.7 949.9 289.4 ship 0
905.0 264.2 912.1 257.1 944.7 289.5 937.7 296.6 ship 0
910.7 288.7 912.2 290.0 910.9 291.6 909.4 290.3 ship 0
966.2 333.1 967.7 331.8 969.0 333.3 967.5 334.6 ship 0
757.0 872.5 774.8 885.5 747.7 922.6 729.9 909.6 ship 0
809.1 952.4 879.4 896.3 895.6 916.7 825.3 972.8 ship 0
414.6 10.8 432.9 -1.3 480.5 70.3 462.2 82.4 ship 0
467.5 8.5 476.2 3.5 509.5 60.5 500.8 65.5 ship 0
489.7 6.3 498.3 1.1 528.3 50.7 519.7 55.9 ship 0
809.3 906.9 820.7 898.8 835.7 920.1 824.3 928.2 ship 0
770.2 908.2 780.0 898.3 826.8 944.8 817.0 954.7 ship 0
452.1 1.8 461.8 -0.7 478.9 67.2 469.2 69.7 ship 0
