485.0 738.7 521.7 693.8 548.0 715.3 511.3 760.2 storage-tank 0
436.6 826.7 536.7 750.2 557.4 777.3 457.3 853.8 storage-tank 0
489.6 814.2 570.8 712.6 597.4 733.8 516.2 835.4 storage-tank 0
463.9 873.4 563.2 795.8 584.1 822.6 484.8 900.2 storage-tank 0
518.4 855.0 599.1 763.5 624.6 786.0 543.9 877.5 storage-tank 0
447.7 748.4 467.2 731.2 492.3 759.6 472.8 776.8 storage-tank 0
467.6 679.2 483.7 658.8 510.4 679.8 494.3 700.2 storage-tank 0
419.7 701.3 439.2 684.1 464.3 712.7 444.8 729.9 storage-tank 0
426.8 640.6 464.0 596.1 493.2 620.4 456.0 664.9 storage-tank 0
181.6 527.0 186.3 530.7 167.4 554.0 162.7 550.3 storage-tank 0
170.9 561.0 176.7 559.5 181.1 577.0 175.3 578.5 storage-tank 0
50.0 762.9 98.5 813.3 51.0 859.1 2.5 808.7 storage-tank 0
97.8 846.6 115.8 880.1 54.2 913.4 36.2 879.9 storage-tank 0
135.9 752.2 160.5 775.6 126.1 811.8 101.5 788.4 storage-tank 0
160.8 822.7 185.5 846.0 151.2 882.3 126.5 859.0 storage-tank 0
110.7 910.4 135.6 927.2 94.3 988.6 69.4 971.8 storage-tank 0
470.0 280.1 484.8 263.8 507.0 283.9 492.2 300.2 storage-tank 0
527.5 246.9 552.6 224.0 575.5 249.1 550.4 272.0 storage-tank 0
538.3 288.2 553.8 267.3 590.7 294.8 575.2 315.7 storage-tank 0
599.6 218.9 612.2 231.7 596.4 247.1 583.8 234.3 storage-tank 0
258.9 706.9 285.5 728.0 237.1 789.1 210.5 768.0 storage-tank 0
320.9 688.9 347.6 710.0 319.1 746.1 292.4 725.0 storage-tank 0
291.4 775.7 318.0 796.8 264.6 864.3 238.0 843.2 storage-tank 0
320.0 848.4 346.5 869.7 295.0 933.6 268.5 912.3 storage-tank 0
350.7 760.0 376.4 782.2 346.3 817.0 320.6 794.8 storage-tank 0
391.2 824.1 409.6 836.2 368.8 897.9 350.4 885.8 storage-tank 0
219.7 522.4 221.3 523.6 159.3 604.6 157.7 603.4 storage-tank 0
389.5 656.6 405.5 636.1 435.5 659.4 419.5 679.9 storage-tank 0
160.9 536.1 166.0 539.4 154.1 557.9 149.0 554.6 storage-tank 0
57.8 454.0 61.5 449.3 91.2 473.0 87.5 477.7 storage-tank 0
7.6 265.7 8.3 267.6 6.4 268.3 5.7 266.4 storage-tank 0
18.7 286.1 25.9 293.1 13.3 305.9 6.1 298.9 storage-tank 0
32.1 257.1 33.4 255.6 34.9 256.9 33.6 258.4 storage-tank 0
44.7 284.1 45.9 285.7 44.3 286.9 43.1 285.3 storage-tank 0
58.2 313.1 59.9 314.2 58.8 315.9 57.1 314.8 storage-tank 0
72.0 261.1 83.9 253.7 108.0 292.9 96.1 300.3 storage-tank 0
97.5 284.2 105.0 246.9 134.5 252.8 127.0 290.1 storage-tank 0
63.2 396.6 79.9 416.6 53.8 438.4 37.1 418.4 storage-tank 0
53.1 435.3 78.1 428.4 82.9 445.7 57.9 452.6 storage-tank 0
75.6 402.1 88.5 389.5 109.4 410.9 96.5 423.5 storage-tank 0
81.9 438.3 96.4 421.7 125.1 446.7 110.6 463.3 storage-tank 0
104.4 398.2 116.8 380.0 141.6 396.8 129.2 415.0 storage-tank 0
162.0 363.7 169.9 369.9 139.0 409.3 131.1 403.1 storage-tank 0
165.4 402.1 170.5 410.7 151.6 421.9 146.5 413.3 storage-tank 0
114.7 426.3 126.5 412.6 152.3 434.7 140.5 448.4 storage-tank 0
154.6 434.6 155.4 424.7 177.4 426.4 176.6 436.3 storage-tank 0
121.6 545.0 131.2 555.1 112.4 573.0 102.8 562.9 storage-tank 0
50.2 585.3 198.8 564.9 201.8 586.7 53.2 607.1 storage-tank 0
142.4 570.3 150.6 564.5 165.6 585.7 157.4 591.5 storage-tank 0
930.1 554.0 951.6 580.3 912.9 612.0 891.4 585.7 storage-tank 0
876.1 652.3 898.5 672.3 867.9 706.7 845.5 686.7 storage-tank 0
950.1 625.8 972.5 645.8 941.9 680.2 919.5 660.2 storage-tank 0
827.6 720.2 837.8 700.6 967.4 767.8 957.2 787.4 storage-tank 0
849.5 763.1 1071.0 630.8 1092.5 666.9 871.0 799.2 storage-tank 0
881.7 531.7 906.6 548.4 814.3 686.3 789.4 669.6 storage-tank 0
832.2 132.9 840.1 126.8 877.8 176.1 869.9 182.2 storage-tank 0
529.3 575.7 547.4 557.0 574.7 583.3 556.6 602.0 storage-tank 0
525.0 668.8 607.8 568.6 634.0 590.2 551.2 690.4 storage-tank 0
329.6 444.3 331.2 443.1 332.4 444.7 330.8 445.9 storage-tank 0
190.7 880.6 215.0 898.2 169.3 961.4 145.0 943.8 storage-tank 0
165.5 1001.0 173.8 968.0 249.5 987.0 241.2 1020.0 storage-tank 0
304.1 450.4 314.6 441.1 323.9 451.6 313.4 460.9 storage-tank 0
353.1 436.7 354.8 435.6 355.9 437.3 354.2 438.4 storage-tank 0
808.6 136.5 876.3 182.9 868.4 194.5 800.7 148.1 storage-tank 0
616.5 269.1 634.5 256.4 642.5 267.9 624.5 280.6 storage-tank 0
586.7 675.5 603.9 656.0 629.3 678.5 612.1 698.0 storage-tank 0
577.1 750.6 671.4 673.2 692.9 699.4 598.6 776.8 storage-tank 0
597.9 791.2 707.9 722.0 726.1 750.8 616.1 820.0 storage-tank 0
547.8 594.3 628.6 492.5 655.2 513.7 574.4 615.5 storage-tank 0
578.2 636.9 651.1 544.1 677.8 565.1 604.9 657.9 storage-tank 0
623.4 660.0 662.4 617.1 687.6 640.0 648.6 682.9 storage-tank 0
630.1 735.6 709.6 637.9 735.9 659.4 656.4 757.1 storage-tank 0
638.4 793.7 756.0 670.8 780.6 694.3 663.0 817.2 storage-tank 0
627.7 201.1 654.3 214.9 642.3 237.9 615.7 224.1 storage-tank 0
608.2 273.5 610.0 272.7 610.8 274.5 609.0 275.3 storage-tank 0
715.5 394.7 723.6 383.3 754.5 405.3 746.4 416.7 storage-tank 0
373.6 429.3 375.2 428.1 376.4 429.7 374.8 430.9 storage-tank 0
740.1 364.8 746.2 356.9 810.9 407.2 804.8 415.1 storage-tank 0
731.3 431.0 737.8 423.4 766.7 448.0 760.2 455.6 storage-tank 0
744.9 471.4 751.0 463.5 781.1 486.6 775.0 494.5 storage-tank 0
731.2 545.5 806.6 471.0 824.8 489.5 749.4 564.0 storage-tank 0
742.3 456.7 817.7 376.5 836.7 394.3 761.3 474.5 storage-tank 0
785.9 456.8 792.1 448.9 822.1 472.2 815.9 480.1 storage-tank 0
776.6 531.5 840.8 457.5 860.4 474.5 796.2 548.5 storage-tank 0
794.5 302.8 802.9 291.6 890.5 358.2 882.1 369.4 storage-tank 0
802.2 342.6 810.8 331.5 916.8 413.4 908.2 424.5 storage-tank 0
845.4 410.8 853.8 399.6 906.6 439.2 898.2 450.4 storage-tank 0
845.1 441.9 853.8 431.0 942.9 502.1 934.2 513.0 storage-tank 0
803.0 83.6 827.6 100.7 744.0 220.4 719.4 203.3 storage-tank 0
