987.6 534.2 995.3 527.8 1009.4 544.8 1001.7 551.2 storage-tank 0
989.8 562.9 993.8 558.5 1010.2 573.1 1006.2 577.5 storage-tank 0
885.3 774.5 909.7 798.2 863.7 845.5 839.3 821.8 storage-tank 0
927.4 845.4 943.4 879.9 872.6 912.6 856.6 878.1 storage-tank 0
970.2 741.3 994.5 765.1 939.8 820.7 915.5 796.9 storage-tank 0
994.4 811.5 1019.1 834.8 965.6 891.5 940.9 868.2 storage-tank 0
933.9 911.2 958.7 928.1 919.1 985.8 894.3 968.9 storage-tank 0
1004.5 555.5 1009.3 551.9 1022.5 569.5 1017.7 573.1 storage-tank 0
804.3 107.0 807.8 111.9 708.7 183.0 705.2 178.1 storage-tank 0
971.8 538.8 980.6 534.0 991.2 553.2 982.4 558.0 storage-tank 0
800.7 101.1 803.9 106.2 703.3 167.9 700.1 162.8 storage-tank 0
-9.9 192.5 -3.5 184.8 37.9 219.5 31.5 227.2 storage-tank 0
182.6 133.8 273.8 52.7 288.4 69.2 197.2 150.3 storage-tank 0
267.0 75.8 293.2 97.5 223.0 182.2 196.8 160.5 storage-tank 0
110.7 809.1 111.9 810.7 110.3 811.9 109.1 810.3 storage-tank 0
123.6 856.4 124.6 854.6 126.4 855.6 125.4 857.4 storage-tank 0
812.6 79.6 815.8 84.7 682.4 169.4 679.2 164.3 storage-tank 0
878.1 447.7 882.2 443.3 918.9 477.3 914.8 481.7 storage-tank 0
813.3 266.2 816.0 256.6 848.7 265.8 846.0 275.4 storage-tank 0
813.4 301.3 853.3 271.1 866.6 288.7 826.7 318.9 storage-tank 0
830.6 260.4 836.0 239.1 884.4 251.6 879.0 272.9 storage-tank 0
846.9 284.1 849.4 274.5 890.1 284.9 887.6 294.5 storage-tank 0
899.1 299.2 903.2 320.8 865.9 327.8 861.8 306.2 storage-tank 0
882.8 269.2 906.7 244.9 945.2 282.8 921.3 307.1 storage-tank 0
914.0 253.6 920.2 245.7 966.0 281.4 959.8 289.3 storage-tank 0
857.0 420.6 886.8 391.1 908.0 412.4 878.2 441.9 storage-tank 0
873.2 443.5 899.3 421.7 910.8 435.5 884.7 457.3 storage-tank 0
896.6 401.8 911.7 385.8 936.4 409.2 921.3 425.2 storage-tank 0
907.4 439.5 921.1 422.3 947.6 443.5 933.9 460.7 storage-tank 0
924.0 395.1 940.0 374.6 970.0 397.9 954.0 418.4 storage-tank 0
934.1 390.9 996.7 351.4 1014.9 380.1 952.3 419.6 storage-tank 0
963.1 402.5 966.2 397.4 1001.9 419.5 998.8 424.6 storage-tank 0
934.5 428.6 950.0 407.7 980.5 430.4 965.0 451.3 storage-tank 0
1002.3 413.4 1009.7 434.1 977.7 445.6 970.3 424.9 storage-tank 0
940.8 539.6 959.4 557.8 941.2 576.4 922.6 558.2 storage-tank 0
938.6 591.3 939.5 577.3 961.4 578.7 960.5 592.7 storage-tank 0
966.0 569.9 973.8 563.7 990.0 584.1 982.2 590.3 storage-tank 0
620.0 82.7 621.2 76.8 686.0 89.3 684.8 95.2 storage-tank 0
677.0 90.6 680.4 100.0 641.0 114.4 637.6 105.0 storage-tank 0
654.2 114.0 658.2 109.5 674.8 124.0 670.8 128.5 storage-tank 0
1000.8 869.9 1050.2 900.3 1007.2 970.1 957.8 939.7 storage-tank 0
-98.5 127.8 -93.8 118.9 116.5 230.2 111.8 239.1 storage-tank 0
