262.6 599.2 298.5 611.6 287.4 643.8 251.5 631.4 storage-tank 0
222.8 658.9 256.6 662.3 253.2 696.1 219.4 692.7 storage-tank 0
282.3 493.2 299.4 479.4 320.7 505.8 303.6 519.6 storage-tank 0
313.7 509.5 329.9 494.7 374.3 543.5 358.1 558.3 storage-tank 0
307.9 464.4 317.5 440.2 349.1 452.6 339.5 476.8 storage-tank 0
337.3 482.2 347.1 462.4 402.7 489.8 392.9 509.6 storage-tank 0
381.1 397.4 386.4 410.4 328.9 433.6 323.6 420.6 storage-tank 0
429.4 436.2 429.6 450.2 363.6 450.8 363.4 436.8 storage-tank 0
387.4 356.1 401.1 373.3 377.6 391.9 363.9 374.7 storage-tank 0
335.4 500.2 456.9 272.6 511.6 301.8 390.1 529.4 storage-tank 0
431.9 313.4 438.1 325.9 386.1 351.6 379.9 339.1 storage-tank 0
417.5 369.3 418.6 347.3 484.5 350.7 483.4 372.7 storage-tank 0
801.8 41.1 803.1 39.7 804.6 41.1 803.2 42.5 ship 0
793.1 59.6 794.4 58.1 795.9 59.4 794.6 60.9 ship 0
688.4 10.9 688.6 8.9 690.6 9.1 690.4 11.1 ship 0
945.6 135.5 947.0 134.1 948.4 135.5 947.0 136.9 ship 0
201.5 556.3 249.0 572.0 234.5 615.7 187.0 600.0 storage-tank 0
156.2 639.0 187.7 617.8 206.8 646.0 175.3 667.2 storage-tank 0
272.6 323.8 290.7 268.7 353.4 289.2 335.3 344.3 storage-tank 0
166.1 266.1 168.0 248.2 193.9 250.9 192.0 268.8 storage-tank 0
-4.1 276.9 151.0 441.2 132.1 459.1 -23.0 294.8 storage-tank 0
100.9 324.6 103.5 338.3 66.1 345.4 63.5 331.7 storage-tank 0
140.6 374.4 143.0 388.2 54.4 403.6 52.0 389.8 storage-tank 0
101.8 359.7 107.7 342.7 132.2 351.3 126.3 368.3 storage-tank 0
120.8 291.8 124.1 305.4 87.2 314.2 83.9 300.6 storage-tank 0
122.8 329.8 126.9 312.3 152.2 318.2 148.1 335.7 storage-tank 0
140.5 256.4 145.2 269.6 109.5 282.6 104.8 269.4 storage-tank 0
143.9 295.5 149.4 278.4 174.1 286.5 168.6 303.6 storage-tank 0
131.5 241.8 135.0 224.2 160.5 229.2 157.0 246.8 storage-tank 0
157.8 147.9 215.2 232.2 177.2 258.1 119.8 173.8 storage-tank 0
272.3 234.2 312.9 275.7 265.7 321.8 225.1 280.3 storage-tank 0
174.0 226.2 179.3 209.0 227.0 223.8 221.7 241.0 storage-tank 0
110.5 511.8 148.8 379.2 204.5 395.2 166.2 527.8 storage-tank 0
156.8 418.1 158.3 396.1 216.2 399.9 214.7 421.9 storage-tank 0
193.0 373.2 200.3 348.3 233.0 357.8 225.7 382.7 storage-tank 0
149.9 495.2 235.8 440.2 254.1 468.8 168.2 523.8 storage-tank 0
209.1 438.5 224.0 417.1 251.9 436.5 237.0 457.9 storage-tank 0
239.1 402.9 242.3 381.1 275.9 386.1 272.7 407.9 storage-tank 0
266.6 304.4 271.9 317.4 214.4 340.6 209.1 327.6 storage-tank 0
249.6 347.6 260.8 324.1 320.4 352.4 309.2 375.9 storage-tank 0
