104.9 737.4 287.8 555.4 687.1 956.6 504.2 1138.6 ground-track-field 0
113.5 725.9 343.9 543.3 680.5 968.1 450.1 1150.7 soccer-ball-field 0
605.5 -60.7 699.2 35.1 477.5 251.7 383.8 155.9 ground-track-field 0
624.9 -48.1 702.4 51.2 458.1 242.1 380.6 142.8 soccer-ball-field 0
805.5 734.5 807.5 734.5 807.5 736.5 805.5 736.5 bridge 0
792.7 324.7 1004.1 598.6 771.3 778.3 559.9 504.4 ground-track-field 0
728.1 360.2 976.0 510.6 833.9 744.8 586.0 594.4 soccer-ball-field 0
866.1 461.8 867.7 460.6 868.9 462.2 867.3 463.4 bridge 0
865.3 472.2 865.8 470.3 867.7 470.8 867.2 472.7 bridge 0
865.5 483.7 866.3 485.5 864.5 486.3 863.7 484.5 bridge 0
864.8 478.3 865.2 476.3 867.2 476.7 866.8 478.7 bridge 0
892.3 179.5 893.9 180.7 892.7 182.3 891.1 181.2 bridge 0
