614.7 913.6 615.9 915.2 591.3 932.4 590.1 930.8 storage-tank 0
488.2 1010.8 685.9 901.4 690.8 910.2 493.1 1019.6 storage-tank 0
600.6 954.9 601.7 956.6 593.4 962.1 592.3 960.4 storage-tank 0
580.9 959.2 582.3 957.8 601.1 975.8 599.7 977.2 storage-tank 0
592.7 963.4 593.6 961.7 602.3 966.6 601.4 968.3 storage-tank 0
555.6 940.7 557.0 939.2 561.4 943.3 560.0 944.8 storage-tank 0
557.1 944.4 558.9 943.4 561.9 948.6 560.1 949.6 storage-tank 0
564.7 939.3 566.0 940.9 561.3 944.7 560.0 943.1 storage-tank 0
560.5 945.1 561.6 943.5 566.5 946.9 565.4 948.5 storage-tank 0
953.6 519.5 955.3 518.5 956.3 520.2 954.6 521.2 bridge 0
607.3 913.5 608.2 915.2 595.7 921.5 594.8 919.8 storage-tank 0
607.1 906.4 608.2 908.1 592.9 917.6 591.8 915.9 storage-tank 0
572.5 914.7 573.7 913.1 588.5 923.3 587.3 924.9 storage-tank 0
570.3 908.2 571.3 906.5 586.7 915.8 585.7 917.5 storage-tank 0
454.8 892.7 476.2 878.0 491.0 899.4 469.6 914.1 harbor 0
479.0 936.1 481.0 936.1 481.0 938.1 479.0 938.1 harbor 0
173.7 504.1 174.1 502.2 176.0 502.5 175.7 504.5 ship 0
309.6 556.1 311.4 555.1 312.4 556.9 310.6 557.9 ship 0
155.1 980.6 156.4 979.1 157.9 980.4 156.6 981.9 ship 0
543.0 875.0 547.7 871.2 554.0 879.0 549.3 882.8 storage-tank 0
551.8 872.0 553.0 870.5 564.2 879.0 563.0 880.5 storage-tank 0
564.6 868.5 570.6 868.5 570.4 878.5 564.4 878.5 storage-tank 0
532.0 780.2 632.7 959.9 624.0 964.8 523.3 785.1 storage-tank 0
547.7 882.4 553.7 882.6 553.3 892.6 547.3 892.4 storage-tank 0
557.0 880.5 563.0 880.5 563.0 890.5 557.0 890.5 storage-tank 0
563.4 879.7 564.8 878.3 574.6 888.3 573.2 889.7 storage-tank 0
584.7 878.7 585.8 880.3 574.3 888.3 573.2 886.7 storage-tank 0
454.2 944.4 684.5 985.8 682.8 995.6 452.5 954.2 storage-tank 0
400.5 1030.8 754.0 896.9 757.5 906.2 404.0 1040.1 storage-tank 0
575.0 974.1 576.4 975.5 567.0 985.9 565.6 984.5 storage-tank 0
483.5 1035.4 673.0 912.2 678.5 920.6 489.0 1043.8 storage-tank 0
582.6 898.4 584.2 897.2 592.4 908.6 590.8 909.8 storage-tank 0
592.2 893.0 594.2 893.0 593.8 911.0 591.8 911.0 storage-tank 0
602.7 893.2 604.4 894.2 595.3 909.8 593.6 908.8 storage-tank 0
