165.8 804.4 167.1 805.9 165.6 807.2 164.3 805.7 ship 0
264.9 968.9 266.3 967.4 267.7 968.8 266.4 970.3 ship 0
249.4 987.6 250.7 986.0 252.3 987.3 251.0 988.8 ship 0
228.1 1002.0 229.6 1000.7 230.9 1002.3 229.4 1003.6 ship 0
151.1 870.2 152.3 868.6 153.9 869.8 152.7 871.4 ship 0
138.6 888.9 140.1 887.6 141.4 889.1 139.9 890.4 ship 0
128.1 909.6 129.3 908.1 130.9 909.3 129.6 910.9 ship 0
117.6 925.3 119.2 924.1 120.4 925.7 118.8 926.9 ship 0
101.0 941.4 102.3 939.9 103.8 941.2 102.5 942.7 ship 0
94.6 963.5 96.0 962.1 97.4 963.5 96.0 964.9 ship 0
276.1 945.7 277.3 944.1 278.9 945.3 277.7 946.9 ship 0
676.2 107.2 676.9 105.3 678.8 105.9 678.1 107.8 ship 0
