401.9 152.3 412.6 137.8 472.1 181.7 461.4 196.2 storage-tank 0
409.0 238.3 428.7 188.0 479.0 207.7 459.3 258.0 storage-tank 0
510.0 180.3 528.3 192.5 496.0 240.7 477.7 228.5 storage-tank 0
530.2 91.8 541.5 72.9 611.8 115.2 600.5 134.1 storage-tank 0
560.7 148.1 570.1 137.7 601.3 165.9 591.9 176.3 storage-tank 0
550.2 202.5 559.6 182.6 633.8 217.5 624.4 237.4 storage-tank 0
483.4 345.4 491.3 329.3 532.6 349.6 524.7 365.7 storage-tank 0
540.5 405.9 548.5 268.1 582.5 270.1 574.5 407.9 storage-tank 0
434.8 383.7 440.4 370.9 581.2 433.3 575.6 446.1 storage-tank 0
535.6 391.6 550.5 375.4 584.4 406.4 569.5 422.6 storage-tank 0
552.3 313.1 557.1 300.0 671.7 341.9 666.9 355.0 storage-tank 0
620.1 173.6 631.5 159.7 663.9 186.4 652.5 200.3 storage-tank 0
704.2 119.0 755.4 136.1 717.8 248.0 666.6 230.9 storage-tank 0
608.4 127.9 617.0 107.7 655.6 124.1 647.0 144.3 storage-tank 0
393.2 105.8 403.5 91.0 460.8 131.2 450.5 146.0 storage-tank 0
