113.1 271.8 128.1 255.7 179.2 303.6 164.1 319.7 ship 0
65.1 326.8 80.0 310.6 134.7 360.4 119.8 376.7 ship 0
53.2 362.6 67.9 346.2 105.1 379.6 90.4 396.0 ship 0
27.4 389.6 42.8 373.9 78.4 409.1 63.0 424.7 ship 0
24.8 251.4 26.0 249.8 27.6 251.0 26.4 252.6 ship 0
76.6 927.8 86.4 912.7 148.4 953.2 138.6 968.3 ship 0
172.4 261.3 173.8 259.8 175.2 261.2 173.9 262.6 ship 0
163.5 217.2 175.8 204.0 221.0 246.4 208.7 259.6 ship 0
188.8 192.5 204.4 177.0 239.8 212.3 224.2 227.9 ship 0
210.3 165.8 226.9 151.4 259.7 189.2 243.1 203.6 ship 0
511.7 1006.5 513.0 1008.0 511.5 1009.3 510.2 1007.8 ship 0
154.4 268.1 155.9 269.4 154.7 270.9 153.1 269.7 harbor 0
201.0 212.1 202.4 213.5 201.0 214.9 199.6 213.5 harbor 0
109.4 323.1 110.9 324.4 109.6 325.9 108.1 324.6 harbor 0
62.2 381.8 63.6 383.2 62.3 384.7 60.8 383.3 harbor 0
106.4 507.6 107.9 508.9 106.6 510.4 105.1 509.1 harbor 0
768.2 695.7 785.3 709.5 713.8 798.3 696.7 784.5 ship 0
786.9 732.4 805.4 744.3 789.2 769.6 770.7 757.7 ship 0
623.7 499.5 625.5 498.7 626.3 500.5 624.5 501.3 ship 0
631.5 477.0 638.2 464.7 654.0 473.4 647.3 485.6 ship 0
204.4 991.4 216.5 978.0 253.6 1011.6 241.5 1025.0 ship 0
