887.6 571.5 889.1 572.8 887.8 574.3 886.3 573.0 bridge 0
67.6 351.0 146.2 327.5 183.4 452.0 104.8 475.5 storage-tank 0
11.6 233.4 80.9 182.5 129.4 248.6 60.1 299.5 storage-tank 0
122.4 294.8 196.1 258.9 242.6 354.2 168.9 390.1 storage-tank 0
343.4 28.1 417.9 62.4 383.6 136.9 309.1 102.6 storage-tank 0
180.7 223.9 248.2 184.8 299.3 273.1 231.8 312.2 storage-tank 0
-5.0 90.0 66.2 49.3 105.0 117.0 33.8 157.7 storage-tank 0
64.1 155.9 139.2 99.4 190.9 168.1 115.8 224.6 storage-tank 0
210.3 955.8 224.3 956.2 223.7 978.2 209.7 977.8 large-vehicle 0
7.0 877.0 7.0 875.0 9.0 875.0 9.0 877.0 large-vehicle 0
634.1 400.3 635.7 399.1 636.9 400.7 635.3 401.9 large-vehicle 0
622.6 250.4 623.7 248.6 625.4 249.7 624.3 251.4 large-vehicle 0
229.9 859.6 231.4 860.9 230.1 862.4 228.6 861.1 large-vehicle 0
183.1 830.7 184.3 829.1 185.9 830.3 184.7 831.9 large-vehicle 0
179.1 838.9 179.9 837.1 181.7 838.0 180.9 839.8 large-vehicle 0
219.4 540.1 220.9 541.4 219.6 542.9 218.1 541.6 large-vehicle 0
89.0 876.0 89.0 874.0 91.0 874.0 91.0 876.0 large-vehicle 0
145.9 621.1 147.4 622.4 146.1 623.9 144.6 622.6 large-vehicle 0
358.6 276.8 359.9 275.3 361.4 276.6 360.1 278.1 large-vehicle 0
335.3 310.7 336.3 312.4 334.7 313.4 333.6 311.7 large-vehicle 0
268.0 402.2 269.8 403.0 269.0 404.8 267.2 404.0 large-vehicle 0
21.5 761.1 23.0 759.7 24.3 761.2 22.8 762.5 large-vehicle 0
139.2 559.9 156.9 563.0 153.1 584.7 135.4 581.6 large-vehicle 0
174.1 532.3 175.7 531.1 176.9 532.7 175.3 533.9 large-vehicle 0
