17.2 815.6 31.9 789.4 61.6 806.0 46.9 832.2 large-vehicle 0
41.1 727.6 54.4 739.8 36.9 759.0 23.6 746.8 large-vehicle 0
468.2 258.6 491.0 246.2 507.2 276.1 484.3 288.5 large-vehicle 0
727.3 278.1 767.2 255.3 800.0 312.5 760.1 335.4 large-vehicle 0
875.5 353.8 894.0 342.0 927.5 394.2 909.0 406.0 large-vehicle 0
911.5 335.3 938.0 321.2 955.8 354.8 929.3 368.9 large-vehicle 0
742.5 888.4 744.1 887.1 745.4 888.6 743.8 889.9 large-vehicle 0
839.9 886.3 921.3 779.8 980.1 824.7 898.7 931.2 plane 0
914.1 905.3 998.8 920.1 981.9 1016.7 897.2 1001.9 plane 0
287.2 830.9 321.3 872.9 220.4 954.8 186.3 912.9 plane 0
747.3 874.1 767.0 851.5 792.7 873.9 773.0 896.5 large-vehicle 0
794.5 871.9 812.6 884.4 795.5 909.1 777.4 896.6 large-vehicle 0
814.8 890.9 823.6 895.7 809.2 922.1 800.4 917.3 large-vehicle 0
835.4 905.4 843.7 911.0 822.6 942.6 814.3 937.0 large-vehicle 0
834.7 942.2 849.0 931.3 862.3 948.8 848.0 959.7 large-vehicle 0
