411.4 502.4 411.6 500.4 413.6 500.6 413.4 502.6 ship 0
405.3 468.8 405.7 466.8 407.7 467.2 407.3 469.2 ship 0
373.4 415.2 375.3 415.9 374.6 417.8 372.7 417.1 ship 0
385.4 377.0 386.6 378.6 385.0 379.8 383.8 378.2 ship 0
356.6 338.7 357.8 337.1 359.4 338.3 358.2 339.9 ship 0
319.3 558.6 320.6 557.0 322.1 558.2 320.9 559.8 ship 0
311.3 581.7 311.8 579.8 313.7 580.3 313.2 582.2 ship 0
274.4 685.7 276.3 686.4 275.5 688.3 273.7 687.5 ship 0
235.7 691.7 237.3 692.9 236.2 694.5 234.5 693.3 ship 0
328.6 912.9 329.5 911.1 331.3 912.0 330.4 913.8 ship 0
216.4 878.5 219.9 856.8 249.6 861.5 246.1 883.2 ship 0
347.3 893.3 347.7 891.3 349.7 891.7 349.3 893.7 ship 0
303.6 944.9 304.1 946.8 302.2 947.3 301.7 945.3 ship 0
280.6 1016.9 280.8 1014.9 282.8 1015.1 282.6 1017.1 ship 0
191.6 1008.2 193.6 1008.5 193.4 1010.5 191.4 1010.2 ship 0
179.0 1007.0 181.0 1007.0 181.0 1009.0 179.0 1009.0 ship 0
153.6 992.7 158.6 989.4 179.4 1021.3 174.4 1024.6 ship 0
112.9 913.6 114.4 914.9 113.1 916.4 111.6 915.1 ship 0
86.7 999.0 88.5 998.2 89.3 1000.0 87.5 1000.8 ship 0
60.8 991.9 62.3 993.1 61.1 994.7 59.5 993.4 ship 0
42.3 981.1 43.9 982.3 42.7 983.9 41.1 982.7 ship 0
25.8 981.8 27.7 982.3 27.2 984.2 25.3 983.7 ship 0
37.1 893.1 38.9 892.1 39.9 893.9 38.1 894.9 ship 0
