780.0 381.5 817.0 347.9 901.6 441.3 864.6 474.9 plane 0
899.8 552.4 931.5 605.7 850.7 653.7 819.0 600.4 plane 0
545.9 574.6 594.7 530.2 647.2 587.8 598.5 632.3 plane 0
57.7 373.1 81.2 354.5 97.3 374.9 73.8 393.5 large-vehicle 0
108.5 344.2 110.5 343.9 110.8 345.9 108.8 346.2 large-vehicle 0
512.5 828.7 576.7 813.6 591.9 877.8 527.6 893.0 plane 0
13.2 881.7 107.9 781.3 158.8 829.3 64.1 929.7 plane 0
121.4 905.8 172.1 933.9 126.6 1016.2 75.9 988.1 plane 0
3.9 923.2 5.8 922.9 6.1 924.8 4.2 925.1 large-vehicle 0
831.9 102.8 869.1 83.3 894.1 131.2 856.9 150.7 plane 0
23.1 945.5 24.5 944.1 25.9 945.5 24.5 946.9 large-vehicle 0
