-98.5 597.5 -25.3 485.2 371.9 743.8 298.8 856.1 ground-track-field 0
559.7 255.7 565.6 257.2 558.3 286.3 552.4 284.8 storage-tank 0
561.4 279.7 572.9 265.9 580.6 272.3 569.1 286.1 storage-tank 0
677.1 222.9 705.1 242.2 694.9 257.1 666.9 237.8 storage-tank 0
685.7 199.8 691.4 198.1 704.3 242.2 698.6 243.9 storage-tank 0
518.8 239.9 524.0 236.9 545.2 273.1 540.0 276.1 storage-tank 0
561.5 252.1 564.3 257.5 530.5 274.9 527.7 269.5 storage-tank 0
450.0 247.3 486.9 238.4 492.0 259.7 455.1 268.6 storage-tank 0
-20.1 78.1 15.7 43.3 56.1 84.9 20.3 119.7 storage-tank 0
69.1 -4.2 110.2 24.2 74.9 75.2 33.8 46.8 storage-tank 0
131.1 43.4 185.2 5.6 213.9 46.6 159.8 84.4 storage-tank 0
428.5 246.1 453.5 202.9 472.5 213.9 447.5 257.1 storage-tank 0
82.4 71.5 139.3 60.5 149.6 113.5 92.7 124.5 storage-tank 0
24.0 133.6 69.7 97.9 103.0 140.4 57.3 176.1 storage-tank 0
244.6 92.4 253.5 121.0 213.4 133.6 204.5 105.0 storage-tank 0
274.6 126.4 316.3 160.6 274.4 211.6 232.7 177.4 storage-tank 0
189.0 122.3 212.8 156.9 165.0 189.7 141.2 155.1 storage-tank 0
219.3 189.4 236.7 194.1 225.7 234.6 208.3 229.9 storage-tank 0
138.3 159.8 166.5 205.8 113.7 238.2 85.5 192.2 storage-tank 0
163.5 225.7 185.3 228.9 177.5 282.3 155.7 279.1 storage-tank 0
