611.1 460.1 612.4 461.6 610.9 462.9 609.6 461.4 large-vehicle 0
819.1 315.6 820.4 301.7 838.3 303.4 837.0 317.3 large-vehicle 0
177.1 744.5 178.5 743.1 179.9 744.5 178.5 745.9 large-vehicle 0
31.4 737.3 33.3 736.7 33.8 738.7 31.9 739.2 large-vehicle 0
47.5 739.1 48.9 740.5 47.5 741.9 46.1 740.5 large-vehicle 0
86.6 724.4 87.9 726.0 86.3 727.3 85.0 725.7 large-vehicle 0
121.4 710.8 122.8 712.2 121.4 713.6 120.0 712.2 large-vehicle 0
159.0 703.5 173.5 720.0 157.0 734.5 142.5 718.0 large-vehicle 0
266.9 866.3 274.6 859.9 286.1 873.7 278.4 880.1 large-vehicle 0
300.6 347.9 302.1 346.6 303.4 348.1 301.9 349.4 large-vehicle 0
428.6 303.1 429.9 304.6 428.4 305.9 427.1 304.4 large-vehicle 0
449.9 463.7 451.5 464.9 450.3 466.5 448.7 465.4 large-vehicle 0
422.2 478.0 423.8 476.8 425.0 478.4 423.4 479.6 large-vehicle 0
427.0 475.0 428.6 473.8 429.8 475.5 428.1 476.6 large-vehicle 0
423.5 507.2 424.7 508.8 423.0 509.9 421.9 508.3 large-vehicle 0
327.6 339.1 337.3 329.0 356.1 347.0 346.4 357.1 large-vehicle 0
539.0 296.1 539.8 294.3 541.6 295.1 540.8 296.9 large-vehicle 0
253.4 2.7 265.6 -4.3 274.6 11.3 262.4 18.3 storage-tank 0
190.5 -1.6 209.3 -19.5 246.5 19.6 227.7 37.5 storage-tank 0
