957.5 166.9 996.5 113.7 1017.5 129.1 978.5 182.3 storage-tank 0
929.1 142.5 938.4 101.5 955.9 105.5 946.6 146.5 storage-tank 0
954.6 112.6 960.7 104.6 981.4 120.4 975.3 128.4 storage-tank 0
954.2 88.8 959.8 80.5 1027.8 126.2 1022.2 134.5 storage-tank 0
977.5 79.7 996.1 61.5 1050.5 117.3 1031.9 135.5 storage-tank 0
867.3 133.2 868.4 134.8 866.7 135.9 865.6 134.3 large-vehicle 0
993.0 512.2 993.8 514.0 992.0 514.8 991.2 513.0 large-vehicle 0
878.0 889.8 879.3 891.3 877.8 892.6 876.5 891.1 large-vehicle 0
609.1 610.1 610.4 608.6 611.9 609.9 610.6 611.4 large-vehicle 0
570.3 760.5 571.8 759.2 573.2 760.8 571.6 762.1 large-vehicle 0
506.6 734.1 507.9 732.6 509.4 733.9 508.1 735.4 ship 0
591.6 749.6 592.9 748.1 594.4 749.4 593.1 750.9 large-vehicle 0
613.1 694.4 614.6 693.1 615.9 694.6 614.4 695.9 large-vehicle 0
91.6 61.9 93.1 60.6 94.4 62.1 92.9 63.4 ship 0
