780.6 789.6 782.4 790.6 781.4 792.4 779.6 791.4 storage-tank 0
768.4 793.1 770.4 792.9 770.6 794.9 768.6 795.1 storage-tank 0
719.0 594.4 725.0 593.8 729.0 631.6 723.0 632.2 storage-tank 0
629.4 640.7 630.3 642.4 628.6 643.3 627.7 641.6 storage-tank 0
632.5 622.8 634.6 628.4 621.5 633.2 619.4 627.6 storage-tank 0
624.4 610.3 628.6 614.5 621.6 621.7 617.4 617.5 storage-tank 0
643.3 544.6 644.9 545.8 643.7 547.4 642.1 546.2 storage-tank 0
640.0 530.9 656.1 516.0 671.0 532.1 654.9 547.0 storage-tank 0
629.1 519.2 638.8 529.3 625.9 541.8 616.2 531.7 storage-tank 0
614.7 603.6 617.1 621.5 603.3 623.4 600.9 605.5 storage-tank 0
735.2 609.4 737.1 608.7 737.8 610.6 735.9 611.3 storage-tank 0
615.5 618.3 617.8 623.9 608.5 627.7 606.2 622.1 storage-tank 0
747.1 799.1 748.4 800.6 746.9 801.9 745.6 800.4 storage-tank 0
794.0 798.7 795.8 799.5 795.0 801.3 793.2 800.5 storage-tank 0
782.2 802.5 784.0 801.7 784.8 803.5 783.0 804.3 storage-tank 0
772.1 805.6 773.9 804.6 774.9 806.4 773.1 807.4 storage-tank 0
762.3 808.2 764.3 807.8 764.7 809.8 762.7 810.2 storage-tank 0
749.7 810.5 751.5 809.7 752.3 811.5 750.5 812.3 storage-tank 0
737.1 817.2 738.8 816.1 739.9 817.8 738.2 818.9 storage-tank 0
758.1 798.2 759.8 797.1 760.9 798.8 759.2 799.9 storage-tank 0
735.6 805.3 737.2 804.1 738.4 805.7 736.8 806.9 storage-tank 0
616.0 626.9 620.2 631.1 613.0 638.1 608.8 633.9 storage-tank 0
754.4 785.6 756.4 785.4 756.6 787.4 754.6 787.6 storage-tank 0
741.2 790.5 743.0 789.7 743.8 791.5 742.0 792.3 storage-tank 0
730.7 791.5 732.5 790.7 733.3 792.5 731.5 793.3 storage-tank 0
730.3 830.8 730.7 832.8 728.7 833.2 728.3 831.2 storage-tank 0
727.2 818.3 727.7 820.2 725.8 820.7 725.3 818.8 storage-tank 0
723.4 806.2 724.3 807.9 722.6 808.8 721.7 807.1 storage-tank 0
706.0 799.5 710.0 786.1 731.0 792.5 727.0 805.9 storage-tank 0
