963.7 648.2 967.4 643.5 1003.4 672.2 999.7 676.9 ship 0
976.6 672.7 977.8 671.1 979.4 672.3 978.2 673.9 ship 0
476.7 281.2 477.3 279.2 479.3 279.8 478.7 281.8 ship 0
478.2 264.6 478.9 262.7 480.8 263.4 480.1 265.3 ship 0
535.0 304.3 536.2 302.7 537.8 304.0 536.5 305.6 ship 0
546.6 290.8 548.1 289.4 549.4 290.9 548.0 292.3 ship 0
626.4 322.7 628.3 323.4 627.6 325.3 625.7 324.6 ship 0
665.6 320.6 666.9 319.1 668.4 320.4 667.1 321.9 ship 0
676.6 308.7 677.8 307.1 679.4 308.3 678.2 309.9 ship 0
674.8 292.4 678.1 287.4 699.7 302.0 696.3 306.9 ship 0
674.2 353.3 683.7 338.0 705.8 351.7 696.3 367.0 ship 0
674.6 365.3 676.2 364.1 677.4 365.7 675.8 366.9 ship 0
666.6 381.2 667.8 379.6 669.4 380.8 668.2 382.4 ship 0
