121.3 518.2 122.7 516.8 124.1 518.2 122.7 519.7 bridge 0
988.6 814.3 1005.4 800.0 1014.4 810.7 997.6 825.0 storage-tank 0
383.8 546.1 391.7 517.2 405.2 520.9 397.3 549.8 storage-tank 0
117.4 727.2 139.0 695.9 173.6 719.8 152.0 751.1 storage-tank 0
182.6 743.9 216.3 696.7 250.4 721.1 216.7 768.3 storage-tank 0
192.6 662.9 216.8 628.6 254.4 655.1 230.2 689.4 storage-tank 0
301.9 655.9 319.5 631.6 334.1 642.1 316.5 666.4 storage-tank 0
318.1 667.5 331.5 650.1 348.9 663.5 335.5 680.9 storage-tank 0
382.9 635.8 396.1 618.2 420.1 636.2 406.9 653.8 storage-tank 0
380.3 642.6 381.4 644.3 379.7 645.4 378.6 643.7 storage-tank 0
374.0 697.3 376.3 679.5 418.0 684.7 415.7 702.5 storage-tank 0
359.3 751.5 438.6 643.6 446.7 649.5 367.4 757.4 storage-tank 0
413.4 707.0 525.1 619.4 543.6 643.0 431.9 730.6 storage-tank 0
433.1 632.5 455.0 646.6 440.9 668.5 419.0 654.4 storage-tank 0
413.8 661.8 417.9 666.1 399.2 684.2 395.1 679.9 storage-tank 0
379.7 703.7 438.7 652.7 445.3 660.3 386.3 711.3 storage-tank 0
440.4 739.4 444.7 735.1 482.6 773.6 478.3 777.9 storage-tank 0
437.3 712.9 442.1 709.3 501.7 787.1 496.9 790.7 storage-tank 0
454.6 728.1 458.6 723.6 499.4 758.9 495.4 763.4 storage-tank 0
311.0 557.6 318.9 541.5 335.0 549.4 327.1 565.5 storage-tank 0
356.6 523.6 370.5 506.5 381.4 515.4 367.5 532.5 storage-tank 0
391.2 519.3 394.7 524.2 366.8 543.7 363.3 538.8 storage-tank 0
202.8 484.5 225.0 464.3 245.2 486.5 223.0 506.7 storage-tank 0
754.0 490.5 760.0 473.5 777.0 479.5 771.0 496.5 storage-tank 0
783.9 470.6 788.1 474.9 775.1 487.4 770.9 483.1 storage-tank 0
614.3 622.6 623.9 612.5 642.7 630.4 633.1 640.5 storage-tank 0
629.0 606.3 636.6 599.8 656.0 622.7 648.4 629.2 storage-tank 0
702.5 597.2 706.8 588.2 737.5 602.8 733.2 611.8 storage-tank 0
709.0 573.2 725.9 553.5 773.0 593.8 756.1 613.5 storage-tank 0
792.6 537.6 815.7 467.3 840.4 475.4 817.3 545.7 storage-tank 0
801.3 448.0 842.5 427.5 857.7 458.0 816.5 478.5 storage-tank 0
471.7 404.1 473.3 398.3 525.3 412.9 523.7 418.7 storage-tank 0
435.3 452.6 447.3 439.1 466.7 456.4 454.7 469.9 storage-tank 0
800.4 481.6 802.3 495.4 772.6 499.4 770.7 485.6 storage-tank 0
655.0 710.4 655.1 708.5 657.0 708.6 656.9 710.5 storage-tank 0
981.7 785.1 986.4 776.3 1002.3 784.9 997.6 793.7 storage-tank 0
1011.4 792.4 1011.6 794.4 1009.6 794.6 1009.4 792.6 storage-tank 0
972.8 804.2 976.6 795.0 993.2 801.8 989.4 811.0 storage-tank 0
869.6 460.6 886.4 516.1 842.4 529.4 825.6 473.9 storage-tank 0
622.9 399.4 623.9 393.5 677.1 402.6 676.1 408.5 storage-tank 0
616.5 393.0 640.6 363.6 654.5 375.0 630.4 404.4 storage-tank 0
572.2 371.8 575.2 366.7 607.8 386.2 604.8 391.3 storage-tank 0
473.7 409.8 477.9 405.5 502.3 429.2 498.1 433.5 storage-tank 0
458.0 444.1 465.5 437.5 504.0 480.9 496.5 487.5 storage-tank 0
539.7 381.2 542.4 351.4 568.3 353.8 565.6 383.6 storage-tank 0
591.5 362.7 595.7 358.4 614.5 376.3 610.3 380.6 storage-tank 0
