706.3 746.2 706.8 744.3 708.7 744.8 708.2 746.7 large-vehicle 0
380.1 114.2 380.9 112.4 382.7 113.2 382.0 115.0 large-vehicle 0
383.9 90.8 384.3 92.8 382.3 93.1 382.0 91.1 large-vehicle 0
560.2 738.7 561.8 737.6 563.0 739.2 561.4 740.4 large-vehicle 0
576.5 740.1 577.9 741.5 576.5 742.9 575.1 741.5 large-vehicle 0
616.2 725.7 616.6 727.6 614.7 728.0 614.3 726.1 large-vehicle 0
650.3 711.8 651.8 713.1 650.5 714.6 649.0 713.3 large-vehicle 0
686.6 718.6 688.4 719.6 687.4 721.4 685.6 720.4 large-vehicle 0
804.1 870.9 805.6 869.6 806.9 871.1 805.4 872.4 large-vehicle 0
829.6 349.0 831.0 347.6 832.4 349.0 831.0 350.4 large-vehicle 0
956.1 305.4 957.6 304.1 958.9 305.6 957.4 306.9 large-vehicle 0
977.7 465.8 979.4 464.7 980.5 466.4 978.8 467.5 large-vehicle 0
951.3 478.8 953.0 477.9 953.9 479.6 952.2 480.5 large-vehicle 0
956.0 476.1 957.5 474.8 958.8 476.3 957.3 477.6 large-vehicle 0
953.1 508.4 953.4 510.4 951.4 510.7 951.1 508.7 large-vehicle 0
869.5 344.3 870.6 342.7 872.3 343.8 871.2 345.4 large-vehicle 0
354.9 102.3 356.3 103.7 354.9 105.1 353.5 103.7 large-vehicle 0
326.3 813.6 328.0 812.6 329.1 814.2 327.4 815.3 large-vehicle 0
201.6 857.6 202.7 856.0 204.4 857.2 203.2 858.8 large-vehicle 0
163.5 876.0 165.0 877.3 163.7 878.8 162.2 877.5 large-vehicle 0
104.1 882.1 133.6 876.5 139.9 909.9 110.4 915.5 large-vehicle 0
228.2 860.9 230.1 860.2 230.8 862.1 228.9 862.8 large-vehicle 0
194.9 867.5 196.2 866.0 197.7 867.3 196.4 868.8 large-vehicle 0
268.5 719.4 271.5 729.0 250.5 735.6 247.5 726.0 storage-tank 0
251.6 572.5 255.8 563.5 337.4 601.5 333.2 610.5 storage-tank 0
300.8 548.1 313.7 542.6 341.2 606.9 328.3 612.4 storage-tank 0
317.5 562.6 320.6 553.1 379.5 572.4 376.4 581.9 storage-tank 0
170.6 742.5 173.8 733.1 198.4 741.5 195.2 750.9 storage-tank 0
158.9 770.1 163.1 774.5 150.1 786.9 145.9 782.5 storage-tank 0
179.1 741.8 188.7 803.0 174.9 805.2 165.3 744.0 storage-tank 0
177.1 816.4 201.3 717.3 214.9 720.6 190.7 819.7 storage-tank 0
206.2 755.2 214.4 749.6 226.8 767.8 218.6 773.4 storage-tank 0
197.1 721.9 206.7 719.0 212.9 740.1 203.3 743.0 storage-tank 0
238.8 725.5 244.0 734.1 225.2 745.5 220.0 736.9 storage-tank 0
240.2 723.3 246.2 724.0 239.8 781.7 233.8 781.0 storage-tank 0
261.5 702.5 265.1 707.3 247.5 720.5 243.9 715.7 storage-tank 0
331.3 661.5 336.6 664.3 300.7 733.5 295.4 730.7 storage-tank 0
275.2 556.0 283.6 633.6 261.8 636.0 253.4 558.4 storage-tank 0
329.4 687.7 338.6 683.8 345.6 700.3 336.4 704.2 storage-tank 0
327.2 701.9 330.6 706.8 315.8 717.1 312.4 712.2 storage-tank 0
299.1 708.6 303.2 704.2 345.9 743.4 341.8 747.8 storage-tank 0
352.6 702.1 359.7 709.1 344.4 724.9 337.3 717.9 storage-tank 0
284.8 611.7 293.9 622.3 274.2 639.3 265.1 628.7 storage-tank 0
229.3 598.6 239.0 596.0 243.7 613.4 234.0 616.0 storage-tank 0
248.2 614.4 256.3 620.3 238.8 644.6 230.7 638.7 storage-tank 0
276.5 -3.5 303.9 28.3 223.5 97.5 196.1 65.7 storage-tank 0
150.5 587.4 205.7 658.5 191.5 669.6 136.3 598.5 storage-tank 0
175.0 584.8 226.5 643.4 213.0 655.2 161.5 596.6 storage-tank 0
218.5 595.8 229.3 623.8 212.5 630.2 201.7 602.2 storage-tank 0
162.7 648.2 172.3 658.4 159.3 670.8 149.7 660.6 storage-tank 0
156.9 678.3 202.8 610.4 221.1 622.7 175.2 690.6 storage-tank 0
223.8 628.7 229.4 641.5 209.2 650.3 203.6 637.5 storage-tank 0
806.2 -3.4 809.3 14.3 779.8 19.4 776.7 1.7 storage-tank 0
721.7 19.3 728.5 -9.9 773.3 0.7 766.5 29.9 storage-tank 0
24.2 803.0 218.4 723.1 223.8 736.0 29.6 815.9 storage-tank 0
109.3 753.5 115.2 761.6 87.7 781.5 81.8 773.4 storage-tank 0
111.8 749.4 119.2 831.0 101.2 832.6 93.8 751.0 storage-tank 0
139.3 782.0 140.5 791.9 122.7 794.0 121.5 784.1 storage-tank 0
150.5 717.6 156.8 730.1 126.5 745.4 120.2 732.9 storage-tank 0
155.6 745.3 160.2 758.5 139.4 765.7 134.8 752.5 storage-tank 0
134.6 682.5 151.7 586.0 165.4 588.5 148.3 685.0 storage-tank 0
