38.2 547.3 48.2 546.8 53.8 672.7 43.8 673.2 storage-tank 0
64.4 523.1 109.1 591.8 70.6 616.9 25.9 548.2 storage-tank 0
73.9 259.6 96.7 247.1 111.1 273.4 88.3 285.9 storage-tank 0
79.9 112.2 90.1 92.7 113.1 104.8 102.9 124.3 storage-tank 0
74.0 531.5 92.3 507.7 113.0 523.5 94.7 547.3 storage-tank 0
100.5 552.8 120.3 525.1 141.5 540.2 121.7 567.9 storage-tank 0
124.5 573.5 128.6 577.8 92.5 612.5 88.4 608.2 storage-tank 0
91.2 608.1 116.4 614.6 110.8 635.9 85.6 629.4 storage-tank 0
288.0 368.7 312.8 385.6 260.0 463.3 235.2 446.4 storage-tank 0
276.2 450.7 353.7 384.4 375.8 410.3 298.3 476.6 storage-tank 0
288.8 504.2 378.9 405.0 395.2 419.8 305.1 519.0 storage-tank 0
714.9 790.9 715.1 788.9 717.1 789.1 716.9 791.1 large-vehicle 0
699.4 634.2 722.8 669.1 684.6 694.8 661.2 659.9 storage-tank 0
632.6 508.5 648.5 547.4 587.4 572.5 571.5 533.6 storage-tank 0
681.4 508.7 682.3 510.4 680.6 511.3 679.7 509.6 storage-tank 0
737.8 484.6 768.4 455.8 797.2 486.4 766.6 515.2 storage-tank 0
785.0 448.4 789.4 444.3 837.0 495.6 832.6 499.7 storage-tank 0
827.3 429.2 837.2 430.1 829.7 515.8 819.8 514.9 storage-tank 0
800.3 429.6 804.6 425.4 892.7 515.4 888.4 519.6 storage-tank 0
391.9 457.4 404.1 489.1 361.1 505.6 348.9 473.9 storage-tank 0
356.6 501.2 363.8 522.0 335.4 531.8 328.2 511.0 storage-tank 0
335.4 554.4 372.2 534.3 386.6 560.6 349.8 580.7 storage-tank 0
253.4 499.2 276.2 518.7 230.6 571.8 207.8 552.3 storage-tank 0
