621.4 358.7 647.7 410.4 588.8 440.3 562.6 388.5 ship 0
222.7 714.6 228.9 722.4 186.8 756.2 180.6 748.4 ship 0
220.9 700.5 223.7 710.0 168.1 726.5 165.3 717.0 ship 0
318.9 566.9 346.4 608.7 284.5 649.4 257.1 607.6 ship 0
262.5 809.9 265.0 815.4 226.7 832.7 224.2 827.2 ship 0
269.0 821.3 271.4 826.8 229.0 844.7 226.6 839.2 ship 0
679.0 768.4 694.6 789.3 654.5 819.2 639.0 798.4 ship 0
671.1 841.4 686.1 862.6 645.3 891.5 630.2 870.3 ship 0
698.8 859.3 704.3 867.6 639.2 910.7 633.7 902.4 ship 0
383.2 539.8 408.5 583.0 351.5 616.3 326.3 573.1 ship 0
711.3 313.2 744.4 360.9 680.4 405.4 647.3 357.8 ship 0
496.4 427.9 509.9 401.1 593.8 443.5 580.3 470.3 ship 0
520.8 489.5 534.7 511.5 482.2 544.5 468.3 522.5 ship 0
438.0 520.5 455.1 534.5 425.9 570.1 408.9 556.2 ship 0
467.5 530.2 471.6 534.6 423.5 579.8 419.4 575.4 ship 0
473.6 549.6 477.3 554.3 434.6 587.3 430.9 582.6 ship 0
199.2 631.4 215.7 656.4 170.6 686.1 154.1 661.0 ship 0
