622.9 591.9 640.8 549.5 686.9 568.9 669.0 611.3 small-vehicle 0
904.7 964.0 928.0 945.2 954.3 978.0 931.0 996.8 small-vehicle 0
952.2 950.3 991.2 913.0 1050.6 975.2 1011.5 1012.5 small-vehicle 0
184.8 798.6 250.2 742.8 368.2 881.4 302.8 937.2 large-vehicle 0
219.4 622.5 254.3 607.5 283.6 675.5 248.7 690.5 small-vehicle 0
933.0 386.2 942.9 376.3 992.4 425.8 982.5 435.7 large-vehicle 0
937.4 328.4 949.0 320.5 1030.6 441.6 1019.0 449.5 large-vehicle 0
983.0 297.4 996.4 293.3 1028.9 398.3 1015.5 402.5 large-vehicle 0
882.9 973.5 893.7 964.5 941.1 1021.3 930.4 1030.3 small-vehicle 0
226.8 422.4 244.1 446.9 200.0 478.1 182.7 453.6 small-vehicle 0
692.2 485.2 800.5 399.7 876.1 495.5 767.8 581.0 large-vehicle 0
756.7 746.6 765.3 757.7 633.6 858.8 625.0 847.7 large-vehicle 0
737.5 725.2 746.1 736.3 620.8 832.6 612.3 821.5 large-vehicle 0
901.2 961.3 967.2 906.2 1050.6 1005.9 984.6 1061.1 large-vehicle 0
803.4 812.3 835.1 851.0 703.6 958.7 671.9 920.0 large-vehicle 0
602.6 525.6 706.9 435.3 810.3 554.8 706.0 645.1 large-vehicle 0
985.8 152.0 1015.9 236.8 882.0 284.3 851.9 199.5 large-vehicle 0
459.6 361.3 515.3 345.1 560.4 500.7 504.7 516.9 large-vehicle 0
570.8 317.9 611.0 305.7 648.6 430.2 608.4 442.3 large-vehicle 0
376.4 865.0 387.8 878.9 352.1 908.0 340.7 894.1 small-vehicle 0
754.5 529.3 774.5 512.7 803.8 548.1 783.8 564.7 small-vehicle 0
801.9 494.8 873.6 447.2 910.1 502.2 838.4 549.8 small-vehicle 0
902.8 450.9 978.7 420.0 996.0 462.6 920.1 493.5 small-vehicle 0
454.1 989.1 455.6 1003.0 409.9 1007.9 408.4 994.0 small-vehicle 0
392.3 977.1 392.8 963.1 442.7 964.9 442.2 978.9 small-vehicle 0
375.6 949.3 376.0 935.3 429.9 936.8 429.6 950.7 small-vehicle 0
419.4 900.5 420.5 926.5 362.5 928.8 361.5 902.8 small-vehicle 0
378.5 848.5 380.0 862.4 314.4 869.4 312.9 855.5 small-vehicle 0
368.4 815.8 371.1 829.5 290.6 845.2 287.9 831.5 small-vehicle 0
286.4 809.2 287.0 799.2 360.8 803.8 360.2 813.8 small-vehicle 0
681.5 722.7 693.3 736.3 610.3 808.4 598.5 794.9 large-vehicle 0
639.9 708.7 653.2 720.8 595.1 784.3 581.8 772.2 large-vehicle 0
624.2 682.1 634.3 691.8 574.9 754.0 564.8 744.3 large-vehicle 0
634.7 651.5 642.2 663.3 529.3 735.5 521.8 723.7 large-vehicle 0
455.5 776.5 485.9 747.4 592.5 858.5 562.1 887.6 large-vehicle 0
367.5 860.9 478.5 778.9 572.4 905.9 461.4 988.0 large-vehicle 0
391.0 398.6 437.9 381.4 493.6 533.5 446.7 550.7 large-vehicle 0
