883.1 535.3 908.9 532.8 911.8 562.7 886.0 565.2 small-vehicle 0
344.2 205.0 359.0 221.2 342.8 236.0 328.0 219.8 small-vehicle 0
262.5 259.7 273.2 274.2 255.5 287.3 244.8 272.8 small-vehicle 0
375.2 194.5 387.2 207.9 370.8 222.5 358.8 209.1 small-vehicle 0
335.7 265.1 347.7 251.7 364.1 266.3 352.1 279.7 small-vehicle 0
344.8 263.3 354.6 248.2 373.0 260.3 363.2 275.3 small-vehicle 0
369.7 255.6 370.8 257.3 369.2 258.4 368.0 256.8 small-vehicle 0
391.0 249.3 393.0 249.5 392.9 251.5 390.9 251.3 small-vehicle 0
417.8 226.6 426.3 242.5 403.3 254.7 394.8 238.8 small-vehicle 0
435.8 220.2 444.8 235.8 429.2 244.8 420.2 229.2 small-vehicle 0
437.1 215.5 453.6 230.0 446.9 237.5 430.4 223.0 small-vehicle 0
523.6 194.1 525.4 195.1 524.4 196.9 522.6 195.9 small-vehicle 0
535.3 177.5 537.3 177.9 532.0 203.4 530.1 203.0 small-vehicle 0
529.4 182.1 531.8 176.6 555.6 186.9 553.2 192.4 small-vehicle 0
552.5 169.4 564.2 188.0 555.8 193.3 544.0 174.7 small-vehicle 0
558.7 170.6 564.5 169.0 569.3 186.4 563.5 188.0 small-vehicle 0
572.5 161.4 582.6 181.0 573.7 185.5 563.6 166.0 small-vehicle 0
471.7 154.2 476.4 150.5 487.3 164.8 482.6 168.5 small-vehicle 0
472.6 154.7 472.9 172.7 462.9 172.9 462.6 154.9 small-vehicle 0
451.7 156.5 467.8 171.4 461.1 178.7 444.9 163.8 small-vehicle 0
604.6 194.3 608.2 199.1 593.8 209.9 590.2 205.2 small-vehicle 0
596.7 206.0 610.6 207.5 609.5 217.4 595.6 215.9 small-vehicle 0
612.1 244.4 613.6 243.1 614.9 244.6 613.4 245.9 small-vehicle 0
619.7 248.6 634.6 258.6 622.3 276.9 607.4 266.8 small-vehicle 0
668.2 287.3 682.7 297.9 650.9 341.5 636.4 330.9 small-vehicle 0
688.4 302.6 705.4 296.8 709.9 310.1 692.9 315.9 small-vehicle 0
709.2 294.4 717.7 305.5 709.8 311.6 701.3 300.5 small-vehicle 0
739.1 275.4 751.7 288.3 735.9 303.6 723.3 290.7 small-vehicle 0
679.1 300.6 690.8 319.2 679.0 326.7 667.3 308.0 small-vehicle 0
255.8 251.1 265.9 260.9 253.3 273.8 243.3 264.0 small-vehicle 0
321.3 193.6 337.8 186.3 346.7 206.4 330.2 213.7 small-vehicle 0
25.6 133.6 26.9 135.1 25.4 136.4 24.1 134.9 small-vehicle 0
336.7 183.5 342.2 181.1 354.2 208.6 348.7 211.0 small-vehicle 0
190.7 494.2 202.9 480.9 222.0 498.6 209.8 511.8 large-vehicle 0
299.3 338.9 335.8 318.1 350.7 344.1 314.2 364.9 large-vehicle 0
859.0 955.1 878.7 938.1 929.8 997.0 910.2 1014.0 large-vehicle 0
-2.4 194.3 2.9 191.4 21.0 224.9 15.7 227.7 large-vehicle 0
7.0 182.8 12.0 179.6 37.0 218.2 32.0 221.4 large-vehicle 0
17.5 177.6 22.3 174.1 51.7 214.5 46.8 218.1 large-vehicle 0
34.4 171.1 42.0 164.6 74.4 202.6 66.8 209.1 large-vehicle 0
52.3 155.4 57.5 152.4 84.1 199.4 78.9 202.4 large-vehicle 0
77.2 155.6 83.1 154.6 90.8 200.0 84.9 201.0 large-vehicle 0
124.3 276.0 139.8 255.1 189.7 292.0 174.2 312.9 large-vehicle 0
171.3 327.7 173.4 313.9 242.7 324.3 240.6 338.1 large-vehicle 0
151.9 344.6 173.1 323.4 197.1 347.4 175.9 368.6 large-vehicle 0
112.0 407.2 113.9 406.6 114.5 408.5 112.6 409.1 large-vehicle 0
220.2 430.7 238.4 412.0 282.8 455.3 264.6 474.0 large-vehicle 0
244.0 412.8 251.2 405.9 296.8 453.6 289.6 460.5 large-vehicle 0
197.3 451.8 203.0 443.6 253.7 479.2 248.0 487.4 large-vehicle 0
188.3 463.1 194.4 455.3 252.7 500.9 246.6 508.7 large-vehicle 0
522.6 530.3 523.7 528.6 525.4 529.7 524.3 531.4 large-vehicle 0
262.8 392.9 283.7 377.5 306.2 408.1 285.3 423.5 large-vehicle 0
240.4 262.4 244.0 267.1 226.5 280.5 222.9 275.7 small-vehicle 0
225.9 283.9 246.0 275.0 250.1 284.1 230.0 293.0 small-vehicle 0
250.5 284.5 254.3 289.2 234.1 305.6 230.3 301.0 small-vehicle 0
249.9 293.3 259.4 303.6 246.1 315.7 236.6 305.4 small-vehicle 0
356.9 175.6 362.3 172.9 375.5 199.9 370.1 202.5 small-vehicle 0
347.3 185.4 351.9 181.6 366.1 198.4 361.5 202.2 small-vehicle 0
57.2 122.1 58.4 123.7 56.8 124.9 55.6 123.3 small-vehicle 0
419.8 10.5 425.7 11.8 421.6 29.4 415.8 28.0 small-vehicle 0
908.2 814.1 910.0 814.9 909.1 816.7 907.3 815.9 small-vehicle 0
983.5 758.9 984.5 737.0 1010.5 738.1 1009.5 760.0 small-vehicle 0
990.1 775.6 1001.9 789.1 988.3 801.0 976.5 787.4 small-vehicle 0
906.4 710.9 906.6 712.9 892.6 714.1 892.4 712.1 small-vehicle 0
912.4 688.5 928.6 708.8 917.6 717.5 901.4 697.2 small-vehicle 0
878.1 718.9 880.0 713.2 900.9 720.1 899.0 725.8 small-vehicle 0
878.6 715.0 888.1 718.1 881.4 739.0 871.9 735.9 small-vehicle 0
924.2 680.6 935.6 694.5 924.8 703.4 913.4 689.5 small-vehicle 0
927.0 664.8 935.9 660.2 948.0 683.2 939.1 687.8 small-vehicle 0
835.8 737.4 841.3 735.1 855.7 770.2 850.2 772.5 small-vehicle 0
854.7 732.8 860.7 732.3 863.3 766.2 857.3 766.7 small-vehicle 0
885.3 750.5 898.1 768.4 883.5 778.9 870.6 761.0 small-vehicle 0
912.0 720.3 924.3 713.5 935.0 732.7 922.7 739.5 small-vehicle 0
930.4 709.5 942.1 723.1 934.6 729.6 922.8 716.0 small-vehicle 0
953.5 771.5 955.5 772.0 955.0 774.0 953.0 773.5 small-vehicle 0
790.4 926.1 813.2 938.6 802.6 957.9 779.8 945.4 small-vehicle 0
799.2 960.1 823.2 950.0 830.2 966.6 806.2 976.7 small-vehicle 0
837.4 980.1 852.4 989.9 842.6 1005.0 827.5 995.1 small-vehicle 0
839.2 975.7 841.9 981.1 825.8 989.3 823.1 983.9 small-vehicle 0
850.0 994.5 854.4 998.6 847.5 1006.0 843.1 1001.9 small-vehicle 0
99.2 105.6 100.9 106.6 99.9 108.4 98.2 107.3 small-vehicle 0
258.0 44.2 258.8 46.0 257.0 46.8 256.2 45.0 small-vehicle 0
283.3 30.6 287.6 39.6 278.7 44.0 274.3 35.0 small-vehicle 0
366.9 28.0 375.1 33.8 360.1 55.0 351.9 49.2 small-vehicle 0
382.0 21.4 387.1 24.5 369.4 53.5 364.3 50.4 small-vehicle 0
377.5 28.9 382.1 25.0 396.3 41.8 391.8 45.7 small-vehicle 0
391.6 35.6 392.3 17.6 402.3 18.0 401.6 36.0 small-vehicle 0
409.1 16.0 414.9 17.5 410.2 34.9 404.4 33.3 small-vehicle 0
923.7 784.3 938.3 794.9 925.3 812.7 910.7 802.1 small-vehicle 0
899.2 808.8 904.8 830.1 887.3 834.7 881.8 813.4 small-vehicle 0
82.4 105.6 87.6 118.6 70.9 125.3 65.7 112.3 small-vehicle 0
954.6 871.6 956.6 871.5 958.4 893.4 956.4 893.5 small-vehicle 0
442.8 593.7 443.9 592.1 445.6 593.1 444.5 594.8 small-vehicle 0
486.6 560.9 499.2 566.9 491.4 583.1 478.8 577.1 small-vehicle 0
508.3 551.3 520.9 545.2 528.6 561.5 516.0 567.5 small-vehicle 0
520.2 547.9 524.6 543.8 536.8 557.0 532.4 561.1 small-vehicle 0
540.5 541.0 549.9 551.3 542.5 558.0 533.1 547.7 small-vehicle 0
643.6 586.4 659.6 594.6 651.4 610.6 635.4 602.4 small-vehicle 0
688.3 565.1 689.9 566.3 688.7 567.9 687.1 566.7 small-vehicle 0
731.7 789.7 742.8 798.2 734.3 809.3 723.2 800.8 small-vehicle 0
816.9 794.2 831.3 783.4 854.1 813.8 839.7 824.6 small-vehicle 0
836.9 780.8 841.4 776.9 863.6 802.7 859.1 806.6 small-vehicle 0
848.6 777.7 853.3 773.9 869.4 794.3 864.7 798.1 small-vehicle 0
862.5 766.5 868.4 765.4 873.0 791.0 867.1 792.1 small-vehicle 0
858.5 858.0 861.8 863.0 846.7 872.8 843.4 867.8 small-vehicle 0
849.2 878.1 863.4 861.3 871.0 867.7 856.8 884.6 small-vehicle 0
875.4 879.8 877.1 885.6 855.9 891.7 854.3 886.0 small-vehicle 0
879.1 882.9 883.5 887.0 865.9 906.1 861.5 902.0 small-vehicle 0
885.4 892.3 889.3 896.8 869.6 913.7 865.7 909.2 small-vehicle 0
890.4 897.8 895.2 901.4 879.6 922.2 874.8 918.6 small-vehicle 0
907.8 852.4 915.1 859.3 899.9 875.2 892.6 868.3 small-vehicle 0
930.6 823.7 946.3 832.6 937.4 848.3 921.7 839.4 small-vehicle 0
957.6 813.7 959.0 815.1 957.6 816.5 956.2 815.1 small-vehicle 0
969.8 866.6 971.4 865.4 972.6 867.0 971.1 868.2 small-vehicle 0
917.1 918.4 918.6 917.1 919.9 918.6 918.4 919.9 small-vehicle 0
924.8 911.8 926.2 910.4 927.6 911.9 926.2 913.3 small-vehicle 0
927.1 901.0 931.3 896.7 941.2 906.6 937.0 910.9 small-vehicle 0
933.0 890.5 937.4 886.4 955.0 905.5 950.6 909.6 small-vehicle 0
946.1 873.5 948.1 873.3 952.4 903.0 950.4 903.2 small-vehicle 0
