396.4 124.8 424.1 98.9 504.6 185.2 476.9 211.1 ship 0
137.5 54.3 138.9 55.7 137.5 57.1 136.1 55.7 ship 0
836.5 156.9 842.5 135.7 882.9 147.1 876.9 168.3 ship 0
643.0 320.3 662.2 337.9 612.2 392.5 593.0 375.0 ship 0
634.6 420.6 635.9 419.1 637.4 420.4 636.1 421.9 ship 0
522.2 548.3 543.8 543.9 550.6 577.2 529.0 581.6 ship 0
568.9 395.6 570.4 396.9 569.1 398.4 567.6 397.1 ship 0
560.1 965.1 573.7 982.4 543.9 1005.9 530.3 988.6 ship 0
425.3 900.6 426.6 899.1 428.1 900.4 426.7 901.9 ship 0
309.8 723.6 317.8 686.5 386.2 701.4 378.2 738.5 ship 0
356.1 660.7 361.3 652.2 400.4 676.4 395.2 684.9 ship 0
424.4 649.0 425.8 635.1 463.6 639.0 462.2 652.9 ship 0
491.1 681.7 492.8 680.6 493.9 682.3 492.2 683.4 ship 0
