929.2 504.5 968.7 567.0 926.5 593.8 886.9 531.2 ship 0
866.9 421.6 891.7 369.2 1020.0 430.0 995.2 482.4 ship 0
817.4 579.5 843.5 551.9 935.1 638.4 909.0 666.0 ship 0
646.7 699.4 761.5 647.4 826.6 791.4 711.8 843.3 ship 0
755.5 872.9 797.1 943.5 726.5 985.1 684.9 914.5 ship 0
672.9 210.3 712.4 234.0 674.2 297.4 634.8 273.7 ship 0
629.2 313.2 673.7 325.0 656.8 388.8 612.3 377.0 ship 0
126.8 615.7 150.6 581.1 201.7 616.3 177.9 650.8 small-vehicle 0
163.7 762.9 191.3 731.3 231.9 766.9 204.3 798.5 small-vehicle 0
953.9 729.8 955.0 779.8 909.0 780.8 907.9 730.9 small-vehicle 0
