960.0 610.9 989.9 613.3 986.0 663.1 956.1 660.7 small-vehicle 0
897.8 469.4 923.8 469.3 924.1 519.3 898.1 519.4 small-vehicle 0
852.3 464.8 862.2 463.6 867.7 509.2 857.8 510.4 small-vehicle 0
844.4 464.9 853.0 470.0 831.6 506.1 823.0 501.0 small-vehicle 0
991.8 124.0 1005.3 106.6 1035.2 130.0 1021.7 147.4 small-vehicle 0
770.4 331.3 794.8 292.3 844.0 323.0 819.6 362.0 small-vehicle 0
756.8 417.7 774.7 384.2 829.4 413.3 811.5 446.9 small-vehicle 0
677.2 134.4 702.0 100.4 739.1 127.6 714.4 161.5 small-vehicle 0
677.7 93.9 681.9 68.2 731.3 76.1 727.1 101.8 small-vehicle 0
623.8 425.8 629.8 408.8 673.2 424.2 667.2 441.2 small-vehicle 0
639.3 511.7 665.2 514.0 660.9 563.8 635.0 561.5 small-vehicle 0
544.0 773.2 562.8 761.8 586.6 801.2 567.8 812.5 small-vehicle 0
182.4 929.5 207.1 912.4 235.6 953.5 210.9 970.6 small-vehicle 0
401.4 325.7 424.7 337.3 407.7 371.3 384.5 359.7 small-vehicle 0
146.2 104.3 180.1 101.0 185.7 158.7 151.9 162.1 small-vehicle 0
188.8 -12.2 211.9 12.8 189.8 33.1 166.8 8.1 small-vehicle 0
308.4 208.8 330.9 189.0 361.4 223.4 338.9 243.3 small-vehicle 0
344.8 179.8 366.0 164.9 394.7 205.9 373.4 220.8 small-vehicle 0
368.4 167.3 375.5 160.1 408.3 192.4 401.3 199.5 small-vehicle 0
384.2 148.0 391.5 141.2 425.6 177.8 418.3 184.6 small-vehicle 0
399.1 132.3 419.8 116.5 454.9 162.7 434.2 178.5 small-vehicle 0
492.2 46.2 540.1 71.2 518.8 111.9 470.9 86.9 small-vehicle 0
251.0 32.9 282.5 20.0 297.0 55.1 265.5 68.0 small-vehicle 0
955.1 472.8 981.1 474.3 977.9 532.2 951.9 530.7 small-vehicle 0
